0.0	0.106493
2.91399979591	0.174101
3.36399960518	0.172991
4.2359995842	0.149019
4.80999970436	0.172327
5.55099964142	0.155903
5.9249997139	0.184797
6.76399970055	0.380142
8.1829996109	0.506032
9.14499974251	0.952658
10.3179998398	1.112519
12.1999998093	1.582457
13.1879997253	1.126915
14.1849999428	2.136388
16.1919999123	0.836444
19.7669997215	0.005697
20.9119999409	0.574417
26.2039995193	0.037311
29.5209999084	0.085878
33.7919998169	0.212374
36.8859996796	0.014709
37.5859997272	1.351169
38.8249998093	0.693281
39.8069996834	0.355127
42.259999752	0.308803
43.7409999371	0.660422
45.3459997177	0.661127
46.5139997005	1.010222
46.7809998989	0.710557
47.651999712	0.484182
48.8049998283	1.092885
50.1779997349	1.314117
52.1829996109	0.04118
54.1889998913	0.417481
56.1999998093	0.233329
58.1849999428	0.19099
60.1839997768	0.108127
62.1829996109	1.422398
64.1829996109	1.970893
66.1849999428	0.204974
68.1809997559	0.689566
70.1499998569	0.296924
72.1809997559	0.730017
74.1959996223	0.284624
76.1799995899	0.943376
78.1849999428	1.390197
80.1829996109	1.163388
82.7039999962	0.006818
84.1839997768	0.952878
86.1889998913	1.419687
88.1849999428	2.63026
90.3199999332	0.106267
92.1809997559	0.869598
94.1809997559	0.931037
96.1809997559	2.033716
98.1809997559	2.278485
100.188999891	0.296417
102.180999756	2.224707
104.17999959	3.015929
106.183999777	3.015929
108.181999683	0.862504
110.18599987	0.013559
112.182999611	1.619107
114.880999804	0.127551
116.182999611	1.342039
118.687999964	0.869992
120.177999735	0.788945
122.184999943	1.896983
124.188999891	0.007774
126.189999819	2.49082
128.184999943	2.502067
130.181999683	2.786043
132.17999959	3.086082
134.659999609	0.253266
136.191999912	0.032385
138.184999943	2.90759
140.180999756	3.018732
142.66299963	0.009957
145.021999836	1.645117
146.198999643	0.009091
148.181999683	1.096065
150.178999662	2.5113
152.178999662	2.700138
154.178999662	4.155621
156.186999798	3.438092
159.431999922	0.223263
162.105999708	0.030642
163.440999746	4.544048
165.765999794	0.873987
168.208999872	0.755211
169.962999582	1.422855
171.433999777	2.81187
173.438999653	0.050002
176.489999771	0.609807
177.799999952	1.659562
179.440999746	2.890687
181.440999746	1.858489
183.437999725	0.426806
185.432999849	3.546156
187.444999933	3.546156
189.449999809	0.871656
193.180999756	0.017721
194.751999855	2.174691
195.449999809	0.372396
197.436999798	1.822593
199.444999933	0.885453
201.436999798	0.005965
203.430999756	1.801565
205.429999828	1.80719
207.428999901	2.673572
209.433999777	2.211632
211.431999922	1.635656
213.432999849	0.015207
215.423999786	0.604422
217.429999828	1.015868
219.428999901	1.52439
221.574999809	0.125578
223.434999704	0.013092
225.432999849	0.031447
227.431999922	1.922775
229.436999798	0.009701
231.429999828	2.380636
233.442999601	2.739465
235.434999704	1.931008
237.740999937	0.098675
239.68599987	0.19605
241.431999922	2.393328
243.437999725	0.322168
245.440999746	2.351156
247.437999725	2.506242
249.431999922	2.366104
251.440999746	0.047302
253.430999756	1.314731
255.436999798	0.013745
257.429999828	1.076263
259.464999914	1.900199
261.433999777	1.900199
263.428999901	3.79123
265.429999828	2.977871
267.433999777	0.281311
269.436999798	2.885436
271.429999828	2.073719
273.432999849	4.379831
275.432999849	0.012134
277.440999746	6.13355
279.430999756	0.677961
281.428999901	5.492209
283.434999704	4.684101
285.435999632	0.009605
287.430999756	2.07023
289.429999828	0.056841
291.434999704	1.993589
293.438999653	0.005863
295.437999725	1.106254
297.431999922	2.298527
299.430999756	2.298527
301.430999756	2.298527
303.427999735	0.01603
305.432999849	0.231017
308.133999825	0.381413
310.210999727	0.403593
311.461999655	1.041245
313.430999756	0.015244
315.432999849	1.364447
317.435999632	0.887975
319.434999704	0.843492
321.430999756	1.332443
323.432999849	0.018932
325.429999828	0.028328
327.461999655	1.3144
329.428999901	1.891162
331.430999756	2.359271
333.432999849	0.289227
335.430999756	0.31816
337.429999828	0.567585
339.432999849	0.014223
343.147999525	0.001664
344.746999741	0.811605
346.881999731	0.500596
348.636999846	0.794476
350.9599998	0.017345
351.871999979	1.902263
353.681999683	1.888128
355.686999798	3.039555
358.15599966	0.828413
359.898999691	0.050284
362.111999989	0.873401
364.681999683	2.15973
369.177999735	0.022352
373.100999832	0.156615
376.446999788	0.21195
378.377999783	0.298325
380.148999929	0.180133
382.8349998	0.033912
384.912999868	0.242942
385.928999901	1.164218
387.256999731	1.446751
388.085999727	1.183192
389.423999786	0.771639
390.757999659	1.668992
391.749999762	1.221235
392.735999823	1.935194
394.742999792	2.405427
398.795999527	0.088586
399.321999788	2.160541
400.739999533	2.313995
402.740999937	1.96927
404.751999855	0.310395
406.563999653	0.695041
408.739999533	1.750133
410.755999565	1.851113
413.479999781	0.200919
415.445999861	0.286109
416.751999855	1.873615
418.738999605	3.062834
420.748999834	1.195116
422.747999668	2.2606
425.170999765	0.008017
426.927999973	0.010072
428.873999834	0.579459
430.795999527	1.497092
432.744999886	1.263226
434.747999668	1.360793
437.37899971	0.27844
438.781999826	0.040516
440.754999638	2.308535
442.751999855	2.121714
444.746999741	0.830886
446.744999886	2.214394
448.751999855	0.547537
450.740999937	0.96417
452.747999668	1.754104
454.743999958	1.595968
457.538999796	0.012853
459.478999615	0.425365
460.613999844	1.39027
462.744999886	1.108923
464.748999834	1.507155
466.745999813	1.858759
468.741999865	1.934737
470.740999937	1.940868
472.742999792	1.764584
474.739999533	0.229122
476.738999605	1.253741
478.629999876	0.442951
480.746999741	0.026644
482.752999783	0.766407
484.750999689	0.001969
486.735999823	0.009841
488.741999865	0.306636
490.748999834	1.360743
492.744999886	1.33304
494.741999865	0.219972
496.742999792	0.864178
498.751999855	3.123295
500.741999865	0.157035
502.737999678	3.384347
504.73699975	4.412007
506.747999668	0.016589
508.744999886	1.810625
510.741999865	0.075716
512.752999783	0.983334
514.741999865	3.076736
516.749999762	0.533089
518.740999937	2.611413
520.735999823	3.042392
522.738999605	1.128744
524.735999823	0.607587
526.747999668	0.37807
528.742999792	1.600065
530.755999565	1.897771
532.752999783	0.518738
534.741999865	0.053251
536.740999937	1.749038
538.796999931	2.07334
540.744999886	0.056982
542.757999659	1.777062
544.866999626	0.002941
546.747999668	3.086538
548.742999792	0.329688
550.748999834	1.342343
552.745999813	0.555078
554.75399971	0.220926
556.738999605	1.063848
558.748999834	0.730066
560.744999886	0.422934
562.744999886	0.028993
564.761999846	0.008316
566.75399971	0.385696
568.751999855	0.858199
570.745999813	0.321778
572.741999865	0.020001
574.741999865	0.487541
576.754999638	0.988566
578.744999886	0.018233
580.742999792	2.661606
582.745999813	0.277561
584.735999823	0.314482
586.748999834	1.22481
588.737999678	0.279129
590.752999783	1.584838
592.745999813	1.54167
594.755999565	2.221611
596.742999792	2.310854
598.741999865	5.097715
600.745999813	0.00806
602.747999668	1.81355
604.93599987	0.011831
606.764999866	1.54065
608.741999865	0.85211
611.386999607	0.011362
613.427999735	0.030483
614.934999704	0.041829
616.936999798	0.076102
618.949999809	0.06469
620.938999653	0.93783
622.937999725	3.105473
624.947999716	0.013744
626.941999674	0.00446
628.941999674	0.442584
630.932999849	1.931405
632.940999746	2.763481
635.370999813	0.053463
637.254999638	0.019363
638.93599987	0.016723
640.944999933	2.402724
642.972999811	0.033409
644.942999601	1.738696
646.940999746	2.361981
648.948999882	0.009283
650.938999653	1.240786
652.945999861	0.160884
654.948999882	2.124439
656.93999958	0.007768
658.940999746	0.428368
660.81799984	1.956956
662.949999809	0.015097
664.950999737	2.797543
667.357999802	0.039727
668.945999861	1.114798
670.948999882	0.907088
672.947999716	1.903425
674.937999725	0.492718
676.938999653	2.880581
678.940999746	2.638198
680.936999798	2.608565
683.32799983	0.054849
684.95299983	2.366288
687.980999708	0.011602
688.944999933	1.874077
690.945999861	1.87361
692.936999798	1.491088
694.945999861	2.676104
696.934999704	1.431547
698.949999809	3.067284
700.932999849	3.335547
702.947999716	0.567703
704.946999788	0.89391
706.936999798	3.351126
708.934999704	0.849945
711.676999807	0.119366
712.942999601	1.620905
714.937999725	2.855597
716.944000006	0.839844
718.936999798	1.878189
720.949999809	2.991986
722.949999809	2.622423
724.940999746	1.964611
728.380999804	0.075003
731.918999672	0.053064
733.593999863	0.926847
734.538999796	1.722983
735.130999804	1.908431
736.944999933	0.976998
739.537999868	0.129563
743.841999769	0.223564
745.083999634	1.439933
745.720999718	2.530354
746.941999674	0.005822
748.937999725	1.058562
750.934999704	2.572556
753.437999725	0.007139
755.221999645	1.168671
756.95299983	1.551292
758.945999861	2.096653
760.945999861	1.216287
762.941999674	0.462168
764.933999777	0.099035
766.946999788	2.383927
768.938999653	0.18502
770.949999809	0.457914
774.034999609	0.387178
776.751999855	0.277876
783.142999649	0.218146
785.524999857	0.333091
788.057999849	0.049754
790.203999519	0.003036
791.365999699	0.358631
792.279999971	1.484173
793.760999918	0.40635
795.234999657	1.262208
796.006999731	1.355854
797.12899971	1.981772
797.792999744	3.118528
798.941999674	3.446125
800.946999788	3.646684
803.663999796	0.072399
804.93999958	2.250017
806.953999758	3.007184
808.955999613	1.830213
811.246999741	1.300453
813.240999937	4.520392
815.247999907	3.785929
817.481999874	0.877755
819.007999897	0.827413
821.24399972	1.268447
823.246999741	1.382924
825.384999752	0.196242
827.561999798	0.68006
829.24399972	1.509411
831.239999771	1.39218
833.449999809	0.001911
835.258999586	0.422163
837.237999678	0.019942
839.257999659	2.129488
841.264999866	0.013124
843.239999771	0.060691
845.246999741	2.589979
847.234999657	2.517861
849.244999886	0.578001
851.27099967	0.012035
853.198999643	1.134022
855.246999741	1.03248
857.240999937	2.652283
859.244999886	2.93004
861.254999638	3.691977
863.24399972	3.839872
865.245999813	0.015295
868.114999771	0.010801
869.07799983	0.006684
871.24399972	1.466703
873.254999638	0.007207
875.200999737	1.184751
877.350999594	0.585866
879.241999865	1.690334
881.252999783	2.534482
883.238999605	0.810466
885.267999649	1.520922
887.234999657	0.948231
889.261999846	0.010369
891.251999617	0.071206
893.250999689	0.01006
895.242999792	3.225839
897.242999792	2.038487
899.237999678	0.022665
901.126999617	0.340079
903.249999762	0.0508
905.250999689	3.663423
907.255999804	1.151832
909.233999729	0.72682
911.266999722	0.735339
913.251999617	1.089816
915.251999617	0.213416
917.239999771	2.058378
919.251999617	2.268675
921.256999731	2.740307
923.551999807	0.478393
925.19299984	0.221048
927.871999979	0.93913
929.23699975	1.439692
931.242999792	1.942601
933.245999813	1.875636
935.237999678	1.844283
937.247999907	2.46842
939.247999907	0.119646
941.249999762	0.186079
943.242999792	0.004094
945.24399972	2.928959
947.258999586	0.590098
949.241999865	0.106116
952.740999937	0.347606
953.410999775	1.042519
955.255999804	2.206892
957.60199976	0.013362
959.235999584	0.590809
961.242999792	2.123211
963.239999771	1.535729
965.24399972	2.458511
967.23699975	2.677353
969.234999657	1.177028
971.741999865	0.079848
973.247999907	1.295337
975.271999836	0.991598
977.246999741	1.302051
979.246999741	1.076092
981.248999834	0.606453
983.250999689	1.5516
985.250999689	0.037261
987.248999834	0.710132
989.252999783	2.097865
991.233999729	1.501542
993.234999657	2.705925
995.241999865	2.790337
997.248999834	3.042856
999.244999886	3.090771
1001.86199975	0.00169
1003.30299973	0.45799
1005.24299979	1.047309
1007.2329998	0.854155
1009.25099969	0.531415
1011.25199962	0.45288
1013.24099994	1.312645
1015.23599958	2.174748
1017.23799968	4.399377
1019.24599981	4.569391
1021.24599981	4.892064
1023.24599981	2.180602
1025.24699974	0.903791
1027.25999975	0.033252
1029.24899983	1.215418
1031.24399972	0.088463
1033.24499989	3.831956
1035.23899961	3.831956
1037.24099994	4.50816
1039.23499966	0.517858
1041.24099994	4.105264
1043.26999974	4.64267
1045.23799968	0.677105
1047.25299978	4.352657
1049.24099994	0.10431
1051.24999976	2.038377
1053.25699973	2.009254
1055.24899983	2.963898
1057.24499989	0.145071
1059.24699974	4.384309
1061.24699974	4.160257
1063.2329998	3.342032
1065.24399972	0.173426
1067.24499989	1.480201
1069.26499987	2.284512
1071.25099969	0.008628
1073.24999976	0.222591
1075.25299978	1.502985
1077.24599981	0.114797
1079.23899961	0.117293
1081.25299978	0.506638
1083.24399972	0.040319
1085.23599958	3.254277
1087.24999976	3.807926
1089.24999976	0.682103
1091.24599981	0.187331
1093.23899961	0.180733
1095.23999977	4.064602
1097.2889998	0.22216
1099.23899961	0.177028
1101.25199962	0.078196
1103.24099994	1.220868
1105.4429996	0.711123
1107.24799991	1.617018
1109.25099969	1.774089
1111.44599986	2.402558
1113.24399972	0.099128
1115.44399953	1.34048
1117.43799973	1.152139
1119.44699979	2.544848
1121.44999981	0.41617
1123.44099975	0.980901
1125.44199967	1.373496
1127.44899988	0.022088
1129.44599986	0.144794
1131.44699979	1.561791
1133.44899988	0.016353
1135.45899963	4.261236
1137.44599986	4.131114
1139.44699979	0.01416
1141.44599986	2.238316
1143.4349997	0.498538
1145.44399953	0.007531
1147.44099975	4.611174
1149.45599985	0.180742
1151.44599986	1.004625
1153.45899963	3.633331
1155.31999993	1.038662
1157.44999981	1.508965
1159.45199966	4.486875
1161.4429996	1.228324
1163.44099975	0.009216
1165.4429996	1.127872
1167.43999982	0.032131
1169.44599986	0.028109
1171.43899965	2.168762
1173.44099975	0.01974
1175.4429996	3.618699
1177.45499969	3.682795
1179.36999965	0.496711
1181.45499969	3.374175
1183.44799995	4.519398
1185.44899988	1.154213
1187.46199965	5.120309
1189.44999981	1.40611
1191.4369998	0.077471
1193.44199967	2.884936
1195.45199966	0.021048
1197.4369998	3.536731
1199.45199966	4.568401
1201.44499993	0.027952
1203.45199966	3.62941
1205.44499993	5.279067
1207.43999982	4.352198
1209.43999982	0.996495
1211.44099975	0.453513
1213.45299983	4.474856
1215.44199967	3.632825
1217.45099974	4.143352
1219.43799973	4.894972
1221.44499993	3.654754
1223.44799995	1.503958
1225.4429996	4.115309
1227.44699979	0.968566
1230.23399973	0.151266
1231.44499993	1.246975
1233.44599986	0.018402
1235.4369998	4.255525
1237.44699979	5.058023
1239.44999981	4.446783
1241.44199967	5.176813
1243.43899965	0.847797
1245.45099974	0.992763
1247.43999982	2.805193
1249.44399953	2.813346
1251.43599963	2.913946
1253.4429996	2.620736
1255.45899963	4.594201
1257.43999982	4.790142
1259.4429996	4.912641
1261.45799971	4.084487
1263.43899965	5.425929
1265.44399953	5.689063
1267.8809998	1.280497
1269.44799995	1.391029
1271.44999981	0.092802
1273.4369998	0.335022
1275.4369998	1.435434
1277.44199967	1.488185
1279.44699979	0.156908
1281.46299958	0.004405
1283.68599987	0.178229
1285.44899988	0.041892
1288.62999988	0.022055
1289.67899966	0.621746
1291.7809999	0.053572
1293.45899963	0.178288
1295.44999981	1.775063
1297.44099975	0.531937
1299.43799973	0.034012
1301.44899988	0.745856
1303.97699976	0.086438
1308.88999987	0.037807
1313.32799983	0.118138
1315.19899964	0.944865
1316.80599976	0.34103
1318.37399983	0.215489
1319.69999957	0.043679
1321.15499973	0.372203
1324.43099976	0.132048
1331.21099973	0.039898
1338.41599989	0.376622
1339.44599986	0.390324
1340.21899962	0.052396
1341.52199984	0.043808
1345.14599967	0.01332
1346.14799953	0.094437
1348.26299977	0.003982
1351.00899982	0.074511
1352.65399981	0.108314
1354.18899989	0.080221
1355.36699963	0.109715
1356.41899967	0.071794
1357.12999988	0.104915
1359.0139997	0.021311
1359.79799986	0.153038
1363.11399984	0.049877
1366.4429996	0.002059
1368.11999989	0.197889
1369.27799988	0.18825
1371.07999992	0.218373
1373.41699982	0.053669
1374.39699984	0.049813
1375.80899978	0.215168
1377.33099961	0.013743
1379.49399972	0.175107
1381.5769999	0.101927
1383.88499975	0.118
1386.3579998	0.105519
1389.48399973	0.032017
1394.27799988	0.029508
1396.61399984	0.113127
1398.23499966	0.295505
1398.9599998	0.407913
1399.5619998	0.501808
1400.10899973	0.903285
1400.44899988	0.722574
1400.84799981	1.598805
1401.45399976	0.586494
1403.32199979	0.098864
1404.74099994	0.605155
1406.19999981	0.434363
1406.75999999	1.965484
1408.23999977	1.190003
1410.23699975	0.006678
1412.24499989	0.056983
1414.24299979	2.344531
1416.24899983	0.025674
1418.24299979	0.051071
1420.48199987	0.858723
1422.24599981	0.921403
1424.24699974	0.881402
1426.24299979	0.101046
1428.24199986	1.288798
1430.25399971	0.071883
1432.25299978	0.011681
1434.24999976	3.131898
1436.24999976	0.011713
1438.25399971	0.017338
1440.2559998	3.091181
1442.25699973	4.779533
1444.23499966	1.138474
1446.24299979	1.529356
1448.24599981	5.329942
1450.23999977	0.211162
1452.24199986	1.688689
1454.24399972	2.717476
1456.27699971	2.477022
1458.24999976	3.858715
1460.24499989	0.41731
1462.25699973	4.305072
1464.25799966	4.662476
1466.24699974	1.64541
1468.24399972	4.720079
1470.24699974	2.414973
1472.24899983	0.006201
1474.26999974	0.505455
1476.25499964	0.024401
1478.23599958	2.500167
1480.25699973	3.718518
1482.24599981	0.005253
1484.24899983	2.587616
1486.24399972	0.012545
1488.23899961	4.129502
1490.24599981	0.707344
1492.25199962	0.449137
1494.24599981	2.876511
1496.25099969	3.856765
1498.24899983	0.022004
1500.24299979	4.975693
1502.25699973	0.0226
1504.24799991	0.041123
1506.25299978	4.127764
1508.25499964	3.833142
1510.24199986	3.155746
1512.24599981	3.413857
1514.24599981	3.344804
1516.24299979	4.443138
1518.24999976	3.856007
1520.23799968	0.007778
1522.24799991	2.07756
1524.24999976	4.198589
1526.24599981	3.418234
1528.25899959	4.519974
1530.24699974	0.018179
1532.23499966	3.141393
1534.24499989	3.164661
1536.24399972	3.190421
1538.25299978	2.041974
1540.24999976	5.071184
1542.24099994	0.864221
1544.24499989	5.175469
1546.44699979	0.702209
1548.44799995	2.373477
1550.44099975	2.151671
1553.24499989	0.062404
1556.47799969	0.726932
1559.43399978	0.075596
1560.94499993	0.584524
1562.45899963	1.114906
1563.21699977	1.559889
1564.44599986	0.184258
1566.44599986	2.696849
1568.44899988	0.231085
1570.44599986	1.519896
1572.44199967	1.672334
1574.44899988	0.004503
1576.45299983	1.041617
1578.41899967	0.01538
1580.43599963	1.227031
1582.43999982	2.857034
1584.44399953	2.710815
1586.4429996	1.122002
1588.44599986	1.301288
1590.45099974	0.563795
1592.45499969	0.00508
1594.44399953	2.329403
1596.44699979	2.283168
1598.44399953	2.23284
1600.43899965	0.074504
1602.43899965	3.20902
1604.43599963	1.256269
1606.43999982	2.102857
1608.44399953	2.616913
1610.45899963	1.700323
1612.44499993	2.224011
1614.45799971	0.318612
1616.43899965	1.789592
1618.44599986	2.270385
1620.45199966	3.775403
1622.44399953	0.220648
1625.83799982	0.870135
1627.89499974	0.388252
1630.62599969	0.049903
1635.56299973	0.551113
1639.02299976	0.382469
1641.32499981	0.285474
1643.09499979	0.75523
1644.3579998	1.333701
1645.29699993	0.942776
1646.01799965	0.01692
1646.62599969	4.076438
1647.14399981	1.140261
1648.44499993	1.214923
1650.44799995	1.105271
1652.4349997	1.849257
1654.42799973	0.004689
1656.45099974	0.222415
1658.44099975	0.572489
1660.43599963	3.212384
1662.44799995	2.752457
1664.45199966	0.868852
1666.44699979	3.243012
1668.44499993	4.114348
1670.71999979	0.978469
1672.44499993	2.709049
1674.43599963	2.672268
1676.45599985	4.402837
1678.4429996	4.571297
1680.45699978	3.853749
1682.44499993	1.395188
1684.45199966	4.983173
1686.44199967	2.084998
1688.44499993	0.013688
1690.44699979	0.006246
1692.44999981	3.339673
1694.44199967	0.023561
1696.44499993	3.761564
1698.43599963	4.553129
1700.45399976	3.168163
