0.0	0.615077
0.148999929428	0.471424
0.222999811172	0.327622
0.307999610901	0.354853
0.416999816895	0.566241
1.39499974251	0.589474
2.89099979401	0.576288
4.22799968719	0.609833
5.59099984169	0.624676
6.50999975204	0.527129
7.43699979782	0.606348
8.83799982071	0.633336
10.7069997787	0.474578
13.4529998302	0.129829
16.3559997082	0.670488
16.8029997349	0.666918
17.403999567	0.614298
19.4029996395	0.356909
21.4009997845	0.63112
23.4059998989	0.470245
25.4009997845	0.56007
27.4079999924	0.55596
29.4099998474	0.379229
31.4069998264	0.606861
33.4069998264	0.561756
35.4049999714	0.578992
37.3979997635	0.220479
39.4059998989	0.450356
41.4029996395	0.597985
43.3979997635	0.353984
45.4779996872	0.432111
47.871999979	0.601944
49.4169998169	0.582397
51.3999998569	0.605682
53.4009997845	0.626757
55.401999712	0.657408
57.401999712	0.504734
59.39599967	0.645797
61.403999567	0.539196
63.4049999714	0.616283
65.4029996395	0.465457
67.4049999714	0.624676
69.3999998569	0.661418
71.4049999714	0.424906
73.403999567	0.593596
75.39599967	0.663738
77.3929998875	0.585857
79.4209997654	0.580789
81.39599967	0.533932
83.396999836	0.640573
85.9299998283	0.470746
88.8569998741	0.615302
90.4689998627	0.625583
92.3239996433	0.503702
93.8899998665	0.639105
95.4029996395	0.639752
98.7809998989	0.597135
102.059999704	0.56521
105.189999819	0.631147
107.315999746	0.639904
108.439999819	0.611809
110.039999962	0.586964
111.374999762	0.672606
112.751999855	0.599762
113.415999889	0.628719
115.66299963	0.571173
117.648000002	0.508747
120.022999763	0.617797
122.576999903	0.601103
124.785999775	0.63766
126.545999765	0.551047
128.464999914	0.607542
131.157999754	0.685022
