0.0	2.215972
0.179000139236	1.015859
0.355000019073	1.195431
0.589000225067	3.101534
0.75200009346	1.495493
1.17500019073	1.52761
1.43400025368	3.169721
3.43800020218	0.004771
3.6400001049	2.471172
3.82300019264	1.009977
5.57300019264	1.009977
7.57000017166	3.028387
9.57000017166	3.215186
11.5730001926	0.057059
20.2840003967	0.07034
21.2710001469	0.392524
23.4670000076	0.002022
23.8300001621	1.828161
24.092000246	3.096825
24.7580001354	0.189661
25.8210003376	0.109162
27.8220002651	0.274184
29.8210003376	0.569508
32.0959999561	2.519684
33.7770001888	2.519684
35.8220002651	1.035503
37.601000309	0.180424
39.8210003376	0.743262
41.8890001774	0.199682
43.8230001926	3.107846
45.8220002651	0.098212
47.8220002651	2.449635
49.8220002651	2.826811
51.8760004044	2.373131
53.8200004101	0.01589
55.8220002651	3.013876
57.8210003376	2.422807
59.8240001202	2.422807
62.0970003605	0.115261
63.8210003376	2.503158
65.8210003376	2.996915
67.8210003376	2.996915
69.8200004101	0.357516
72.0250003338	0.008804
73.8220002651	0.52359
75.8210003376	2.953782
77.8240001202	3.043133
79.8220002651	0.83893
82.0580000877	3.140493
83.8250002861	3.140493
85.8210003376	2.466273
87.8220002651	3.044606
89.8200004101	1.888213
91.8770003319	2.612107
93.8220002651	0.001757
95.8220002651	3.046866
97.8230001926	2.492903
99.8210003376	3.326045
102.095999956	0.727313
103.822000265	1.249807
105.822000265	3.101372
107.826000214	2.397626
109.822000265	2.757611
112.09700036	3.05686
113.821000338	3.05686
115.821000338	0.727218
117.823000193	0.007471
119.821000338	1.136383
121.852000237	3.078702
123.821000338	0.007373
125.82000041	2.995779
127.821000338	3.021771
129.821000338	3.021771
132.09700036	3.067074
133.821000338	1.513614
135.828000307	2.250715
137.826000214	2.834584
139.825000286	0.742317
142.042000294	2.886312
143.829000235	0.746958
145.82400012	0.103675
147.82400012	0.11902
149.825000286	2.982301
151.823000193	0.046719
153.823000193	0.046719
155.821000338	2.754501
157.823000193	0.19705
