0.0	1.344113
0.116999864578	0.731486
0.235000133514	0.357556
0.386000156403	0.79793
0.504999876022	0.854452
0.906000137329	0.981755
1.01300001144	0.981755
1.16200017929	1.070341
1.54799985886	1.075126
3.54199981689	0.887261
5.54799985886	1.966929
7.54600000381	2.422221
9.54699993134	2.151284
11.5499997139	3.423271
13.5479998589	3.423271
15.5489997864	3.423271
17.5449998379	3.199631
19.5429999828	3.199631
21.5419998169	3.138285
23.5469999313	3.169398
25.5419998169	2.774987
27.5460000038	2.818578
29.5489997864	3.465505
31.5429999828	1.772147
33.5460000038	3.694631
35.5429999828	3.507535
37.5409998894	2.546032
39.5409998894	2.546032
41.5419998169	2.546032
43.5479998589	3.733963
45.5439999104	3.181777
47.5449998379	3.792847
49.5419998169	2.142963
51.5419998169	3.907857
53.5439999104	2.344529
55.5439999104	2.344529
57.5409998894	4.68691
59.5429999828	4.981176
61.5419998169	5.342521
63.5429999828	5.342521
65.5419998169	5.342521
67.5479998589	5.160876
69.5419998169	5.857497
71.5419998169	6.193103
73.5460000038	5.605594
75.5460000038	7.565481
77.5429999828	7.363492
79.5499997139	6.819187
81.5439999104	4.248817
83.5419998169	7.353479
85.5419998169	7.951482
