0.0	1.257772
0.0819997787476	1.206362
0.154999732971	1.245689
0.21399974823	1.031455
0.287999868393	1.221875
0.39899969101	1.22721
0.496999740601	1.077331
0.555999517441	1.226191
1.17599987984	1.203578
3.17799973488	1.164937
5.18399977684	1.202418
7.18199968338	0.362781
9.19099974632	1.157694
11.4249997139	1.186825
13.1889998913	1.028727
15.1819996834	0.969928
17.4309997559	0.260199
19.4259998798	1.185731
21.4239997864	1.225576
23.4359996319	1.176563
25.2649998665	1.202123
27.4249997139	1.205021
29.4379997253	1.204597
31.2339997292	1.16221
33.4359996319	1.191003
35.4269998074	1.259532
37.4359996319	1.187099
39.4279997349	1.11126
41.4359996319	0.223583
43.4359996319	1.136288
45.4309997559	1.238381
47.4329998493	1.183144
49.2699997425	1.185315
51.4269998074	1.181669
53.4329998493	1.232894
55.4279997349	1.191048
57.4259998798	1.181994
59.4339997768	0.857281
61.4279997349	1.214287
63.4349997044	1.215186
65.4269998074	1.114547
67.4249997139	0.284201
69.4339997768	1.176305
71.4259998798	1.197781
73.2799999714	1.228914
75.4339997768	1.106312
77.4259998798	1.2578
79.4239997864	1.22783
81.4339997768	1.181017
83.4239997864	1.213437
85.4239997864	1.168098
87.4319999218	1.078848
89.4319999218	1.211555
91.4279997349	1.146832
93.4359996319	0.073332
95.4239997864	1.197473
97.276999712	1.203474
99.4289999008	1.200614
101.433999777	1.175286
103.42599988	1.16389
105.424999714	1.195778
107.430999756	1.195358
109.424999714	1.195787
111.42599988	1.192719
113.426999807	1.138497
115.434999704	1.196505
117.432999849	1.230074
119.435999632	1.206288
121.435999632	1.212342
123.431999922	1.174348
125.428999901	0.562516
127.42299962	1.158227
129.431999922	1.230238
131.42599988	1.213108
133.434999704	1.051287
135.427999735	1.212141
137.432999849	1.250073
139.437999725	1.194015
141.431999922	1.215304
143.42299962	1.211947
145.429999828	1.193314
147.433999777	1.177749
149.428999901	0.890599
151.433999777	0.048199
153.429999828	1.20427
155.431999922	0.313708
157.423999786	1.170772
159.431999922	1.211597
161.441999674	1.17814
163.428999901	1.18061
165.426999807	1.040879
167.434999704	1.172419
169.434999704	1.198754
171.436999798	1.19235
173.423999786	1.207484
175.397999763	1.165776
177.428999901	1.065839
180.144999743	1.15439
182.122999668	1.170396
183.431999922	1.197471
185.427999735	1.180679
188.358999729	0.021414
190.517999649	1.241897
192.830999613	1.116852
195.076999903	1.17031
196.979999542	0.910259
198.214999676	1.164524
199.424999714	1.179639
201.430999756	1.239818
203.441999674	1.122755
205.423999786	1.205559
207.56799984	0.026718
209.47699976	1.226358
211.433999777	1.154637
213.428999901	1.181284
215.526999712	1.189703
217.427999735	1.216666
219.435999632	1.196855
221.431999922	1.193745
223.430999756	1.109369
225.42599988	1.17023
227.427999735	1.064387
229.423999786	1.194877
231.426999807	0.937152
233.430999756	1.22393
235.433999777	1.196152
237.424999714	1.145151
239.428999901	1.200537
241.437999725	1.21044
243.428999901	1.145154
245.423999786	1.069957
247.431999922	1.180461
249.423999786	1.154427
251.432999849	1.180233
253.436999798	1.186991
255.438999653	1.195806
257.428999901	1.238702
259.433999777	1.189265
261.673999786	1.177997
263.433999777	1.191578
265.437999725	1.185662
267.682999611	1.197224
269.437999725	1.079287
271.674999714	1.190573
273.687999964	1.147857
275.680999756	1.209472
277.683999538	1.206703
279.523999691	1.186725
281.684999943	1.208555
283.675999641	1.177399
285.676999807	1.269896
287.684999943	1.101023
289.678999662	1.240514
291.687999964	1.255318
293.675999641	1.082197
295.675999641	0.467064
297.676999807	0.980867
299.679999828	1.204492
301.689999819	1.217442
303.526999712	1.227653
305.674999714	1.099728
307.684999943	0.21258
309.677999735	0.247029
311.681999683	1.197556
313.674999714	1.183342
315.674999714	1.04572
317.687999964	0.306302
319.68599987	1.184315
321.678999662	1.20543
323.681999683	1.212186
325.689999819	1.081089
327.53099966	1.216372
329.682999611	1.216931
331.678999662	1.104063
333.681999683	0.39482
335.675999641	1.213457
337.682999611	1.183144
339.77099967	1.187165
341.686999798	1.201617
343.684999943	1.207585
345.680999756	1.042135
347.675999641	1.218245
349.681999683	1.197741
351.527999878	1.187201
353.686999798	0.082186
355.677999735	1.167461
357.684999943	1.16828
359.675999641	1.211461
361.677999735	1.217856
363.68599987	1.188731
365.681999683	0.256392
367.681999683	1.198686
369.676999807	1.207017
371.675999641	1.185047
373.681999683	1.165203
375.680999756	1.192175
377.687999964	1.122213
379.684999943	1.207782
381.808999777	1.175237
383.918999672	1.212837
386.100999832	1.174818
388.75999999	1.203057
391.127999783	1.081589
392.588999748	1.187976
394.345999718	1.139262
395.92299962	0.734575
397.681999683	1.191036
399.680999756	1.227317
401.683999538	0.283252
403.68599987	1.124612
405.682999611	1.174698
407.68599987	0.945895
409.681999683	1.227096
411.68599987	1.206754
413.684999943	0.343907
415.689999819	1.202076
417.681999683	1.035004
419.686999798	1.210493
421.677999735	0.456321
423.929999828	1.113598
425.686999798	1.201074
427.682999611	1.145201
429.684999943	1.167407
431.683999538	0.024964
433.678999662	1.214159
435.689999819	1.17025
437.676999807	1.19059
439.648000002	1.20684
441.677999735	1.19486
443.680999756	1.205139
445.690999746	1.228805
447.68599987	1.147832
449.684999943	1.17051
451.775999784	1.08136
453.684999943	1.133276
455.678999662	1.176354
457.675999641	1.177919
459.687999964	1.111231
461.825999737	1.095793
466.292999744	1.144974
469.025999784	1.204351
470.059999704	1.189157
472.579999685	0.039492
474.675999641	1.233508
476.338999748	1.02711
477.616999865	1.190341
479.232999802	1.172786
481.325999737	1.197169
483.076999903	1.123409
484.534999609	1.02665
485.958999634	1.177671
487.742999792	1.08074
489.683999538	1.200093
491.682999611	1.165222
493.681999683	1.208586
495.679999828	1.154944
497.687999964	1.154708
499.681999683	1.051452
501.687999964	1.186741
503.689999819	1.216205
505.680999756	1.223539
507.930999756	1.194185
509.934999704	1.149801
511.929999828	0.968298
513.931999683	1.017108
515.689999819	1.121474
517.929999828	1.191598
519.934999704	1.192641
521.927999973	1.039273
523.928999901	1.169973
525.973999739	1.199671
528.338999748	1.182879
530.470999718	0.375447
532.199999809	0.952266
