0.0	1.875602
0.594000101089	0.066472
0.626000165939	0.833333
0.655999898911	0.833333
0.763000011444	2.9847
0.934000015259	2.939221
1.21399998665	3.404033
1.45199990273	3.429391
2.08200001717	1.914959
4.09000015259	3.570213
6.09200000763	3.428789
8.09400010109	1.650259
10.0959999561	1.566757
12.1009998322	3.354218
14.1019999981	2.754801
16.1119999886	0.045388
18.1210000515	3.662757
20.1119999886	1.94987
22.114000082	1.872924
24.1239998341	3.224154
26.1239998341	3.000921
28.128000021	1.180871
30.1399998665	3.773282
32.1569998264	2.661719
34.1719999313	1.119288
36.1889998913	1.781365
38.1990001202	3.748395
40.2079999447	0.036877
42.2260000706	0.307393
44.242000103	0.052911
46.2620000839	3.552207
48.271999836	3.028701
50.2820000648	3.695311
52.0439999104	3.767185
54.0620000362	3.349805
56.1019999981	2.618067
58.2030000687	3.733703
60.0500001907	3.249303
62.1599998474	2.52363
64.271999836	1.04934
66.1100001335	3.39606
68.2159998417	0.33109
70.3199999332	4.124611
72.1559998989	0.327486
74.242000103	1.898889
76.0780000687	0.220605
78.1759998798	3.639514
80.2760000229	1.675394
82.1199998856	0.915475
84.2239999771	4.054595
86.3159999847	0.663006
88.1549999714	2.183092
90.2540001869	0.534762
92.0859999657	3.45161
94.1840000153	2.716799
96.2829999924	1.048919
98.1229999065	1.842546
100.219000101	3.564485
102.321000099	1.925684
104.154999971	2.049145
106.256000042	0.258583
108.34800005	3.399113
110.185000181	3.381604
112.282999992	1.523785
114.122999907	1.637689
116.220000029	0.611304
118.329000235	3.893333
120.166000128	1.040619
122.274000168	3.780914
124.118000031	3.936812
126.226000071	3.377583
128.335999966	1.962173
130.177999973	2.584985
132.289999962	4.440021
134.398000002	3.302922
136.246000051	4.090995
138.355999947	0.127844
140.200000048	2.41927
142.310000181	1.873867
144.15199995	3.420289
146.262000084	3.825613
148.364999771	0.096181
150.200000048	3.857751
152.294000149	3.301839
154.39199996	3.31153
156.226000071	3.971935
158.323999882	3.848822
160.209000111	3.88049
162.256000042	3.135476
164.354000092	0.962281
166.187999964	3.822798
168.282000065	3.322853
170.379999876	3.418657
172.213999987	4.281018
174.318000078	4.01327
176.409000158	3.530292
178.243999958	3.614516
180.339999914	1.802873
182.440000057	3.387162
184.274000168	3.15094
186.368000031	3.175324
188.203999996	3.77749
190.299000025	4.01719
192.394000053	3.476769
194.227999926	2.73421
196.330000162	3.653793
198.430000067	2.699335
200.262000084	3.487104
202.363999844	1.79926
204.46600008	3.208444
206.296000004	3.788851
208.180000067	1.992418
210.217000246	0.087461
212.307999849	2.830395
214.404000044	3.813488
216.249000072	3.561542
218.346000195	3.214882
220.450000048	3.484671
222.294000149	4.035817
224.390000105	3.938644
226.223999977	2.520509
228.319999933	3.281581
230.415999889	2.455949
232.247999907	3.562767
234.354000092	3.546324
236.430000067	2.401788
238.267999887	3.50874
240.361999989	0.753742
242.453999996	3.676144
244.289000034	3.846443
246.390000105	3.415734
248.238000154	2.917867
250.343999863	3.805609
252.442000151	3.315326
254.276000023	2.163502
256.374000072	3.597148
258.471999884	3.9487
260.303999901	0.13679
262.402000189	1.97693
264.502000093	3.613689
266.335999966	3.500987
268.430000067	2.669827
270.263999939	1.960433
272.361999989	2.669807
274.458000183	3.589003
276.292000055	1.760154
278.39199996	0.76737
280.278000116	1.796349
282.325999975	2.523868
284.421000004	3.830345
286.502000093	2.698485
288.332000017	2.545873
290.427999973	4.01798
292.521000147	3.618163
294.362999916	3.39262
296.458000183	0.404308
298.292000055	3.023048
300.391000032	3.292257
302.49000001	3.43856
304.323999882	1.109345
306.419999838	0.575524
308.519999981	3.066421
310.338000059	3.407613
312.434999943	4.04141
314.535000086	4.101615
316.370000124	2.860429
318.467999935	3.252232
320.559999943	3.189165
322.39199996	2.5258
324.491999865	4.089635
326.328000069	3.782899
328.424000025	2.117759
330.519999981	0.425366
332.354000092	1.392289
334.451999903	1.899198
336.547999859	3.847007
338.381999969	3.693864
340.480000019	0.246034
342.582000017	3.785515
344.415999889	0.259592
346.514000177	0.468775
348.350000143	3.4875
350.430000067	3.383265
352.318000078	3.735787
354.369000196	0.306761
356.467000008	3.936073
358.563999891	2.118573
360.399999857	3.121903
362.5	1.886083
364.595000029	3.593055
366.433000088	3.735063
368.532000065	3.877504
370.633000135	3.766051
372.471999884	3.61794
374.572000027	1.062618
376.407999992	3.540759
378.502000093	3.265827
380.596999884	3.651389
382.54399991	1.895469
384.607000113	1.568753
386.372999907	2.313652
388.476999998	3.296133
390.57400012	3.220114
392.404000044	3.748693
394.498000145	3.500904
396.595999956	1.560553
398.428999901	3.439436
400.526000023	3.534941
402.617000103	0.112747
404.455999851	3.223994
406.562000036	2.514363
408.396999836	3.756484
410.494000196	4.693838
412.579999924	3.015423
414.415999889	1.6807
416.51699996	1.190553
418.611999989	0.783934
420.447000027	3.832628
422.527999878	0.363248
424.621999979	1.754462
426.453999996	0.122957
428.552000046	2.356712
430.65199995	1.831656
432.478000164	0.858462
434.577000141	1.999203
436.670000076	3.015869
438.499000072	3.642564
440.596999884	0.11391
442.427999973	3.333241
444.530999899	3.622929
446.626000166	3.809009
448.44900012	3.277346
450.539999962	3.35182
452.634000063	0.168384
454.467999935	1.838833
456.563999891	1.131623
458.666000128	3.494951
460.503999949	1.603954
462.59800005	0.119607
464.697000027	1.208696
466.529999971	3.754233
468.620999813	1.649
470.459000111	3.353698
472.559999943	3.498281
474.662000179	0.779722
476.492999792	0.572272
478.59100008	3.707819
480.681000233	3.385978
482.498000145	3.289305
484.60800004	3.571865
486.694999933	0.032381
488.673000097	0.211775
490.69900012	3.49503
492.497000217	3.403344
494.54399991	3.261179
496.481000185	0.229535
498.601000071	3.322084
500.628000021	3.105343
502.646000147	3.835495
504.6650002	2.239086
506.687999964	1.72373
508.707999945	2.870529
510.766000032	3.326109
512.588999987	3.353827
514.648000002	3.189328
516.69900012	2.73258
518.762000084	1.174892
520.572000027	3.242064
522.611999989	0.02304
524.630000114	0.685518
526.67599988	1.924539
528.718000174	0.446938
530.742000103	3.931865
532.763999939	0.735933
534.571000099	3.570254
536.670000076	3.859082
538.748999834	2.934317
540.606000185	3.817648
542.75999999	0.86438
544.745000124	3.702907
546.536000013	2.913579
548.559999943	0.332675
550.583999872	2.269501
552.618000031	0.601601
554.664000034	3.649451
556.731999874	0.020345
558.559999943	3.543759
560.778000116	3.247303
562.550000191	0.786717
564.585000038	3.592419
566.60800004	1.64111
568.631999969	1.943368
570.657000065	2.547654
572.667999983	3.843975
574.681000233	0.04669
576.695999861	0.469217
578.720000029	1.560536
580.742000103	2.015771
582.755000114	2.932529
584.774000168	2.922802
586.789999962	2.739736
588.559000015	2.330863
590.579999924	1.213848
592.599999905	3.243299
594.617000103	0.273112
596.691999912	3.364678
598.767999887	1.414043
600.610000134	3.75694
602.687000036	1.831034
604.766000032	3.349499
606.794000149	3.557421
608.825999975	3.895812
610.642000198	3.47826
612.743999958	3.43611
614.835000038	3.290086
616.638999939	2.820468
618.684999943	0.366689
620.746999979	0.351952
622.819999933	1.603909
624.659999847	0.356445
626.763999939	3.059612
628.830000162	3.584078
630.684999943	1.860923
632.639999866	3.674636
634.690000057	3.347763
636.799999952	1.916788
638.643000126	0.399062
640.738000154	1.718717
642.754000187	3.233941
644.758000135	2.704425
646.778000116	2.399171
648.887000084	2.34741
650.726000071	2.669675
652.832000017	0.36538
654.676999807	3.650511
656.787999868	3.284477
658.639999866	3.627762
660.740999937	1.843476
662.851000071	1.186053
664.695999861	1.462362
666.804999828	2.226184
668.654000044	3.770593
670.763000011	1.328722
672.866000175	4.434061
674.690999985	3.513959
676.787999868	2.560746
678.676999807	2.462843
680.737000227	3.861472
682.846000195	3.920685
684.711999893	1.800452
686.798000097	0.099968
688.911999941	3.563458
690.754000187	1.303295
692.995000124	2.704996
694.691999912	3.323637
696.702000141	3.804582
698.720000029	3.53776
700.733999968	0.367819
702.743999958	3.491364
704.763999939	2.336659
706.771999836	0.131552
708.792000055	1.874598
710.793000221	3.259671
712.801000118	3.441616
714.812999964	1.352429
716.825999975	3.820546
718.839999914	1.527012
720.851999998	1.947726
722.868000031	3.211009
724.88499999	1.026099
726.875	3.036419
728.890000105	3.590906
730.898000002	0.611625
732.907000065	3.644086
734.917999983	3.520461
736.927999973	3.114764
738.942000151	3.844245
740.697000027	3.907713
742.960000038	3.662705
744.722000122	3.958023
746.731999874	3.776529
748.740999937	2.596137
750.751999855	3.280045
752.763999939	2.44942
754.771999836	3.691444
756.776000023	1.928526
758.778000116	3.433474
760.780999899	1.718719
762.785000086	0.056213
764.792000055	0.516867
766.802000046	2.523141
768.817000151	0.058816
770.830000162	1.840265
772.842000008	3.385556
774.84800005	1.764796
776.858999968	1.927808
778.865000248	3.769899
780.868000031	1.816338
782.873000145	0.46952
784.874000072	3.657645
787.075999975	1.326736
788.982000113	3.534361
790.987999916	3.691449
792.987999916	2.587605
795.00999999	3.727596
797.014000177	3.384951
799.016000032	3.452114
800.780999899	2.950051
802.775000095	3.797559
805.028999805	3.780299
806.785000086	2.939649
808.83100009	3.053976
810.863999844	3.4981
812.90500021	0.728518
814.959000111	0.456499
816.994000196	3.412447
819.020999908	3.69321
820.796000004	3.08382
822.846000195	4.321809
824.897000074	3.708686
826.953999996	4.200917
828.991999865	1.830307
831.051000118	3.567751
832.832000017	3.157947
834.871999979	3.61108
836.914999962	4.088161
838.940999985	1.335266
840.972999811	3.640534
842.99000001	3.1391
845.011999846	3.290392
847.04399991	3.280812
849.078000069	0.037256
850.84499979	1.623234
852.878000021	3.241658
854.914000034	2.294753
856.951999903	3.39851
859.006999969	3.629369
861.04399991	3.432188
863.065000057	3.287125
865.090000153	3.191291
866.866000175	4.064459
868.891000032	3.738796
870.911999941	1.914822
872.942000151	0.389711
874.961000204	2.454027
876.986000061	3.353935
879.001000166	3.550518
881.012999773	1.913453
883.032000065	3.247465
885.052000046	3.837946
887.075000048	0.490097
889.092000008	3.337784
890.863999844	3.6447
893.139999866	1.910304
894.895999908	3.652679
896.924000025	3.54438
898.93900013	3.056846
900.960000038	2.35152
902.994000196	3.583462
905.066999912	2.984746
907.11500001	3.509704
908.926000118	2.940549
911.023000002	3.897903
913.052999973	3.151381
915.127000093	3.843212
916.947000027	3.106495
919.047999859	3.147641
921.146000147	0.254163
922.988999844	2.272425
925.082999945	1.810956
926.915999889	3.357065
929.018000126	3.617721
931.111999989	0.087472
932.950000048	0.595432
935.046000004	2.148263
937.142000198	0.040834
938.980000019	1.877446
941.07400012	3.764018
942.910000086	1.886603
945.003999949	1.89131
947.111000061	3.572639
948.948999882	3.69194
951.050000191	0.053806
953.148999929	3.438282
954.991999865	0.055429
957.092000008	2.337658
959.190000057	2.920919
961.032000065	1.582538
963.121999979	3.856667
964.958000183	2.388574
967.052999973	3.516762
969.155999899	2.41651
970.985000134	3.053159
973.083999872	3.508571
975.18200016	2.565454
977.019999981	1.684144
979.119999886	3.723726
981.006000042	3.858903
983.058000088	0.734111
985.157999992	2.719531
986.99000001	0.031277
989.087000132	1.058321
991.186000109	2.443202
993.022000074	0.057204
995.116999865	2.651931
997.196999788	1.680319
999.036000013	2.858459
1001.0999999	3.604614
1003.17599988	0.259601
1005.01299977	2.01153
1007.0940001	0.191113
1009.18700004	0.839992
1010.98899984	1.973071
1013.05000019	1.423506
1015.15199995	3.571847
1017.30500007	3.969043
1019.24499989	3.395562
1021.03800011	0.338373
1023.06099987	2.931726
1025.07599998	3.240843
1027.09599996	1.659966
1029.10899997	0.448661
1031.11899996	3.40083
1033.13999987	2.17625
1035.15499997	1.588151
1037.17199993	3.68984
1039.18200016	1.796947
1041.20100021	1.175957
1043.22099996	0.054947
1045.23300004	3.394672
1047.00300002	3.419574
1049.27400017	3.587673
1051.06799984	0.049923
1053.14400005	3.168746
1055.23600006	3.575015
1057.06799984	2.718534
1059.16100025	2.32572
1061.25299978	3.749839
1063.07999992	1.81475
1065.16799998	3.995571
1067.24799991	0.141182
1069.08299994	3.582214
1071.18200016	1.482601
1073.26600003	1.889922
1075.08599997	2.345293
1077.16900015	0.462025
1079.25600004	0.675769
1081.08800006	2.874491
1083.18200016	2.31666
1085.27800012	4.183562
1087.09500003	3.570468
1089.17400002	2.195192
1091.26999998	0.862242
1093.0849998	3.448386
1095.17799997	3.767577
1097.27199984	4.005835
1099.10399985	3.570268
1101.20100021	2.332513
1103.29200006	3.484997
1105.11699986	3.284844
1107.19000006	3.964904
1109.26600003	3.719173
1111.09599996	1.932006
1113.19199991	0.96746
1115.26799989	0.208459
1117.09800005	1.723655
1119.19699979	3.717107
1121.28999996	3.786772
1123.11800003	3.786772
1125.19699979	3.316149
1127.28600001	3.316149
1129.11400008	4.012646
1131.20799994	4.020845
1133.28799987	0.141299
1135.13100004	1.663609
1137.21399999	1.118103
1139.30500007	3.304293
1141.12800002	3.306108
1143.21399999	0.104203
1145.30799985	2.906604
1147.38400006	1.776876
1149.22300005	1.802347
1151.31599998	3.716875
1153.40600014	0.203659
1155.23900008	1.65943
1157.33000016	0.069733
1159.16200018	3.23925
1161.25199986	3.05843
1163.34600019	3.863642
1165.18000007	3.097724
1167.27199984	0.200381
1169.34899998	1.890602
1171.18300009	0.499191
1173.26999998	1.966563
1175.37599993	2.052133
1177.19199991	0.572083
1179.28799987	2.893664
1181.36499977	3.493913
1183.19000006	3.554331
1185.28200006	0.017832
1187.37199998	2.275547
1189.20900011	3.484218
1191.29999995	1.211517
1193.3900001	3.517091
1195.22500014	2.382826
1197.31800008	2.890185
1199.41100001	2.439458
1201.24000001	3.044742
1203.33000016	3.316166
1205.43000007	0.227467
1207.25199986	3.031071
1209.35400009	0.244908
1211.19000006	0.56003
1213.28299999	4.005362
1215.375	3.41804
1217.20499992	2.913519
1219.29900002	3.683349
1221.37999988	3.74386
1223.19800019	0.687827
1225.296	0.061011
1227.40799999	1.922708
1229.24799991	1.241887
1231.34500003	2.471742
1233.45099998	2.085921
1235.28900003	3.674342
1237.37599993	0.097972
1239.44200015	1.434774
1241.23199987	1.939365
1243.33599997	3.501357
1245.29100013	3.177366
1247.32399988	3.514558
1249.35800004	3.246117
1251.45499992	4.14264
1253.38700008	3.109604
1255.39699984	3.517633
1257.50500011	2.736957
1259.31200004	3.531205
1261.34800005	3.156992
1263.35599995	3.920891
1265.37999988	1.988649
1267.38199997	2.761353
1269.39599991	3.077491
1271.41100001	3.39282
1273.41999984	3.325345
1275.43199992	3.633142
1277.4460001	2.636926
1279.46099997	3.790995
1281.47399998	2.788587
1283.49800014	3.537735
1285.25400019	0.749332
1287.51199985	1.149639
1289.27300024	2.365809
1291.28900003	3.744489
1293.30500007	3.371025
1295.30899978	3.371025
1297.35000014	3.099552
1299.34600019	1.856143
1301.39400005	2.887925
1303.37199998	3.483655
1305.3690002	0.079155
1307.37299991	0.066833
1309.37999988	3.123211
1311.38400006	3.088685
1313.39300013	3.144411
1315.398	3.50701
1317.40200019	3.488119
1319.40600014	3.275694
1321.40799999	3.61687
1323.41299987	3.607408
1325.41700006	3.346391
1327.421	3.110852
1329.42600012	3.575878
1331.43000007	3.374103
1333.43599987	0.54029
1335.47300005	0.291692
1337.57000017	3.581755
1339.40799999	3.891036
1341.50600004	1.705127
1343.57800007	3.192155
1345.39999986	3.793193
1347.49500012	1.736791
1349.56399989	2.492821
1351.37599993	1.864402
1353.4519999	3.20855
1355.53400016	2.951945
1357.40400004	0.90009
1359.44200015	3.793808
1361.54200006	1.880328
1363.37800002	0.123952
1365.47900009	3.519471
1367.56499982	0.470931
1369.40300012	3.667503
1371.50399995	1.945058
1373.60399985	2.83672
1375.39599991	1.558466
1377.38500023	3.213063
1379.398	0.870584
1381.40799999	3.292948
1383.41599989	1.057065
1385.42200017	3.978511
1387.43400002	2.022676
1389.4460001	1.795654
1391.45700026	2.776776
1393.46399999	3.496432
1395.48200011	0.079625
1397.48600006	0.062035
1399.49600005	1.636591
1401.50699997	1.195921
1403.50999999	3.302552
1405.52399993	4.18771
1407.57200003	0.876576
1409.61199999	1.963762
1411.4519999	3.867043
1413.56100011	2.018094
1415.398	0.737855
1417.4940002	3.151939
1419.60900021	3.210048
1421.43400002	3.073764
1423.53500009	3.24196
1425.63599992	2.033261
1427.46899986	3.378742
1429.5710001	3.867701
1431.40300012	1.212984
1433.5	3.887601
1435.59800005	2.055855
1437.41999984	1.839439
1439.52399993	0.499005
1441.62899995	0.688326
1443.46500015	3.80783
1445.56399989	3.462617
1447.65799999	4.346461
1449.50200009	0.573141
1451.59599996	1.983058
1453.68900013	2.48551
1455.52499986	3.196096
1457.61800003	4.104098
1459.45000005	1.123141
1461.55000019	1.677122
1463.64900017	0.81478
1465.48100019	1.807614
1467.57400012	1.643475
1469.68000007	3.219464
1471.5	1.792429
1473.6730001	0.619365
1475.44200015	2.329566
1477.546	3.836369
1479.69700003	2.089116
1481.49000001	1.834119
1483.58800006	0.500316
1485.68400002	3.354023
1487.51800013	0.603684
1489.61400008	3.964623
1491.70799994	0.485755
1493.55000019	1.094026
1495.65199995	3.540174
1497.74799991	3.501131
1499.58399987	2.300203
1501.70200014	3.871197
1503.50999999	0.034506
1505.60600019	1.813787
1507.70600009	0.640168
1509.54899979	3.445062
1511.64100003	3.225829
1513.73800015	0.485489
1515.57400012	0.482737
1517.67199993	3.157271
1519.76999998	1.94163
1521.60499978	4.013089
1523.49299979	2.126029
1525.54200006	0.626609
1527.63699985	3.50382
1529.73700023	3.382592
1531.56900024	3.377426
1533.66700006	1.931263
1535.76200008	1.108139
1537.59800005	3.730834
1539.69800019	0.21224
1541.52999997	1.80705
1543.63100004	1.862244
1545.73000002	3.592949
1547.56200004	4.142322
1549.65799999	2.708376
1551.75300026	0.927278
1553.58899999	0.156471
1555.68900013	3.225416
1557.77999997	3.470712
1559.61400008	3.503587
1561.70899987	1.1199
1563.8039999	2.74385
1565.63999987	0.193622
1567.7420001	1.917566
1569.58399987	3.33764
1571.68400002	3.343356
1573.78999996	2.197557
1575.63199997	3.420463
1577.7420001	3.142132
1580.11300015	0.479387
1581.67499995	2.665706
1583.77600002	2.919601
1585.61299992	0.466251
1587.71199989	3.396928
1589.80499983	3.905671
1591.64400005	3.328542
1593.7420001	2.947538
1595.57999992	1.98032
1597.67599988	1.852922
1599.77999997	2.306157
1601.6170001	4.174173
1603.71599984	0.466354
1605.81800008	1.88057
1607.65700006	0.735781
1609.74899983	3.3428
1611.84399986	3.476994
1613.67799997	0.645142
1615.77800012	1.978021
1617.61599994	1.398942
1619.70899987	2.51054
1621.80799985	3.47912
1623.648	3.80704
1625.74600005	3.02854
1627.84600019	3.66251
1629.68700004	4.075972
1631.78600001	2.52934
1633.88499999	3.379158
1635.72000003	0.279381
1637.81999993	1.174892
1639.65999985	2.051842
1641.75300026	0.687908
1643.85500002	3.643522
1645.69000006	2.179718
1647.79699993	3.226027
1649.60700011	1.717438
1651.70200014	4.063589
1653.76200008	3.548315
1655.86399984	0.970806
1657.704	1.817161
1659.78999996	0.108792
1661.91799998	3.085363
1663.704	3.467732
1665.8039999	0.449351
1667.88400006	2.019973
1669.69599986	0.348793
1671.7809999	3.60708
1673.87699986	3.739202
1675.71699977	3.218013
1677.81500006	2.977429
1679.91199994	3.546558
1681.74799991	2.87915
1683.84399986	3.423829
1685.67699981	0.254196
1687.7750001	3.434826
1689.87699986	3.623952
1691.71000004	3.074608
1693.80200005	3.091804
1695.89999986	1.123617
1697.73500013	1.405685
1699.83300018	3.454718
1701.93099999	3.545714
1703.76300001	3.545714
1705.86299992	3.545714
1707.69800019	3.545714
1709.7980001	3.158595
1711.89599991	2.1804
1713.73399997	3.433019
1715.83100009	1.884454
1717.92900014	3.386042
1719.76799989	3.51442
1721.8670001	2.01165
1723.70600009	3.144357
1725.80599999	3.637505
1727.90799999	3.949818
1729.73500013	0.310649
1731.829	3.271643
1733.92200017	3.271643
1735.75900006	2.614243
1737.86099982	3.988787
1739.95800018	1.91601
1741.796	0.516613
1743.89199996	3.315898
1745.73800015	1.555559
1747.83400011	0.499935
1749.94200015	4.32619
1751.76999998	3.652809
1753.86199999	3.858705
1755.95900011	1.02258
1757.79200006	1.341027
1759.89199996	3.704275
1761.99199986	3.88765
1763.82800007	3.014423
1765.92600012	3.403984
1767.75999999	3.199628
1769.85800004	3.244817
1771.95599985	3.422074
1773.80799985	3.15471
1775.88900018	3.092685
1777.773	1.830163
1779.82500005	3.610924
1781.92700005	3.006678
1784.02200007	1.587723
1785.85599995	0.162249
1787.95499992	3.40684
1789.79100013	3.40684
1791.88400006	2.962109
1793.97000003	0.156209
1795.80699992	0.16166
1797.91599989	1.894597
1799.75600004	3.013451
1801.85599995	1.042565
1803.95599985	3.355957
1805.79200006	0.389101
1807.89199996	1.926324
1809.9940002	1.467705
1811.87999988	1.902798
1813.92900014	3.436095
1816.02399993	3.603574
1817.84800005	3.135402
1819.94200015	1.307728
1822.03800011	1.780692
1823.87400007	0.690633
1825.97800016	3.219024
1827.80799985	3.6341
1829.91000009	0.115085
1832.14400005	1.450191
1833.84399986	3.311708
1835.94099998	2.526205
1838.03999996	3.358895
1839.87800002	2.090162
1841.99699998	2.218103
1844.07000017	3.703363
1845.90500021	1.932239
1848.00200009	3.753385
1849.84200001	1.792325
1851.94000006	0.955868
1854.04200006	2.034627
1855.87999988	2.354288
1857.98000002	3.173849
1860.07999992	1.720876
1861.91599989	3.374544
1864.01600003	3.15621
1865.85400009	0.405994
1867.95800018	2.574261
1870.05800009	2.013579
1871.89599991	0.511383
1873.9940002	3.313161
1876.08900023	3.412933
1877.93000007	3.279729
1880.02999997	1.93934
1881.87100005	3.087417
1883.96399999	3.407463
1886.06399989	2.277992
1887.89100003	1.323405
1889.98899984	2.769036
1892.07599998	3.613122
1893.91899991	1.998529
1896.00999999	1.351518
1897.898	3.576947
1899.94400001	0.049531
1902.04399991	4.075745
1903.88199997	3.160284
1905.97800016	0.109552
1908.07599998	1.860868
1909.91100001	3.310132
1912.00600004	1.13492
1914.10600019	0.776838
1915.94000006	3.021932
1918.03999996	1.893945
1920.13800001	3.974661
1921.97599983	2.268812
1924.07599998	0.779442
1925.91599989	3.15388
1928.01400018	1.888428
1930.11800003	3.382817
1931.954	3.541953
1934.05999994	0.518006
1936.16499996	1.988691
1937.98200011	4.091784
1940.08200002	0.018965
1941.91599989	3.59171
1944.01400018	3.531752
1946.11199999	1.730954
1947.9460001	0.673121
1950.04699993	0.521801
1952.14600015	1.894446
1953.98000002	3.453457
1956.079	3.524158
1957.92900014	2.434909
1960.01800013	0.989159
1962.11800003	0.85032
1963.95599985	2.298924
1966.05400014	3.512253
1968.15400004	2.421848
1969.99300003	3.538132
1972.09000015	3.706532
1974.18899989	0.318765
1976.02600002	2.644078
1978.12399983	1.468871
1979.95699978	1.995545
1982.05599999	0.563996
1984.14899993	1.765215
1985.98399997	0.09928
1988.07999992	0.529753
1990.18400002	3.145731
1992.01800013	1.675642
1994.11800003	1.650531
1996.20200014	0.767108
1998.03800011	0.156753
2000.13899994	1.866053
2002.23399997	3.613345
2004.07200003	1.870225
2006.17199993	3.823691
2008.0079999	3.576094
2010.10399985	0.752577
2012.20600009	0.204103
2014.04399991	3.626529
2016.14500022	4.123937
2018.23900008	3.110365
2020.079	2.800496
2022.17799997	3.597471
2024.00999999	1.980649
2026.11000013	1.485901
2028.20600009	3.534065
2030.02799988	1.316946
2032.12399983	0.843713
2034.22500014	3.700059
2036.06099987	3.406833
2038.15499997	4.043792
2040.25400019	3.313663
2042.08599997	4.093534
2044.18500018	3.607125
2046.02399993	3.115473
2048.12199998	3.187772
2050.22399998	3.420055
2052.05800009	1.816417
2054.15499997	3.735033
2056.25	0.720631
2058.08900023	0.030313
2060.18500018	3.631564
2062.02799988	3.483101
2064.13400006	3.951367
2066.22799993	3.910447
2068.05000019	0.43374
2070.148	1.839629
2072.24600005	3.923905
2074.07999992	2.14168
2076.18000007	3.335988
2078.27800012	3.675057
2080.11699986	0.720589
2082.21299982	3.096321
2084.31000018	3.92619
2086.14400005	4.233047
2088.24300003	3.717313
2090.07599998	3.152027
2092.17199993	4.207074
2094.27400017	4.050525
2096.11400008	4.239283
2098.20799994	3.564276
2100.30299997	3.316152
2102.13999987	2.585443
2104.24000001	3.969716
2106.34200001	3.348919
2108.18000007	3.754256
2110.28399992	1.922892
2112.12100005	1.50593
2114.21800017	1.863238
2116.31800008	0.775167
2118.15499997	3.867354
2120.25600004	2.007639
2122.35400009	3.213945
2124.18799996	3.460301
2126.29100013	2.147779
2128.12199998	0.866083
2130.22000003	0.465379
2132.31999993	1.141207
2134.15899992	1.898935
2136.25199986	0.049177
2138.34399986	2.564456
2140.18099999	4.014476
2142.28100014	3.045863
2144.11699986	3.569119
2146.21299982	3.903627
2148.31000018	3.213223
2150.14400005	3.120013
2152.24000001	3.404491
2154.34500003	2.911187
2156.18000007	0.473944
2158.27800012	3.64611
2160.375	3.412146
2162.21399999	3.442665
2164.31400013	2.835563
2166.13899994	0.2683
2168.23900008	1.397797
2170.33500004	0.02084
2172.17400002	0.073025
2174.27099991	0.258852
2176.3670001	0.695843
2178.19900012	3.391472
2180.296	2.555932
2182.39400005	2.989261
2184.23199987	3.731936
2186.33400011	3.283112
2188.17799997	2.909491
2190.27400017	3.212587
2192.37199998	3.473336
2194.21199989	3.314914
2196.296	2.47478
2198.39400005	3.186339
2200.23199987	4.090984
2202.33299994	0.356993
2204.42799997	0.516392
2206.26099992	1.562223
2208.34299994	0.44755
2210.44100022	3.287336
2212.27600002	3.21732
2214.37199998	1.409687
2216.20600009	0.035137
2218.30500007	3.601518
2220.40100026	3.888488
2222.23800015	0.681478
2224.34200001	2.209089
2226.43599987	0.752068
2228.26999998	3.41978
2230.37800002	2.363909
2232.20499992	0.100609
2234.30200005	3.351494
2236.38400006	3.473651
2238.22200012	2.802015
2240.31599998	3.506653
2242.41299987	0.855468
2244.25400019	1.933076
2246.35599995	3.413622
2248.2420001	3.352499
2250.28600001	3.094634
2252.38600016	0.087985
2254.2190001	3.517889
2256.31599998	3.368545
2258.39599991	3.666748
2260.24000001	0.110983
2262.33599997	0.796698
2264.44000006	0.044231
2266.27800012	1.58039
2268.37299991	1.842829
2270.46600008	3.236134
2272.30200005	3.586764
2274.40100026	1.206927
2276.49500012	3.551077
2278.33500004	1.847446
2280.43400002	0.630694
2282.27199984	3.582344
2284.3670001	3.459124
2286.46600008	3.498426
2288.30200005	0.041345
2290.40300012	3.267328
2292.50200009	3.574319
2294.31999993	3.598537
2296.41400003	1.917548
2298.51199985	0.871356
2300.34899998	3.434933
2302.44400001	1.886992
2304.54799986	0.970299
2306.38400006	1.78816
2308.48200011	3.439434
2310.32200003	0.229
2312.41599989	3.44803
2314.51800013	3.066038
2316.37299991	1.93001
2318.4519999	2.793367
2320.28999996	3.572389
2322.38500023	0.958756
2324.48600006	4.236186
2326.3210001	1.833107
2328.41700006	0.913963
2330.50999999	3.611917
2332.34899998	3.098807
2334.45000005	3.182391
2336.55000019	0.266536
2338.40100026	1.379338
2340.48100019	2.558304
2342.31200004	0.112257
2344.40499997	2.430138
2346.50500011	3.689806
2348.32299995	1.299174
2350.42600012	3.908681
2352.52399993	3.586236
2354.36199999	3.035675
2356.45800018	3.665322
2358.55400014	0.577261
2360.39199996	3.01285
2362.48900008	4.211226
2364.32599998	4.103151
2366.4230001	3.391536
2368.523	3.615992
2370.36199999	3.005504
2372.45499992	3.257829
2374.55400014	3.115019
2376.38600016	3.564264
2378.48600006	1.984544
2380.58599997	3.038559
2382.42200017	0.219492
2384.51999998	3.997523
2386.35300016	3.827299
2388.44900012	4.023321
2390.55000019	2.51465
2392.38899994	3.30523
2394.48399997	3.611898
2396.58500004	2.798445
2398.43300009	4.215823
2400.52600002	3.672552
2402.62199998	3.190239
2404.45599985	3.698999
2406.55000019	2.547749
2408.38600016	1.38963
2410.48600006	0.906644
2412.58800006	2.85799
2414.42200017	0.302831
2416.51400018	3.004277
2418.61000013	0.269976
2420.44400001	3.490991
2422.546	1.96521
2424.64400005	3.288486
2426.48399997	3.583602
2428.58200002	3.18659
2430.41499996	2.158657
2432.51099992	3.426247
2434.60600019	4.087166
2436.44200015	4.096255
2438.53999996	0.228511
2440.64300013	3.643438
2442.47800016	3.549682
2444.57599998	0.024237
2446.67000008	0.072499
2448.5079999	1.970774
2450.61100006	4.080926
2452.4519999	0.398281
2454.54799986	3.594492
2456.64600015	1.335009
2458.48600006	0.231021
2460.58700013	1.893153
2462.68200016	0.086664
2464.51999998	3.930344
2466.62099981	0.087612
2468.45599985	0.355094
2470.57200003	3.36739
2472.65700006	0.805921
2474.49600005	1.887679
2476.59200001	3.154309
2478.69000006	3.207314
2480.52900004	3.297858
2482.62700009	3.144956
2484.46200013	3.34327
2486.55800009	1.990996
2488.65199995	3.49378
2490.48799992	2.37921
2492.58399987	0.022829
2494.68300009	3.676655
2496.51600003	2.89963
2498.61299992	3.201266
2500.4519999	3.469866
2502.54899979	3.764775
2504.64499998	3.642763
2506.48100019	2.32354
2508.57599998	1.947359
2510.6730001	4.208948
2512.5079999	3.315224
2514.60900021	1.606739
2516.70799994	0.139758
2518.54399991	0.054938
2520.63699985	3.768509
2522.75999999	4.247658
2524.56499982	2.487971
2526.67499995	3.333601
2528.4940002	3.346938
2530.58899999	2.958242
2532.69199991	1.950037
2534.53800011	3.893491
2536.63000011	1.85831
2538.73500013	0.022165
2540.57200003	0.004651
2542.67400002	1.893872
2544.51099992	1.480756
2546.61100006	3.335117
2548.70899987	2.252034
2550.54899979	3.423166
2552.65199995	3.848284
2554.74399996	3.183243
2556.53299999	3.879766
2558.56100011	1.220293
2560.59200001	1.703359
2562.65999985	0.492394
2564.69199991	3.562273
2566.72900009	3.915647
2568.74399996	3.660157
2570.75199986	1.75427
2572.75600004	0.033682
2574.55599999	1.979859
2576.76999998	3.158949
2578.78200006	3.563737
2580.796	3.698215
2582.55599999	0.730388
2584.57000017	1.980613
2586.58599997	0.604304
2588.59800005	0.580869
2590.62199998	3.4503
2592.62399983	3.523764
2594.63599992	3.51746
2596.64700007	2.390561
2598.65199995	0.017758
2600.66200018	2.427041
2602.6789999	1.345095
2604.69099998	3.739533
2606.70200014	3.801474
2608.74399996	3.790566
2610.73199987	3.638136
2612.74600005	3.851094
2614.76600003	1.82113
2616.77800012	0.043132
2618.79500008	1.981444
2620.80799985	1.979266
2622.61800003	3.67088
2624.57599998	3.963101
2626.57800007	0.148931
2628.83999991	1.925059
2630.59800005	0.01929
2632.60600019	1.835344
2634.63000011	3.337107
2636.62399983	0.799343
2638.63199997	1.906489
2640.64400005	0.595289
2642.66200018	1.933216
2644.65999985	0.610167
2646.66899991	1.899047
2648.67599988	0.529717
2650.68400002	3.34237
2652.704	1.901131
2654.73199987	0.418803
2656.75400019	2.875166
2658.77199984	1.015215
2660.79999995	3.368815
2662.83100009	3.106872
2664.65100002	3.729289
2666.6789999	1.908723
2668.70500016	0.295564
2670.73700023	1.981701
2672.75800014	1.049059
2674.79200006	3.559155
2676.81100011	1.786981
2678.82599998	0.372042
2680.84200001	3.099441
2682.87000012	3.380934
2684.91300011	3.235105
2686.671	0.265492
2688.704	1.043439
2690.73800015	3.364778
2692.7980001	0.332233
2694.84800005	3.532258
2696.86399984	1.354902
2698.70799994	2.850073
2700.80200005	1.88351
2702.81900001	2.727172
2704.85000014	1.890239
2706.67000008	2.223984
2708.70899987	3.293934
2710.7329998	0.60606
2712.76600003	2.538499
2714.83800006	1.986099
2716.91400003	0.356944
2718.75199986	2.006747
2720.84399986	2.38562
2722.9460001	3.605333
2724.78600001	2.009107
2726.89100003	3.736913
2728.72200012	1.92492
2730.81700015	0.682046
2732.91799998	1.798732
2734.75500011	4.030623
2736.85700011	0.759542
2738.95599985	1.906388
2740.79999995	2.003617
2742.89599991	3.467384
2744.74099994	0.228293
2746.83200002	4.060276
2748.93199992	3.419871
2750.76900005	3.789084
2752.86600018	3.76947
2754.70799994	3.59648
2756.8039999	2.999522
2758.90400004	1.465802
2760.74000001	0.577344
2762.84299994	1.816966
2764.94400001	2.777789
2766.77999997	3.820156
2768.87899995	0.560257
2770.98200011	1.824788
2772.81999993	0.862924
2774.91599989	0.078511
2776.75099993	1.837185
2778.85000014	3.301645
2780.95000005	3.556403
2782.78399992	0.595756
2784.88600016	0.601243
2786.98000002	3.286707
2788.81200004	0.592131
2790.91400003	1.916284
2793.01800013	3.712853
2794.85400009	0.600383
2796.95499992	1.884151
2798.79400015	1.150424
2800.88199997	2.046068
2802.98000002	0.572304
2804.80299997	2.252138
2806.89199996	2.839232
2808.9940002	0.059048
2810.83800006	3.468469
2812.93599987	0.246421
2814.90799999	0.375016
2816.81000018	3.791264
2818.88600016	3.673233
2820.93400002	1.47936
2822.93199992	3.584729
2824.95599985	1.721893
2826.96399999	1.469243
2828.96600008	1.753436
2830.98200011	0.471693
2832.99500012	3.224719
2835.00999999	1.987746
2837.01400018	2.548929
2839.02799988	1.445353
2841.102	3.183924
2843.04799986	3.770527
2845.04699993	3.183139
2847.06099987	3.816993
2848.82099986	1.84729
2850.83000016	0.725974
2852.84399986	0.615274
2854.85800004	1.708449
2856.87599993	0.364154
2858.88900018	3.657434
2860.89899993	3.412685
2862.90899992	1.999173
2864.91999984	2.504874
2866.93000007	3.456175
2868.94300008	1.911411
2870.96000004	1.844317
2872.97199988	2.038536
2874.98200011	0.873276
2876.9940002	3.063974
2879.00699997	1.955033
2881.02099991	0.731506
2883.03400016	2.001792
2885.03999996	1.356061
2887.04399991	3.604651
2889.04499984	3.487863
2891.05200005	0.877676
2893.05700016	3.617744
2895.06200004	1.990763
2897.06399989	3.75
2899.0710001	2.94342
2901.08599997	3.517964
2903.09800005	3.500033
2905.11000013	0.038721
2906.87400007	3.918299
2908.89599991	2.326384
2910.90200019	3.805506
2912.91199994	3.549936
2914.92600012	0.207952
2916.94400001	3.657925
2918.9519999	3.431294
2920.96799994	3.525373
2922.97599983	2.517683
2924.98600006	3.013384
2927.00200009	3.491262
2929.01199985	3.501971
2931.02699995	3.887276
2933.04299998	3.597297
2935.05900002	3.182214
2937.07400012	3.09858
2939.10299993	3.448018
2941.102	0.742851
2943.11199999	0.95054
2945.12700009	3.760756
2947.13899994	3.734107
2948.94899988	3.846047
2950.91199994	3.229276
2952.93000007	1.665183
2954.93000007	3.486742
2956.94799995	3.257927
2958.96200013	4.015804
2960.97700024	2.55872
2962.98200011	2.574518
2965.00399995	3.448927
2967.01600003	3.72187
2969.02799988	3.63093
2971.07400012	3.547297
2973.04200006	3.194966
2975.05400014	0.114778
2977.06599998	0.492627
2979.07599998	3.561397
2981.08900023	0.102513
2983.09599996	3.73016
2985.11199999	3.832825
2987.11999989	1.471125
2989.12800002	0.04301
2991.13800001	0.675889
2993.148	1.077063
2995.21199989	2.721882
2996.96799994	2.959533
2998.9519999	2.252217
3001.01400018	2.9961
3003.079	2.106084
3005.15499997	3.814199
3007.24000001	4.30066
3009.06200004	3.616169
3011.16400003	0.662964
3012.98600006	1.787669
3015.08800006	0.64007
3017.18600011	3.639544
3019.01800013	2.884662
3021.11400008	2.228695
3023.19800019	1.028241
3025.02399993	0.523468
3027.12199998	1.951436
3029.22799993	3.514747
3031.05599999	3.603061
3033.15699983	3.541735
3035.25600004	2.992885
3037.09000015	0.997433
3039.18600011	2.974094
3041.02600002	3.765637
3043.11999989	3.677748
3045.01199985	3.52911
3047.05800009	3.704617
3049.1559999	3.870935
3051.25099993	3.092128
3053.08800006	3.617334
3055.18799996	1.792225
3057.26600003	3.667354
3059.0999999	3.651167
3061.19599986	2.753974
3063.296	0.924998
3065.13199997	3.401501
3067.23000002	3.157488
3069.06599998	0.266144
3071.16900015	0.863018
3073.26999998	3.481842
3075.11000013	3.465045
3077.19199991	2.672361
3079.03200006	4.007795
3081.13000011	3.538755
3083.23000002	3.998263
3085.06799984	3.491033
3087.17199993	3.8395
3089.27300024	3.740468
3091.11100006	0.345247
3093.21399999	2.768897
3095.31800008	1.009428
3097.1500001	0.084956
3099.24600005	1.85484
3101.08399987	3.34246
3103.18000007	3.456439
3105.27900004	2.40001
3107.12199998	3.468129
3109.21800017	3.720184
3111.31800008	0.295188
3113.1559999	1.997363
3115.25999999	0.310297
3117.10399985	3.708293
3119.204	3.142808
3121.30200005	3.505881
3123.13800001	3.05356
3125.23600006	4.1162
3127.079	1.781614
3129.17599988	1.541038
3131.28200006	0.080304
3133.11400008	3.626143
3135.21099997	3.50544
3137.30799985	3.662692
3139.14500022	3.347014
3141.24399996	1.890466
3143.34099984	3.514614
3145.18400002	0.725601
3147.28200006	1.846868
3149.11599994	3.710544
3151.21800017	1.954484
3153.31000018	2.095583
3155.14700007	3.573137
3157.24000001	2.856554
3159.33999991	0.425567
3161.18000007	3.581487
3163.27699995	1.238003
3165.16400003	1.872639
3167.21199989	0.312433
3169.31000018	2.126338
3171.14300013	1.913727
3173.2420001	1.368238
3175.34500003	1.960023
3177.1789999	3.710834
3179.2750001	3.604938
3181.37700009	3.866374
3183.20799994	3.643148
3185.3039999	3.059371
3187.39699984	4.114968
3189.23399997	1.879457
3191.33599997	0.506636
3193.17599988	3.822516
3195.27199984	1.93182
3197.36800003	1.394942
3199.20900011	2.028289
3201.29999995	0.228492
3203.40600014	0.20478
3205.23800015	1.924912
3207.33800006	0.735538
3209.43599987	1.963587
3211.27300024	3.30601
3213.15999985	2.005598
3215.20600009	0.836292
3217.3039999	0.137009
3219.40200019	1.921788
3221.24399996	0.461901
3223.34399986	3.52034
3225.44000006	2.124933
3227.27800012	3.145547
3229.37199998	4.025248
3231.20700002	3.312516
3233.3039999	3.44379
3235.40799999	0.039851
3237.25	3.669949
3239.34600019	3.455549
3241.18700004	0.166449
3243.28799987	3.792814
3245.38500023	3.445927
3247.22099996	1.981701
3249.31800008	2.157591
3251.41799998	3.281394
3253.25199986	1.529262
3255.35000014	0.01812
3257.43599987	1.828782
3259.27400017	0.130645
3261.37400007	3.399505
3263.47099996	2.137336
3265.31100011	0.034802
3267.41199994	1.907046
3269.24499989	0.317172
3271.34600019	3.522316
3273.44400001	3.45462
3275.27800012	4.183975
3277.37800002	0.11052
3279.47199988	0.210158
3281.31400013	3.659305
3283.40799999	1.231994
3285.5079999	1.923998
3287.34899998	2.818242
3289.44200015	0.126183
3291.27900004	0.060636
3293.37800002	1.202808
3295.48000002	0.026796
3297.31800008	1.822866
3299.41999984	1.181173
3301.51999998	3.765592
3303.35800004	0.850378
3305.45599985	1.886393
3307.29400015	0.044378
3309.3900001	1.911904
3311.49500012	1.698651
3313.33200002	3.307853
3315.43400002	1.89042
3317.26799989	1.398467
3319.36399984	2.575864
3321.46000004	1.895531
3323.296	3.528507
3325.40200019	1.885368
3327.5	0.381537
3329.33400011	3.81367
3331.4289999	3.394316
3333.52900004	1.871295
3335.36800003	2.589604
3337.46700001	3.821902
3339.30200005	0.039267
3341.40600014	2.286609
3343.49900007	2.051085
3345.33599997	0.736778
3347.44200015	3.310993
3349.53800011	0.07215
3351.37999988	0.636462
3353.47000003	1.928194
3355.57400012	2.357159
3357.40900016	3.687162
3359.50899982	0.319887
3361.34800005	0.690377
3363.44499993	2.369816
3365.546	0.823339
3367.37999988	1.643081
3369.47800016	3.374002
3371.36600018	1.967758
3373.41199994	0.018897
3375.51400018	4.020302
3377.61199999	1.908448
3379.45000005	0.018491
3381.54799986	3.696455
3383.38600016	0.423357
3385.48900008	1.750299
3387.58800006	3.592491
3389.41999984	0.368049
3391.53600001	1.990808
3393.37999988	0.365577
3395.45000005	1.854174
3397.55000019	0.938202
3399.38199997	3.555464
3401.48799992	3.385033
3403.58700013	3.788492
3405.41899991	1.927439
3407.51699996	0.775907
3409.61400008	0.481421
3411.45299983	0.521577
3413.55100012	1.990865
3415.3900001	0.024809
3417.49000001	3.98385
3419.58599997	3.762415
3421.4230001	4.012213
3423.52399993	1.443214
3425.62600017	1.813427
3427.45599985	0.508108
3429.55699992	2.234319
3431.39499998	0.376624
3433.4940002	3.462301
3435.59200001	3.826308
3437.42799997	3.434809
3439.52699995	1.923209
3441.62700009	3.156961
3443.46200013	4.14065
3445.56399989	3.333907
3447.66400003	3.987083
3449.50300002	3.01467
3451.602	0.516777
3453.4369998	3.344788
3455.53200006	3.208701
3457.63199997	3.79005
3459.46600008	3.171139
3461.56599998	0.499871
3463.66400003	1.929453
3465.5	0.416785
3467.59800005	3.643684
3469.69599986	2.331229
3471.52799988	3.213292
3473.62600017	3.558711
3475.46600008	4.307181
3477.56399989	1.911828
3479.66099977	0.036366
3481.49800014	2.209644
3483.59500003	2.209644
3485.69299984	2.896974
3487.5309999	1.895515
3489.62800002	1.897524
3491.46799994	2.716259
3493.56299996	3.110679
3495.66099977	4.200349
3497.49800014	2.215788
3499.5940001	0.244867
3501.69199991	2.085767
3503.52999997	3.081285
3505.63000011	3.707448
3507.46399999	0.106662
3509.55599999	3.094449
3511.65400004	2.196536
3513.48799992	2.768976
3515.58700013	3.435639
3517.68799996	0.286788
3519.52600002	3.783125
3521.62600017	3.327413
3523.72600007	3.708945
3525.55900002	3.105243
3527.6559999	3.926893
3529.48900008	3.839894
3531.58800006	3.833593
3533.68600011	3.945685
3535.52499986	3.568072
3537.62700009	2.386238
3539.51099992	3.454877
3541.55900002	1.368009
3543.65199995	3.059214
3545.49000001	3.695396
3547.59000015	3.704262
3549.68799996	1.880635
3551.52799988	2.297504
3553.62800002	3.528489
3555.727	0.195302
3557.56200004	0.471204
3559.66300011	1.915333
3561.76200008	0.427414
3563.59800005	1.746871
3565.69800019	1.244627
3567.53800011	0.582079
3569.63499999	1.940597
3571.73199987	0.318747
3573.56900024	3.566356
3575.66400003	3.373772
3577.76300001	3.720122
3579.59800005	2.823851
3581.70000005	3.086354
3583.81000018	3.349625
3585.65400004	3.185969
3587.546	3.423586
3589.59599996	3.878239
3591.70700002	2.669104
3593.55000019	2.838267
3595.65100002	0.529321
3597.73199987	1.957003
3599.82800007	3.617814
3601.66200018	3.650938
3603.75699997	0.451981
3605.59100008	0.143511
3607.68400002	1.968195
3609.78600001	0.822824
3611.602	3.608151
3613.67000008	2.575368
3615.76799989	1.046416
3617.85100007	2.192603
3619.68300009	1.096998
3621.76600003	2.229007
3623.59800005	3.323641
3625.67699981	3.509615
3627.76200008	0.523195
3629.5999999	2.340128
3631.69700003	2.306312
3633.7980001	0.905559
3635.63300014	3.525691
3637.73199987	3.87727
3639.83200002	4.077322
