0.0	2.962766
0.31299996376	2.715822
0.532999753952	2.946051
0.631999969482	2.911556
1.15699982643	2.803861
1.72899985313	2.957745
2.48599982262	2.508569
3.10399985313	1.774962
3.39899992943	2.880147
3.69599986076	2.952464
5.72999978065	2.964055
7.80899977684	2.717472
9.88899993896	2.817402
11.7089998722	2.982732
13.7899997234	2.952608
15.8729999065	2.991349
17.6619997025	2.618917
19.7389996052	2.947068
21.8199999332	2.950243
23.6399998665	2.775059
25.7200000286	2.758627
27.7889997959	2.962715
29.8710000515	2.958982
31.6899998188	2.969834
33.768999815	2.88442
35.8499996662	2.974345
37.6689999104	2.688792
39.7499997616	2.594618
41.8289997578	2.927974
43.6499998569	2.954413
45.7289998531	2.961755
47.8089997768	2.945865
49.879999876	2.982894
51.6959998608	2.738118
53.7599999905	2.748373
55.8209998608	2.688166
57.9009997845	2.517571
59.7200000286	2.936028
61.7999999523	2.984166
63.879999876	2.630778
65.6999998093	2.987342
67.7799999714	2.601211
69.8599998951	2.970598
71.6799998283	2.844191
73.7599999905	2.944438
75.8399999142	2.974807
77.9199998379	2.985602
79.7389996052	2.990738
81.8199999332	2.954139
83.8999998569	2.954098
85.7200000286	2.884727
87.7990000248	2.963888
89.8789999485	2.725232
91.9569997787	2.964963
93.7809998989	2.942217
95.8599998951	2.89668
97.9399998188	2.972785
99.7599999905	1.412989
101.839999914	2.937858
103.919999838	2.952189
105.74000001	2.945273
107.818999767	2.959894
109.898999691	2.964422
111.720000029	2.926643
113.799000025	2.951933
115.879999876	2.969768
117.9599998	2.778024
119.779999971	2.934328
121.858999729	2.631335
123.939999819	2.712074
125.75999999	2.73155
127.839999914	2.707709
129.919999838	2.965118
132.0	2.94429
133.815999985	2.960768
135.899999857	2.961493
137.980000019	2.951532
139.799999952	2.961151
141.879999876	2.473967
143.960999727	2.959149
145.779999971	2.579998
147.859999895	2.444779
149.937999725	2.577014
151.75999999	2.947299
153.839999914	2.97272
155.91899991	2.739965
158.0	2.938088
159.819999933	2.941812
161.898999691	2.949111
163.980000019	2.950197
165.799999952	2.915859
167.879999876	2.93419
169.9599998	2.968005
172.040999889	2.952184
173.859999895	2.739067
175.939999819	2.951108
