0.0	12.046939
0.120000123978	12.264228
0.240000009537	12.396998
0.301000118256	12.396998
0.364000320435	12.465652
0.462000131607	4.943698
0.686000108719	0.25214
0.924000263214	12.762588
1.26900029182	12.493568
3.27400016785	12.803288
5.27600026131	7.770608
7.27100014687	12.179909
9.31700015068	0.436308
11.2690002918	0.031728
13.2740001678	1.512642
15.2720000744	0.280701
17.2680003643	1.698521
19.2770001888	2.274124
21.2700002193	0.59542
23.2710001469	0.932509
25.2710001469	4.365447
27.2730002403	5.611377
29.2700002193	7.996441
31.2740001678	7.333163
33.2760002613	7.333163
35.2710001469	12.143691
37.2710001469	2.41465
39.2740001678	1.679763
41.2750000954	10.950781
43.2710001469	1.245036
45.2760002613	1.695183
47.2770001888	0.051303
49.2710001469	2.576868
51.2710001469	0.050789
53.2730002403	2.370612
55.2730002403	2.746572
57.2700002193	1.281552
59.2750000954	0.934212
61.2770001888	1.413963
63.2829999924	2.371864
65.2750000954	2.637522
67.5240001678	0.411039
69.5350000858	1.578689
71.5180001259	0.173044
73.5220000744	1.646475
75.5250000954	1.302243
77.5199999809	1.27692
79.5230000019	2.02048
81.5240001678	1.196588
83.5230000019	2.319667
85.5210001469	1.53974
87.5270001888	0.293315
89.3589999676	1.328992
91.5230000019	1.9144
93.5210001469	0.983528
95.5250000954	0.160561
97.5240001678	1.996346
99.5230000019	1.595973
101.521000147	1.385567
103.522000074	0.785648
105.519999981	0.24414
107.519000053	2.124617
109.521000147	7.857469
111.523000002	9.086019
113.383000135	0.05753
115.522000074	6.754339
117.523000002	7.46915
119.522000074	1.675643
121.522000074	4.455772
123.519000053	0.046552
125.525000095	1.199324
127.523000002	0.635854
129.54399991	0.650309
131.63499999	0.036364
133.524000168	1.057336
135.518000126	1.556935
137.367000103	1.1637
139.519999981	1.479949
141.522000074	0.549108
143.522000074	6.230422
145.526000261	3.331313
147.522000074	1.892045
149.522000074	3.404755
151.522000074	7.075262
153.519999981	1.146686
155.524000168	1.209185
157.521000147	2.356856
159.521000147	0.923034
161.527000189	1.945317
163.524000168	1.613884
165.562999964	1.051271
167.521000147	1.510309
169.526000261	2.868444
171.521000147	1.175831
173.521000147	1.332643
175.522000074	4.626984
177.521000147	6.178781
179.522000074	6.704616
181.522000074	7.510948
183.524000168	8.520722
185.522000074	11.870144
187.522000074	5.520531
189.641000271	4.574891
192.403000116	0.979787
194.561000109	0.053822
195.666000128	1.599003
197.519000053	6.56666
199.523000002	9.580094
201.519000053	0.977882
203.523000002	2.174629
205.521000147	2.483008
207.521000147	3.7256
209.414000034	0.334124
211.518000126	1.84151
213.517000198	2.302489
215.514000177	0.131045
217.518000126	1.984816
219.522000074	0.045406
221.515000105	3.439653
223.523000002	1.021012
225.515000105	1.672793
227.515000105	3.113764
229.519999981	2.361382
231.523000002	1.220851
233.516000271	0.352286
235.518000126	0.26646
237.517000198	0.660908
239.518000126	6.860794
241.521000147	4.533784
243.517000198	1.518919
245.522000074	0.745803
247.519999981	1.063621
249.518000126	1.211079
251.517000198	1.021264
253.519000053	1.579608
255.517000198	3.446861
257.514000177	7.076599
259.519999981	10.149048
261.517000198	9.33756
263.516000271	12.234935
265.526000261	12.115887
267.519999981	9.494077
269.518000126	7.830492
271.514000177	0.430496
273.517000198	1.534422
275.515000105	6.097632
277.518000126	1.938797
279.518000126	5.847682
281.517000198	0.273287
283.516000271	1.379848
285.514000177	2.143421
287.517000198	3.530402
289.515000105	3.322265
291.517000198	1.208972
293.521000147	2.085587
295.519999981	5.851149
297.517000198	1.360217
299.517000198	2.49399
301.519999981	1.390193
303.517000198	0.075926
305.519999981	2.276729
307.522000074	0.661612
309.523000002	2.847163
312.166000128	0.069779
314.399000168	2.296005
315.524000168	6.473524
317.519000053	4.142847
319.555000067	2.646464
321.77300024	0.122176
323.769000292	0.509298
325.766000032	0.877693
327.766000032	3.97875
329.769000292	0.593949
331.768000126	4.639713
333.766000032	1.381161
335.774000168	2.368828
337.770000219	2.327811
339.767000198	0.208683
341.769000292	3.726346
343.564000368	5.125577
345.766000032	1.260094
347.764000177	3.85643
349.778000116	2.736654
351.770000219	2.108468
353.768000126	2.267362
355.766000032	0.340877
357.772000313	4.410256
359.768000126	2.945925
361.768000126	3.070111
363.764000177	1.547068
366.369000196	2.596506
368.380000353	4.382695
370.370000124	2.935487
372.373000145	1.281785
374.369000196	0.437865
375.764000177	1.331494
378.380000353	2.653573
380.367000103	2.145575
382.366000175	3.112941
384.416000128	4.067562
386.36400032	4.126841
388.36400032	1.70393
390.418000221	2.626672
392.39199996	0.866465
394.426000118	4.075891
396.397000313	2.290736
398.428000212	2.27274
400.384000063	0.746501
402.385000229	2.289089
404.379000187	2.99052
406.371000051	4.101834
408.382000208	3.991454
410.371000051	4.757188
412.362000227	1.937995
414.442000151	0.572547
416.394000053	1.740346
418.38100028	2.689228
420.367000103	3.310423
422.385000229	2.173824
424.430000067	3.278366
426.417000294	0.810269
428.367000103	0.778941
430.425000191	0.057414
432.503999949	0.254179
433.650000095	0.242138
436.450999975	1.507088
438.372000217	2.103963
440.397000313	1.333654
442.366000175	1.569879
444.440000057	1.568492
446.38100028	1.370585
448.367000103	0.985121
450.436000347	1.930809
451.660000324	1.801891
454.370000124	0.185491
456.389000177	1.961269
458.368000031	1.416399
460.370000124	1.416356
462.133000135	2.710472
464.435000181	0.035115
466.361000299	0.345388
467.764000177	1.563919
469.75999999	3.241984
472.396000385	6.302136
474.470000029	2.145474
476.375	4.095862
478.401000261	6.280978
480.38100028	0.887598
482.372000217	0.573752
484.384000063	0.155392
486.430999994	1.64455
488.39199996	1.802489
490.367000103	0.157648
492.455000162	0.975887
494.361000299	0.595991
496.365000248	3.713321
498.371000051	1.842622
500.367000103	4.827197
502.363000154	4.698138
504.371000051	4.945901
506.365000248	0.452248
508.363000154	0.192918
510.39199996	1.229754
512.386000156	2.567044
514.36400032	1.995688
516.429000139	1.145818
518.429000139	1.993313
520.430999994	0.30185
522.36400032	1.71558
524.183000088	3.808021
526.361000299	3.727097
528.366000175	2.163833
530.378000259	3.239793
532.391000032	3.763618
534.433000326	1.432843
536.366000175	1.100746
538.374000072	1.00707
540.389000177	4.645304
542.40500021	0.208818
544.379000187	1.796718
546.373000145	0.272803
548.380000353	1.415393
550.430000067	0.290743
551.815999985	0.66217
554.548000336	0.828727
556.373000145	0.660583
558.428000212	2.208359
560.365000248	2.36035
562.396000385	0.716647
564.430000067	0.859171
566.400000095	0.452561
568.399000168	0.985896
570.430999994	0.939669
572.375	3.202477
574.365000248	1.618083
576.410000086	2.08414
577.864000082	0.036702
580.414999962	1.06895
582.396000385	1.903315
584.021000147	2.028609
586.38100028	3.783411
588.104000092	2.49217
590.358999968	2.429711
592.36400032	1.677691
594.427000046	0.032353
596.429000139	2.7437
598.362000227	4.077421
600.450999975	4.725144
602.403000116	2.585625
604.362000227	0.003064
606.372000217	0.67159
608.363000154	3.875018
610.407999992	0.135396
612.419000149	1.262561
614.531000137	0.749642
616.373000145	0.03199
618.40500021	1.359469
620.36400032	0.825541
622.366000175	1.656158
624.36400032	2.265121
626.367000103	0.588337
628.390000105	2.791711
630.362000227	3.921521
632.363000154	1.113295
634.361000299	1.597138
636.362000227	0.397388
638.450000048	1.376908
640.476000309	0.6586
642.423000097	2.498748
644.374000072	2.209814
646.411000013	1.261648
648.360000134	2.542694
650.360000134	0.996156
652.35800004	0.070638
654.406000137	2.250124
656.433000326	2.96869
658.423000097	1.636584
660.360000134	0.105539
662.39800024	1.429855
664.470000029	1.989992
666.363000154	0.257614
668.384000063	1.01601
670.399000168	2.57328
672.467000008	2.893974
675.396000385	0.493978
675.993000269	1.627697
678.369000196	3.103078
680.366000175	6.104293
682.360000134	12.403741
684.428000212	12.114173
686.429000139	11.147266
688.35800004	0.057204
690.382000208	0.042152
692.424000025	4.813241
694.367000103	0.271995
696.360000134	4.182855
698.360000134	2.969307
700.374000072	3.588696
702.375	1.205052
704.362000227	2.417239
706.358999968	4.052792
708.361000299	1.885363
710.362000227	3.494734
712.367000103	0.876345
714.42200017	2.203172
716.428000212	1.067321
718.361000299	1.928928
720.410000086	1.941155
722.368000031	2.704916
724.373000145	1.087203
726.358999968	2.957314
728.390000105	3.478766
730.394000053	5.959274
732.460000277	7.120533
734.416000128	1.158512
736.404000282	0.583572
738.371000051	0.535304
740.358999968	1.398253
742.363000154	2.020144
744.35800004	0.015512
746.360000134	1.591716
748.356000185	0.077347
750.430999994	0.285082
752.356000185	1.708139
754.35800004	2.090162
756.363000154	4.376907
758.367000103	5.376792
760.386000156	6.497862
762.426000118	6.452887
764.389000177	2.046763
766.358999968	0.336912
768.367000103	0.028555
807.370000124	2.001753
