0.0	1.14235
0.799000024796	0.536612
1.18099999428	1.142085
1.58899998665	1.193582
2.0	1.201019
2.37000012398	1.224235
2.7380001545	1.093632
3.15600013733	1.191499
3.52799987793	1.179484
3.90800023079	1.199404
6.01800012589	1.223734
8.03199982643	1.20603
10.0280001163	0.254545
12.0319998264	1.030917
14.0309998989	1.1853
16.0220000744	1.205615
18.0319998264	1.240584
20.0250000954	1.15718
22.0550000668	1.177402
24.0220000744	1.216108
26.0220000744	1.206632
28.0220000744	1.171397
30.0309998989	1.209642
32.0220000744	1.188407
34.0339999199	1.144394
36.0239999294	1.144415
38.0319998264	1.038785
40.0239999294	1.200794
42.0220000744	1.190453
44.0319998264	1.21542
46.0220000744	1.25905
48.0220000744	1.181207
50.0239999294	1.120086
52.0220000744	1.208447
54.0220000744	1.092983
56.0420000553	1.18197
58.0580000877	0.24699
59.9690001011	0.136823
62.4029998779	0.585505
64.0220000744	1.010716
66.0309998989	0.322337
68.0299999714	0.730216
70.0360002518	1.06094
72.0329999924	1.170678
74.0269999504	1.079897
76.0360002518	1.190005
78.0210001469	1.18674
80.0200002193	1.194181
82.0280001163	1.223344
84.0269999504	1.193969
86.0309998989	1.201848
88.0220000744	0.637426
90.0210001469	1.134482
92.0280001163	0.711555
94.0230000019	1.179996
96.0230000019	1.196721
98.0339999199	1.151516
100.032999992	1.193663
102.021000147	1.195485
104.023000002	1.155389
106.035000086	1.182366
108.029999971	1.247263
110.023000002	1.135936
112.029999971	1.219715
114.023000002	1.193824
116.021000147	1.054401
118.026000023	0.363919
120.028000116	1.057079
122.036000252	1.173669
124.271999836	1.22138
126.031999826	1.224088
128.036000252	1.16471
130.032999992	1.149364
132.032999992	1.203999
134.278000116	1.161273
136.279000044	1.189822
138.285000086	1.17947
140.118000031	1.17713
142.276000261	1.181985
144.276000261	1.108472
146.270999908	1.208247
148.281000137	1.22845
150.277000189	1.176288
152.270999908	1.100472
154.270999908	1.202175
156.282999992	1.178165
