0.0	0.013294
0.529999732971	0.12557
1.37299990654	0.478746
1.78499984741	1.059338
2.52999973297	1.142458
3.44799995422	3.45735
4.69899964333	4.662525
5.80499982834	0.013128
6.51599955559	0.940066
7.8189997673	0.719349
9.48099994659	1.573058
10.4759995937	8.275537
13.0429997444	0.25082
14.6480000019	4.975511
16.6559998989	0.231228
18.6669998169	0.153498
20.6959998608	3.868865
22.7139997482	0.009416
24.7589998245	0.075953
26.7699997425	1.246587
28.7779998779	0.410328
30.8029997349	1.035034
32.8299996853	2.750587
34.8619997501	2.750587
36.8999996185	0.828484
38.9129998684	1.365485
40.9419996738	0.647648
42.9699997902	4.592348
45.004999876	4.592348
47.0559999943	0.016515
49.0539996624	0.241651
51.0969998837	0.626894
53.1049997807	0.477709
55.1279997826	0.050165
57.1709997654	0.199571
59.1229996681	0.051177
60.3389997482	0.64323
63.1929998398	3.774232
64.3579998016	0.553954
67.2169997692	0.110141
68.5819997787	4.555941
71.2539997101	0.0129
72.9269998074	0.852231
75.2939996719	0.164002
77.3259997368	0.545713
78.7589998245	0.480819
81.3449997902	0.136996
83.3599998951	0.262309
85.3749997616	0.009382
87.3839998245	0.455692
88.5639996529	0.295734
91.4269998074	5.192718
93.4549996853	0.012489
94.518999815	0.012601
96.4929997921	3.353873
98.5229997635	4.311469
100.534999609	4.012608
102.551999807	0.149853
104.573999882	3.127482
106.586999655	0.16261
108.59499979	0.655349
110.61199975	4.964061
112.948999882	0.430398
114.653999805	0.451398
116.677999735	0.112602
118.697999716	0.137843
120.706999779	0.175175
122.737999678	0.927073
124.760999918	5.245788
126.771999598	0.356502
128.782999754	0.219001
130.81799984	0.606481
132.8349998	2.364272
134.859999657	0.114272
136.883999586	0.615731
138.877999783	0.920173
140.88599968	1.845194
142.892999887	0.052367
144.898999691	3.857146
146.90899992	0.625505
148.918999672	0.138381
150.927999973	0.038349
153.103999853	4.157974
154.901999712	0.001268
157.203999758	0.009231
159.222999811	0.416741
161.242999792	5.719509
163.263999939	0.037951
165.279999971	5.224625
167.309999704	0.626357
169.313999891	0.161982
171.343999863	1.857679
173.381999731	4.144521
174.997999668	0.114732
177.410999775	0.089589
178.958999634	3.033341
181.448999882	3.619883
182.659999609	0.038653
184.877999783	0.075123
187.49399972	0.913225
189.508999825	1.32233
191.522999763	0.229083
193.561999798	1.436121
195.581999779	0.124325
196.595999718	2.245474
198.987999678	3.605916
200.629999876	0.15897
202.643999577	2.506113
204.679999828	0.411806
206.655999899	2.864877
208.697999716	0.209756
210.701999664	0.326459
212.720999956	2.496446
214.758999825	0.542001
216.77099967	4.586448
219.041999817	0.574574
221.05499959	4.386663
225.521999836	0.637323
228.532999754	0.190976
230.112999916	2.306105
231.582999706	0.201583
234.828999758	0.126193
236.85199976	0.602626
238.873999834	1.441875
240.881999731	3.549391
242.918999672	4.38316
244.389999866	4.245791
246.945999861	0.605383
248.96999979	0.201957
250.312999725	0.496411
253.009999752	0.131995
254.490999699	0.003251
258.103999853	0.003243
258.743999958	0.569441
260.839999914	0.084478
263.142999649	0.050144
265.166999817	3.405685
267.176999807	0.009389
269.513999701	3.241327
270.500999928	0.00322
273.246999741	2.881535
274.654999733	2.944352
276.286999702	0.414148
278.314999819	0.037587
280.339999676	0.003291
282.365999699	0.237641
284.383999825	1.753237
286.407999992	0.386149
288.423999786	0.613814
290.459999561	0.136479
292.478999615	0.033607
294.291999578	0.003231
296.534999609	1.025557
298.56099987	0.198106
300.605999708	0.128551
302.610999823	3.627713
304.64599967	4.082025
306.679999828	0.087867
308.698999643	1.376404
310.707999706	3.076505
312.734999657	0.200837
314.763999701	1.41309
316.777999878	2.89407
318.960999727	0.600105
320.992999792	3.51327
322.366999626	3.742
325.321999788	0.337142
327.329999685	1.235874
329.046999693	0.166208
331.057999849	3.09006
333.086999655	0.087224
335.114999771	3.46974
337.14599967	0.764762
338.669999838	0.012858
341.207999945	3.542446
343.219999552	4.191399
345.24000001	0.089855
347.15199995	4.123267
348.967999935	1.295777
350.991999865	0.637272
352.995999575	4.093135
355.031999826	5.930072
357.058999777	0.837586
359.066999674	5.697872
361.096999884	6.378938
363.113999844	8.900373
365.446999788	0.560072
367.140999794	0.185641
369.173999786	6.566589
371.949999809	6.566589
373.972999811	6.566589
376.00399971	0.816867
378.022999763	3.759462
380.041999817	2.411803
382.046999693	0.671019
384.075999737	1.674905
386.091999531	2.120938
388.098999739	3.039931
390.104999781	3.379621
392.122999668	0.59077
394.15199995	3.620623
396.161999702	0.29298
398.488999844	0.088694
400.200999737	3.80631
402.223999977	2.131061
404.249999762	0.242856
406.256999731	0.548825
408.291999578	3.280607
410.303999901	3.061522
412.330999613	3.513277
414.340999842	2.672872
416.377999783	2.148874
418.398999691	0.172329
420.428999901	3.324861
422.453999758	3.71604
424.456999779	0.504498
426.47699976	3.215121
428.496999741	4.257936
430.517999887	3.192256
432.533999681	3.192256
434.553999662	2.346265
436.555999756	4.25512
438.562999725	0.561423
440.61899972	0.570223
442.626999617	0.216332
443.891999722	4.292668
446.686999798	4.725607
448.720999956	0.626015
450.836999893	6.006275
452.491999626	0.076737
454.22699976	0.688308
456.245999813	6.941376
458.27099967	0.037827
460.308999777	1.388484
463.245999813	0.050078
464.695999861	0.654821
466.376999855	1.656362
468.40899992	1.656362
470.417999744	0.143614
472.442999601	1.766478
474.45299983	0.001696
476.458999634	5.923079
478.489999771	0.063253
480.504999876	3.197023
482.529999733	5.1755
484.558999777	0.063051
486.569999695	0.025916
488.588999748	0.143975
490.603999615	7.437849
492.616999865	6.722401
494.634999752	0.510506
496.649999857	0.176204
498.90299964	0.009543
500.928999901	2.468174
502.944000006	0.420978
504.967999935	6.082796
506.990999699	0.113921
509.002999783	0.58428
511.019999743	0.707043
513.040999889	0.177178
515.058999777	0.226935
517.06099987	4.680091
519.088999748	0.361778
521.410999775	1.684943
522.24399972	0.19524
525.141999722	3.058198
527.16899991	0.548755
529.177999735	0.076429
530.446999788	4.237253
533.23699975	0.199641
534.240999937	0.899262
536.275999546	0.025365
538.293999672	3.992324
540.633999825	2.756313
542.347999573	0.464729
544.376999855	1.171591
546.40299964	0.212437
548.412999868	0.924561
550.348999739	2.032756
552.429999828	1.199961
554.225999832	2.421578
556.303999901	0.063301
558.357999802	0.805885
560.428999901	1.688237
562.262999773	0.133603
564.54799962	1.666759
566.388999939	1.603103
568.621999741	1.497613
570.968999863	0.047422
572.684999943	1.634917
574.699999571	0.011362
576.724999905	0.83771
578.995999575	3.07348
580.874999762	0.050578
583.092999935	0.024399
584.805999756	2.340946
586.819999695	2.837793
588.852999926	2.713217
590.862999678	0.063285
592.88599968	3.210725
594.914999723	0.012379
596.938999653	0.003159
599.974999666	0.009414
600.720999956	3.132728
603.018999815	4.08761
605.039999962	0.687637
607.040999889	2.045162
609.065999746	0.063507
611.087999821	2.713556
613.103999853	0.247616
615.131999731	0.150117
617.16899991	1.064214
619.193999767	0.138453
621.217999697	3.139198
623.244999886	0.113671
625.262999773	2.194378
626.648999929	0.613525
629.311999798	0.075765
630.324999809	0.442723
632.34499979	0.515254
634.365999699	1.149456
636.370999813	1.405204
638.403999567	0.78183
640.472999811	0.012747
643.487999916	0.85312
644.86899972	4.140709
646.516999722	1.418773
649.57199955	0.67721
650.621999741	0.012864
652.599999905	0.126882
654.636999846	3.428088
656.675999641	0.131431
658.689999819	2.462836
660.731999636	0.098775
662.732999802	1.476857
664.742999792	1.161389
666.777999878	0.013117
668.796999931	2.766293
670.811999559	0.603822
672.846999645	1.832043
675.163999557	0.089521
676.884999752	4.135776
678.894999743	4.19785
680.901999712	3.535438
682.93599987	5.36555
684.975999832	0.025299
686.998999596	1.167455
689.067999601	1.585138
691.070999622	1.906022
693.073999882	0.244764
695.100999832	0.012566
697.125999689	3.098917
698.544999838	3.421056
701.251999617	3.421056
703.271999836	1.604673
705.305999756	2.249821
707.315999746	0.140332
709.347999573	0.643947
710.953999758	0.051064
713.732999802	0.176059
714.565999746	2.551294
716.494999647	0.126141
718.501999855	0.061998
720.527999878	0.10142
722.541999817	2.510808
724.55499959	0.036123
726.570999622	0.012694
728.587999582	1.014663
730.60199976	3.889011
732.627999544	4.579936
734.648000002	4.180931
736.667999744	0.126054
738.673999786	5.349626
740.697999716	5.987281
742.705999851	0.636031
744.72699976	0.345422
746.649999857	0.614323
748.768999815	0.878734
750.775999784	1.63763
752.793999672	1.733093
754.823999882	0.86734
756.846999645	0.638886
760.11899972	3.447195
761.208999872	0.710313
763.147999763	4.107873
765.468999863	0.209948
767.170999765	0.634101
769.187999725	0.381447
771.219999552	3.175714
773.24000001	0.024962
775.269999743	5.634141
777.275999546	0.003012
779.299999714	0.075021
781.324999809	0.867159
783.462999821	1.8484
785.487999916	3.876309
787.669999838	0.0758
789.683999538	2.264773
791.019999743	3.646576
793.720999956	2.440021
795.699999571	0.012776
797.860999823	3.652002
799.779999733	0.443976
801.201999664	0.251075
803.291999578	0.174385
805.318999767	0.639947
807.354999781	0.087296
809.381999731	5.1035
811.384999752	0.405206
813.414999723	0.960733
815.441999674	0.518597
817.763999701	0.088261
819.126999617	6.014337
821.576999903	6.560459
823.49399972	0.003529
825.630999804	0.076163
827.860999823	2.065872
829.184999943	0.001773
831.699999571	3.704394
833.708999872	1.213843
835.767999887	0.01248
837.778999805	0.789995
839.786999702	3.716645
841.828999758	0.189386
843.136999846	0.159974
845.86899972	2.213954
847.069999695	0.003369
849.93599987	0.636028
851.953999758	2.885929
853.963999748	1.030918
856.0	1.987897
857.011999607	0.795741
860.063999891	4.365953
861.103999853	0.320206
863.255999804	0.094376
865.406999826	0.049243
867.644999743	0.479579
869.444999933	0.465275
871.468999863	0.628712
873.487999916	0.328869
875.514999628	0.977353
877.537999868	0.596689
879.871999979	2.458982
881.895999908	0.139171
883.613999844	2.620645
886.247999907	0.071962
887.86199975	0.036769
889.637999773	1.020296
891.990999699	0.495491
893.693999767	2.478536
895.717999697	0.151657
898.11899972	0.124634
899.439999819	2.945864
901.788999796	0.671325
903.805999756	1.189039
905.832000017	0.01276
907.854999781	2.492601
909.867999554	2.492601
911.899999619	0.03815
913.927999973	2.680962
915.929999828	1.980848
917.96999979	0.087872
919.99399972	0.026007
921.907999754	0.038095
924.089999676	0.003317
925.204999924	0.761592
928.109999657	1.779279
929.520999908	0.063001
932.15599966	0.277035
933.619999647	3.547042
935.219999552	3.320507
937.235999584	2.851312
939.264999866	0.614345
941.324999809	4.434208
943.298999786	4.536542
945.321999788	0.012135
947.320999861	4.920601
949.340999842	0.243641
951.383999825	0.409893
953.406999826	0.521385
955.418999672	4.050755
957.445999861	5.035029
959.459999561	0.149608
961.459999561	0.162484
963.484999895	3.058283
965.51099968	0.872952
967.534999609	4.747663
969.549999714	0.172661
971.561999798	0.112848
973.590999603	0.024339
975.603999615	0.371203
977.634999752	1.346017
979.950999737	4.303787
981.660999775	0.566579
983.681999683	0.420326
985.704999924	0.037248
987.727999926	0.291079
989.748999834	2.300097
991.778999805	0.406367
993.796999931	1.149594
995.812999725	3.338851
997.840999842	1.995377
999.857999802	6.897134
1002.1869998	7.020984
1003.91799974	0.136285
1005.93199968	3.223203
1007.4849999	0.049458
1009.97899961	0.290268
1012.40899992	0.630317
1013.76799989	0.277913
1016.06699967	5.175907
1017.52799988	3.344253
1019.55899978	3.626955
1022.12999988	0.07646
1023.57099962	4.786755
1025.48899984	0.624637
1028.20899987	0.026017
1030.55999994	0.339026
1031.69899964	0.620824
1033.31099963	0.165298
1035.95299983	0.024218
1037.32199979	5.123909
1039.35299993	0.137547
1041.37899971	0.013052
1043.40699983	0.667473
1045.46999979	0.93089
1047.52799988	1.238256
1049.88199973	1.557126
1051.55799985	0.033907
1053.57999969	0.267962
1055.59699988	0.609375
1057.60699964	0.657375
1059.62399983	0.285954
1061.63799977	3.341829
1063.67499971	0.671483
1065.68599987	3.925081
1067.69699979	0.089208
1069.71899962	1.173695
1072.36099982	0.31169
1073.85299993	0.028077
1075.66499972	4.486846
1077.51299977	0.025465
1079.81899977	0.65183
1081.84599972	3.227501
1083.87099981	0.719117
1085.89399981	3.142997
1087.59699988	5.616912
1089.92599988	5.896111
1091.94899988	0.388186
1093.98699975	2.96685
1096.01699972	1.996641
1097.60999966	0.656451
1100.0679996	1.800699
1102.08999968	0.739706
1104.10699964	3.159119
1106.12599969	0.114184
1108.15399981	0.140679
1110.16899991	2.6857
1112.18899989	0.049773
1113.73699975	0.003134
1116.25199962	0.405285
1118.27899981	0.247995
1120.30199981	0.650033
1121.68799996	0.532245
1124.34499979	0.003172
1126.37299991	2.187174
1127.66899991	0.861759
1129.41799974	0.220471
1131.42499995	2.270422
1133.44899988	0.10107
1135.4909997	0.099417
1137.49999976	2.90319
1139.52999973	0.796104
1141.54899979	0.074187
1143.57099962	0.049928
1145.59299994	1.614297
1147.60099983	0.399765
1149.61699986	0.201287
1151.63799977	0.337721
1153.65999961	1.40575
1155.6869998	1.048949
1157.85599995	0.312634
1160.48699975	0.201971
1162.52799988	0.099976
1163.94799972	0.086252
1165.80299973	0.113327
1167.79399967	0.037881
1169.74599981	0.231935
1171.86399984	0.076424
1173.87999988	1.876097
1176.21599984	0.012769
1177.93599987	0.925015
1179.96899986	2.560609
1181.98699975	0.451461
1184.00399971	1.761834
1186.0139997	0.074256
1188.02699971	3.29368
1190.36799979	0.064522
1192.08099985	4.298177
1193.63599968	0.070351
1196.42399979	0.638569
1198.44599986	2.844901
1200.14299965	0.344316
1202.15199995	0.271752
1204.18599987	3.808501
1206.20299959	0.036819
1208.22599983	0.101412
1210.24000001	1.026678
1212.25299978	3.427426
1214.59499979	3.044904
1216.31399989	3.027248
1217.57099962	0.604776
1220.34899974	2.789692
1222.37899971	1.945894
1224.40699983	0.008872
1226.4429996	0.469713
1228.46199965	3.926829
1230.49299979	0.062879
1231.63799977	4.304347
1233.52999973	0.214595
1235.54499984	1.628992
1237.56399965	0.879014
1239.59599972	0.113539
1241.62799954	0.992469
1243.65899968	3.332449
1245.66999984	2.81151
1247.68899989	3.274873
1249.71099973	2.901576
1251.73499966	0.633788
1253.74299979	3.045871
1255.75499964	0.139009
1257.77599978	4.466999
1260.11399984	0.650505
1261.84499979	4.13224
1263.85099959	5.16563
1265.68599987	0.609236
1267.86699963	0.269686
1270.20399976	0.143568
1272.03699994	1.307477
1274.24799991	1.500388
1275.95899963	4.786496
1277.98599982	1.060206
1280.01699972	0.923925
1282.02799964	0.345047
1284.05899978	0.637361
1286.07999992	0.138272
1289.17099977	0.000614
1290.28599977	0.110017
1292.12999988	0.012774
1294.14199972	2.623923
1296.16899991	0.594479
1298.19099975	2.315806
1300.22199988	1.575008
1302.22099996	1.575008
1304.23899961	0.174832
1306.25199962	0.353052
1308.25399971	0.077305
1310.27399969	0.598769
1311.79899979	0.050328
1313.70499992	3.886931
1316.3349998	4.389767
1318.34699965	0.28617
1320.3579998	2.47399
1322.38999987	4.004488
1324.42199969	3.127319
1326.24099994	1.040038
1328.44799995	4.052783
1330.47899961	0.1933
1331.67999983	0.470517
1334.52399969	0.025532
1336.55199981	0.365462
1338.58999968	4.776493
1340.5999999	4.658713
1342.6309998	0.035952
1344.64099979	0.124916
1345.91299987	0.63665
1347.67599964	0.414553
1349.69599986	0.037925
1351.71399975	2.160283
1353.72299981	0.062882
1355.74299979	0.397276
1357.75399971	0.610319
1359.75999999	1.21105
1362.09899974	3.858388
1364.09599996	1.715774
1365.81199956	3.240112
1367.83200002	1.25702
1369.8429997	0.775053
1371.86799955	0.424937
1373.87899971	3.362749
1375.89299989	0.385682
1377.91099977	3.279828
1379.93899965	0.1223
1381.95899963	0.00916
1383.97099972	0.04996
1386.30799961	0.114604
1388.01799989	0.204339
1390.34499979	3.207129
1392.05199957	0.083386
1394.06299973	3.199793
1396.07799983	3.169416
1398.09999967	1.571084
1400.12699962	0.225699
1402.15099978	1.329694
1404.16499972	3.582756
1406.19699979	0.457387
1408.22999978	0.061391
1410.24499989	1.083611
1412.14499974	1.016416
1414.26699972	0.656689
1416.29299974	0.110679
1418.63199997	0.535811
1420.34899974	0.0088
1422.35699987	0.466608
1424.49499965	0.200012
1426.0	0.078943
1428.74399996	0.103911
1430.0139997	0.615394
1432.7809999	0.835228
1433.89199972	0.198328
1436.53199959	0.024712
1438.57099962	3.497705
1440.59699988	0.349855
1442.6309998	0.072575
1443.93399978	0.183618
1446.69399977	0.42957
1448.18799973	0.197026
1450.74199986	2.016625
1452.23699975	2.520616
1453.9519999	0.01265
1455.80699968	0.884759
1457.81799984	4.099451
1459.85499978	0.12449
1463.19699979	0.125928
1463.89099979	0.088727
1466.9349997	0.700048
1468.43599963	0.248577
1469.9829998	0.003197
1473.02499986	0.191483
1474.59799981	0.062205
1476.08399963	0.101405
1478.10999966	0.498187
1480.13499975	1.320502
1482.17199969	0.113373
1484.18099976	2.787827
1486.20399976	2.412741
1488.23399973	0.025486
1490.24399972	0.328852
1492.29799986	0.01271
1494.32299972	0.076037
1496.35899973	0.037275
1498.36099982	3.553563
1500.39099979	1.29459
1502.42499995	0.064095
1504.45499969	2.886747
1507.49199963	0.624274
1508.59899974	0.037819
1510.54199982	0.2515
1512.29199958	0.003236
1514.5999999	0.049596
1516.61499977	2.268703
1518.64199972	0.543761
1520.07199979	0.575421
1522.71499968	1.398936
1524.74699974	0.229796
1526.14999986	0.025269
1528.8099997	0.652829
1530.90499973	0.025396
1532.05199957	6.09073
1533.89499974	0.280546
1535.96999979	0.101965
1537.9989996	0.420986
1540.02799964	0.647257
1542.07799983	1.035609
1544.02999973	4.492532
1546.17199969	0.289733
1548.17499971	0.214406
1550.21299982	0.200607
1552.24299979	0.138026
1554.61299992	0.102636
1556.29799986	0.012334
1558.31499982	0.14868
1560.72099996	0.012063
1562.73599982	0.037612
1564.26699972	0.111885
1566.60199976	0.350393
1567.89399981	1.399273
1570.80299973	0.024492
1572.19399977	0.089301
1574.00899982	0.389769
1575.93199968	0.021704
1578.09999967	0.147914
1580.0619998	0.001317
1583.35499978	0.076751
1585.0059998	0.287696
1586.50799966	0.037881
1588.85299993	4.805657
1590.20299959	0.702918
1591.88899994	4.508562
1593.88499975	0.161746
1595.93099976	2.893433
1597.96199965	0.038135
1599.9989996	3.88454
1602.02499986	0.640054
1604.07899976	0.225603
1606.10799956	0.113132
1608.13399982	0.900964
1610.53199959	0.061207
1612.53299975	0.315108
1614.8349998	1.986558
1616.47799969	0.024924
1618.6079998	0.662723
1621.34799957	0.28318
1622.69099975	0.676635
1624.41699982	0.129201
1627.75999999	0.60675
1628.34399986	4.717472
1630.48999977	4.123013
1632.87499976	1.592491
1634.75699973	0.075627
1636.12499976	0.017739
1638.62399983	0.21378
1640.20299959	0.035801
1642.68099976	0.009446
1644.99199986	0.124497
1646.2099998	0.0247
1648.73899961	0.562819
1650.1869998	0.012517
1652.79399967	0.510021
1654.82099986	2.363743
1656.85699987	0.139911
1659.4989996	3.21245
1660.39699984	0.68498
1662.9289999	3.112214
1664.04599977	0.571051
1666.26599979	1.030293
1667.96899986	0.134658
1670.00499988	0.137171
1672.05399966	0.037144
1674.08899975	2.46934
1676.11099982	1.047722
1678.17199969	0.480055
1680.17099977	0.112265
1683.24999976	0.177187
1684.38599968	2.031542
1686.61899972	2.49174
1688.31899977	0.603758
1690.3579998	3.232503
1693.43599963	2.300228
1694.05699992	3.609419
1696.48399973	0.675676
1699.52899981	1.146595
1700.32699966	3.264513
1702.92399955	3.392654
1704.04699969	1.021214
1706.6639998	0.139203
1708.69099975	0.682568
1710.73199964	0.165821
1712.26499987	0.050496
1715.84399962	0.084557
1716.72699976	1.834008
1718.8809998	0.050116
1720.37899971	3.466541
1723.9599998	0.288728
1724.9989996	1.611434
1726.52499986	0.566456
1729.02499986	0.291149
1730.13399982	1.574051
1732.0599997	2.864577
1734.11999989	0.037521
1736.15699983	0.037634
1738.17599988	3.253701
1741.24299979	1.130063
1743.02199984	0.012763
1744.32699966	0.904842
1746.31299973	0.61221
1748.3579998	0.076932
1750.40599966	0.189159
1752.45399976	0.075801
1755.51999998	0.17473
1756.296	0.251247
1758.55899978	0.03725
1760.58599973	0.608714
1762.54899979	0.101206
1764.31599975	1.045602
1766.53600001	3.160302
1768.73899961	0.074094
1770.77499962	0.042429
1773.37299991	0.479265
1774.60399961	0.633488
1777.14899993	0.003235
1778.82399988	3.902865
1780.90499973	0.137518
1783.2869997	0.977834
1784.94799972	2.172172
1786.9829998	0.859917
1789.02599978	0.096619
1790.19399977	0.042403
1793.05099964	0.121528
1795.09199953	0.700014
1796.12699962	0.111776
1799.15599966	1.409744
1800.17899966	2.314071
1802.20799994	0.23976
1804.55899978	2.231775
1806.26599979	0.2315
1808.30499983	4.031009
1810.32199979	0.29394
1812.33699989	4.003628
1814.34599972	0.074939
1816.37899971	1.966917
1818.40399957	0.21336
1820.45299983	3.605236
1823.51799989	3.84088
1824.42499995	0.418433
1826.58599973	1.948807
1829.6309998	3.078793
1830.85399985	0.47876
1832.67499971	0.908921
1835.73799968	0.137971
1836.51699972	0.426553
1838.7809999	0.088311
1840.80199981	0.378067
1842.83099961	3.234977
1844.85399985	0.025252
1846.41699982	0.12429
1848.91799974	0.800161
1850.6309998	4.077419
1852.40299964	3.801019
1855.01299977	1.004778
1856.45499969	0.719378
1859.05399966	0.891412
1861.08099985	0.025459
1862.64599967	0.012703
1864.65999961	3.738024
1866.55199981	3.181512
1868.20499992	4.008845
1870.23899961	0.087447
1872.27399969	0.0255
1874.30699968	0.328565
1876.34899974	0.679223
1878.36999989	0.4938
1881.43899965	1.709981
1882.58699965	1.081522
1884.47599959	3.185157
1887.52599978	0.407574
1889.17099977	2.043413
1890.57399988	0.063144
1892.58799958	0.100452
1894.62499976	0.556824
1896.62799954	0.033105
1898.68799996	0.648785
1901.73799968	0.279365
1902.94699979	0.519897
1904.79399967	0.049624
1906.80599976	0.289338
1909.16399956	0.057407
1910.80199981	0.009028
1912.31499982	0.012743
1914.94099975	0.599229
1917.97299981	0.018533
1918.81599998	0.404702
1921.01599979	0.436761
1923.03199983	1.50091
1925.0909996	0.058044
1928.1309998	0.032231
1929.22899985	0.365608
1931.18899989	0.097577
1932.19399977	0.619432
1934.54999971	0.035749
1936.25499964	0.720214
1938.27099967	0.577331
1940.30599976	0.854811
1942.33599997	0.003219
1944.3349998	0.003203
1946.38199973	0.088519
1948.37899971	0.089237
1950.40499973	0.499608
1952.47599959	2.169026
1954.45799971	0.003296
1956.4849999	0.165918
1958.49599981	2.366815
1960.51599956	2.004094
1962.33099961	0.003146
1964.59299994	0.003214
1966.62099981	0.124745
1968.64199972	3.119462
1970.66899991	0.836142
1973.71499968	2.810681
1974.92299962	3.818169
1976.45199966	0.443055
1980.10599971	0.023055
1981.296	1.261579
1983.12699962	0.242702
1984.85099959	0.16294
1986.87799978	0.282256
1988.91599965	2.933436
1990.46399999	0.130669
1992.41299987	3.240515
1994.9849999	0.483687
1996.99299979	0.677569
1999.05399966	3.058642
2001.0599997	0.619906
2003.32499981	2.790339
2005.10799956	0.086634
2007.1329999	1.089579
2008.33099961	0.496561
2011.50999975	0.608989
2013.24899983	0.170705
2014.70599985	0.024525
2018.33999968	0.59991
2020.17199969	0.276213
2021.61299992	3.453675
2023.31099963	2.597721
2024.73199964	0.012533
2027.48999977	0.033353
2028.87399983	0.085933
2030.9989996	0.029899
2032.55799985	0.175149
2034.58399987	0.009447
2036.67699981	0.642594
2038.9289999	0.794032
2040.37499976	3.063425
2042.66799974	0.552788
2044.67899966	0.652174
2046.67699981	0.024023
2048.71699977	0.163859
2050.74799967	0.126545
2052.76699972	4.326871
2054.78199983	0.653679
2056.7949996	2.237505
2058.85099959	0.053026
2060.85499978	4.247036
2062.58299971	0.591648
2064.88800001	0.746073
2066.89999962	5.260154
2068.9349997	0.044167
2070.93599987	0.426529
2073.9349997	0.073027
2075.44499993	2.697238
2076.43299985	1.001015
2079.03999996	1.773981
2081.05899978	2.17108
2084.17099977	5.230741
2085.77499962	0.025319
2087.04699969	0.231529
2089.15199995	0.719367
2091.19899964	0.012043
2092.57899976	0.626513
2095.56499982	0.114313
2096.51499963	0.017501
2099.31699991	4.283988
2100.88299966	4.244552
2103.37999964	0.258688
2105.72999978	0.620448
2106.7889998	0.198675
2108.91599965	0.214078
2110.45699978	5.03209
2112.77799988	1.30457
2114.62199974	0.138453
2116.51499963	0.126965
2118.57599998	1.971732
2120.61699986	0.582813
2122.62699962	0.046042
2124.65499973	0.037838
2127.73899961	5.10878
2128.7639997	2.023742
2130.79199982	0.382735
2132.81699991	1.390396
2134.8349998	0.547497
2136.88899994	0.393481
2139.9429996	0.063793
2140.83399987	1.682705
2143.00099993	2.682917
2145.34599972	0.560813
2146.67299986	2.777617
2149.01599979	0.324378
2151.06399989	0.124479
2153.31399989	0.638431
2154.84199977	0.272303
2157.41499972	0.056984
2158.97299981	0.051046
2161.0619998	0.675074
2163.28399968	3.067504
2165.00299978	0.087081
2167.26999974	2.720122
2169.29799986	0.845184
2171.34799957	0.01321
2174.13399982	0.242659
2179.5619998	0.470309
2180.48199987	0.405098
2182.15299988	0.003118
2184.30299973	0.163123
2184.90399981	0.053531
2185.71199989	2.954106
2186.94199967	1.602342
2188.58899975	2.637075
2190.62199974	4.158997
2192.66899991	0.628313
2196.99499965	1.947131
2198.70099974	0.625507
2199.62499976	0.012387
2200.80299973	0.050829
2202.84099984	0.158723
2204.86899972	2.357229
2206.5389998	0.626677
2208.90199971	0.323244
2210.92399955	0.534051
2212.94400001	0.008655
2214.97799969	1.975479
2216.99199986	0.987212
2219.02499986	1.846757
2221.05799985	1.204298
2223.0619998	0.049042
2225.09299994	0.226214
2227.13199973	0.012845
2229.16099977	0.58305
2230.59699988	1.496976
2233.21499968	3.503499
2235.24999976	4.011331
2237.26499987	0.12123
2239.3119998	0.074784
2240.55999994	3.785131
2243.36899972	2.410166
2244.81099963	2.410166
2247.45499969	2.410166
2249.4829998	2.46179
2257.57199955	0.55049
2258.13499975	0.55049
2260.50799966	3.999786
2261.88399959	1.023644
2263.83299994	1.442876
2264.95599961	0.313942
2266.71999979	0.584614
2268.19699979	0.041015
2269.21899962	2.349906
2270.17299986	0.065756
2271.09999967	3.158644
2272.75399971	0.008864
2274.77699995	0.00881
2276.80599976	0.4593
2278.84699965	0.100738
2281.93199968	0.214141
2282.70799971	0.18804
2285.98199987	4.966737
2286.63199997	0.962093
2289.02299976	1.172035
2291.01599979	5.199035
2293.06499982	0.724564
2295.06699967	5.477136
2297.09399986	0.454128
2299.10199976	3.802177
2301.13199973	2.238188
2303.14299965	2.811436
2305.19399977	0.442246
2307.2249999	1.756972
2309.21899962	0.168351
2311.24699974	0.090202
2313.28399968	0.427375
2315.34499979	1.64473
2317.0909996	0.113498
2319.66899991	0.475381
2321.36399961	0.475381
2323.70299959	0.099678
2324.82399988	0.047466
2326.94099975	0.310322
2329.47599959	1.368496
2331.51099968	4.662171
2333.53299975	0.705912
2335.56599975	0.153998
2337.6329999	3.560213
2338.66899991	3.560213
2340.68499994	0.100498
2342.73599982	1.62952
2345.7809999	1.62952
2347.01799989	1.373984
2348.82899976	1.096167
2350.86799955	0.669879
2352.89799976	0.088866
2354.89299989	0.204573
2356.93599987	3.500028
2358.95499969	0.025486
2362.05499959	4.388828
2363.36699963	4.133478
2365.0909996	0.074441
2367.10799956	3.597804
2369.13399982	7.820269
2371.1469996	0.664669
2373.20799994	0.113375
2375.20499992	0.645239
2377.25499964	0.125928
2379.27899981	6.100058
2381.28799987	0.732978
2383.34599972	6.659625
2385.40999985	0.626109
2387.42299962	5.200758
2389.45499969	7.498082
2392.49699974	7.498082
2393.59699988	0.037811
2396.55999994	2.763237
2397.31099963	5.25825
2399.5999999	1.145343
2401.6309998	9.296192
2402.92199969	0.485592
2405.68099976	6.8031
2407.74099994	9.468075
2408.78399992	2.840558
2410.77499962	1.294667
2412.82199979	13.367426
2414.85499978	0.568405
2416.88299966	0.216522
2418.8809998	0.012701
2420.89499974	0.682041
2422.9289999	0.648602
2424.9599998	0.114014
2427.0	3.572039
2429.65399981	13.441118
2430.83599973	14.388273
2433.09399986	1.602249
2435.41699982	2.537155
2436.7329998	0.691787
2440.17199969	5.780076
2441.17199969	14.918362
2443.21499968	0.217653
2445.23699975	0.32743
2447.25299978	0.818809
2449.31499982	2.107039
2451.15299988	2.049764
2453.39599967	10.922917
2455.39099979	13.654383
2458.43399978	0.750469
2459.69699979	4.091857
2460.99399972	0.670624
2463.53199959	0.23842
2465.54099989	7.816668
2467.56399965	1.303859
2469.60099983	0.746227
2470.87199998	8.63926
2473.648	4.453354
2474.86299968	13.340993
2477.7099998	12.62553
2479.75399971	4.844145
2481.77999973	0.738305
2483.58999968	0.684233
2485.02199984	0.051134
2487.85899973	1.560552
2488.93799973	4.311356
2490.92699981	0.663816
2492.93299985	0.184679
2494.95599961	0.202135
2497.99199986	0.663542
2499.02599978	0.894939
2501.03199983	0.573682
2504.11099982	4.38811
2505.15499973	8.8305
2508.16799998	5.458965
2509.20499992	0.009075
2511.22699976	9.299015
2513.25499964	3.082713
2515.28599977	0.061862
2517.31299973	0.012518
2520.35699987	2.313081
2521.80599976	0.387742
2523.2329998	0.570748
2525.43099976	4.043483
2527.47199988	0.356596
2529.4909997	0.070087
2531.53299975	5.327408
2532.98999977	0.477303
2537.61199975	2.916749
2538.62299967	11.799159
2539.82099986	8.359283
2541.67699981	12.331875
2542.90899992	0.527333
2545.77499962	6.265705
2547.79199982	6.265705
2549.81999969	0.654503
2551.87099981	6.052776
2552.9369998	0.012998
2554.91899967	12.286777
2556.92599988	4.464206
2559.0	12.135654
2561.02499986	12.135654
2563.07299995	1.470028
2565.10999966	8.617675
2567.16699982	8.617675
2569.19799972	0.241003
2571.21699977	5.446858
2573.24299979	6.372209
2575.24999976	6.372209
2577.27399969	6.372209
2579.30799961	6.372209
2581.32099986	6.372209
2583.352	0.204285
2585.36799979	3.901046
2586.98999977	0.012734
2589.45099974	1.331605
2591.48999977	7.136843
2593.49399972	7.136843
2595.53699994	8.241444
2597.56699967	0.919709
2599.59799981	8.173686
2601.6559999	0.012987
2604.61599994	0.347038
2607.07399988	0.150942
2607.80499983	7.8793
2609.74199986	6.89237
2611.75699973	0.055637
2613.81199956	7.757815
2616.85499978	0.1723
2617.51299977	0.058811
2619.14899993	1.287677
2621.91599965	1.730483
2622.94799972	1.730483
2624.96299982	0.768583
2627.0	1.654061
2629.02699971	0.012108
2631.06399989	1.933664
2633.10099983	3.068884
2635.17799973	2.40141
2637.20499992	0.110067
2640.27599955	3.392666
2641.31999993	0.592273
2643.14299965	0.625626
2645.34799957	0.147007
2647.37999964	4.597356
2649.39999986	5.465662
2651.42799973	0.111577
2653.45599985	0.097356
2655.4909997	0.138693
2657.83200002	0.360575
2659.52999973	0.009008
2661.5909996	0.276936
2663.15899968	5.169382
2665.64199972	1.126444
2667.03999996	6.079133
2669.70799971	6.079133
2672.07999992	0.376244
2674.94899988	2.777635
2678.80399966	1.862267
2679.90499973	1.371474
2680.60499978	0.285184
2681.18799973	6.484032
2683.88699961	4.643302
2685.92299962	5.588477
2687.39399981	0.981123
2689.98399997	0.22694
2691.69399977	0.663987
2694.0139997	6.626564
2695.01599979	6.626564
2697.02999973	0.623239
2699.0599997	5.861844
2702.11399984	0.045336
2703.12999988	1.90499
2705.19099975	3.009238
2707.36199975	3.009238
2709.37999964	1.200068
2711.40199971	4.187391
2713.41499972	0.126096
2715.44899988	0.387653
2717.44199967	0.293073
2719.4829998	2.191229
2721.50899982	2.258581
2723.84599972	2.354778
2725.40799999	0.632354
2727.15499973	4.387078
2729.65399981	0.08884
2731.23799968	0.186671
2734.00099993	1.166252
2736.2179997	4.230244
2738.34699965	6.213172
2740.60299969	6.25972
2743.56899977	0.593601
2746.65999961	0.102535
2747.7809999	0.013179
2750.21999955	2.511343
2752.89799976	3.117963
2756.09999967	0.074088
2758.50999975	0.169306
2760.24399972	4.629896
2761.57899976	5.62974
2762.39699984	0.05681
2763.51599956	0.101026
2764.21299982	0.427613
2766.14299965	0.833614
2768.17099977	0.988764
2769.34899974	0.009361
2771.2099998	0.164023
2774.24099994	2.789589
2775.30799961	0.101314
2777.2869997	1.101163
2779.32799983	1.0704
2781.3599999	0.003388
2783.41899967	3.002631
2785.44799995	3.10135
2787.4679997	3.10135
2789.82699966	3.10135
2791.52499986	0.012343
2793.56299973	2.175516
2795.57899976	2.546382
2797.59699988	1.113403
2802.25799966	0.157398
2804.37999964	2.562407
2805.70899987	0.065485
2806.50399995	2.562714
2807.32099986	0.127722
2809.74599981	2.021649
2811.53799987	1.293037
2813.78299975	0.4503
2815.82999969	2.680809
2817.86399984	0.700754
2819.88399959	0.080537
2821.89399981	0.174959
2823.91899967	1.150309
2825.95599961	1.590123
2827.95699978	0.478112
2829.99299979	0.102076
2832.03199983	4.006081
2834.06299973	0.57571
2836.06499982	0.151337
2838.0849998	0.344284
2840.11499977	0.025468
2842.13399982	0.573287
2844.16899991	0.037958
2845.17999959	1.846051
2847.21899962	0.399338
2849.23399973	2.443376
2851.78299975	0.440029
2853.74499989	2.442014
2855.29299974	0.009325
2857.32499981	0.018859
2859.65999961	0.163173
2861.36799979	2.878175
2863.39399981	0.357102
2865.40299964	0.329042
2867.4369998	1.343048
2869.45799971	0.648329
2871.47499967	2.250861
2873.50099993	3.073393
2875.52899981	2.699997
2877.55699992	3.669691
2879.86399984	0.653944
2881.58399987	2.622009
2883.62499976	0.284408
2885.67699981	3.709885
2887.69699979	3.598911
2889.71399975	0.037028
2891.72999978	2.987659
2893.76799989	0.148521
2895.79699993	0.012672
2897.83099961	0.795766
2900.86699963	0.037997
2901.55599976	2.182215
2903.90699983	0.139372
2905.94400001	3.224916
2907.54999971	5.238738
2910.00399971	5.238738
2912.02299976	5.238738
2914.05699992	0.024272
2915.82199979	1.1273
2918.09299994	0.210047
2920.12699962	1.925258
2921.72199988	0.616821
2924.17499971	1.009639
2925.61299992	0.163698
2928.20399976	0.104518
2929.38999987	6.18344
2931.27299976	0.075925
2933.28199983	1.974376
2935.31399989	1.69797
2937.35099959	0.002958
2939.69299984	0.09428
2941.41499972	0.183531
2943.44699979	1.201022
2945.47399974	0.658897
2947.49799967	0.118011
2949.57399988	0.003213
2951.52299976	0.003037
2953.53699994	0.038054
2955.4369998	0.075199
2957.59799981	0.049844
2959.63199997	0.088735
2961.66499972	0.118169
2964.71699977	0.113447
2965.55499959	0.025097
2967.74299979	0.012742
2969.77799988	0.515062
2971.79599953	0.81082
2973.82399988	0.097932
2976.88999987	0.291177
2978.4429996	0.288588
2979.58999968	1.207268
2981.94599986	0.286638
2983.9849999	0.024373
2985.40599966	0.037247
2988.02399993	5.609331
2990.03099966	1.257675
2991.57099962	4.371061
2993.77699995	3.655165
2996.45299983	0.148292
2998.09499979	0.235836
2999.61199975	3.858627
3002.20499992	2.007387
3003.45899963	2.053321
3006.27999997	0.253654
3007.57899976	1.269072
3011.32199979	0.863926
3012.74599981	5.999818
3014.33099961	0.009112
3016.01599979	1.036836
3017.42299962	0.110051
3019.46099973	4.068857
3021.48899984	2.719941
3023.81799984	0.695557
3025.85099959	2.189478
3028.48899984	0.201399
3030.03999996	0.110748
3031.94400001	0.540119
3034.67699981	0.084407
3036.42199969	0.246169
3037.63399982	0.009215
3039.75499964	0.468555
3041.78999972	0.161908
3043.82199979	0.076673
3045.44899988	2.434295
3047.8579998	0.025468
3049.8809998	0.076598
3051.78599977	0.248801
3054.96899986	0.074577
3056.07199979	3.192063
3058.01199961	0.634727
3060.0599997	0.003286
3062.07199979	0.616337
3064.10699964	0.313395
3065.49499965	0.620737
3068.13799977	0.229272
3069.60299969	0.152362
3073.20799994	0.025441
3074.62199974	3.299764
3076.2869997	0.060176
3077.47099972	4.975902
3080.30599976	0.161037
3081.60099983	0.003233
3084.3599999	4.036663
3086.38499975	5.840461
3087.7159996	0.086296
3090.00899982	0.034667
3091.51499963	1.461447
3093.46499991	0.529532
3096.50199986	0.610112
3097.76899981	0.012456
3100.57399988	0.262325
3102.11199999	0.243154
3103.72699976	0.325263
3105.79399967	0.334554
3107.72399974	0.137283
3109.69399977	0.009209
3112.7639997	0.159274
3114.19799972	1.686556
3115.51999998	5.695756
3117.84999967	0.03578
3119.93799973	0.12138
3121.73799968	5.010007
3123.93399978	0.009485
3125.96199965	0.050834
3128.29299974	0.003339
3131.0079999	0.012295
3132.2949996	0.50708
3133.82799959	0.110316
3136.08099985	3.926118
3137.60899973	4.209507
3140.1239996	0.036824
3142.15199995	0.611291
3144.62499976	0.003003
3145.88899994	0.407449
3147.93199968	0.101134
3150.24999976	0.112888
3152.27399969	0.35985
3155.45599985	0.009189
3157.33899975	0.136319
3158.76699972	0.424834
3160.16099977	0.049122
3161.53799987	0.525035
3164.41699982	0.739847
3165.89999962	0.111055
3168.44799995	0.024821
3170.47599959	2.921073
3171.62799954	0.328107
3174.55399966	0.003212
3175.80899978	0.545523
3177.57799983	0.012045
3179.5909996	0.183782
3181.63599968	0.552845
3183.65499973	0.386628
3185.66999984	0.181389
3187.70499992	1.367315
3189.73699975	0.112668
3192.76799989	0.008933
3194.44199967	0.037336
3196.41299987	0.55261
3198.68299961	0.00331
3200.90299964	1.82651
3202.85099959	1.097546
3204.35099959	0.035713
3205.89799976	0.009339
3207.6619997	0.024838
3209.98699975	4.053591
3212.30199981	0.036369
3215.02599978	0.352199
3216.21699977	0.097623
3218.38199973	1.001661
3220.09899974	0.671937
3222.1309998	0.706941
3224.15499973	0.036839
3226.11399984	0.173404
3228.20199966	3.60485
3230.21299982	0.009322
3232.25799966	0.58197
3234.27599955	0.003199
3236.07599974	1.220706
3238.33699989	0.050122
3241.68999982	0.650527
3242.90399981	0.02524
3243.96399975	0.089597
3247.5139997	0.579537
3248.52699971	0.05323
3249.64499974	0.357808
3252.58899975	4.553459
3253.71099973	0.165079
3255.6329999	0.158603
3257.65899968	0.295407
3259.70199966	0.120348
3261.7099998	0.048015
3263.71999979	0.025275
3265.76699972	4.179683
3267.78399992	4.239447
3269.7889998	0.160172
3271.81999969	4.37027
3273.84199977	0.33959
3275.87199998	2.037605
3277.89899969	0.002825
3280.96699977	5.505233
3281.98999977	0.098251
3284.01099968	4.89033
3286.02999973	3.88091
3288.05299973	6.91447
3291.09899974	0.037833
3292.16699982	4.685506
3294.13599992	3.286749
3297.16599989	5.963314
3299.69299984	0.364216
3301.03199983	5.792434
3302.59799981	0.570723
3304.27299976	0.299034
3306.30599976	0.22642
3309.35899973	6.905939
3310.24000001	0.097884
3312.40999985	0.075897
3314.42299962	0.150612
3316.47399974	0.012389
3318.49399972	5.441309
3319.92699981	0.565986
3322.52899981	0.761445
3324.88800001	2.147626
3326.18199968	0.063562
3328.93799973	0.12585
3329.91999984	0.049614
3332.67699981	0.0373
3333.69099975	0.303389
3335.72399974	0.026541
3337.74599981	1.157633
3339.79099965	0.148517
3342.83399987	0.722772
3344.71899962	0.003075
3346.33199954	0.049839
3347.91899967	0.541762
3349.93599987	0.513531
3353.63699985	0.024969
3355.00199986	0.226408
3357.84999967	0.22745
3359.10799956	1.388505
3361.19099975	0.599158
3362.58899975	2.364143
3364.04499984	0.124626
3366.1389997	2.022346
3368.01899981	0.0601
3370.18099976	0.086908
3372.52299976	0.148328
3379.72899985	0.083918
3381.24799991	0.04995
3381.9909997	1.762789
3382.73899961	0.012522
3384.24199986	3.859275
3385.05799985	0.816538
3386.07299995	3.160623
3388.43999982	0.264004
3390.45899963	4.448226
3392.16999984	0.619732
3394.53199959	2.267641
3396.45199966	2.563774
3398.00499988	0.012257
3400.62699962	3.34071
3402.66899991	0.012471
3403.91499972	0.379725
3406.70299959	4.088385
3408.21699977	0.152171
3411.07899976	0.88819
3412.62199974	5.137848
3413.98599982	5.140269
3415.81599998	0.038681
3417.84799981	5.132177
3419.89099979	0.125869
3421.92299962	0.13819
3423.95099974	0.842898
3425.96899986	0.741467
3429.05599999	2.470968
3430.5999999	0.164904
3432.07199979	0.046053
3434.16799998	0.121449
3436.18599987	0.00315
3438.15199995	0.024596
3440.17799973	1.192781
3442.21299982	0.920355
3446.32199979	0.731864
3447.36999989	2.320552
3449.16299963	2.021487
3450.03699994	0.07511
3452.32599974	0.074912
3454.60899973	0.061426
3457.38999987	0.344712
3458.58799958	1.369546
3460.55899978	1.91108
3461.91499972	3.64024
3464.50199986	0.555386
3466.51599956	0.018271
3468.59799981	0.037278
3470.5909996	0.024939
3472.62599969	1.210267
3474.66299963	0.210217
3475.97599983	0.012539
3478.71199989	1.316137
3480.23199987	0.603002
3482.80099988	0.114239
3483.95399976	0.011894
3485.85599995	0.197312
3487.86199975	0.003147
3489.88999987	0.003282
3491.93399978	1.764617
3493.95799971	0.638565
3495.98199987	0.39489
3498.0059998	0.410448
3500.00899982	0.0852
3502.06999969	0.012322
3504.08399963	3.915974
3506.08099985	3.116275
3508.09199953	0.074639
3510.14099979	0.123426
3513.16099977	0.30243
3514.4369998	0.012382
3515.98899984	0.385284
3519.26299977	0.126746
3521.20299959	3.047431
3522.71099973	0.491462
3524.33299994	0.048833
3526.67699981	0.109778
3528.18099976	0.610146
3530.43999982	1.459383
3533.49799967	0.137644
3535.45299983	0.937395
3536.94899988	0.227603
3538.58299971	0.075164
3540.26199985	0.072435
3542.91299987	0.061245
3544.58199978	2.367805
3546.02599978	0.214067
3548.69599986	0.803254
3550.71899962	1.15296
3552.75199986	0.226785
3554.76699972	0.497673
3556.1469996	0.071506
3559.14999986	1.086132
3560.72199988	1.55056
3562.22299981	1.807295
3564.91599965	0.881961
3566.84899974	0.907268
3568.10599971	4.619271
3569.98999977	0.854366
3572.01799989	5.917975
3574.05099964	6.34888
3576.08399963	0.062925
3578.12099981	4.166906
3580.15699983	0.678576
3582.16799998	0.049003
3585.20399976	0.212793
3586.59299994	0.05013
3588.26799965	4.258677
3590.3039999	0.085529
3592.33099961	0.153533
3594.36799979	4.834113
3596.40399957	0.325147
3599.45699978	0.333845
3601.11399984	0.003314
3605.21899962	2.030478
3606.09399986	5.296137
3607.4909997	0.073781
3608.12199974	0.274183
3610.62099981	2.989219
3612.63999987	5.456623
3614.68299961	5.271629
3616.7249999	3.477686
3618.75599957	0.097809
3620.77299976	0.424351
3622.79699993	1.454837
3624.18199968	0.003321
3626.83799982	0.050545
3628.16999984	1.893679
3630.88999987	0.314404
3632.77799988	0.17691
3634.42299962	5.810976
3636.9369998	0.350036
3638.4369998	0.037876
3640.25799966	0.037952
3642.37199974	0.540223
3644.13799977	2.555249
3646.36199975	0.114008
3648.09199953	1.639692
3651.12799978	5.08712
3652.96499991	0.297837
3654.23599958	0.282699
3656.18199968	2.689181
3658.50799966	0.185536
3661.23599958	1.256966
3662.40999985	0.008289
3665.28399968	5.636141
3666.55699992	0.22738
3668.33599997	1.735849
3670.3809998	0.239139
3672.4139998	2.443536
3674.44499993	4.073887
3676.47799969	1.156627
3678.51099968	2.701581
3680.08699965	3.595828
3682.55099964	0.187593
3684.31699991	0.012589
3686.5999999	0.02532
3688.54799962	0.176473
3690.63799977	0.011954
3692.66699982	0.086231
3694.70499992	0.045489
3696.71699977	0.409523
3698.74299979	1.60819
3700.76299977	1.986662
3703.08399963	0.175545
3704.64599967	0.009013
3706.13799977	0.053741
3708.90699983	0.050757
3710.92499995	1.590257
3712.9289999	0.05102
3714.24799991	1.730119
3716.45599985	0.279826
3718.71399975	0.037647
3720.0909996	5.141788
3723.39299989	0.220062
3724.85599995	0.717931
3726.46699977	0.35227
3729.31599975	0.025539
3730.75499964	0.21701
3732.21299982	0.453882
3734.25799966	0.003208
3736.28299975	0.135489
3738.29799986	0.012745
3740.32199979	0.074908
3742.65799975	0.002901
3744.19999981	0.691251
3746.39899969	2.533704
3748.42999983	5.112302
3751.48199987	0.037345
3754.24599981	2.416114
3755.64299965	0.113619
3757.18199968	1.927185
3758.39699984	0.009174
3761.58599973	0.871934
3762.44399953	2.057864
3766.68299961	4.882039
3767.7889998	0.050461
3768.70499992	0.584395
3770.74699974	0.126445
3772.77699995	4.961707
3774.79999995	0.00333
3776.20199966	0.624083
3778.85999966	0.40166
3780.89799976	0.803915
3782.92499995	0.033969
3784.9369998	0.037983
3786.45699978	0.045295
3789.03399968	0.389517
3790.42199969	0.617618
3793.08199978	6.078204
3795.12099981	1.662751
3796.36999989	0.319559
3798.26099992	0.354805
3800.17399979	0.072611
3802.21599984	0.037598
3804.25499964	1.926917
3806.62499976	2.266573
3808.51799989	0.062752
3810.84999967	0.162138
3812.50199986	0.200548
3814.37099981	4.320494
3816.39799976	4.697067
3818.43899965	1.195746
3820.61699986	1.56448
3822.47399974	0.024512
3824.80699968	0.038323
3826.51499963	0.050461
3828.55299973	0.003177
3833.38299966	0.312155
3836.12599969	1.847616
3837.16999984	0.306394
3838.71699977	0.057547
3840.32699966	0.012561
3842.18799973	1.652447
3844.03699994	0.012621
3845.1389997	0.061569
3846.80599976	0.068943
3848.72299981	0.093498
3850.84699965	0.011921
3852.87699986	0.144064
3856.25799966	3.023985
3857.16899991	1.014743
3858.9599998	0.138211
3860.97899961	0.199755
3862.27199984	1.102302
3865.02499986	2.311788
3867.36799979	2.311788
3869.0909996	5.445145
3871.11799979	5.692254
3873.15299988	0.012479
3875.16599989	1.02226
3877.18899989	0.37967
3880.23399973	5.657447
3881.36399961	0.013028
3882.28199983	1.148502
3884.3099997	2.532308
3886.35099959	6.106031
3888.37099981	1.310977
3892.73599982	1.4949
3893.4289999	0.425631
3894.46999979	1.185789
3896.50699973	0.617216
3898.52999973	6.947974
3900.54499984	0.802361
3902.56099987	0.049982
3904.59699988	0.012765
3906.62699962	1.249513
3908.6559999	0.108961
3910.68399954	0.409495
3912.70599985	0.72676
3916.24299979	0.487104
3917.1469996	2.244101
3918.92699981	0.003206
3920.85699987	0.506146
3922.89999962	1.29116
3925.22999978	1.92944
3927.05399966	0.387821
3930.02099991	3.125299
3930.91999984	0.099088
3932.70799971	0.036792
3934.43799973	0.510232
3937.12899995	0.130605
3939.14499974	0.721518
3940.38899994	0.538515
3943.18499994	1.445315
3946.22599983	0.532632
3947.37899971	0.012895
3948.87499976	0.084977
3950.60999966	0.263681
3952.54999971	0.012504
3954.54599977	1.365155
3956.75799966	0.074377
3959.30299973	0.199128
3961.90599966	0.467816
3963.01299977	0.246545
3965.1329999	0.257974
3967.52899981	0.144188
3969.48899984	0.063379
3971.89099979	0.141026
3973.33799982	0.684898
3974.66699982	0.433792
3977.02899981	0.292749
3978.81499982	0.122175
3980.82299972	0.114909
3982.47099972	0.276515
3985.91299987	1.521853
3988.01499963	0.08715
3989.52899981	0.086052
3990.92099977	3.991526
3992.97199965	0.610889
3994.97799969	4.024791
3998.01099968	0.07325
3998.93099976	4.293242
4001.05199957	0.225654
4003.37099981	1.339052
4005.09799981	0.186578
4007.14199972	0.612379
4009.14499974	0.378123
4011.17299986	0.443235
4012.38699961	0.012659
4015.22599983	0.0705
4017.48099995	0.689696
4019.64299965	0.272376
4021.76099992	0.495322
4023.67699981	1.535022
4025.25399971	0.805689
4027.39999986	0.198539
4028.9829998	0.178674
4030.73199964	0.148624
4033.47399974	0.037864
4035.18499994	0.012578
4037.06299973	0.02491
4038.9829998	3.668522
4040.55699992	0.159722
4042.58199978	0.111511
4044.59299994	0.025216
4046.94799972	0.062917
4048.67299986	0.15214
4050.73699975	0.012394
4052.70499992	1.465637
4054.72299981	5.46296
4056.7719996	0.783933
4058.5059998	5.238895
4060.80599976	0.425199
4062.8349998	0.077404
4064.84699965	2.16662
4067.91099977	0.099786
4069.05499959	0.12829
4070.94899988	6.676773
4072.95799971	5.319328
4074.9989996	0.054948
4077.02599978	0.730818
4078.46899986	0.086848
4082.70799971	0.003359
4083.38999987	5.144175
4085.14499974	2.810243
4087.17499971	0.038283
4089.18199968	0.038109
4091.21099973	0.048963
4093.24299979	1.456867
4095.27299976	1.027848
4097.29399967	1.47118
4099.33799982	0.127623
4101.35499978	5.447967
4102.51699972	0.099746
4105.42499995	0.844748
4107.44699979	7.742154
4109.46699977	1.200769
4110.60099983	0.072612
4112.51299977	8.356474
4114.52099991	0.061611
4117.60699964	0.025985
4119.18099976	0.122185
4120.80599976	0.198708
4122.69699979	0.037542
4124.72599983	0.035379
4126.75099969	0.251988
4128.78299975	0.02472
4131.19899964	4.233593
4132.82399988	0.146644
4134.84799981	0.025564
4136.8809998	3.96821
4138.92299962	0.239513
4140.95099974	0.931836
4142.97699976	0.125883
4145.01599979	0.737912
4147.03999996	0.117144
4149.06899977	0.025668
4150.88199973	0.605262
4154.52699971	0.050169
4156.47099972	0.001323
4157.81099963	0.027925
4159.36299968	1.99226
4160.64599967	4.110608
4163.25499964	5.061458
4165.26699972	3.157502
4167.29099965	0.371144
4168.80199981	0.850913
4171.79399967	4.185661
4173.41099977	5.18858
4174.66999984	0.06028
4177.46299982	1.401534
4178.67599964	4.700595
4182.50699973	5.601114
4183.45999956	0.06221
4184.53699994	0.915007
4186.56999969	1.623171
4188.60099983	3.346113
4190.95599961	7.017829
4192.68499994	0.303555
4194.68599987	0.642123
4196.7329998	0.025018
4198.76599979	1.232762
4200.78799963	4.1076
4202.82999969	5.227162
4204.84999967	0.003043
4206.89699984	0.098883
4209.20899987	0.063029
4210.92799997	0.101549
4213.2889998	4.645841
4215.01199961	5.379417
4217.06699967	0.075492
4219.37599993	2.167722
4220.56799984	0.003064
4223.18099976	0.002904
4225.45999956	4.173499
4226.82799959	0.140016
4229.22199988	0.049511
4231.57099962	0.050332
4233.19399977	0.17796
4235.31599975	0.036769
4237.4289999	0.074647
4239.35899973	6.623601
4241.39499974	3.894312
4242.92399955	0.012542
4245.74699974	1.582554
4247.0059998	0.007582
4249.49199963	5.858505
4251.84199977	5.652817
4252.81799984	5.397157
4256.60099983	4.829621
4257.32099986	2.28063
4259.63999987	0.01299
4260.65099978	0.545155
4262.6869998	1.90209
4264.77799988	0.003825
4278.25399971	0.037749
4282.52699971	1.208712
4283.26099992	0.463789
4284.09699988	1.921394
4285.22799969	3.602969
4286.03299975	3.602969
4287.21099973	0.767695
4287.98799968	0.518905
4289.22199988	0.038332
4290.41699982	0.009456
4291.53299975	4.704693
4291.78799963	4.704693
4292.70299959	0.013247
4294.01199961	0.101597
4296.01699972	0.70533
4298.02299976	0.70533
4300.01899981	0.063104
4301.54899979	0.003227
4304.02099991	0.025169
4306.02799964	0.478884
4308.02699971	1.013233
4310.02699971	0.954741
4312.02899981	0.702115
4314.03399968	1.1035
4316.03699994	0.062181
4318.29199958	0.158668
4327.04399967	0.074879
4327.63399982	0.600946
4328.7869997	0.494964
4330.02299976	0.010066
4331.16099977	1.465369
4332.37599993	0.187587
4333.90099978	0.075985
4335.25799966	1.904603
4336.296	0.075359
4337.68599987	1.321309
4340.13799977	1.718791
4342.44899988	0.341187
4343.63599968	1.109837
4346.16399956	3.440219
4348.16099977	3.440219
4350.47099972	0.964774
4352.16799998	2.130711
4354.16899991	3.309457
4356.17499971	4.951699
4358.04299974	0.019273
4360.02899981	5.021441
4362.17499971	2.050274
4364.17899966	0.115344
4366.49699974	0.301679
4368.1869998	0.892235
4370.49799967	0.139593
4372.19499969	0.774314
4374.20099974	5.677491
4376.19999981	0.049601
4378.19899964	0.137888
4380.20899987	0.845919
4381.59799981	0.644076
4384.2099998	0.356694
4386.20599985	2.456446
4388.62699962	0.625992
4390.52999973	4.059156
4392.21699977	0.100087
4394.84099984	0.050651
4396.10999966	0.478856
4398.2249999	0.125204
4400.22399998	3.620158
4402.29199958	0.00927
4404.22799969	0.034065
4405.92799997	0.173877
4408.22899985	0.110976
4409.76499987	3.828345
4412.23199987	0.050955
4413.83699989	0.025072
4415.90699983	0.012709
4418.24399972	0.223152
4420.01499963	0.286185
4422.27699995	0.025242
4424.28199983	0.156511
4426.2889998	0.569145
4428.2889998	2.339271
4429.78499985	0.691415
4432.31799984	0.437198
4434.8349998	0.101296
4435.84599972	4.415227
4438.6329999	0.101682
4440.32499981	0.02235
4442.34099984	0.037893
4444.33999968	0.598915
4446.35099959	0.096804
4448.35299993	0.100022
4450.3599999	1.226133
4452.67199993	0.249646
4454.00999975	0.028508
4456.38299966	3.153206
4458.38199973	6.520005
4460.39699984	0.003032
4462.38899994	0.182608
4464.71399975	0.063609
4466.39799976	0.151386
4468.40299964	0.108843
4470.39599967	1.658547
4472.40399957	0.557542
4474.41699982	1.147691
4476.43399978	3.04874
4478.0079999	0.495058
4480.43999982	0.05107
4481.8099997	0.01238
4484.47499967	0.008557
4486.7099998	0.012677
4488.07399988	0.062662
4490.48099995	1.123887
4492.65999961	0.087324
4494.2869997	0.28888
4496.48099995	3.052237
4497.83599973	0.613644
4500.48899984	0.446669
4502.1309998	0.037609
4504.48999977	4.629507
4506.49599981	2.093362
4508.5059998	4.789056
4510.01799989	0.037822
4512.54599977	4.947608
4514.02099991	2.673671
4516.56899977	0.025532
4518.56799984	0.682138
4520.5059998	2.68766
4522.58899975	0.347638
4523.99499965	0.136329
4526.2809999	0.009332
4528.58999968	0.487991
4530.59299994	0.303627
4532.01199961	0.038319
4534.5999999	0.10165
4536.60999966	0.224189
4538.6329999	4.515868
4539.87399983	0.363828
4542.64599967	6.662538
4544.65299988	7.001324
4546.66599989	7.172114
4548.66999984	0.619483
4550.67099977	0.08845
4552.6869998	0.087851
4554.68099976	0.938967
4556.68899989	6.919876
4558.69099975	0.200032
4560.73799968	0.011309
4562.08699965	2.129342
4563.9599998	2.41601
4566.69599986	1.280742
4568.24000001	0.643178
4570.72399974	0.424472
4572.7249999	4.933025
4574.08999968	0.012676
4575.92999983	3.233728
4578.7329998	0.113966
4579.9349997	2.066011
4582.73699975	1.365921
4584.02099991	0.012467
4586.74199986	5.155792
4587.94999981	0.201917
4590.75299978	0.150804
4592.75999999	5.190237
4594.75499964	0.049881
4596.78399992	5.469237
4598.15099978	0.011085
4600.7719996	1.818365
4602.78199983	5.39754
4605.80599976	0.075983
4607.09399986	0.003262
4608.10299969	0.643243
4610.82799959	5.854688
4611.86099982	0.618475
4613.83599973	4.909067
4616.83699989	4.467534
4618.27499962	0.062862
4620.84699965	1.871562
4622.85099959	0.685293
4624.04599977	0.012719
4625.84999967	0.036887
4627.84899974	0.679824
4629.85599995	0.184249
4631.86199975	0.616465
4633.8579998	3.198314
4636.89799976	0.650552
4638.11399984	3.867403
4639.8659997	0.856735
4642.86699963	0.648766
4643.93899965	0.734093
4645.86799955	5.156521
4647.89099979	0.348235
4650.90999985	0.616322
4652.25799966	4.205362
4653.98399997	0.00339
4655.94599986	0.604024
4659.92299962	0.025459
4660.79999995	3.02416
4661.94999981	6.733208
4664.27499962	1.260445
4665.95399976	6.025543
4667.95699978	0.062961
4670.07599974	0.906443
4671.97899961	5.706838
4674.49499965	0.049057
4675.98399997	2.093205
4677.9849999	5.964222
4681.09399986	2.646414
4682.35399985	0.154979
4684.03499961	0.051036
4686.04699969	6.885213
4688.79099965	2.746391
4690.19499969	0.695455
4692.09799981	6.9962
4693.93099976	0.625889
4696.08299971	6.636465
4698.08999968	0.950123
4700.09299994	0.037656
4702.40099978	3.354095
4704.57999969	2.034952
4706.09799981	5.053272
4708.14899993	0.02463
4710.10599971	0.037787
4712.10299969	0.380145
4714.13399982	0.008514
4716.11899972	0.527611
4718.1159997	0.218234
4721.14099979	4.489688
4722.14399981	2.124923
4724.14499974	4.557831
4726.1469996	0.30328
4728.36499977	1.250006
4730.14599967	1.229107
4732.15299988	5.265219
4734.15999985	0.553708
4736.15999985	0.003202
4738.16699982	0.916106
4741.19799972	0.554171
4743.32399964	1.853813
4744.64299965	1.364677
4747.26899981	0.553689
4748.26799965	2.78774
4750.19999981	5.69078
4752.21699977	0.905661
4754.21699977	3.968906
4756.22399998	0.145732
4758.22899985	0.003336
4760.54699969	1.432514
4762.29699993	0.115024
4764.25199962	0.12109
4766.26399994	0.617958
4768.25899982	0.061298
4770.26699972	0.254018
4772.26299977	3.130096
4774.07199979	0.427246
4776.1309998	0.0242
4778.27099967	5.756968
4780.90499973	6.592038
4782.14799976	3.808767
4784.69199967	3.234915
4786.56399965	0.481408
4788.80199981	0.113982
4790.93299985	0.039598
4792.73899961	4.097482
4794.9429996	0.983256
4796.27499962	1.604051
4798.35899973	2.070728
4800.38999987	0.126944
4802.38799953	2.062852
4804.39399981	4.37561
4807.00499988	0.100848
4808.18999982	0.126061
4810.39999986	0.414726
4812.29899979	0.012337
4814.40399957	0.59098
4816.41899967	0.594552
4818.43799973	0.505897
4820.44499993	0.224972
4822.44999981	0.293374
4824.1869998	0.003016
4826.45799971	1.239967
4828.45799971	0.012141
4830.3099997	0.073533
4832.84699965	2.633131
4834.21599984	0.075292
4836.79999995	0.140986
4838.10299969	0.012683
4840.49799967	0.174657
4842.50099993	0.824137
4844.53699994	1.434494
4846.84499979	0.012738
4848.54399991	0.075264
4850.84499979	0.298569
4852.19899964	0.138936
4854.56699967	0.1401
4856.58899975	0.125582
4858.57099962	0.003294
4860.56999969	0.085934
4862.58899975	0.202454
4864.5909996	0.036457
4866.88199973	0.081508
4869.32699966	0.91343
4871.2949996	0.158881
4872.67499971	1.144038
4874.61299992	0.305181
4876.6079998	0.061853
4878.92499995	0.003242
4880.60699964	1.854716
4882.11299992	0.050712
4884.48699975	2.018406
4886.50199986	0.828605
4888.86499977	0.025122
4891.38399982	0.551899
4892.30199981	0.492232
4894.64599967	0.024621
4896.65199971	2.152029
4898.65899968	0.150423
4900.96399975	0.587558
4903.26899981	0.012214
4919.3659997	2.094627
4920.16399956	0.172818
4920.86399984	0.02472
4921.92799997	0.01201
4923.23599958	0.295028
4924.26699972	0.296045
4925.8659997	0.012449
4926.78999972	0.596813
4928.18599987	0.277602
4928.81299973	0.394258
4930.83599973	0.037117
4933.01999974	0.111286
4934.37399983	0.62567
4936.0909996	0.276739
4937.72099996	0.589547
4939.46899986	0.16894
4941.39899969	0.441209
4943.5389998	0.111481
4945.26799965	0.107344
4947.09599996	0.075165
4948.13599992	0.098142
4949.61499977	0.44116
4951.64199972	0.060952
4953.17399979	0.284677
4955.34699965	1.054151
4956.64199972	1.383221
4958.78499985	0.266461
4960.78799963	0.009193
4962.78399992	1.108346
4964.79099965	2.189528
4966.5999999	0.023508
4968.7869997	0.85654
4970.81699991	0.082587
4972.82399988	0.510994
4980.61899972	0.558063
4982.34399986	0.765398
4984.05299973	0.797322
4985.70799971	3.259051
4987.11499977	0.012501
4989.21399975	3.275821
4990.43899965	1.762886
4991.97999954	0.347993
4993.18499994	1.862371
4994.5849998	0.094212
4995.82899976	2.961193
4996.69799972	4.16596
4998.87199998	0.597516
5000.87999988	0.4691
5002.84999967	0.003099
5004.89699984	1.621983
5006.89899969	0.025029
5009.21699977	0.035592
5011.21399975	0.291079
5013.21499968	2.861953
5014.90799975	0.003226
5016.90899992	0.349429
5018.90899992	0.361815
5020.91899967	2.97521
5023.17599988	0.117848
5031.18299961	0.360245
5032.67399979	1.621727
5034.06899977	0.027403
5035.30099988	0.800959
5036.26899981	0.049729
5037.6389997	0.012445
5039.37999964	0.988142
5040.62199974	0.533621
5041.73599982	0.12634
5043.09399986	0.773743
5044.97099972	0.238856
5046.36399961	0.025214
5049.27899981	0.221515
5050.52199984	0.086266
5053.30199981	0.382689
5055.04399967	0.003336
5056.99199986	0.148829
5059.28599977	0.164466
5060.99199986	0.569544
5063.00499988	0.38029
5065.02499986	1.37748
5067.02299976	0.216319
5069.02399993	0.02499
5070.57499981	0.024848
5073.03199983	0.003165
5075.20799994	0.031395
5077.04299974	0.035492
5079.49999976	2.790003
5081.36699963	0.008682
5083.12199974	0.024168
5085.01299977	0.012845
5087.88499975	0.003139
5089.4369998	0.9818
5091.23399973	0.072932
5092.47799969	0.02772
5094.62699962	0.025272
5097.09499979	0.110934
5098.5619998	0.131606
5101.09399986	1.248682
5103.10099983	0.891996
5105.10299969	1.496576
5106.50799966	0.061693
5108.51199985	0.135846
5111.14499974	4.163944
5113.14399981	2.889875
5115.1469996	0.941639
5117.15099978	0.7638
5119.16799998	0.122242
5120.6389997	0.056367
5123.1869998	0.024561
5124.57099962	0.111311
5127.50299978	0.02473
5129.03399968	0.018062
5130.89899969	4.42573
5132.75399971	5.145905
5135.50799966	0.003303
5136.84399962	0.162769
5139.20799994	0.009275
5141.22699976	0.227812
5143.32399964	0.048644
5144.64199972	4.288134
5147.24199986	0.13654
5148.58599973	0.146815
5151.25299978	0.059919
5152.8579998	0.009209
5155.87999988	0.02422
5157.58399987	0.073606
5158.70099974	0.886741
5161.28799987	0.110432
5162.7869997	5.910939
5165.97399974	0.182846
5168.36399961	0.024125
5169.53299975	1.846923
5171.22999978	6.339112
5172.99599957	3.282726
5175.3659997	7.550434
5177.37499976	0.099564
5179.37599993	0.376025
5181.15599966	0.012682
5183.40399957	1.417529
5184.5619998	2.724649
5187.4139998	0.012369
5188.61599994	4.779761
5190.82999969	0.616494
5193.44599986	3.94458
5195.43399978	0.242138
5196.77099967	0.037515
5199.75499964	0.173658
5200.91299987	0.355262
5203.45799971	3.384403
5204.77699995	0.012485
5207.47399974	0.254671
5209.32199979	0.59894
5210.52999973	3.451772
5213.4849999	0.116518
5214.67199993	2.238429
5217.48899984	2.816873
5218.80099988	0.049388
5221.49999976	2.206481
5222.67499971	1.409637
5225.88299966	0.149868
5227.77699995	3.903822
5229.25899982	4.758899
5232.07099962	0.003266
5234.18400002	4.350013
5236.26599979	0.009131
5237.55799985	0.320681
5238.88899994	0.024907
5240.54599977	0.390265
5247.00699973	0.985798
5247.99399972	0.061228
5249.22199988	0.877879
5249.90299964	0.050158
5250.74499989	0.18131
5252.58399987	7.167149
5254.59200001	0.261481
5256.59299994	0.427698
5258.61899972	0.00305
5260.62599969	1.33592
5262.6329999	3.970601
5264.63499975	0.012542
5266.64999986	0.062962
5268.63599968	0.528104
5270.64199972	0.125374
5273.50399995	0.002993
5274.81699991	0.28006
5276.64899993	0.173309
5278.65299988	3.058763
5280.67299986	0.024289
5283.70799971	0.049143
5284.79299974	0.048595
5286.70799971	4.352019
5288.7249999	4.48429
5290.7249999	0.037791
5292.83699989	0.003279
5294.72199988	0.85856
5297.05499959	1.336687
5299.30299973	0.049892
5300.83699989	0.061303
5302.98899984	0.096059
5304.77599978	0.173276
5306.99599957	0.02015
5309.0	0.120963
5310.68999982	0.003106
5313.31999993	0.692645
5315.01899981	1.067584
5317.02099991	0.060214
5318.92099977	0.037031
5321.02599978	0.009619
5323.02099991	3.4355
5325.32799983	0.134614
5327.03299975	0.566216
5329.03199983	0.186088
5331.27099967	3.667171
5333.0679996	2.74559
5335.06299973	0.582739
5337.37199974	0.075336
5339.07299995	0.594541
5340.76999974	0.065546
5343.06899977	0.20653
5345.07899976	0.102419
5349.50899982	2.208934
5350.56899977	2.706164
5351.7159996	0.231076
5352.67999983	0.025605
5356.12099981	0.507601
5357.12199974	0.137547
5359.12499976	0.003216
5361.13999963	3.306494
5363.12899995	0.789617
5365.13999963	0.036495
5367.15499973	0.272879
5369.16099977	0.54839
5371.16499972	0.32409
5373.17999959	0.721584
5375.18899989	0.451027
5377.61999965	0.023793
5379.2099998	1.370989
5381.21699977	4.066988
5383.23499966	0.456801
5385.24299979	0.570338
5387.25299978	0.396755
5389.24999976	2.376301
5391.26599979	0.923848
5393.29099965	0.068624
5395.30099988	0.050511
5397.30599976	0.622557
5399.32399964	2.493929
5401.33199954	4.967552
5403.3349998	0.713021
5405.33899975	2.092028
5407.34099984	0.170944
5409.34199977	3.441791
5411.33799982	0.601919
5413.37099981	0.540345
5415.36699963	2.883468
5417.36899972	0.01297
5419.37899971	0.08902
5421.39499974	0.232508
5423.38999987	4.372115
5425.39399981	3.73963
5427.39599967	0.530173
5429.39599967	0.641219
5431.40299964	0.062191
5433.40299964	0.762454
5436.24199986	0.003137
5438.57999969	4.113246
5439.95699978	3.067796
5442.18099976	1.115226
5443.31799984	0.271269
5445.00499988	0.620877
5447.41099977	4.002112
5449.51699972	0.367593
5451.4139998	3.609178
5453.72399974	0.060378
5455.24599981	0.142668
5457.4369998	0.012578
5459.51299977	0.037539
5462.46499991	0.096675
5463.09899974	2.138333
5465.7809999	3.431097
5467.49799967	0.650952
5469.5059998	0.240829
5471.50299978	0.025037
5473.50399995	0.532133
5475.50899982	1.184028
5479.72299981	0.012565
5483.02899981	0.112696
5483.83599973	0.063581
5485.56099987	0.018765
5488.08599973	0.954574
5488.84699965	1.321472
5489.62499976	0.831285
5491.34199977	0.003205
5493.53600001	0.649338
5495.10099983	0.003115
5497.53799987	2.678692
5498.99399972	1.88992
5501.53600001	0.391811
5503.5619998	0.851146
5505.9289999	1.060111
5507.09499979	0.242493
5509.58399987	0.34152
5511.58199978	0.350447
5513.58599973	2.570838
5515.59799981	1.123057
5516.90299964	0.009037
5519.58399987	4.733106
5521.35699987	5.099764
5523.58899975	1.9259
5525.59200001	5.064123
5526.98399997	0.012937
5529.59699988	1.134122
5531.55899978	3.055974
5533.59899974	0.209927
5535.67599964	1.454912
5537.67099977	0.586075
5539.59200001	0.578089
5541.35299993	2.109889
5543.01699972	0.073594
5545.81499982	0.04916
5548.05699992	0.124014
5550.05099964	0.035999
5551.16599989	0.003124
5552.9989996	0.011556
5555.13999963	0.647869
5557.87399983	6.003006
5559.40299964	0.581083
5561.88599968	0.009239
5563.17899966	0.136243
5566.21299982	0.06371
5567.59200001	0.391221
5569.42299962	0.012289
5571.91699982	2.290921
5572.98999977	5.360313
5575.92499995	0.0499
5577.25999975	8.349125
5579.08799982	0.024771
5581.9349997	0.143078
5583.12799978	3.471751
5584.9429996	0.154912
5586.94400001	1.825819
5588.94699979	8.72236
5590.95599961	7.483963
5592.95499969	0.049808
5595.26699972	2.102288
5596.9599998	0.224906
5599.33899975	0.147105
5601.27199984	0.011387
5603.27999997	1.959148
5605.17299986	1.624108
5607.18099976	7.250578
5609.18199968	0.666571
5611.18400002	0.63547
5612.97099972	0.062698
5615.18099976	0.417648
5617.18999982	3.298752
5619.18899989	0.094284
5621.19099975	0.012864
5623.19199991	0.681481
5625.19199991	0.050334
5627.19599962	0.068224
5629.19699979	0.025279
5631.19799972	0.74852
5633.20599985	0.009541
5635.20199966	0.759679
5637.21699977	0.682059
5639.20199966	0.811693
5641.2099998	2.690576
5644.55399966	3.19675
5645.52999973	0.324411
5647.57799983	0.009266
5649.26399994	0.842498
5651.26899981	0.326035
5653.26699972	0.10173
5655.26999974	6.51002
5657.89699984	7.373586
5659.28499985	6.912023
5661.27999997	0.012439
5663.27899981	0.79044
5666.29399967	5.831478
5667.77799988	5.205814
5669.31699991	0.717454
5671.32299972	0.379312
5673.31299973	0.613432
5675.62999988	0.419382
5677.32199979	0.120089
5679.31399989	2.989296
5681.35399985	1.451109
5683.33099961	3.93355
5685.39999986	4.539743
5687.65199971	0.011891
5689.352	0.590953
5691.35899973	7.266479
5693.48599982	1.59529
5695.20499992	0.041685
5697.36999989	6.105368
5699.36699963	0.050583
5701.38999987	0.012737
5703.38199973	0.378872
5705.39699984	4.308694
5707.40899992	0.18711
5709.41299987	0.100393
5711.41799974	0.097638
5713.41799974	3.828681
5715.42499995	3.005421
5717.11199999	4.522426
5719.75599957	3.378474
5721.46199965	3.187013
5723.08399963	0.037512
5725.48399973	4.33316
5727.0909996	2.153442
5729.50399995	2.44917
5731.50699973	0.487024
5733.50299978	4.268772
5735.82199979	1.757342
5737.51299977	2.729607
5739.18499994	0.088359
5741.5139997	0.076609
5743.51799989	5.131276
5745.83299994	6.155688
5747.52899981	1.541846
5749.89199972	0.935025
5751.53999972	6.48684
5753.54099989	0.012663
5755.54099989	0.165143
5757.54099989	0.037922
5759.17099977	0.037953
5761.55299973	0.636099
5763.55299973	0.035796
5765.55599976	0.387012
5768.74099994	0.049669
5769.52099991	3.300788
5771.20599985	4.16467
5773.87999988	4.89456
5775.87999988	2.205845
5778.18799973	0.009189
5779.88599968	0.968015
5781.88299966	0.490651
5783.88399959	1.558374
5786.19599962	0.553084
5787.89099979	1.31486
5789.89299989	4.537214
5791.89499974	0.063784
5794.19799972	4.400204
5795.80599976	0.044513
5797.89699984	0.060078
5799.38999987	3.409807
5801.90499973	2.097452
5803.90499973	0.150711
5805.90499973	0.112416
5808.24799991	0.102131
5809.90599966	0.012301
5811.92199969	0.136735
5813.91299987	2.572961
5815.92199969	4.582724
5817.32199979	0.549279
5819.92699981	0.097585
5821.93099976	5.169745
5823.92799997	0.003332
5825.92699981	2.208311
5827.93199968	0.023727
5829.94099975	0.009329
5831.94499993	0.129054
5833.40299964	0.586485
5835.94699979	0.00314
5837.94999981	0.207078
5839.94799972	0.194416
5841.56799984	1.983254
5843.81199956	0.341898
5845.31299973	0.327136
5847.89699984	2.750237
5849.88599968	0.028055
5851.88899994	1.312862
5853.88599968	0.422179
5856.52499986	0.361314
5858.21399975	1.239415
5859.90299964	0.394844
5861.97599983	0.16218
5865.14399981	0.0121
5866.45099974	1.801056
5867.55699992	0.174836
