0.0	0.431304
0.214000225067	0.559891
0.480000019073	0.50675
0.718000173569	0.507353
0.967000246048	0.526376
1.89400029182	0.478314
2.79200005531	0.532652
3.89500021935	0.037409
4.89900016785	0.514617
5.90700006485	0.479321
6.91500020027	0.395671
8.80200028419	0.413681
10.5740001202	0.544152
11.5300002098	0.474823
13.5740001202	0.525929
15.5340001583	0.551657
17.8820002079	0.464878
19.5710000992	0.462647
23.4240000248	0.477248
27.3220002651	0.402
30.3010003567	0.493081
31.603000164	0.506864
33.623000145	0.431236
34.7270002365	0.530996
35.3660001755	0.473755
36.1580002308	0.506153
37.5640003681	0.519528
39.5070002079	0.557779
41.5680000782	0.520877
43.5640003681	0.291235
45.5650002956	0.550078
47.5780003071	0.563172
49.5690002441	0.496658
51.6810002327	0.537371
53.5640003681	0.432974
55.5680000782	0.502041
57.5680000782	0.447331
59.5970003605	0.52321
62.123000145	0.52727
63.9400002956	0.535305
65.7810003757	0.534378
68.3490002155	0.492191
70.2100002766	0.518719
72.4600002766	0.510351
74.4160001278	0.524024
75.7430002689	0.50219
77.9470002651	0.474219
80.1100001335	0.533653
82.8760004044	0.439229
84.8080000877	0.523201
86.3170003891	0.448334
87.7120001316	0.528541
89.5700001717	0.53188
91.5690002441	0.528377
93.5680000782	0.526954
95.5730001926	0.468106
97.5630002022	0.515341
99.5790002346	0.444914
101.562000275	0.550754
103.572000265	0.451016
105.569000244	0.530166
107.817000389	0.541062
109.818000317	0.478894
111.815000057	0.488371
113.825000286	0.538621
115.748000383	0.528789
118.339000225	0.534366
120.65500021	0.54448
123.111000061	0.524244
124.372000456	0.534349
125.817000389	0.507428
127.815999985	0.526933
129.823000193	0.452542
131.828000307	0.510362
133.811000109	0.552838
135.825000286	0.541961
137.82000041	0.509895
139.812000275	0.528867
141.821000338	0.529298
143.81400013	0.545613
146.748000383	0.496337
148.286000252	0.542559
152.412000418	0.534154
154.293000221	0.527261
154.964000463	0.486862
155.626000166	0.530418
157.817000389	0.516301
159.62100029	0.537388
161.817000389	0.520258
163.825000286	0.518151
165.812000275	0.546681
167.828000307	0.497772
169.82400012	0.563628
171.811000109	0.490376
173.812000275	0.511315
175.817000389	0.461441
177.817000389	0.501693
179.81400013	0.52702
181.812000275	0.548866
183.827000141	0.552996
185.826000214	0.537932
187.812000275	0.541818
189.81400013	0.548356
191.815999985	0.479702
193.818000317	0.513202
195.815999985	0.517546
197.82400012	0.472868
199.830000162	0.487157
201.811000109	0.543662
203.664000034	0.516992
205.812000275	0.53847
207.757000208	0.543894
209.817000389	0.47628
211.950000286	0.528289
213.813000202	0.514569
215.827000141	0.532526
217.811000109	0.501387
219.812000275	0.544107
221.82400012	0.458296
223.81400013	0.540263
225.818000317	0.530574
227.815000057	0.487735
229.813000202	0.547204
231.828000307	0.546458
233.811000109	0.523958
235.813000202	0.528153
237.827000141	0.53273
239.813000202	0.175
241.810000181	0.508321
243.818000317	0.497957
245.815000057	0.543232
247.815000057	0.52922
249.961000204	0.537239
251.826000214	0.536572
253.812000275	0.529098
255.81400013	0.554052
257.886000156	0.168007
259.82000041	0.505998
261.817000389	0.467812
263.815000057	0.524703
265.813000202	0.545223
267.826000214	0.530748
269.767000198	0.547306
271.82400012	0.487841
273.812000275	0.541014
275.823000193	0.544485
277.815999985	0.508024
279.815999985	0.504522
281.81400013	0.547585
283.825000286	0.5119
285.826000214	0.549931
287.812000275	0.472604
289.821000338	0.508993
291.82000041	0.541232
293.819000244	0.507381
295.817000389	0.482226
297.815000057	0.547436
299.817000389	0.433889
301.826000214	0.544854
303.826000214	0.531328
305.82400012	0.526937
307.82000041	0.47905
309.851000071	0.482176
311.815999985	0.53518
313.815999985	0.486504
315.815000057	0.45987
317.823000193	0.499716
319.833000183	0.511419
321.82400012	0.525592
323.817000389	0.515117
325.819000244	0.530382
327.809000254	0.533946
330.104000092	0.43687
332.42200017	0.456867
334.115000248	0.515228
335.927000046	0.439358
337.825000286	0.447957
339.82400012	0.542237
341.997000217	0.522174
343.865000248	0.458287
345.815000057	0.514494
347.815999985	0.521294
349.82400012	0.554449
351.823000193	0.500073
353.825000286	0.491321
356.067000151	0.494718
358.363000154	0.505531
360.374000311	0.528062
363.537000179	0.492512
367.111000061	0.08034
369.340000391	0.458378
371.798000336	0.440637
374.244000435	0.441929
376.215000153	0.53151
378.279000044	0.464287
380.394000292	0.535031
382.222000122	0.478262
384.055000067	0.542285
386.325000286	0.530745
389.021000385	0.53573
391.503000259	0.487176
393.170000315	0.552219
394.868000269	0.531158
396.564000368	0.547822
398.124000311	0.060934
399.768000126	0.533569
401.095000267	0.54488
402.384000063	0.52901
403.298000336	0.519454
404.482000113	0.46585
406.076000452	0.529037
408.061000347	0.555142
410.07400012	0.499232
412.069000244	0.517481
414.00600028	0.525947
416.065000296	0.512046
418.06400013	0.403945
419.904000044	0.410298
422.062000275	0.511421
424.075000048	0.480632
426.070000172	0.530963
428.061000347	0.501984
430.06400013	0.41944
432.069000244	0.547705
434.07400012	0.572451
436.062000275	0.522249
438.073000193	0.499172
440.06400013	0.526379
442.008000135	0.516444
444.072000027	0.532731
446.062000275	0.504262
448.066000223	0.530389
450.685000181	0.431511
452.329000235	0.53366
454.401000261	0.53874
458.425000191	0.501739
459.75999999	0.527046
461.15500021	0.523395
462.202000141	0.526064
464.244000435	0.549415
466.066000223	0.501425
468.031000137	0.531806
470.06000042	0.539167
472.065000296	0.54559
474.06000042	0.496556
476.073000193	0.536984
478.069000244	0.501712
480.062000275	0.502748
482.06000042	0.482863
484.065000296	0.503011
486.065000296	0.53602
488.072000027	0.463018
490.078000307	0.481121
492.07400012	0.550952
494.066000223	0.485249
496.069000244	0.563054
498.073000193	0.539417
500.067000151	0.609294
502.06400013	0.016023
504.068000317	0.57156
506.076000452	0.196083
508.667000055	0.527709
510.515000105	0.527393
514.109000206	0.550216
516.093000174	0.556444
517.276000261	0.5152
521.065000296	0.521723
521.667000055	0.460199
523.46900034	0.452231
525.335000038	0.504419
527.038000107	0.535077
528.363000154	0.518719
530.005000353	0.523301
532.055000067	0.475026
534.529000282	0.518358
536.065000296	0.545837
538.071000099	0.496411
540.079000235	0.548137
542.07400012	0.463115
544.06400013	0.524536
546.156000376	0.55035
548.144000053	0.490685
550.0400002	0.539811
552.06400013	0.531797
554.062000275	0.494215
556.059000254	0.527801
558.062000275	0.523557
