0.0	0.069734
0.631999969482	0.473592
1.62199997902	0.500469
2.36100006104	0.531567
2.882999897	0.473516
2.94900012016	0.473516
4.22299981117	0.54046
5.28299999237	0.484698
6.38599991798	0.540733
7.38799977303	0.44298
8.42199993134	0.534407
9.45700001717	0.528925
10.7929999828	0.526206
14.1629998684	0.523444
15.9319999218	0.544615
16.7139999866	0.498956
19.996999979	0.469439
24.3120000362	0.484963
25.9419999123	0.549147
27.4579999447	0.471376
29.0420000553	0.511935
31.986000061	0.546821
34.6730000973	0.470112
41.7929999828	0.524416
43.2509999275	0.533241
45.6589999199	0.532183
46.7130000591	0.498073
48.7260000706	0.533719
51.5520000458	0.496001
52.8139998913	0.503713
53.8020000458	0.520908
55.9649999142	0.503561
58.1809999943	0.530375
61.2330000401	0.533083
63.7139999866	0.5381
64.890999794	0.495013
65.8839998245	0.505102
68.0230000019	0.54565
70.4409999847	0.480428
72.510999918	0.519194
74.9619998932	0.550685
77.5260000229	0.503754
80.2720000744	0.35218
82.245000124	0.534039
84.3819999695	0.510757
86.0640001297	0.469155
88.5349998474	0.545365
90.6960000992	0.438336
92.7130000591	0.525708
93.8759999275	0.533414
95.6000001431	0.521773
97.7520000935	0.523485
99.5989999771	0.525223
101.350999832	0.543905
103.123999834	0.523734
105.102999926	0.537979
107.036999941	0.521088
109.315999746	0.505091
111.120000124	0.526782
113.06400013	0.515558
114.59499979	0.522855
116.717000008	0.536351
118.837000132	0.486833
120.250999928	0.506832
122.584000111	0.537608
124.411000013	0.441023
125.989000082	0.531021
127.493999958	0.503216
128.674999952	0.528288
129.782000065	0.488643
131.204999924	0.53135
137.0	0.450522
139.320000172	0.488476
141.309999943	0.534976
142.368999958	0.469653
143.82799983	0.502066
146.230000019	0.521077
149.290999889	0.448773
152.197000027	0.531216
154.086999893	0.515796
155.758999825	0.521489
157.217000008	0.413566
158.84800005	0.527322
159.917999983	0.511917
161.389999866	0.481925
163.514999866	0.506495
165.707999945	0.52607
166.995999813	0.533753
168.054999828	0.499309
169.18900013	0.528855
170.36500001	0.514132
171.671000004	0.516361
172.877000093	0.52727
174.200000048	0.536733
174.947999716	0.511438
176.613999844	0.530654
178.485000134	0.47258
180.486000061	0.522491
182.498999834	0.540001
184.488000154	0.558753
186.757999897	0.556565
188.944000006	0.516524
191.208000183	0.537284
193.499999762	0.528331
195.394999981	0.491472
197.864000082	0.470975
200.20299983	0.511281
203.102999926	0.455822
205.571999788	0.540109
206.648999929	0.534989
208.312000036	0.508925
209.546000004	0.542779
211.078000069	0.546441
212.523000002	0.516856
214.483999729	0.558179
216.499999762	0.512026
218.488000154	0.491265
220.486999989	0.485651
222.490999937	0.474713
224.490999937	0.555112
226.489000082	0.524802
228.483999729	0.518834
230.753999949	0.466856
232.940999985	0.527168
234.49000001	0.477718
236.496999979	0.534009
238.497999907	0.525225
240.741999865	0.544248
242.730999947	0.520484
244.738999844	0.501146
246.68599987	0.550231
248.738999844	0.479562
250.730999947	0.560396
252.739999771	0.548089
254.742999792	0.530651
256.734999895	0.537555
258.742999792	0.537555
262.174000025	0.517269
266.111999989	0.503734
269.534999847	0.539129
271.125999928	0.354721
271.65199995	0.501647
271.902999878	0.502941
273.235999823	0.490741
275.670000076	0.480551
277.883999825	0.520983
279.115999937	0.567055
280.745000124	0.546008
282.736000061	0.544742
285.368999958	0.498418
288.353999853	0.523424
291.426999807	0.462012
293.725000143	0.53715
295.342999935	0.542629
296.756999969	0.506061
299.088000059	0.532166
301.238999844	0.542526
303.469000101	0.508817
305.562999964	0.541954
307.875999928	0.524944
309.763999939	0.512969
311.909999847	0.455534
313.934999943	0.527119
315.290999889	0.548806
315.930000067	0.521826
316.749000072	0.527916
318.67200017	0.49443
320.73300004	0.559551
322.733999968	0.482851
324.738999844	0.535354
326.815999985	0.500799
329.923999786	0.52597
332.038999796	0.483214
332.723999739	0.511859
334.920000076	0.519833
336.914000034	0.473593
338.924999952	0.481596
341.349999905	0.538996
342.832000017	0.478785
344.741999865	0.5069
346.736999989	0.470992
348.871999979	0.573574
350.657000065	0.476427
352.746999979	0.534839
354.73300004	0.54815
356.730000019	0.535756
358.737999916	0.487611
360.744000196	0.539648
362.731999874	0.552734
364.740999937	0.534876
366.688000202	0.535231
368.747999907	0.548074
370.730999947	0.543328
372.742999792	0.538165
374.742999792	0.534402
376.730000019	0.49934
378.737999916	0.542306
380.737999916	0.533101
382.739999771	0.540967
384.736000061	0.53369
386.737999916	0.489888
388.734999895	0.545966
390.680000067	0.556725
392.740999937	0.540647
394.746000051	0.476304
396.730000019	0.508735
399.299999714	0.533207
401.902999878	0.489205
404.88499999	0.522105
405.529999971	0.459858
406.745000124	0.538994
410.173000097	0.537406
414.213999987	0.506034
418.00999999	0.534584
419.246000051	0.51357
420.754999876	0.50709
422.312999964	0.4998
423.490999937	0.525721
424.520999908	0.497698
425.585000038	0.527356
426.814999819	0.197432
428.740999937	0.490371
431.171999931	0.520503
433.60800004	0.508317
435.502999783	0.526134
436.734999895	0.544258
438.730000019	0.586324
440.741999865	0.50342
442.731999874	0.551241
444.731999874	0.535047
446.740999937	0.497316
448.745000124	0.497374
450.733999968	0.533111
452.737999916	0.507957
454.739999771	0.545485
456.729000092	0.481292
458.728000164	0.495513
460.730000019	0.478737
462.741999865	0.549794
464.736000061	0.493389
466.731999874	0.493389
468.740999937	0.143763
470.752000093	0.472747
472.730999947	0.546532
474.742999792	0.510875
476.746999979	0.565648
479.947999716	0.534824
484.28399992	0.446228
487.940999985	0.530612
490.982999802	0.480033
493.213000059	0.521881
494.445999861	0.199281
496.258999825	0.537331
499.118000031	0.524879
500.307999849	0.51427
501.307999849	0.52211
504.34100008	0.488581
507.301000118	0.524482
509.133000135	0.533755
511.206999779	0.527671
512.782000065	0.531966
513.493999958	0.536452
515.584000111	0.509932
519.388999939	0.509182
523.43200016	0.488204
525.859999895	0.396288
527.370999813	0.578627
528.630999804	0.52274
530.368000031	0.551197
531.454999924	0.53519
531.904000044	0.482233
532.325999975	0.452152
532.950000048	0.533686
533.529999971	0.489469
534.977999926	0.525331
536.992000103	0.552474
539.705999851	0.466117
541.777999878	0.528052
542.994999886	0.494412
544.992000103	0.573223
546.979999781	0.542997
549.457999945	0.514619
551.68900013	0.534111
553.605000019	0.551
555.272000074	0.514226
556.82400012	0.466694
558.980999947	0.545211
561.181999922	0.476989
563.552000046	0.536186
565.894999981	0.530795
567.755999804	0.452313
569.674000025	0.491008
570.978999853	0.518541
572.937999964	0.54748
574.978999853	0.511246
576.980999947	0.534964
578.978999853	0.516502
580.965999842	0.5295
583.113999844	0.504781
585.248000145	0.496032
586.989000082	0.529221
588.987999916	0.38136
590.990999937	0.536405
592.982999802	0.536438
594.984000206	0.543608
596.989000082	0.487781
598.989000082	0.464863
600.979999781	0.467701
602.989000082	0.502997
604.994999886	0.503431
606.982999802	0.540656
608.986999989	0.454301
610.992000103	0.550302
613.097000122	0.530033
614.989000082	0.466159
617.213999987	0.522698
620.372999907	0.493613
624.085999966	0.502289
626.710000038	0.471572
627.552000046	0.132801
630.15899992	0.511652
632.379999876	0.531488
634.519999981	0.534925
636.289999962	0.490101
637.809999943	0.476765
639.220999956	0.536379
641.203999758	0.533114
641.953999996	0.528113
643.629999876	0.543535
645.710000038	0.52753
647.000999928	0.518528
648.981999874	0.482953
650.977999926	0.516946
653.022000074	0.55303
654.953999996	0.525687
656.984000206	0.46906
658.989000082	0.477833
660.930999994	0.496565
662.990999937	0.53591
664.981999874	0.535774
666.99000001	0.486277
668.978999853	0.470953
670.984000206	0.507322
672.982999802	0.539635
674.99000001	0.528889
676.982999802	0.533952
678.984000206	0.53561
680.986999989	0.533739
682.981999874	0.525298
684.970999956	0.530548
686.986000061	0.487142
688.982999802	0.500477
690.986000061	0.534273
692.953999996	0.527738
695.238999844	0.514387
697.43200016	0.463552
699.055999994	0.528368
700.987999916	0.46636
702.978999853	0.533127
704.981999874	0.491732
706.980999947	0.476968
708.982999802	0.522809
710.986999989	0.480768
712.993999958	0.519312
714.981999874	0.524777
716.987999916	0.542179
718.989000082	0.485309
720.987999916	0.53875
722.977999926	0.51114
724.992000103	0.53194
727.441999912	0.544017
729.430000067	0.493175
731.241999865	0.497073
733.123999834	0.506293
734.989000082	0.517569
737.24000001	0.540825
739.165999889	0.44228
741.180999994	0.482765
743.171000004	0.474377
745.161999941	0.517909
747.498999834	0.489798
750.221999884	0.529443
752.842000008	0.498952
755.209000111	0.532806
755.706999779	0.533372
757.230000019	0.522319
759.230000019	0.541886
761.229000092	0.513661
763.229000092	0.480223
765.24000001	0.53908
767.24000001	0.556349
769.649999857	0.529789
772.73300004	0.526484
776.522000074	0.447842
778.437999964	0.530097
780.546000004	0.473238
783.002999783	0.470757
786.571999788	0.536801
787.980999947	0.527086
790.552000046	0.519608
794.710000038	0.498865
795.134000063	0.483899
796.186999798	0.538901
797.883999825	0.463286
800.072000027	0.526846
801.192000151	0.540657
802.392000198	0.516712
804.26699996	0.521374
804.753999949	0.555816
805.082999945	0.514114
807.23300004	0.532162
809.230000019	0.539643
811.136000156	0.522885
813.178999901	0.601786
815.345999956	0.526192
817.226999998	0.550359
819.230999947	0.488255
821.230000019	0.517277
823.235999823	0.492158
825.171999931	0.535292
827.233999968	0.537334
829.238999844	0.478713
831.450999975	0.530702
833.24000001	0.53809
835.238999844	0.488467
837.226999998	0.526385
839.226999998	0.462764
841.234999895	0.506077
843.235999823	0.463804
845.414999962	0.530639
847.233999968	0.545256
849.248000145	0.484323
854.25	0.412393
857.265000105	0.489946
861.506000042	0.541304
865.182999849	0.429498
867.14199996	0.475309
868.605000019	0.530109
870.226000071	0.418886
871.686999798	0.537764
872.478999853	0.519665
873.454999924	0.493361
873.706999779	0.504034
874.92599988	0.503866
875.990999937	0.536427
878.546000004	0.534593
879.319000006	0.526405
881.23300004	0.539718
883.230000019	0.540957
885.232000113	0.555819
887.23300004	0.516247
889.24000001	0.536921
891.241999865	0.532687
893.238999844	0.506733
895.240999937	0.569048
897.625999928	0.442351
899.970999956	0.514883
901.929000139	0.531102
903.24000001	0.494376
905.233999968	0.534923
907.233999968	0.535587
909.174999952	0.484264
911.227999926	0.478782
913.256999969	0.543309
915.233999968	0.531181
917.230000019	0.532997
919.229000092	0.529153
921.23300004	0.504088
923.402999878	0.489355
925.318000078	0.466521
927.232000113	0.511682
929.229000092	0.472427
931.234999895	0.530543
933.230999947	0.502351
935.240999937	0.53662
937.236999989	0.533276
939.23300004	0.553232
941.233999968	0.479913
945.000999928	0.525053
948.532999992	0.46813
951.482999802	0.495915
953.44299984	0.500455
954.746000051	0.495219
956.059999943	0.53562
957.096000195	0.519685
957.371999741	0.532108
959.230000019	0.522405
961.232000113	0.550098
963.234999895	0.531333
965.242999792	0.480558
967.238999844	0.577373
969.230999947	0.535617
971.230999947	0.20236
973.235999823	0.224587
975.226999998	0.537932
977.229000092	0.535845
979.24000001	0.504923
981.230999947	0.523136
983.235999823	0.518509
985.235999823	0.530428
987.237999916	0.514314
989.482999802	0.547861
991.242999792	0.560986
993.486999989	0.523335
995.429000139	0.541416
997.477999926	0.423032
999.494999886	0.48186
1002.77799988	0.527606
1006.05599999	0.460818
1007.81499982	0.50145
1008.1079998	0.509659
1009.79799986	0.525222
1012.62299991	0.528728
1016.62400007	0.440456
1017.44399977	0.535452
1018.10699987	0.528681
1021.14100003	0.507636
1025.71300006	0.548003
1027.64100003	0.558377
1032.579	0.538338
1033.76800013	0.523393
1035.12100005	0.531206
1037.0309999	0.538797
1039.74500012	0.477395
1042.50500011	0.527829
1046.99499989	0.536604
1047.37099981	0.491066
1047.75399995	0.545819
1048.11800003	0.538642
1048.92000008	0.540254
1050.80200005	0.518436
1051.55899978	0.513448
1052.24900007	0.501064
1053.47599983	0.51833
1055.48900008	0.529352
1057.47899985	0.472108
1059.48600006	0.227654
1061.4829998	0.505204
1063.48000002	0.455173
1065.48900008	0.608519
1067.41999984	0.505527
1069.49199986	0.529652
1071.48800015	0.522847
1073.92699981	0.542504
1075.48900008	0.504594
1077.47599983	0.511647
1079.4829998	0.168842
1081.48000002	0.459808
1083.35599995	0.509984
1085.477	0.491189
1087.65600014	0.535399
1091.27899981	0.456324
1094.0400002	0.529773
1097.1869998	0.45465
1098.25499988	0.521034
1098.32500005	0.521034
1100.85899997	0.00317
1101.92000008	0.533714
1103.53399992	0.473805
1105.48699999	0.543704
1107.45799994	0.526201
1109.4690001	0.525858
1111.49000001	0.496962
1113.48099995	0.527905
1115.41700006	0.528444
1117.4749999	0.520773
1119.48199987	0.518983
1121.477	0.525308
1123.97099996	0.456489
1125.4749999	0.524214
1127.48699999	0.503954
1131.1789999	0.528773
1131.51699996	0.541108
1133.47899985	0.491807
1136.26400018	0.524109
1138.60599995	0.543301
1139.61600018	0.510413
1141.47599983	0.531697
1143.48600006	0.548864
1145.48600006	0.467304
1147.48800015	0.529556
1149.54900002	0.53407
1151.48800015	0.532552
1153.49000001	0.534815
1155.51200008	0.500981
1157.48800015	0.506998
1159.4829998	0.550182
1161.80500007	0.51903
1163.4749999	0.510033
1165.48500013	0.538314
1167.87199998	0.538076
1169.48000002	0.437288
1171.49199986	0.552669
1173.477	0.528936
1176.3499999	0.536183
1179.15400004	0.527496
1180.6880002	0.523475
1181.64299989	0.527868
1183.48800015	0.518888
1185.47799993	0.497299
1187.43400002	0.578855
1189.49000001	0.481583
1191.48800015	0.540427
1193.51499987	0.455693
1195.48399973	0.511795
1197.48199987	0.53443
1199.48199987	0.55235
1201.48699999	0.545437
1203.48600006	0.536105
1205.477	0.518662
1208.74199986	0.506512
1209.94499993	0.516969
1212.61899996	0.531056
1215.7559998	0.510526
1218.89899993	0.428764
1219.04500008	0.494127
1219.47599983	0.564325
1221.47599983	0.51341
1223.51799989	0.550396
1225.49000001	0.470659
1227.48399973	0.533015
1229.47599983	0.4865
1231.48500013	0.478212
1233.64899993	0.166795
1236.3349998	0.48103
1239.17999983	0.449818
1241.97799993	0.260234
1244.79299998	0.491614
1247.05599999	0.542268
1249.18599987	0.52779
1251.36899996	0.567375
1254.01499987	0.508571
1256.69899988	0.502856
1259.68000007	0.53056
1262.20399976	0.53384
1264.97300005	0.527532
1267.51499987	0.496268
1269.83599973	0.522559
1272.37600017	0.522084
1274.06599998	0.482246
1275.26400018	0.541294
1277.34799981	0.473452
1279.91400003	0.538704
1282.59099984	0.540417
1285.11399984	0.523648
1286.30999994	0.551663
1287.2349999	0.541464
1288.37400007	0.509615
1291.14999986	0.53749
1291.86100006	0.538039
1293.58100009	0.553322
1295.49600005	0.514941
1297.44000006	0.544226
1298.97899985	0.490756
1300.12000012	0.523506
1300.35700011	0.496591
1301.38999987	0.535455
1302.41499996	0.543394
1303.65300012	0.532199
1305.73099995	0.338988
1307.727	0.559782
1309.61600018	0.520652
1312.20699978	0.47232
1315.50500011	0.515643
1318.51999998	0.538983
1321.14299989	0.528632
1322.55099988	0.512838
1323.95599985	0.482337
1324.99899983	0.514044
1325.83099985	0.353086
1327.72800016	0.523316
1330.03499985	0.530476
1331.61800003	0.513538
1333.72299981	0.503002
1335.73199987	0.545549
1337.72600007	0.54144
1339.74199986	0.497085
1341.72500014	0.562396
1343.73699999	0.537731
1345.73199987	0.546328
1347.73300004	0.05985
1349.73399997	0.533343
1352.79899979	0.525922
1354.37199974	0.514587
1357.26600003	0.497885
1359.53399992	0.553517
1361.36199999	0.529517
1362.89199972	0.502551
1365.25099993	0.562803
1366.45300007	0.514942
1368.30699992	0.540083
1370.24800014	0.490567
1372.43099999	0.515992
1374.08200002	0.496085
1375.86699986	0.509869
1377.72800016	0.474158
1379.7349999	0.546229
1381.72800016	0.546832
1383.8349998	0.508265
1385.84599996	0.481982
1387.72500014	0.535976
1389.72800016	0.525222
1391.72500014	0.498711
1393.76199985	0.526824
1395.73799992	0.494887
1397.73699999	0.540144
1399.72399974	0.51906
1401.72399974	0.481632
1403.73000002	0.454149
1405.73799992	0.443039
1407.71799994	0.530987
1409.72600007	0.545122
1411.7349999	0.530779
1413.73300004	0.489135
1415.73699999	0.513592
1417.73699999	0.524349
1420.11899996	0.463333
1423.06799984	0.518682
1427.02699995	0.541105
1430.46799994	0.459502
1433.3360002	0.534757
1436.62899995	0.472395
1439.07200003	0.543174
1440.43499994	0.524503
1441.41199994	0.48688
1442.85399985	0.524188
1443.68000007	0.519306
1444.8349998	0.516244
1446.32200003	0.535129
1448.02799988	0.540484
1450.50500011	0.520151
1452.84200001	0.475909
1454.27200007	0.521555
1455.37600017	0.545789
1457.3349998	0.474747
1459.17000008	0.515824
1460.71799994	0.502031
1461.81800008	0.532078
1463.72500014	0.489595
1465.73199987	0.531324
1467.73300004	0.353773
1469.72500014	0.414559
1471.73600006	0.479907
1473.72299981	0.535048
1475.73399997	0.505486
1477.73199987	0.524258
1479.73699999	0.465787
1481.7349999	0.517563
1483.98400021	0.52074
1485.75499988	0.515518
1487.97600007	0.520845
1489.73399997	0.435683
1491.9749999	0.522297
1493.9829998	0.545918
1495.99699998	0.494552
1497.98600006	0.537555
1500.39599991	0.525945
1502.50500011	0.50651
1504.07200003	0.538788
1505.97899985	0.555062
1507.9749999	0.51343
1510.21099997	0.509926
1512.04999995	0.530462
1513.92699981	0.539621
1515.98500013	0.521428
1517.97899985	0.539654
1519.97300005	0.527163
1521.97999978	0.539342
1523.97600007	0.552795
1525.98500013	0.30509
1528.09199977	0.561585
1530.51599979	0.527027
1531.97799993	0.530216
1533.97399998	0.537211
1535.98699999	0.524058
1537.91799998	0.479796
1539.90199995	0.51801
1542.14999986	0.538826
1544.42699981	0.53151
1545.98600006	0.463826
1547.98699999	0.485094
1549.98600006	0.534113
1551.97899985	0.52179
1553.98600006	0.533856
1555.97899985	0.518897
1557.97799993	0.537612
1560.00600004	0.540667
1561.92599988	0.557967
1563.9829998	0.537143
1565.98900008	0.531236
1567.98799992	0.522914
1569.97600007	0.520499
1571.98600006	0.546349
1573.97899985	0.525544
1575.98400021	0.499706
1577.99099994	0.517636
1579.97999978	0.538572
1581.98500013	0.349059
1583.98799992	0.535827
1586.36500001	0.447604
1588.44900012	0.546428
1590.24299979	0.510776
1591.99300003	0.505564
1593.97799993	0.534432
1595.97899985	0.545459
1597.97999978	0.05481
1599.98500013	0.528434
1601.98199987	0.501024
1603.98199987	0.533871
1605.97600007	0.52197
1607.97600007	0.525095
1609.91899991	0.509548
1611.9829998	0.480677
1613.97600007	0.556209
1615.98699999	0.524747
1617.97399998	0.157193
1619.98099995	0.342679
1621.98600006	0.547194
1623.99599981	0.493907
1625.97799993	0.536436
1627.99300003	0.525959
1629.97300005	0.530192
1631.98799992	0.398163
1633.92399979	0.509992
1635.98099995	0.490304
1637.98199987	0.549674
1639.97999978	0.528802
1641.97899985	0.530554
1643.93300009	0.514434
1645.97999978	0.538575
1647.97799993	0.535546
1649.97799993	0.533829
1651.98600006	0.547979
1653.98500013	0.534376
1655.98400021	0.525087
1658.17400002	0.521047
1660.91300011	0.4885
1662.74099994	0.531323
1664.023	0.563785
1665.97899985	0.478957
1667.97600007	0.497763
1669.97600007	0.531
1671.99599981	0.477875
1673.97300005	0.521468
1675.97899985	0.476447
1677.98799992	0.546461
1679.97300005	0.546661
1682.11500001	0.53111
1684.05999994	0.462697
1685.97300005	0.470496
1687.99699998	0.521094
1689.97300005	0.508449
1691.97099996	0.508053
1693.98199987	0.487956
1695.97899985	0.521423
1697.97300005	0.518415
1699.9829998	0.476669
1701.97099996	0.531943
1703.99599981	0.537968
1705.97199988	0.496536
1707.97600007	0.445869
1709.98400021	0.008839
1711.97600007	0.527229
1713.9749999	0.469694
1715.97099996	0.544411
1717.98500013	0.534741
1720.0	0.525006
1721.9829998	0.494208
1723.97799993	0.529937
1725.97999978	0.490648
1727.98500013	0.526779
1730.18400002	0.532597
1732.28100014	0.410567
1734.19700003	0.419902
1735.99599981	0.47269
1738.22799993	0.539296
1740.23099995	0.537648
1742.22199988	0.499594
1744.171	0.543033
1746.23699999	0.010382
1748.22799993	0.528471
1750.23699999	0.528474
1752.23699999	0.461196
1754.22399998	0.027127
1756.22600007	0.471007
1758.23099995	0.47756
1760.22900009	0.539888
1762.23699999	0.563228
1764.22399998	0.536116
1766.24099994	0.468734
1768.19200015	0.534829
1770.23599982	0.535948
1772.23200011	0.120201
1774.23200011	0.520751
1776.22299981	0.544184
1778.23699999	0.549384
1780.23099995	0.525921
1782.23899984	0.543834
1784.42400002	0.515302
1786.50999999	0.530396
1788.08699989	0.479728
1790.227	0.441714
1792.17400002	0.52438
1794.23699999	0.537217
1796.23300004	0.549338
1798.23200011	0.506305
1800.23899984	0.52323
1802.22299981	0.524453
1804.70900011	0.486695
1806.23599982	0.543798
1808.23399997	0.522432
1810.23699999	0.484223
1812.2349999	0.559263
1814.23399997	0.542196
1816.19300008	0.542825
1818.22199988	0.543035
1820.2349999	0.483473
1822.23300004	0.481803
1824.22399998	0.508852
1826.23799992	0.553995
1828.227	0.54044
1830.227	0.537464
1832.14400005	0.437565
1834.55899978	0.550281
1836.76600003	0.522543
1838.23399997	0.573678
1840.1730001	0.499598
1842.23699999	0.520813
1844.22900009	0.534643
1846.21999979	0.516465
1848.23799992	0.497629
1850.23599982	0.497658
1852.22299981	0.508198
1854.23399997	0.487138
1856.22299981	0.561404
1858.23799992	0.390703
1860.1730001	0.523699
1862.22900009	0.507383
1864.12299991	0.517513
1866.171	0.52708
1868.24000001	0.55019
1870.23699999	0.529708
1872.22399998	0.535827
1874.23699999	0.544979
1876.22799993	0.459167
1878.22799993	0.136522
1880.23099995	0.532687
1882.23099995	0.524727
1884.22299981	0.473379
1886.22199988	0.605466
1888.171	0.543717
1890.14699984	0.470339
1892.22399998	0.536373
1894.23000002	0.572306
1896.22799993	0.525284
1898.32200003	0.525743
1900.22399998	0.112968
1902.23099995	0.480643
1904.22600007	0.505132
1906.23799992	0.521912
1908.22099996	0.512418
1910.23200011	0.524918
1912.16299987	0.546072
1914.22600007	0.524802
1916.23300004	0.514809
1918.22900009	0.531552
1920.23099995	0.496316
1922.23000002	0.546446
1924.22600007	0.152497
1926.22500014	0.525276
1928.23200011	0.531
1930.21899986	0.514789
1932.227	0.530615
1934.22600007	0.537366
1936.22399998	0.56894
1938.23799992	0.524309
1940.2349999	0.464116
1942.22799993	0.535972
1944.22900009	0.522194
1946.22099996	0.51506
1948.227	0.48698
1950.22299981	0.470596
1952.227	0.525887
1954.23799992	0.461822
1956.22399998	0.549533
1958.21899986	0.48064
1960.22900009	0.535583
1962.23399997	0.268487
1964.22500014	0.530483
1966.23300004	0.32952
1968.22900009	0.353923
1970.23799992	0.487635
1972.23399997	0.521416
1974.23200011	0.506883
1976.23399997	0.514882
1978.23099995	0.508204
1980.227	0.543797
1982.23000002	0.515073
1985.98199987	0.522619
1990.67200017	0.426755
1992.227	0.532098
1993.3210001	0.519732
1994.55899978	0.544518
1994.61999989	0.544518
1996.47899985	0.508533
1998.48000002	0.499643
2000.4749999	0.547241
2003.102	0.517793
2004.48000002	0.541767
2006.47200012	0.549513
2008.47200012	0.503777
2010.48199987	0.531492
2012.47899985	0.462584
2014.48000002	0.538179
2016.477	0.522705
2018.48000002	0.498219
2020.6400001	0.538537
2022.87400007	0.549331
2024.48600006	0.52113
2028.14799976	0.533475
2029.31699991	0.529334
2030.99300003	0.52476
2035.56200004	0.533985
2039.3269999	0.536463
2041.65099978	0.509511
2044.52600002	0.532851
2045.60100007	0.486571
2046.06299996	0.528322
2048.83299994	0.478117
2053.1309998	0.511777
2055.13800001	0.538837
2057.79099989	0.463834
2060.80100012	0.527121
2061.89300013	0.531904
2062.352	0.520466
2063.85099983	0.424992
2067.08500004	0.468714
2070.73099995	0.519371
2073.12100005	0.442681
2073.51200008	0.515937
2077.28399992	0.256478
2081.06699991	0.076662
2084.3440001	0.223096
2085.329	0.28933
2087.61199975	0.267091
2088.73899984	0.306137
2089.43899989	0.537611
2089.56500006	0.515141
2090.93999982	0.516831
2092.42599988	0.533535
2092.78600001	0.53042
2093.2019999	0.561583
2096.11199999	0.533075
2100.01600003	0.455399
2102.40999985	0.489488
2103.6960001	0.523835
2106.09199977	0.490964
2108.15899992	0.466691
2111.40299988	0.513916
2113.023	0.104264
2114.71899986	0.542735
2116.42199993	0.533113
2118.0999999	0.536185
2120.02999997	0.529292
2120.43799996	0.552977
2120.78100014	0.525219
2122.47799993	0.486184
2124.94699979	0.473407
2131.4519999	0.522253
2134.16100001	0.30349
2134.24600005	0.30349
2134.45000005	0.538248
2139.34699988	0.463544
2141.85800004	0.399375
2142.88599992	0.50835
2143.65400004	0.497173
2144.58999991	0.529889
2145.33899999	0.541181
2146.58999991	0.514072
2148.44800019	0.534196
2150.36100006	0.528732
2153.01099992	0.538596
2154.48500013	0.518932
2155.84299994	0.415874
2157.12599993	0.526707
2158.52699995	0.482963
2160.4749999	0.535562
2162.48099995	0.57018
2164.47799993	0.50346
2166.85299993	0.425134
2168.95700002	0.532509
2170.56100011	0.457593
2172.47899985	0.504085
2174.47099996	0.487748
2176.4690001	0.520466
2178.48099995	0.477094
2180.47799993	0.490917
2182.48000002	0.500149
2184.477	0.529472
2186.48099995	0.489951
2190.06400013	0.537748
2193.87599993	0.529121
2194.12800002	0.539669
2195.02699995	0.476268
2198.75699997	0.530475
2202.9829998	0.523445
2208.08899999	0.5217
2208.45899987	0.479407
2208.77699995	0.546632
2210.17999983	0.514819
2212.671	0.533964
2213.08399987	0.506218
2213.22299981	0.573623
2214.48099995	0.567339
2216.4829998	0.527723
2218.48199987	0.495394
2220.48000002	0.494297
2222.47200012	0.546249
2224.47599983	0.511204
2226.48600006	0.109365
2228.48399973	0.491614
2230.47200012	0.541814
2232.47799993	0.491475
2234.71899986	0.558172
2236.72500014	0.487668
2238.48000002	0.548963
2240.48199987	0.53949
2242.48800015	0.540676
2244.71799994	0.532544
2246.727	0.54983
2248.73300004	0.479204
2250.72900009	0.466083
2252.74799991	0.528894
2256.64299989	0.517985
2259.79899979	0.473637
2260.93799996	0.493585
2261.82999992	0.535467
2262.87800002	0.397303
2264.73199987	0.50931
2266.72399974	0.494431
2268.72900009	0.551847
2270.73399997	0.501616
2273.08899999	0.441604
2275.95899987	0.522475
2278.81499982	0.531827
2280.32800007	0.532631
2281.41999984	0.460591
2282.76399994	0.533487
2285.20399976	0.464088
2287.39400005	0.522858
2288.87899995	0.5361
2290.83800006	0.51053
2292.73799992	0.455546
2294.72399974	0.544784
2296.73399997	0.549327
2298.73000002	0.482477
2300.71700001	0.489871
2302.727	0.510697
2304.73199987	0.5318
2306.73399997	0.546309
2308.72800016	0.483036
2310.67499995	0.55096
2312.72000003	0.50237
2315.01300001	0.531642
2319.56800008	0.525198
2323.05199981	0.460747
2324.29099989	0.389563
2325.44599986	0.491785
2326.74600005	0.530815
2327.97099996	0.525023
2329.02600002	0.450991
2330.72099996	0.536764
2332.94900012	0.514611
2334.66499996	0.560198
2336.72600007	0.538622
2338.72099996	0.472162
2340.69799995	0.488401
2342.78400016	0.515541
2344.72500014	0.584325
2346.71700001	0.536156
2348.73199987	0.485219
2351.21499991	0.513451
2354.95700002	0.073253
2358.25699997	0.485235
2359.81599998	0.522445
2361.60899997	0.552711
2362.89199972	0.537268
2363.89099979	0.516753
2365.35899997	0.530837
2366.71700001	0.511622
2368.72199988	0.513867
2370.73300004	0.533864
2373.00399995	0.491522
2374.72199988	0.533162
2376.72800016	0.537842
2378.72800016	0.559147
2380.71700001	0.54042
2382.67200017	0.491208
2384.72900009	0.531096
2386.73000002	0.36101
2388.73199987	0.478915
2390.72900009	0.464478
2392.73099995	0.468175
2394.72900009	0.52702
2396.71899986	0.465359
2398.71799994	0.507848
2400.71899986	0.537256
2402.72099996	0.52651
2404.73000002	0.546825
2406.66499996	0.498091
2408.72900009	0.548593
2410.72000003	0.516478
2412.71799994	0.514068
2414.73399997	0.471124
2416.73199987	0.508802
2418.72000003	0.540306
2420.72399974	0.541373
2422.72800016	0.540852
2424.73000002	0.536049
2426.71899986	0.469554
2428.72500014	0.551496
2430.67499995	0.515522
2432.73300004	0.439421
2434.72000003	0.519757
2436.72299981	0.533889
2438.727	0.510473
2440.72500014	0.547031
2442.72000003	0.48261
2444.727	0.517007
2446.72500014	0.515846
2448.73399997	0.510557
2450.73000002	0.537519
2452.73199987	0.043782
2455.66799974	0.546142
2458.08699989	0.525891
2460.22399998	0.467227
2462.13700008	0.542114
2463.76900005	0.480252
2464.87400007	0.535636
2466.73300004	0.541261
2470.72299981	0.541663
2472.4000001	0.546796
2476.75899982	0.46169
2477.00800014	0.521839
2477.41400003	0.540153
2478.84899998	0.522622
2480.71700001	0.556139
2482.97600007	0.541551
2484.95000005	0.51616
2486.78999996	0.527278
2488.97600007	0.514587
2490.727	0.535171
2492.9749999	0.300143
2494.73000002	0.459408
2496.97600007	0.464779
2498.96599984	0.491244
2500.97999978	0.559521
2503.45000005	0.496945
2506.704	0.506588
2508.45099998	0.494081
2509.78900003	0.515791
2511.28999996	0.535417
2514.37800002	0.511907
2515.07800007	0.525278
2517.50299978	0.519601
2520.50600004	0.491958
2523.20299983	0.544997
2524.43899989	0.52607
2525.88699985	0.458161
2527.59200001	0.535814
2528.89199972	0.496357
2530.96800017	0.548095
2533.05099988	0.527123
2535.75399995	0.534003
2536.9690001	0.546835
2539.03799987	0.546065
2541.83200002	0.535181
2542.98199987	0.515739
2545.55599976	0.49494
2547.35399985	0.498406
2549.09299994	0.505096
2550.97099996	0.502914
2552.98199987	0.541683
2554.97799993	0.48831
2556.88399982	0.509177
2559.35800004	0.488967
2561.92499995	0.520882
2563.0250001	0.45534
2564.9690001	0.541168
2566.98199987	0.538305
2568.96700001	0.441931
2570.97899985	0.52464
2572.96499991	0.544369
2574.96499991	0.527526
2576.9749999	0.492828
2580.10899997	0.46945
2582.61199975	0.531392
2584.81099987	0.546901
2586.45899987	0.528465
2586.97199988	0.533625
2588.96800017	0.510422
2592.44800019	0.526706
2593.51799989	0.53686
2595.9920001	0.505165
2598.08500004	0.475607
2601.33800006	0.527693
2608.25999975	0.429196
2611.21799994	0.450594
2613.36699986	0.497638
2614.30599999	0.540528
2615.14999986	0.532541
2617.63400006	0.537117
2619.53299999	0.520639
2620.21899986	0.549426
2621.18099999	0.162326
2622.4749999	0.532537
2623.62799978	0.535941
2624.70299983	0.530009
2625.85800004	0.532078
2627.77399993	0.502454
2629.01199985	0.505476
2630.97399998	0.54824
2632.96599984	0.519661
2634.98500013	0.539476
2636.96399975	0.550495
2638.96499991	0.544649
2640.9749999	0.493752
2642.93000007	0.515582
2644.97199988	0.538414
2646.98500013	0.569826
2648.97899985	0.554781
2650.97000003	0.526999
2652.97600007	0.449658
2654.97899985	0.488225
2656.977	0.524651
2658.97600007	0.539407
2660.9749999	0.502834
2662.9749999	0.496354
2664.97899985	0.530896
2666.977	0.426982
2668.9749999	0.481596
2670.97099996	0.568105
2673.63899994	0.481771
2674.99599981	0.547119
2676.97999978	0.54365
2678.97300005	0.52828
2680.97899985	0.534387
2682.96599984	0.5282
2684.97600007	0.488276
2686.96599984	0.541246
2688.97799993	0.491571
2690.97899985	0.464494
2693.06200004	0.447701
2694.96700001	0.539461
2696.98099995	0.472589
2698.96700001	0.490167
2701.046	0.5268
2703.33199978	0.427732
2707.22299981	0.529581
2711.36500001	0.410796
2714.88999987	0.53887
2718.00399995	0.523489
2720.8349998	0.542909
2723.08599997	0.493662
2723.94900012	0.549597
2724.01799989	0.549597
2725.41799998	0.468022
2726.74299979	0.489959
2728.28699994	0.526786
2729.06299996	0.515001
2730.23799992	0.537703
2732.81599998	0.446888
2736.66899991	0.510214
2738.921	0.476786
2740.4000001	0.51442
2742.08500004	0.450946
2745.44900012	0.418683
2749.85899997	0.53125
2751.79099989	0.522178
2754.25600004	0.501894
2755.24199986	0.534178
2757.65099978	0.441616
2758.8349998	0.445333
2760.352	0.538504
2761.75699997	0.521536
2763.20399976	0.541784
2764.18199992	0.492151
2765.30799985	0.532064
2766.37400007	0.470348
2768.44499993	0.525731
2769.18599987	0.486825
2771.21399999	0.523045
2773.22399998	0.542122
2775.21600008	0.532107
2777.22399998	0.489081
2779.22399998	0.551667
2781.16000009	0.531562
2783.21799994	0.574576
2785.22799993	0.568298
2787.79200006	0.532124
2791.28100014	0.527251
2794.30299997	0.219491
2797.19499993	0.421054
2799.82299995	0.409973
2802.51599979	0.517581
2805.90400004	0.446188
2806.42599988	0.513432
2808.01499987	0.48198
2810.19700003	0.531475
2811.87599993	0.479284
2813.67400002	0.488157
2814.84599996	0.528355
2815.60699987	0.513752
2816.42799973	0.518412
2817.60699987	0.371879
2820.53600001	0.537188
2821.3349998	0.536407
2823.21600008	0.522978
2825.22799993	0.477228
2829.38199997	0.539957
2830.91100001	0.529969
2831.89600015	0.543283
2833.22099996	0.512403
2835.227	0.528597
2837.22099996	0.465218
2839.21600008	0.488954
2841.21899986	0.532986
2843.21899986	0.536499
2845.22299981	0.538768
2847.22500014	0.477761
2849.21300006	0.500473
2851.22600007	0.561613
2853.15799999	0.500236
2855.21799994	0.500502
2857.21499991	0.317295
2859.22900009	0.534847
2861.21799994	0.50301
2863.37700009	0.532986
2865.4690001	0.502725
2867.22099996	0.542653
2869.21999979	0.495315
2873.40199995	0.442343
2874.61999989	0.514576
2876.59499979	0.378148
2877.87800002	0.541401
2879.33299994	0.533808
2881.21300006	0.538327
2883.21499991	0.476837
2885.227	0.498586
2887.23000002	0.538189
2890.57099986	0.50346
2894.80500007	0.548325
2897.72199988	0.524593
2902.01999974	0.375232
2904.47300005	0.517235
2905.77099991	0.504608
2907.94499993	0.530295
2910.8349998	0.534479
2913.45700002	0.533087
2916.11899996	0.544281
2918.42499995	0.540699
2920.02400017	0.532684
2922.33700013	0.529872
2922.93600011	0.469372
2925.14199996	0.522976
2927.74199986	0.531231
2930.04699993	0.534656
2932.25300002	0.261697
2933.84699988	0.523443
2935.88399982	0.531005
2938.01499987	0.008774
2939.63400006	0.526243
2940.32500005	0.511366
2941.47300005	0.531124
2944.16699982	0.454395
2946.26699996	0.52723
2948.03299999	0.480301
2949.93799996	0.508722
2950.54500008	0.465033
2950.86799979	0.499971
2951.73000002	0.535873
2952.60800004	0.531171
2954.44399977	0.286588
2956.86100006	0.528294
2958.29099989	0.509065
2959.88000011	0.522986
2963.93400002	0.52668
2965.19300008	0.537269
2967.046	0.46298
2968.50900006	0.54325
2970.34100008	0.532994
2972.08599997	0.547293
2973.21300006	0.464072
2975.22799993	0.544281
2977.23200011	0.544281
2979.23000002	0.584584
2981.227	0.509358
2983.22199988	0.550527
2985.46499991	0.558386
2987.22299981	0.528466
2989.477	0.478294
2991.47300005	0.532175
2993.48000002	0.525061
2995.23000002	0.011894
2997.47099996	0.510468
2999.46799994	0.533217
3001.47599983	0.517295
3003.47099996	0.516814
3005.46700001	0.566821
3007.46599984	0.454545
3010.45899987	0.480715
3013.84100008	0.508088
3016.74900007	0.48497
3019.35800004	0.534784
3020.73300004	0.500177
3020.84000015	0.523736
3023.62699986	0.518895
3026.01499987	0.475353
3026.36500001	0.527307
3029.0309999	0.543245
3031.50099993	0.491868
3033.84599996	0.523455
3036.21300006	0.538073
3038.08999991	0.530651
3040.58599997	0.537826
3042.30500007	0.50867
3043.86999989	0.518693
3045.4519999	0.430619
3047.06599998	0.527432
3049.02400017	0.516714
3050.42299986	0.529871
3051.84699988	0.537784
3053.56100011	0.563769
3055.5539999	0.544408
3058.00500011	0.491938
3059.59099984	0.531001
3061.89999986	0.487579
3063.46499991	0.501493
3065.4749999	0.012143
3067.46799994	0.439621
3069.46299982	0.527602
3071.47300005	0.548366
3073.4749999	0.498089
3075.47300005	0.490808
3077.47599983	0.470864
3079.47200012	0.542825
3081.47599983	0.533614
3083.40899992	0.552482
3085.46399999	0.538202
3087.47000003	0.548449
3089.47000003	0.532625
3091.47300005	0.486321
3093.84200001	0.530137
3095.9690001	0.535715
3098.22900009	0.522572
3099.39700007	0.506087
3101.46599984	0.523684
3103.47300005	0.512905
3105.47000003	0.473038
3107.41799998	0.517209
3109.4690001	0.514533
3111.46299982	0.523088
3113.46299982	0.531646
3115.47000003	0.520212
3117.46799994	0.493596
3119.47599983	0.544896
3121.47099996	0.545496
3123.4690001	0.330404
3125.47200012	0.530225
3127.3920002	0.487292
3129.46499991	0.472571
3131.41899991	0.547928
3133.47200012	0.511829
3135.47000003	0.481067
3137.47099996	0.485733
3139.46700001	0.528039
3141.4690001	0.535199
3143.4749999	0.533358
3145.47200012	0.043259
3147.46399999	0.51638
3149.47599983	0.468173
3151.46199989	0.513503
3153.46199989	0.508689
3155.41199994	0.542262
3157.48199987	0.553614
3159.46499991	0.515389
3161.47099996	0.477936
3163.46399999	0.531962
3165.48099995	0.510468
3167.46399999	0.535577
3169.47099996	0.50901
3171.4599998	0.540907
3173.46599984	0.533673
3175.4690001	0.544409
3177.47399998	0.545381
3179.4599998	0.554694
3181.46099997	0.500588
3183.71099997	0.535488
3185.71300006	0.526922
3187.57999992	0.532857
3189.67200017	0.540736
3191.95000005	0.376508
3194.73199987	0.451823
3196.47399998	0.448699
3198.9690001	0.528171
3200.20599985	0.532859
3202.39300013	0.545896
3203.77600002	0.535835
3205.91300011	0.543887
3207.71099997	0.547853
3210.09199977	0.436521
3212.00500011	0.497756
3213.72199988	0.529438
3215.71200013	0.532312
3217.71099997	0.496077
3219.71099997	0.54205
3221.71099997	0.504122
3223.61099982	0.531383
3225.71099997	0.468056
3227.71499991	0.551669
3229.71399999	0.007442
3231.71099997	0.523395
3233.71200013	0.542923
3235.71399999	0.491781
3237.96299982	0.545922
3240.21199989	0.485578
3242.21099997	0.476264
3244.21499991	0.515783
3246.21499991	0.282659
3248.21199989	0.521242
3250.21099997	0.495019
3252.17400002	0.45366
3254.22500014	0.516415
3256.21499991	0.48616
3258.21899986	0.537069
3260.36800003	0.528709
3262.26799989	0.520266
3264.36699986	0.505441
3266.21700001	0.543609
3268.20299983	0.521555
3270.31299996	0.55553
3274.07299995	0.497411
3277.67200017	0.406609
3281.171	0.499559
3283.21799994	0.504003
3285.47899985	0.536913
3287.58899999	0.521121
3289.73000002	0.486215
3290.98699999	0.534978
3291.24299979	0.462269
3291.85099983	0.345376
3292.66699982	0.493003
3294.21799994	0.5151
3296.21600008	0.534946
3298.52900004	0.535133
3300.27099991	0.51373
3302.22600007	0.516844
3304.21899986	0.525409
3306.22199988	0.505224
3308.48699999	0.400334
3310.22199988	0.550652
3312.22199988	0.534427
3314.41300011	0.470402
3316.23200011	0.470864
3318.24199986	0.481318
3320.28100014	0.458301
3322.86400008	0.312518
3327.44199991	0.323721
3331.25	0.080111
3336.34899998	0.192043
3338.1869998	0.230088
3339.23899984	0.169862
3340.05899978	0.307682
3340.84599996	0.316508
3343.42499995	0.293731
3345.13199973	0.361353
3347.71499991	0.407605
3350.171	0.400383
3351.43200016	0.062057
3352.25600004	0.511423
3353.29999971	0.514368
3356.65099978	0.110823
3361.97600007	0.519332
3364.00999999	0.343901
3366.3210001	0.483334
3366.66299987	0.524837
3366.98600006	0.516734
3367.37299991	0.523926
3368.75699997	0.386189
3372.30100012	0.534021
3374.23099995	0.488602
3380.55299997	0.521406
3381.7349999	0.518173
3382.46799994	0.505744
3385.50900006	0.516818
3390.06799984	0.198117
3391.10100007	0.162479
3393.9059999	0.535086
3395.22099996	0.518401
3396.02200007	0.426
3396.62699986	0.528661
3397.78600001	0.523411
3399.48800015	0.456341
3403.21600008	0.494561
3405.41199994	0.538287
3406.63599992	0.534729
3406.7579999	0.554423
3412.6880002	0.104873
3414.00999999	0.112974
3415.14999986	0.108659
3420.06599998	0.044838
3423.08899999	0.347133
3423.65799999	0.471828
3424.08000016	0.505578
3426.00399995	0.022677
3427.98500013	0.529791
3428.61899996	0.489487
3428.70099998	0.489487
3429.73399997	0.529917
3431.43200016	0.545043
3434.30100012	0.527713
3438.28600001	0.50061
3440.99499989	0.527614
3442.73399997	0.495193
3444.53999972	0.537406
3446.39400005	0.532978
3448.81299996	0.545819
3451.57199979	0.519014
3458.73999977	0.447372
3459.31299996	0.554597
3459.55499983	0.513636
3459.9920001	0.543786
3460.18599987	0.507434
3461.51300001	0.530399
3465.17199993	0.521305
3466.75099993	0.455169
3466.88599992	0.523613
3467.24500012	0.460266
3470.01999974	0.544918
3471.60100007	0.533056
3474.19200015	0.491159
3475.49000001	0.50549
3476.95599985	0.542897
3478.6099999	0.493637
3481.29499984	0.498505
3481.46799994	0.511062
3482.40199995	0.557834
3484.46099997	0.512226
3487.24399972	0.454894
3492.68000007	0.533538
3498.1170001	0.430551
3501.20299983	0.476596
3502.61099982	0.549022
3502.89400005	0.529262
3503.227	0.535292
3503.61399984	0.502792
3503.71099997	0.502792
3504.47099996	0.480564
3506.47300005	0.513739
3508.46499991	0.513996
3511.56000018	0.493309
3514.1789999	0.532043
3516.54699993	0.496667
3518.12000012	0.521579
3519.4000001	0.544994
3521.30799985	0.474499
3522.85800004	0.537357
3524.4599998	0.470323
3526.45899987	0.524603
3528.47799993	0.514623
3530.46199989	0.552829
3532.73099995	0.533585
3535.37299991	0.473389
3537.90199995	0.505404
3540.375	0.43872
3541.74699998	0.534929
3542.84500003	0.530607
3544.46299982	0.480927
3546.72500014	0.518024
3548.47799993	0.395516
3550.47399998	0.531219
3552.46700001	0.531284
3554.45899987	0.489181
3556.46599984	0.49348
3558.47000003	0.506821
3560.71200013	0.533866
3562.67200017	0.507476
3564.59099984	0.540847
3566.71200013	0.480635
3569.74500012	0.484472
3572.25399995	0.530353
3574.61099982	0.538417
3577.95799994	0.528619
3580.6309998	0.538704
3582.72000003	0.501056
3584.54799986	0.359682
3587.15700006	0.082741
3591.82500005	0.159622
3594.09199977	0.465604
3595.77600002	0.523785
3597.32000017	0.506476
3598.89999986	0.179176
3600.60899997	0.538085
3601.84500003	0.478725
3603.39099979	0.532632
3605.1559999	0.537433
3606.5309999	0.499294
3607.85399985	0.531785
3609.50500011	0.415194
3611.64100003	0.500133
3613.36599994	0.476254
3614.72500014	0.532645
3615.70099998	0.488267
3617.079	0.5463
3618.71799994	0.53501
3621.14299989	0.534691
3623.13199973	0.527019
3625.18900013	0.505556
3627.49799991	0.509685
3628.71399999	0.534551
3630.72199988	0.373739
3632.78500009	0.547928
3634.727	0.439419
3636.70799994	0.525798
3638.73199987	0.53635
3640.63700008	0.343088
3646.21499991	0.149677
3652.53499985	0.306918
3655.01999974	0.505347
3656.01999974	0.518179
3657.44599986	0.232214
3659.14299989	0.547901
3660.64699984	0.554958
3662.15400004	0.54156
3663.30999994	0.549715
3664.74600005	0.527393
3666.50500011	0.540009
3667.90100002	0.544445
3669.41100001	0.534354
3670.54500008	0.542099
3672.1170001	0.527189
3675.47200012	0.141755
3679.16799998	0.207817
3682.47399998	0.121387
3686.11899996	0.179339
3688.41999984	0.416886
3690.25499988	0.052286
3692.26699996	0.104184
3693.95700002	0.273065
3695.70599985	0.52675
3696.69899988	0.501347
3697.67599988	0.48978
3699.19400001	0.530687
3700.91899991	0.485769
3702.73799992	0.428284
3704.55200005	0.436464
3705.85099983	0.559468
3707.02400017	0.534945
3708.43799996	0.491328
3710.24099994	0.506404
3712.05999994	0.537592
3713.72299981	0.523837
3715.58100009	0.48886
3716.86699986	0.494441
3718.73000002	0.532337
3720.727	0.520607
3722.72399974	0.407344
3724.71099997	0.513164
3726.71599984	0.543504
3728.90999985	0.541065
3730.66699982	0.388511
3732.72800016	0.527279
3734.65099978	0.494675
3736.68599987	0.539217
3738.72099996	0.532379
3740.71700001	0.53166
3742.71700001	0.454899
3744.98900008	0.412271
3747.91300011	0.267798
3753.44599986	0.17901
3758.96099997	0.389109
3761.39099979	0.263138
3764.08500004	0.243441
3766.78799987	0.299354
3768.36399984	0.308314
3769.44900012	0.265074
3771.25	0.098453
3772.9059999	0.139846
3774.65199995	0.220412
3776.29899979	0.135899
3778.32200003	0.525518
3779.36199999	0.159796
3779.6869998	0.491872
3780.69199991	0.538863
3783.1079998	0.217634
3786.09800005	0.310348
3787.89499998	0.533813
3790.02799988	0.530542
3791.00199986	0.539501
3792.33999991	0.466517
3793.36000013	0.025926
3797.31800008	0.187823
3800.29399991	0.388083
3801.51899981	0.422023
3803.17799997	0.409717
3804.72800016	0.464915
3806.27200007	0.474179
3808.97199988	0.497543
3810.28500009	0.526572
3812.7440002	0.501809
3815.34899998	0.534318
3816.84699988	0.418741
3818.80200005	0.17838
3821.16799998	0.358494
3823.24399972	0.451703
3825.18400002	0.535544
3827.62599993	0.424376
3829.454	0.402396
3832.2650001	0.036684
3833.69300008	0.167294
3835.45000005	0.538745
3836.9920001	0.535993
3838.7349999	0.524354
3840.4519999	0.471164
3842.32800007	0.250293
3843.90999985	0.297972
3847.24600005	0.266709
3849.40799999	0.022571
3851.94199991	0.27412
3853.63599992	0.294167
3855.23799992	0.274683
3858.56800008	0.499735
3859.97999978	0.540379
3862.19599986	0.456156
3864.40399981	0.533258
3866.21099997	0.515578
3867.86100006	0.526417
3869.83399987	0.312644
3874.02600002	0.435786
3876.12999988	0.078172
3878.09499979	0.375703
3879.84899998	0.407851
3881.22600007	0.513416
3883.41999984	0.4672
3885.63899994	0.406283
3888.36999989	0.465164
3889.91799998	0.508567
3890.51799989	0.50725
3892.54500008	0.534133
3896.08000016	0.51597
3899.25499988	0.544681
3899.49300003	0.555846
3900.19899988	0.51212
3901.5079999	0.521378
3902.93499994	0.481563
3903.57199979	0.513107
3905.28800011	0.541108
3905.6869998	0.488691
3906.95599985	0.527884
3908.97099996	0.537516
3910.96000004	0.49272
3912.95599985	0.520321
