0.0	0.223532
0.386000156403	0.223532
0.653000116348	0.223532
1.13000011444	0.223532
1.51300024986	0.223532
1.875	0.282093
2.19400024414	0.282093
2.49200034142	0.282093
3.02600026131	0.282093
3.62300014496	0.282093
5.77200031281	0.234979
7.77400016785	0.234979
9.77100014687	0.23262
11.7710001469	0.23262
13.7660002708	0.357749
15.7690002918	0.444442
17.6450002193	0.553575
19.7650003433	0.726257
21.7680001259	0.726257
23.7730002403	0.726257
25.7710001469	0.898693
27.7750000954	0.500039
29.7720003128	0.500039
31.7730002403	0.500039
33.7760000229	0.500039
35.7700002193	0.500039
37.7720003128	0.500039
39.7740001678	0.500039
41.5870001316	0.500039
43.7760000229	0.500039
45.7690002918	0.500039
47.7750000954	0.500039
49.7730002403	0.500039
51.7770001888	0.500039
53.7700002193	0.500039
55.7710001469	0.500039
57.7700002193	0.500039
59.7700002193	0.500039
61.7720003128	0.084313
63.7700002193	0.083104
65.7710001469	0.083441
67.7720003128	0.139315
69.7710001469	0.102587
71.7660002708	0.192855
73.7740001678	0.221595
75.7730002403	0.263352
77.7740001678	0.367698
79.7640001774	0.45662
81.7640001774	0.58662
83.7710001469	0.727011
85.7710001469	0.451597
87.7750000954	0.918359
89.7650003433	0.918359
91.7740001678	0.905739
