0.0	2.761155
0.743999958038	2.690921
1.10100007057	2.795018
1.32400012016	2.795018
1.61499977112	2.795018
2.51300001144	2.431909
3.27699995041	2.53789
5.12800002098	2.683124
5.75699996948	2.716183
6.53399991989	1.745007
6.89499974251	1.745007
8.70499992371	1.745007
10.7049999237	2.306541
12.7070000172	2.782502
14.7049999237	2.782502
17.4530000687	2.970226
19.4530000687	0.333591
21.4530000687	2.098199
23.4549999237	2.730497
25.4549999237	0.710242
27.4619998932	1.576222
29.4549999237	1.576222
31.4549999237	2.965733
33.4549999237	2.432516
35.4530000687	2.207138
37.4619998932	0.008926
39.4570000172	2.902708
41.4549999237	2.734351
43.4570000172	2.734351
45.4549999237	0.046368
47.4560000896	1.098411
49.4560000896	1.098411
51.3989999294	1.098411
53.4530000687	1.098411
55.4560000896	1.17881
57.4609999657	1.353127
59.4590001106	2.863549
61.4549999237	2.487403
63.4549999237	1.800758
65.4649999142	2.975168
67.4519999027	2.975168
69.4549999237	2.975168
71.4600000381	2.975168
73.4560000896	2.975168
75.4549999237	2.975168
77.4519999027	2.442482
79.4600000381	2.424008
81.4530000687	1.277748
83.4570000172	2.428723
85.4549999237	2.428723
87.4549999237	2.428723
89.4600000381	2.428723
91.4539999962	2.753776
93.4579999447	2.753776
95.4619998932	2.753776
97.4570000172	2.753776
99.4600000381	2.753776
101.460000038	2.753776
103.45600009	2.753776
105.457999945	2.753776
107.454999924	2.753776
109.454999924	2.467737
111.454999924	2.164028
113.460000038	0.126628
115.460000038	2.587707
117.45600009	2.401241
119.454999924	2.401241
121.450999975	2.401241
123.451999903	1.62287
125.454999924	1.62287
127.451999903	2.821581
129.450999975	1.175089
131.453000069	2.494395
133.454999924	2.489672
135.453000069	2.489672
137.453000069	2.820619
139.457999945	2.801268
141.459000111	1.987002
143.454999924	2.686933
145.453999996	2.686933
147.460999966	2.686933
149.460000038	2.708852
151.45600009	2.689932
153.453000069	2.689932
155.45600009	2.689932
157.460000038	1.104268
159.459000111	2.815836
161.45600009	2.266831
163.453999996	2.795539
165.461999893	2.517506
167.457999945	2.864756
169.451999903	2.83102
171.404000044	2.83102
173.451999903	2.83102
175.460000038	2.83102
177.453999996	2.83102
179.453999996	2.83102
181.454999924	2.83102
183.460000038	2.83102
185.451999903	0.524235
187.45600009	0.501522
189.45600009	0.616682
191.457999945	0.598398
193.462999821	0.618951
195.454999924	0.969711
197.453999996	1.103116
199.459000111	1.176264
201.460000038	1.166786
203.451999903	1.369347
205.454999924	1.293975
207.451999903	1.284645
209.45600009	1.474755
211.453999996	1.770206
213.453999996	1.744065
215.453000069	1.744065
217.453999996	1.744065
219.453999996	1.744065
