0.0	0.680177
0.588999986649	0.680177
1.09900021553	0.077725
1.50999999046	0.069266
1.91700005531	0.069266
2.71200013161	0.076907
3.14700007439	0.081369
4.09900021553	0.187052
4.44900012016	0.195383
4.78200006485	0.206938
5.84200024605	0.272126
7.84200024605	0.372151
9.84100008011	0.372151
11.8430001736	0.372151
13.842000246	0.372151
15.8430001736	0.372151
17.842000246	0.372151
19.8470001221	0.369532
21.8410000801	0.480451
23.8470001221	0.480451
25.8430001736	0.480451
27.8459999561	0.480451
29.8430001736	0.480451
31.8500001431	0.476193
33.8489999771	0.515342
35.8410000801	0.515342
37.8430001736	0.515342
39.8459999561	0.515342
41.8450000286	0.515342
43.842000246	0.515342
45.842000246	0.515342
47.842000246	0.500184
49.842000246	0.500184
51.8440001011	0.500184
53.8450000286	0.500184
55.8410000801	0.500184
57.8450000286	0.500184
59.8450000286	0.516876
61.8450000286	0.516876
63.8430001736	0.516876
65.8430001736	0.516876
67.8450000286	0.737315
69.842000246	0.698982
71.842000246	0.698982
73.842000246	0.698982
75.8430001736	0.698982
77.8519999981	0.698982
79.842000246	0.698982
81.8430001736	0.698982
83.8459999561	0.698982
85.8459999561	0.698982
87.8470001221	0.698982
89.8519999981	0.698982
91.8459999561	0.711958
93.8410000801	0.65532
95.8459999561	0.65532
97.8470001221	0.763496
99.8450000286	0.743647
101.842000246	0.743647
103.847000122	0.743647
105.843000174	0.743647
107.845999956	0.743647
109.844000101	0.743647
111.844000101	0.743647
113.84100008	0.743647
115.847000122	0.750078
117.842000246	0.76079
119.842000246	0.747291
121.845000029	0.831439
123.844000101	1.039821
125.844000101	1.020086
127.842000246	1.020086
129.844000101	1.02167
131.825000048	1.042325
133.847000122	1.001122
135.845999956	1.30335
137.844000101	1.290231
139.844000101	1.266982
141.845000029	1.466029
143.858000278	1.42554
145.845000029	1.444453
147.845999956	1.357549
149.845999956	1.41173
151.845000029	1.347601
153.845999956	1.390731
155.842000246	1.715008
157.844000101	1.715008
159.845000029	1.715008
161.845000029	1.715008
163.847000122	1.715008
165.840000153	1.783384
167.845000029	1.783384
169.845000029	1.783384
171.845999956	1.783384
173.847000122	1.783384
175.845999956	1.783384
178.096000195	1.783384
179.857000113	1.783384
182.096000195	1.783384
184.094000101	1.783384
186.095000267	1.783384
188.096000195	1.783384
190.09100008	1.783384
192.098000288	1.783384
194.092000008	1.783384
196.092000008	1.783384
198.092000008	2.148908
200.097000122	2.148908
202.09100008	2.29
204.094000101	2.259443
206.095000267	2.259443
208.094000101	2.259443
210.092999935	2.259443
212.09100008	2.259443
214.094000101	2.259443
216.092999935	2.259443
218.092999935	2.247256
220.092000008	2.247256
222.092999935	2.247256
224.092000008	2.247256
226.09100008	2.247256
228.094000101	2.247256
230.092000008	2.247256
232.393000126	2.247256
234.09100008	2.247256
236.094000101	2.247256
238.094000101	2.247256
240.092999935	2.202036
242.099000216	2.202036
244.09100008	2.202036
246.092000008	2.068881
248.100000143	2.068881
250.100000143	2.068881
252.092999935	2.068881
254.092999935	2.068881
256.094000101	2.068881
258.092999935	2.068881
260.096000195	2.068881
262.09100008	2.068881
264.092000008	2.202814
266.092000008	2.202814
268.092000008	2.202814
270.09100008	1.97479
272.094000101	1.97479
274.095000267	1.97479
276.098000288	1.97479
278.092999935	1.97479
280.092999935	1.97479
282.092000008	1.97479
284.092000008	1.97479
286.092999935	1.97479
288.095000267	1.97479
290.09100008	1.97479
292.090000153	1.97479
294.095000267	1.97479
296.098000288	1.97479
298.092000008	2.285352
300.092999935	2.285352
302.094000101	2.285352
304.097000122	2.285352
306.098000288	2.285352
308.09100008	2.285352
310.090000153	2.285352
312.09100008	2.285352
314.095000267	2.285352
316.097000122	2.285352
318.095000267	2.285352
320.09100008	2.285352
322.098000288	2.285352
324.092999935	2.285352
326.094000101	2.285352
328.092000008	2.285352
330.098000288	2.285352
332.092000008	2.285352
334.092999935	2.285352
336.092999935	2.285352
338.096000195	2.285352
340.092999935	2.285352
342.097000122	2.714061
344.097000122	2.714061
346.097000122	2.714061
348.096000195	2.714061
350.095000267	2.714061
352.34800005	2.714061
354.345000029	2.714061
356.346000195	2.714061
358.348999977	2.714061
360.344000101	2.714061
362.276000023	2.714061
364.344000101	2.714061
366.347000122	2.714061
368.344000101	2.714061
370.34800005	2.714061
372.370000124	2.714061
374.344000101	2.714061
376.345000029	2.714061
378.344000101	2.714061
380.344000101	2.714061
382.344000101	2.714061
384.346000195	2.714061
386.344000101	2.714061
388.346000195	2.714061
390.345000029	2.714061
392.346000195	2.714061
394.344000101	2.714061
396.345000029	2.714061
398.344000101	2.714061
400.345000029	2.714061
402.347000122	2.714061
404.34800005	2.714061
406.347000122	2.714061
408.347000122	2.714061
410.345000029	2.714061
412.345000029	2.714061
414.351999998	2.714061
416.346000195	2.714061
418.343000174	2.714061
420.34800005	2.714061
422.343000174	2.714061
424.34800005	2.714061
426.34800005	2.714061
428.344000101	2.714061
430.347000122	2.714061
432.347000122	2.714061
434.285000086	2.714061
436.343000174	2.714061
438.345000029	2.714061
440.345000029	2.714061
442.346000195	2.714061
444.347000122	2.714061
446.346000195	2.714061
448.346000195	2.714061
450.346000195	2.714061
452.346000195	2.714061
454.347000122	2.714061
456.347000122	2.714061
458.32400012	2.714061
460.347000122	2.714061
462.345000029	2.714061
464.344000101	2.714061
466.346000195	2.714061
468.346000195	2.714061
470.343000174	2.714061
472.35400033	2.714061
474.351000071	2.714061
476.347000122	2.714061
478.344000101	2.714061
480.348999977	2.714061
482.286000013	2.714061
484.347000122	2.714061
486.34800005	2.714061
488.345000029	2.714061
490.347000122	2.714061
492.349999905	2.714061
494.347000122	2.714061
496.349999905	2.714061
498.343000174	2.714061
500.348999977	2.642927
502.34800005	2.642927
504.346000195	2.642927
506.34800005	2.642927
508.346000195	2.642927
510.344000101	2.642927
512.348999977	2.642927
514.348999977	2.642927
516.348999977	2.642927
518.34800005	2.642927
520.344000101	2.642927
522.346000195	2.642927
524.345000029	2.642927
526.34800005	2.642927
528.347000122	2.642927
530.34800005	2.642927
532.348999977	2.642927
534.34800005	2.642927
536.348999977	3.151712
538.34800005	3.151712
540.345000029	3.151712
542.346000195	3.151712
544.351000071	3.151712
546.353000164	3.151712
548.36500001	3.151712
550.348999977	3.151712
552.346000195	3.151712
554.351999998	3.151712
556.34800005	3.151712
558.349999905	3.151712
560.346000195	3.151712
562.351000071	3.151712
564.600000143	3.151712
566.59400034	3.151712
568.59800005	3.151712
570.599000216	3.151712
572.59800005	3.151712
574.59400034	3.151712
576.625	3.151712
578.595000267	3.151712
580.595000267	3.151712
582.601000071	3.151712
584.59400034	3.151712
586.595000267	3.151712
588.595000267	3.151712
590.595000267	3.151712
592.59400034	3.151712
594.597000122	3.211216
596.595000267	3.211216
598.59800005	3.209884
600.595000267	3.167731
602.595000267	1.518484
604.596000195	1.939986
606.597000122	3.462631
608.597000122	3.462631
610.595000267	3.462631
612.595000267	3.462631
614.59400034	3.462631
616.596000195	3.462631
618.59400034	3.462631
620.596000195	3.462631
622.595000267	3.462631
624.59800005	3.462631
626.597000122	3.462631
628.59400034	3.462631
630.599000216	3.462631
632.616000175	3.462631
634.596000195	3.462631
636.596000195	3.462631
638.59800005	3.462631
640.59400034	3.462631
642.59400034	3.462631
644.596000195	3.462631
646.595000267	3.462631
648.592999935	3.462631
650.59400034	3.462631
652.597000122	3.462631
654.59400034	3.462631
656.59400034	3.462631
658.59400034	3.462631
660.597000122	3.462631
662.592999935	3.462631
664.59400034	3.462631
666.59400034	3.462631
668.596000195	3.462631
670.644000053	3.462631
672.59800005	3.462631
674.59400034	3.462631
676.59400034	3.462631
678.595000267	3.462631
680.59400034	3.552691
682.59400034	3.552691
684.59400034	3.494014
686.59800005	3.494014
688.59400034	3.494014
690.59400034	3.494014
692.595000267	3.494014
694.59400034	3.494014
696.592999935	3.494014
698.59400034	3.494014
700.596000195	3.494014
702.592999935	3.494014
704.592999935	3.494014
706.596000195	3.494014
708.599000216	3.494014
710.595000267	3.494014
712.599000216	3.494014
714.59400034	3.494014
716.59800005	3.494014
718.597000122	3.494014
720.596000195	1.227256
722.595000267	1.205913
724.599000216	1.205913
726.59400034	1.27365
728.592999935	1.27365
730.595000267	1.548914
732.59400034	1.564472
734.596000195	1.564472
736.596000195	1.574627
738.596000195	1.899911
740.59400034	1.9298
742.59400034	1.9298
744.600000143	1.9298
746.601000071	1.9298
748.595000267	1.9298
750.59400034	1.9298
752.596000195	1.9298
754.59800005	1.9298
756.601000071	1.9298
758.59800005	1.9298
760.604000092	1.9298
762.597000122	1.9298
764.59800005	1.9298
766.595000267	1.9298
768.604000092	1.9298
770.597000122	0.154654
773.472000122	0.660088
774.59800005	1.010312
776.59800005	1.010312
778.59800005	1.010312
780.59400034	1.010312
782.596000195	1.010312
784.59400034	1.011562
786.600000143	1.011562
788.596000195	1.011562
790.595000267	1.011562
792.592999935	1.011562
794.599000216	1.011562
796.599000216	1.011562
798.597000122	1.011562
800.596000195	1.00741
802.59800005	1.002394
804.592999935	1.2383
806.597000122	1.2383
808.597000122	1.2383
810.845999956	1.2383
812.844000101	1.2383
814.845000029	1.142525
816.845999956	1.261537
818.84800005	1.261537
820.847000122	1.261537
822.84800005	1.261537
824.848999977	1.261537
826.848999977	1.261537
828.848999977	1.261537
830.845999956	1.261537
832.810000181	1.261537
834.851000071	1.261537
836.847000122	1.325307
838.851000071	1.506882
840.845999956	1.510822
842.84800005	1.504346
844.860000134	1.529763
846.851000071	1.490303
848.845999956	1.468318
850.845999956	1.791474
852.848999977	1.77691
854.845000029	1.76513
856.785000086	2.050687
858.847000122	2.157564
860.845000029	2.539917
862.851999998	2.533389
864.84800005	2.808377
866.847000122	2.808377
868.847000122	2.808377
870.84800005	2.808377
872.844000101	2.808377
874.845999956	2.808377
876.847000122	2.808377
878.84800005	2.808377
880.773999929	2.808377
882.853000164	2.808377
884.853000164	2.808377
886.850000143	2.808377
888.848999977	2.808377
890.847000122	0.008967
898.125999928	0.192676
898.666000128	0.246785
899.399000168	0.378917
899.907999992	0.517269
900.844000101	0.745276
902.845999956	0.893737
904.847000122	0.893737
906.845999956	0.893737
908.850000143	0.893737
910.850000143	0.893737
912.848999977	0.893737
914.845999956	0.893737
916.848999977	0.893737
918.850000143	0.893737
920.853000164	0.893737
923.106000185	0.893737
924.851999998	0.893737
926.847000122	0.893737
928.848999977	0.893737
930.847000122	0.893737
932.848999977	0.893737
934.84800005	0.893737
936.847000122	0.893737
938.847000122	0.893737
940.847000122	0.893737
942.847000122	0.893737
944.850000143	0.893737
946.84800005	0.893737
948.848999977	0.893737
950.84800005	0.893737
952.850000143	0.878733
954.845000029	0.878733
956.84800005	0.869824
958.845999956	0.880898
960.848999977	0.880898
962.851999998	0.880898
964.854000092	0.880898
966.847000122	0.880898
968.84800005	0.880898
970.850000143	0.880898
972.851000071	0.880898
974.851000071	0.880898
976.850000143	0.880898
978.850000143	0.880898
980.84800005	0.880898
982.847000122	0.880898
984.848999977	0.880898
986.84800005	0.880898
988.850000143	0.880898
990.850000143	0.880898
992.851000071	0.880898
994.851999998	0.880898
996.84800005	0.880898
998.847000122	0.880898
1000.84200025	0.880898
1002.84599996	0.880898
1004.84700012	0.880898
1006.84899998	0.880898
1008.84599996	0.852257
1010.84899998	0.867476
1012.84899998	0.867476
1014.852	0.867476
1016.84800005	0.867476
1018.852	0.867476
1020.84599996	0.867476
1022.84800005	0.867476
1024.87100029	0.86721
1026.84599996	0.858731
1028.84599996	0.858731
1030.85100007	0.858731
1032.84800005	0.888883
1034.85000014	0.888883
1036.84800005	0.873832
1038.84599996	0.871542
1040.84599996	1.225016
1042.84800005	1.220049
1044.84599996	1.194899
1046.84899998	1.184405
1048.84800005	1.218545
1050.85300016	1.218255
1052.84599996	1.491261
1054.86300015	1.439185
1056.84700012	1.460635
1058.84800005	1.460635
1060.85000014	1.460635
1063.09700012	1.460635
1065.10100007	1.460635
1067.10000014	1.460635
1069.09700012	1.460635
1071.09800029	1.460635
1073.09700012	1.460635
1075.09700012	1.460635
1077.09500027	1.460635
1079.09700012	1.460635
1081.09500027	1.460635
1083.09600019	1.460635
1085.09500027	1.460635
1087.05200005	1.460635
1089.09600019	1.460635
1091.09600019	1.460635
1093.09800029	1.460635
1095.09700012	1.460635
1097.10100007	1.597591
1099.09900022	1.597591
1101.09900022	1.597591
1103.09600019	1.597591
1105.10100007	1.597591
