0.0	1.745823
0.183000087738	2.22023
0.461000204086	0.222593
0.651000022888	0.560331
0.891000032425	1.438447
1.23099994659	0.295686
1.55100011826	1.278718
1.867000103	1.514103
2.15700006485	1.514103
3.48300004005	0.006862
5.38300013542	1.451737
7.48300004005	1.769779
9.49099993706	0.428795
11.4830000401	1.754443
13.4830000401	2.312566
15.4830000401	2.318599
17.4839999676	1.572737
19.4930002689	1.916395
21.4930002689	1.632293
23.4830000401	2.063325
25.4820001125	1.683398
27.4830000401	1.28947
29.4990000725	1.731816
31.4830000401	1.594936
33.4830000401	1.658337
35.4930002689	1.775658
37.4830000401	1.673644
39.4830000401	2.021543
41.4830000401	1.677286
43.4830000401	1.721396
45.4830000401	1.735044
47.4830000401	1.336977
49.4830000401	1.669156
51.4830000401	1.451354
53.4030001163	1.881133
55.4830000401	1.24148
57.4909999371	1.833194
59.4830000401	1.659727
61.4930002689	1.306095
63.4830000401	1.347541
65.4830000401	1.263371
67.4830000401	1.607062
69.4830000401	1.564279
71.4830000401	1.043565
73.4930002689	1.954994
75.4830000401	1.634007
77.4850001335	1.712197
79.4830000401	1.780128
81.4830000401	1.23292
83.4830000401	1.074858
85.4930002689	0.574607
87.4830000401	1.902229
89.4830000401	1.95289
91.4830000401	2.008516
93.4830000401	1.849371
95.4909999371	1.610404
97.4830000401	1.323237
99.4909999371	1.74145
101.493000269	1.649268
103.472999811	1.613271
105.490999937	1.439708
107.48300004	1.683149
109.490999937	1.591929
111.48300004	1.415771
113.48300004	1.461983
115.48300004	1.082836
117.483999968	0.942947
119.643000126	1.016459
121.463999987	0.750404
123.931999922	1.117572
126.646000147	0.921103
129.01300025	0.894402
130.653000116	1.365213
132.10800004	1.082344
133.48300004	1.004294
135.48300004	1.650338
137.499000072	1.767075
139.672999859	1.398235
141.73300004	1.276852
