0.0	1.570406
0.0700001716614	1.60674
0.130000114441	1.60674
0.185000181198	1.60674
0.265000104904	1.560386
0.325000286102	1.560386
0.400000095367	1.634435
0.461000204086	1.634435
1.55999994278	1.85403
3.5759999752	1.85403
5.55999994278	1.54352
7.55999994278	1.54352
9.55999994278	1.54352
11.5599999428	0.171179
13.5599999428	0.241093
15.5599999428	1.578863
17.5599999428	1.578863
19.5850002766	1.707702
21.5599999428	1.707702
23.5599999428	1.707702
25.5599999428	0.887115
27.5599999428	2.035262
29.5759999752	1.161896
31.5660002232	1.161896
33.5599999428	0.788437
35.5599999428	0.730461
37.5599999428	0.730461
39.5650000572	0.500177
41.5599999428	0.644095
43.5610001087	0.400381
45.5599999428	0.630658
47.5610001087	0.567339
49.6500000954	0.459302
51.5599999428	0.459302
53.7300000191	0.404372
55.5599999428	0.907885
57.5599999428	0.629115
59.5650000572	0.247079
61.6150000095	0.346859
63.5599999428	0.614293
65.5599999428	0.505623
67.5599999428	0.650217
69.5610001087	0.650217
71.5599999428	0.650217
73.6510000229	0.139801
75.5599999428	0.514595
77.5599999428	1.045127
79.6300001144	1.045127
81.5599999428	1.045127
83.5599999428	0.740359
85.5610001087	0.740359
87.5599999428	0.366805
89.5599999428	0.374364
91.5599999428	0.529295
93.5599999428	1.057781
95.5599999428	1.152696
97.5599999428	0.835334
99.5599999428	0.835334
101.559999943	0.903406
103.559999943	1.06907
105.555000067	0.579964
107.61500001	1.109826
109.559999943	1.109826
111.559999943	0.30236
113.559999943	0.53447
115.561000109	0.53447
117.559999943	1.017765
119.559999943	0.80369
121.559999943	0.568468
123.559999943	0.568468
125.559999943	0.45846
127.61500001	0.88143
129.559999943	0.397601
131.559999943	1.169269
133.561000109	1.169269
135.559999943	0.063433
137.559999943	0.418925
139.559999943	1.209793
141.559999943	1.209793
143.559999943	1.209793
145.559999943	1.209793
147.559999943	1.209793
149.555000067	0.003364
151.559999943	0.444747
153.559999943	0.444747
155.876000166	1.106832
157.910000086	1.106832
159.820000172	0.774552
161.820000172	0.774552
163.654999971	1.241104
165.820000172	1.241104
167.820000172	0.979121
169.910000086	0.51734
171.820000172	0.584973
173.820000172	0.884603
175.821000099	0.803494
177.821000099	1.0436
179.90500021	0.338423
181.820000172	0.529958
183.820000172	0.801232
185.820000172	1.024011
187.820000172	1.024011
189.820000172	1.024011
191.820000172	1.024011
193.820000172	1.300175
195.821000099	1.300175
197.821000099	1.300175
199.820000172	1.300175
201.820000172	1.300175
203.820000172	1.373681
205.820000172	0.112709
207.820000172	0.268145
209.820000172	0.268145
211.799999952	0.2684
213.820000172	0.2684
215.826000214	0.269332
217.821000099	0.498407
219.906000137	0.02513
221.820000172	0.512804
223.820000172	0.156355
225.821000099	0.651924
227.820000172	0.314636
229.820000172	0.484659
231.821000099	0.619839
233.820000172	0.77185
235.820000172	1.044865
237.820000172	1.131245
239.820000172	1.131245
241.820000172	1.204858
243.820000172	1.442426
245.820000172	0.858753
247.870000124	0.858753
249.914999962	0.858753
251.820000172	1.171859
253.820000172	1.155682
255.820000172	1.023883
257.821000099	0.838375
259.821000099	0.590254
261.821000099	0.721116
263.821000099	0.721116
265.820000172	2.767906
267.820000172	2.767906
269.820000172	2.767906
271.820000172	2.767906
273.870000124	2.767906
275.906000137	2.767906
277.820000172	2.767906
279.820000172	2.767906
281.821000099	2.767906
283.820000172	0.494197
285.820000172	0.609471
287.820000172	0.613092
289.820000172	0.502209
291.820000172	0.759498
293.820000172	1.125348
295.820000172	0.568321
297.821000099	0.568321
299.821000099	1.168969
301.825000286	1.168969
303.90500021	0.747518
305.820000172	0.747518
307.820000172	0.870708
309.820000172	0.881825
311.820000172	0.560831
313.820000172	0.833113
315.820000172	0.121613
317.820000172	1.170353
319.821000099	1.170353
321.90500021	1.170353
323.820000172	1.326073
325.866000175	1.326073
327.821000099	1.055368
329.820000172	1.055368
331.950000048	0.004333
333.90500021	0.644787
335.820000172	0.644787
337.820000172	0.048026
339.820000172	0.52484
341.820000172	1.321867
343.821000099	0.133823
345.820000172	0.499888
347.821000099	0.003323
349.821000099	1.609172
351.820000172	2.965984
353.821000099	1.898598
355.821000099	1.898598
357.910000086	1.898598
359.821000099	1.898598
361.820000172	1.898598
363.820000172	1.898598
365.820000172	0.52708
367.90500021	1.564521
369.820000172	1.564521
372.036000252	1.165067
373.820000172	1.276025
375.820000172	0.901064
377.820000172	0.901064
379.821000099	1.354838
381.820000172	0.702998
383.820000172	0.702998
385.821000099	1.095605
387.820000172	1.095605
389.820000172	0.377879
391.820000172	0.605796
393.821000099	1.481016
395.821000099	0.655218
397.821000099	1.256323
399.820000172	1.380043
401.821000099	1.380043
403.820000172	1.380043
405.821000099	1.380043
407.820000172	1.380043
409.820000172	1.536688
411.825000286	1.536688
413.825000286	1.249761
415.820000172	1.04677
418.066000223	1.168349
420.060000181	1.168349
422.060000181	1.168349
424.055000067	1.168349
426.060000181	1.168349
428.060000181	1.168349
430.060000181	1.168349
432.060000181	1.168349
434.060000181	1.602614
436.060000181	1.602614
438.059000015	1.602614
440.065000057	1.602614
442.035000086	0.898669
444.060000181	0.898669
446.060000181	0.898669
448.066000223	0.953174
450.060000181	0.953174
452.061000109	1.238925
454.11500001	0.927696
456.060000181	1.3809
458.060000181	0.463445
460.060000181	0.578676
462.061000109	1.095997
464.060000181	1.095997
465.900000334	1.43918
468.11500001	1.43918
470.079999924	1.43918
472.060000181	1.833097
474.060000181	1.833097
476.060000181	1.349066
478.060000181	1.349066
480.060000181	1.349066
482.060000181	1.509755
484.060000181	1.509755
486.061000109	1.296453
488.170000076	1.296453
490.025000095	0.18294
492.060000181	0.667408
494.061000109	0.793154
496.061000109	1.705126
498.150000095	1.525174
500.062999964	1.629131
502.060000181	1.629131
504.265000105	1.629131
506.061000109	1.616161
508.060000181	1.658421
510.060000181	0.729238
512.061000109	0.729238
514.061000109	0.491502
516.060000181	0.491502
518.060000181	1.340648
520.061000109	0.882456
522.060000181	1.363034
524.060000181	1.165016
526.060000181	1.223534
528.060000181	1.223534
530.060000181	2.722531
532.151000023	1.829827
534.061000109	1.829827
536.061000109	1.829827
538.060000181	3.793958
540.060000181	3.793958
542.060000181	3.793958
544.060000181	3.644555
546.060000181	3.994216
548.060000181	4.057236
550.060000181	3.282197
552.060000181	3.282197
554.060000181	3.282197
556.060000181	3.282197
558.060000181	3.282197
560.061000109	3.282197
562.061000109	3.282197
564.060000181	3.282197
566.060000181	3.282197
568.060000181	3.282197
570.060000181	3.282197
572.060000181	3.803077
574.060000181	3.803077
576.060000181	3.803077
578.061000109	3.803077
580.060000181	3.803077
582.170000076	3.803077
584.060000181	3.803077
586.060000181	3.803077
588.060000181	3.803077
590.061000109	3.803077
592.060000181	3.803077
594.060000181	3.803077
596.061000109	3.803077
598.061000109	3.803077
600.170000076	3.803077
602.060000181	4.08961
604.060000181	4.08961
606.061000109	4.08961
608.060000181	4.08961
610.060000181	4.08961
612.170000076	4.08961
614.060000181	4.08961
616.060000181	4.08961
618.061000109	4.08961
620.061000109	4.08961
622.060000181	4.08961
624.170000076	4.08961
626.170000076	4.08961
628.060000181	4.08961
630.060000181	4.863073
632.060000181	1.609183
634.060000181	5.309349
636.060000181	5.309349
638.060000181	5.309349
640.060000181	5.309349
642.060000181	5.309349
644.060000181	5.309349
646.060000181	5.309349
648.060000181	5.309349
650.060000181	5.309349
652.061000109	4.205341
654.321000099	0.750499
656.319999933	5.804154
658.321000099	2.894418
660.321000099	6.061316
662.319999933	5.66974
664.321000099	6.161545
666.319999933	5.730187
668.321000099	7.01046
670.319999933	3.71197
672.319999933	3.71197
674.325000286	3.71197
676.321000099	3.71197
678.319999933	5.828725
680.321000099	5.828725
682.321000099	5.828725
684.321000099	5.828725
686.321000099	0.825512
688.319999933	2.086851
690.319999933	2.086851
692.319999933	2.086851
694.319999933	2.086851
696.321000099	2.086851
698.321000099	3.291864
700.319999933	5.606674
702.321000099	7.163025
704.326000214	7.163025
706.321000099	7.163025
708.319999933	7.163025
710.321000099	7.163025
712.319999933	7.163025
714.326000214	7.163025
716.326000214	7.163025
718.321000099	7.163025
720.370000124	7.163025
722.370000124	1.350983
724.311000109	2.220717
726.319999933	4.595641
728.321000099	2.647985
730.319999933	2.647985
732.319999933	4.719997
734.321000099	5.804008
736.430999994	3.632103
738.319999933	6.40073
740.319999933	6.40073
742.319999933	6.40073
744.319999933	6.40073
746.321000099	6.40073
748.321000099	6.40073
750.319999933	6.40073
752.371000051	6.40073
754.319999933	6.40073
756.319999933	4.222083
758.319999933	3.606798
760.319999933	3.461687
762.319999933	3.461687
764.370000124	3.631482
766.319999933	3.631482
768.321000099	3.177096
770.325000286	0.68479
772.325000286	3.05214
774.319999933	0.048435
776.321000099	1.008879
778.319999933	1.516359
780.319999933	1.516359
782.319999933	0.119708
784.319999933	0.88296
786.321000099	1.253781
788.319999933	1.522174
790.321000099	1.522174
