0.0	0.026083
0.210000038147	4.954789
0.500999927521	5.054109
0.703000068665	4.202346
0.983999967575	4.928355
1.21799993515	5.07236
1.52600002289	5.98722
1.74399995804	6.299078
2.0	5.487833
3.42199993134	6.409469
5.67200016975	4.945851
7.67300009727	0.785819
9.67200016975	2.236158
12.5069999695	0.363937
13.6720001698	3.734283
15.6730000973	3.461325
17.6859998703	0.996982
19.6730000973	3.57756
21.6720001698	0.710918
23.6720001698	1.030119
25.6760001183	3.838622
27.6740000248	0.720159
29.6730000973	2.660288
31.6730000973	1.194391
33.6829998493	3.431961
35.6720001698	1.960306
37.6720001698	3.391555
39.6740000248	2.702696
41.6800000668	3.325857
43.6730000973	3.520518
45.6720001698	3.32711
47.6899998188	3.621287
49.9270000458	3.572209
52.8819999695	0.264905
53.9229998589	3.453787
55.9229998589	3.682588
57.9229998589	3.42505
59.9259998798	3.571437
61.9240000248	3.015257
63.9229998589	3.017819
65.9249999523	3.466841
67.9539999962	4.545677
69.9360001087	0.896576
71.9249999523	0.020801
73.9259998798	2.402897
75.9240000248	0.021267
77.9240000248	0.700145
79.9309997559	0.740788
81.9240000248	2.37907
83.9229998589	1.030726
85.9240000248	2.41355
87.9279999733	3.084271
89.9229998589	0.520736
91.9229998589	2.188589
93.9299998283	3.327518
95.9240000248	3.37576
97.9240000248	1.443461
99.9229998589	2.847754
102.81099987	0.060356
103.924000025	3.043397
105.922999859	2.764162
107.927999973	1.636538
109.924000025	0.382731
112.519000053	2.342508
113.924999952	2.894676
115.938999891	3.657552
117.928999901	4.191839
119.924000025	3.088309
121.924999952	3.924745
123.929999828	2.138425
125.924000025	4.003039
127.921999931	1.076642
129.922999859	3.236435
131.922999859	3.236435
134.128999949	0.02921
135.967000008	0.190887
137.924999952	2.041163
139.922999859	3.608238
142.513999939	0.315317
143.922999859	1.876497
145.924000025	3.47006
147.936000109	2.365929
149.924999952	1.6865
151.921000004	0.274834
153.924000025	0.282295
155.922999859	0.006523
157.924000025	0.437303
159.921999931	1.822838
161.924000025	1.932153
163.924000025	1.297851
165.924000025	2.735157
167.922999859	3.555665
169.92599988	3.161329
171.924999952	0.024626
173.922999859	3.019971
175.940999985	0.018088
177.922999859	2.26924
179.921999931	0.181054
181.924000025	2.277142
183.922999859	0.256461
186.100000143	0.099547
187.924000025	1.242854
189.922999859	0.283493
191.929999828	2.052954
193.924000025	0.059363
195.924000025	2.08391
197.946999788	2.438475
199.924000025	1.586305
201.927000046	1.53462
203.924999952	3.084748
205.940000057	2.797438
207.922999859	2.189129
209.924000025	0.84553
211.941999912	3.077021
213.922999859	3.55827
215.922999859	0.010696
217.924999952	1.44532
220.900000095	0.358527
221.924000025	2.237453
223.924000025	2.70345
225.922999859	2.9294
227.914000034	0.223902
229.924999952	1.110641
231.922999859	3.26005
233.924999952	2.174288
235.924000025	0.024573
237.92599988	1.374413
239.92599988	1.856021
241.924000025	1.976287
243.922999859	0.532602
245.940999985	1.987214
247.921999931	2.541238
249.924000025	3.171467
251.924999952	3.236661
253.924000025	2.655888
255.924999952	1.782101
257.924000025	3.69919
259.922999859	3.48118
261.924000025	4.5924
263.922999859	1.676132
265.924000025	2.01348
268.618000031	0.099838
269.924999952	3.023126
271.947999954	3.287199
273.924000025	3.598329
275.924999952	3.598329
277.924000025	2.167458
279.922999859	0.659343
281.929999828	3.421165
283.924999952	3.73286
286.732000113	0.403617
287.922999859	2.825822
289.927000046	4.673951
291.922999859	0.017845
293.924999952	1.648363
296.952000141	0.002584
298.178999901	0.906453
300.015000105	1.382151
302.175000191	1.377895
305.021999836	0.246726
306.977999926	1.749609
308.187999964	2.607
310.174000025	2.871142
312.177999973	2.928865
314.174000025	3.389091
316.175000191	4.144133
318.197000027	3.47644
320.173000097	4.223139
322.174000025	4.478072
324.059999943	1.253547
326.175000191	3.029173
328.175000191	3.017805
330.173000097	0.021538
332.174000025	3.570019
334.921999931	0.252883
336.193000078	2.864973
338.174000025	3.640975
340.186999798	0.171442
342.180000067	1.635866
344.176000118	0.029754
346.174000025	2.195595
348.701999903	0.310654
350.176000118	2.125487
352.174000025	0.354615
354.173000097	1.415411
356.174000025	1.204515
358.180000067	1.850037
360.189999819	3.70036
362.174000025	3.243064
364.174000025	4.117226
366.174000025	4.31465
368.174000025	3.92542
370.187999964	4.527296
372.05099988	4.375707
374.20299983	2.667379
376.174000025	4.055928
378.183000088	2.405772
380.175000191	3.477211
382.192000151	1.365981
384.175000191	3.381165
386.176000118	0.187252
388.175000191	1.571792
390.176000118	3.54797
392.174000025	0.290942
394.176000118	2.002521
396.861999989	0.357766
398.174000025	3.240225
400.175000191	3.588101
402.173000097	1.761866
404.176000118	3.671706
406.487000227	0.459304
408.175000191	2.449069
410.174000025	3.534201
412.174000025	2.40948
414.196000099	4.248508
416.177999973	4.094695
418.177999973	3.871247
420.175000191	3.79148
422.180999994	2.850808
424.174000025	3.789789
426.19900012	4.458378
428.176000118	4.649392
430.175000191	2.632705
432.175000191	3.277672
434.174000025	0.172299
436.175000191	0.225665
438.176000118	1.469268
440.176000118	3.299027
442.184999943	3.811334
445.07799983	0.225847
446.188999891	3.201091
448.180999994	3.762646
450.175000191	2.640415
452.193000078	2.857543
455.184000015	0.4969
456.177999973	3.458889
458.176000118	3.704557
460.175000191	0.157848
463.414000034	0.155889
464.138000011	2.06797
466.175000191	3.607353
468.174000025	4.362045
470.174000025	3.171477
472.174000025	1.241733
474.175000191	4.533375
476.189999819	3.696774
478.174000025	3.409452
480.175000191	3.097631
482.177000046	1.631458
484.175000191	3.561661
486.175000191	0.108472
488.175000191	3.60647
490.176000118	3.996349
492.177000046	0.353171
494.174000025	2.243739
496.175000191	1.050691
498.176000118	2.75247
501.128999949	1.510189
502.175000191	0.938779
504.237999916	2.957807
506.620000124	0.313211
508.175000191	1.796641
510.181999922	3.403799
512.175000191	1.933015
514.187999964	3.209305
516.183000088	0.913406
518.180000067	3.596255
520.175000191	3.963998
522.193000078	4.321026
524.175000191	4.213446
526.175000191	2.52344
528.177999973	2.835947
530.174000025	3.95485
532.175000191	0.072961
534.197999954	0.056494
536.197000027	0.681114
538.175000191	1.848256
540.174000025	1.824814
542.175000191	1.281892
544.178999901	3.464061
546.175000191	2.462234
548.433000088	1.344085
550.437000036	2.906663
552.424000025	3.542635
554.424999952	1.414381
556.428999901	3.532836
558.392999887	0.331603
560.424000025	2.24286
562.424999952	2.40775
564.42599988	3.779215
566.427999973	3.772826
568.433000088	0.14029
570.428999901	2.862297
572.424000025	0.047356
574.424999952	2.449751
576.433000088	2.781051
578.40899992	2.583952
580.42599988	3.418673
582.444999933	0.170085
584.450999975	3.629482
586.424000025	2.615289
588.42599988	2.625539
590.42599988	0.711515
592.427999973	3.492598
594.440000057	3.001239
596.42599988	3.810263
598.429999828	3.327692
600.424999952	4.497527
602.42599988	1.987885
604.428999901	2.705715
606.426999807	3.418176
608.424000025	1.603275
610.424999952	1.815352
612.42599988	3.54586
614.427999973	4.501073
616.42599988	0.137072
618.42599988	3.550049
620.42599988	0.406322
622.429999828	3.394605
624.42599988	3.558367
627.153999805	0.308169
628.42599988	2.650932
630.424999952	0.028211
632.417999983	2.694282
634.440999985	2.054163
636.957999945	0.261455
638.424999952	1.748533
640.426999807	3.35789
642.424999952	3.46465
644.424999952	4.209483
646.42599988	4.062733
648.42599988	3.365313
650.427999973	2.100284
652.426999807	4.212357
654.42599988	3.991707
656.427999973	3.631002
658.424999952	2.875834
660.42599988	4.271829
662.427999973	3.663484
664.42599988	0.037962
666.42599988	0.019328
668.427999973	0.04845
670.42599988	2.343547
672.42599988	1.867761
674.424999952	1.045704
676.42599988	3.324263
678.424000025	0.093441
680.440000057	3.318728
682.460999966	3.606324
684.445999861	0.836996
686.424999952	2.562056
688.450999975	3.767313
690.424999952	0.009477
692.424999952	4.166218
694.424999952	4.116374
696.437999964	3.350774
698.42599988	4.339165
700.42599988	3.507978
702.431000233	3.097261
704.424999952	3.709573
706.434000015	2.817922
708.43200016	1.121017
710.424999952	2.635872
712.42599988	4.106391
714.424999952	0.018943
716.433000088	2.338029
718.428999901	2.880628
720.424999952	3.498447
722.434000015	2.136987
724.426999807	0.369855
726.426999807	2.650053
728.42599988	0.693062
730.42599988	1.068774
732.42599988	3.640085
734.426999807	4.029648
736.42599988	1.615858
739.900000095	0.270025
743.135000229	0.713216
743.80700016	1.480588
744.453999996	2.072679
746.424999952	2.831501
748.42599988	2.932875
750.424000025	3.787051
752.426999807	3.324724
754.426999807	3.955224
756.452000141	4.17921
758.437000036	0.008707
760.42599988	3.503257
762.42599988	0.21155
764.426999807	3.679279
766.431000233	0.958971
768.42599988	2.831166
770.431000233	0.512289
772.427999973	1.433362
774.42599988	0.312358
776.426999807	2.070632
778.434000015	2.639484
780.426999807	0.865066
782.524000168	1.892844
784.42599988	0.388819
786.42599988	2.097938
788.434999943	2.361311
791.000999928	0.328917
792.426999807	2.335099
794.43200016	2.739701
796.42599988	1.341323
798.680000067	1.861159
800.884000063	0.301756
802.525000095	0.016237
804.677000046	2.045813
806.677999973	2.357427
808.684000015	2.97225
810.674999952	1.997726
812.676000118	3.277495
814.677000046	3.2525
816.68599987	2.766144
818.497999907	2.476882
820.677000046	3.737566
822.674999952	2.180671
824.698999882	3.665214
826.680000067	3.26959
828.677000046	1.932032
830.676000118	3.381312
832.677000046	0.883207
834.680999994	3.446634
836.676000118	2.895905
838.690999746	3.835871
840.676000118	3.778161
842.511000156	1.145476
844.677000046	4.082299
846.687999964	2.18166
848.676000118	1.136533
850.681999922	0.06565
852.681999922	2.420755
854.676000118	3.714033
856.60800004	0.374995
858.957999945	3.961714
860.676000118	2.065792
862.677000046	0.856413
864.676000118	0.131024
866.53399992	1.175005
868.677000046	3.656222
870.676000118	3.834232
872.677000046	3.972598
874.693000078	3.795745
876.677000046	4.02597
878.677999973	4.171708
880.677000046	4.365006
882.677000046	1.643586
884.682999849	3.012511
886.689999819	4.396805
888.676000118	3.009201
890.528000116	1.786471
892.677000046	3.788214
894.845000029	0.005569
896.677000046	0.013102
898.680000067	3.598308
900.676000118	2.653525
902.677999973	3.824446
904.706999779	0.059613
907.947999954	0.28634
908.676000118	2.841502
910.717000008	3.277158
913.340000153	0.435765
914.680999994	4.108548
916.677000046	3.816885
918.680000067	4.032284
920.677000046	4.592053
922.677000046	2.587432
924.676000118	3.162812
926.677999973	4.491403
928.694000006	2.694706
930.677000046	2.999754
932.677000046	0.009898
934.677000046	3.199974
936.677999973	3.603884
938.680999994	0.617301
940.677000046	2.066586
942.680999994	0.377053
946.137000084	0.319644
949.471000195	0.262001
951.617000103	1.57416
952.467999935	1.366191
953.074999809	2.537224
954.681999922	2.787155
956.677999973	3.557781
958.696000099	0.436421
960.645999908	0.331143
962.677999973	2.211873
964.695000172	2.633703
967.257999897	2.371097
968.677999973	3.334284
970.677000046	4.265836
972.677999973	4.270057
974.680999994	3.273485
976.677999973	3.573356
978.677000046	3.864296
980.676000118	4.319977
982.680000067	3.883913
984.701999903	2.498058
986.680999994	3.695054
988.694000006	1.968396
990.680999994	2.520497
992.676000118	0.804409
994.680000067	0.406792
996.682999849	0.941673
998.681999922	3.219223
1000.67700005	0.396722
1002.68199992	0.627402
1004.67600012	0.724392
1007.046	2.670634
1008.67700005	1.670718
1010.69099975	3.247655
1012.67700005	3.544831
1015.24299979	0.382756
1016.67700005	3.080799
1018.68099999	0.085562
1020.68999982	4.063777
1022.68000007	2.975963
1024.68000007	4.735118
1026.68199992	3.413885
1028.67700005	2.887106
1030.68099999	1.948913
1032.67600012	3.405629
1034.68099999	1.311936
1036.67799997	0.124431
1038.67799997	0.061481
1040.68000007	2.331736
1042.68099999	3.217287
1044.67700005	1.082335
1046.68700004	3.09159
1048.68099999	2.139019
1050.92799997	3.556243
1052.92700005	0.150272
1054.92799997	3.337095
1056.92799997	4.284328
1058.7110002	0.173857
1060.92700005	0.396547
1062.95100021	1.563358
1064.9289999	3.668954
1066.92799997	1.759415
1068.92700005	3.978577
1071.19499993	4.482494
1072.92799997	4.482494
1074.9289999	1.883268
1076.92700005	1.344939
1078.97500014	0.025318
1080.92599988	1.331709
1082.92700005	2.504125
1084.92700005	1.932893
1086.9289999	1.999641
1088.9289999	1.711973
1090.92999983	1.886316
1092.94999981	0.02995
1094.92700005	3.026096
1096.78900003	3.516801
1098.92799997	3.592164
1100.954	4.046692
1102.92700005	4.39788
1104.92799997	3.685861
1106.8269999	0.101435
1108.92799997	3.36213
1110.93099976	3.581963
1112.9289999	1.716229
1114.96199989	0.219215
1116.92799997	1.176829
1118.9289999	2.168424
1120.78699994	1.59756
1123.40299988	1.771822
1124.9289999	2.756094
1127.35299993	3.235687
1128.92799997	2.851588
1130.94400001	3.113909
1132.9289999	3.739263
1135.76399994	2.319265
1136.92999983	3.547687
1138.9289999	3.460835
1140.92999983	2.910683
1142.9289999	3.820297
1144.92799997	3.3584
1146.9289999	3.580635
1148.9289999	3.224147
1150.92799997	0.811172
1152.93300009	3.093451
1154.92799997	2.063836
1156.93200016	1.819095
1158.93099976	0.151039
1160.9289999	1.232136
1162.92799997	2.842376
1164.92999983	2.26985
1166.92799997	3.113591
1168.92799997	1.067219
1170.9289999	0.102891
1172.93200016	1.954168
1174.93099976	2.004619
1176.92799997	2.245514
1178.9289999	2.443393
1180.93200016	2.536623
1183.046	3.152193
1184.9289999	1.344635
1186.9289999	0.015762
1188.92799997	1.822719
1190.92999983	2.91832
1192.92799997	2.67324
1194.92799997	2.693301
1196.9289999	2.148618
1198.92999983	2.455786
1200.92799997	3.543928
1202.94300008	3.428004
1204.9289999	3.361183
1206.9289999	3.105576
1208.92999983	3.228397
1210.92799997	3.965521
1212.9289999	4.122148
1214.92999983	4.477027
1216.94000006	0.802539
1218.9289999	1.670824
1220.9289999	2.885326
1222.92999983	0.017964
1225.24399996	0.613249
1226.92999983	2.552371
1228.92799997	2.145943
1230.94699979	0.090275
1232.94599986	0.222763
1236.01899981	0.959065
1237.16100001	1.521543
1238.92999983	2.224059
1240.94199991	0.300133
1242.93400002	2.354628
1244.9289999	2.156196
1246.9289999	3.411732
1248.9289999	3.472824
1250.95200014	3.547755
1252.94499993	2.759562
1254.94499993	4.43956
1256.92999983	4.416532
1258.93300009	4.335575
1260.92799997	2.36737
1262.9289999	4.036236
1264.9289999	3.551507
1266.9289999	4.638363
1268.95100021	0.926934
1270.93099976	2.980931
1272.92999983	2.952704
1274.92999983	0.434542
1276.9289999	2.312329
1279.48900008	1.893074
1280.94400001	2.888609
1282.92799997	3.20287
1285.09699988	0.265096
1286.93099976	2.953022
1289.89600015	0.299282
1290.93099976	3.129107
1292.93200016	3.409682
1294.93300009	1.029351
1296.95200014	3.368545
1299.18000007	0.304337
1301.17799997	1.658733
1303.18000007	2.972027
1305.33200002	0.325334
1307.17799997	2.131425
1309.18099999	3.58183
1311.20299983	0.053277
1313.17799997	0.457716
1315.18000007	2.400153
1317.18000007	2.772109
1319.1789999	3.204053
1321.18099999	3.198187
1323.18099999	2.977558
1325.18099999	3.175979
1327.18000007	4.086687
1329.17799997	2.741972
1331.18000007	2.752773
1333.1789999	1.693808
1335.1789999	2.734381
1337.18099999	1.2544
1339.18000007	4.15022
1341.66100001	0.423412
1343.18000007	0.400298
1345.21000004	1.99316
1347.18000007	1.99316
1349.18199992	3.240096
1351.18799996	3.1671
1353.1869998	3.27627
1355.08599997	2.063931
1357.18599987	3.903866
1359.19400001	3.409006
1361.18000007	3.048318
1363.18000007	4.021423
1365.18099999	3.644629
1367.1789999	3.202195
1369.1789999	3.765481
1371.18000007	3.986052
1373.18099999	3.614344
1375.18300009	4.194468
1377.18099999	0.398079
1379.18000007	3.065018
1381.52700019	1.997783
1383.18000007	1.991895
1385.17799997	2.368827
1387.18099999	3.027773
1389.18099999	0.300432
1391.83100009	0.458983
1393.19499993	2.401978
1395.19400001	3.256638
1397.18199992	3.838105
1399.454	0.312153
1401.18000007	1.277753
1403.21399999	3.814791
1405.1789999	1.0032
1407.18000007	0.037299
1409.19700003	0.028877
1411.18000007	2.799648
1413.20000005	0.086187
1416.25	0.259575
1417.1789999	2.376373
1419.18000007	2.867652
1421.18000007	2.723259
1423.18000007	2.764495
1425.18099999	2.843123
1427.18000007	3.275984
1429.18799996	3.690346
1431.18099999	3.889882
1433.18099999	3.876625
1435.18099999	4.199071
1437.18099999	0.347775
1439.19499993	2.34375
1441.19400001	2.610718
1443.1960001	2.072078
1445.20000005	0.440967
1447.1960001	0.218997
1449.204	0.668923
1452.46499991	0.115585
1453.1789999	3.192262
1455.18000007	2.973016
1458.48900008	2.076448
1459.15799999	4.34691
1461.18499994	3.930293
1463.1869998	3.642012
1465.1789999	4.323875
1467.18000007	0.957975
1469.18099999	3.39724
1471.18099999	3.890142
1473.18000007	4.52558
1475.18599987	3.361545
1477.18099999	3.812422
1479.18099999	4.470119
1481.1789999	2.706298
1483.18099999	2.790576
1485.18000007	3.541139
1487.18000007	3.235062
1489.18300009	3.123177
1491.18000007	3.286684
1493.19700003	4.575671
