0.0	0.016114
1.33699989319	1.329069
1.78799986839	3.402429
1.97199988365	3.402429
2.18899989128	3.402429
2.5	5.103979
3.09399986267	0.708354
3.38499999046	2.473288
5.05200004578	2.473288
7.04899978638	2.473288
9.07999992371	2.473288
12.0589997768	2.473288
14.0749998093	2.473288
15.9830000401	2.473288
18.0659997463	2.473288
20.0599999428	2.473288
22.0529999733	2.473288
24.0569999218	2.473288
26.0509996414	0.447898
28.0629999638	2.179038
30.0589997768	2.442754
32.0669996738	0.172184
34.0559999943	0.396682
36.0689997673	3.158685
38.0609998703	2.732867
39.9830000401	3.632116
42.0589997768	3.364195
44.0749998093	3.77584
46.0639998913	1.506193
48.0539999008	4.308125
50.0579998493	4.662734
52.0639998913	4.536008
54.0579998493	3.919524
56.0629999638	0.46948
58.0669996738	2.311529
60.0649998188	0.69888
62.0599999428	2.131199
64.0679998398	2.131199
66.0669996738	2.131199
68.0629999638	4.340376
70.0499997139	4.340376
72.0649998188	4.340376
74.0589997768	4.189916
76.0550000668	4.9546
78.0659997463	2.358696
80.0499997139	2.896651
82.0539999008	2.896651
84.0639998913	3.894381
86.0669996738	4.406108
88.0699999332	4.294273
90.0539999008	4.294273
92.0639998913	4.966073
94.0550000668	3.457908
96.0569999218	0.006327
98.0559999943	2.191371
100.123999834	2.420859
102.057999849	2.420859
104.057999849	2.528847
106.055999994	2.528847
108.055999994	5.267307
110.052000046	5.218175
112.065999746	5.218175
114.121999741	5.218175
116.072000027	5.218175
118.073999882	5.218175
120.065999746	5.218175
122.066999674	5.218175
124.319999933	5.218175
126.309999704	5.218175
128.304999828	5.218175
130.312000036	5.218175
132.298999786	5.218175
134.309999704	5.218175
