0.0	1.06052
0.183000087738	1.042644
0.360999822617	1.042644
0.843000173569	2.802038
1.68499994278	2.517243
3.60500001907	2.088471
4.52900004387	2.171661
5.58500003815	2.191674
5.96399998665	2.73099
6.39499998093	3.203539
8.28499984741	0.153128
8.9960000515	0.874261
9.76499986649	1.363086
11.7649998665	0.737924
13.7660000324	0.141908
15.763999939	3.055486
17.7679998875	0.635529
19.7660000324	1.502915
21.7660000324	2.727537
23.7660000324	0.018123
25.7660000324	3.070623
27.7649998665	1.393843
29.7669999599	3.270354
31.7660000324	0.512163
33.7669999599	2.471567
35.7660000324	3.116156
37.7660000324	2.858226
39.7660000324	2.975128
41.763999939	2.204737
43.7649998665	0.018635
45.7649998665	0.529501
47.7990000248	3.143508
49.7669999599	3.143508
51.7649998665	3.029853
53.7660000324	2.798211
55.7649998665	2.942611
57.7660000324	3.267978
59.7649998665	0.913868
61.7660000324	3.049421
63.7660000324	2.62157
65.7669999599	3.284999
67.7679998875	0.886822
69.7660000324	0.168405
71.7649998665	0.790988
73.7649998665	0.385979
75.7660000324	3.430557
77.7649998665	2.274961
79.7660000324	1.779773
81.768999815	0.087799
83.763999939	0.017971
85.7649998665	2.609078
87.8019998074	2.913814
89.7649998665	2.572301
91.7660000324	3.101257
93.7669999599	0.017805
95.7660000324	2.999941
97.7699999809	2.430577
99.7660000324	0.015099
101.838999987	2.248353
108.006999969	0.145378
109.243000031	0.884436
109.744999886	1.635666
110.295000076	1.801478
111.76699996	2.193472
113.766000032	0.020865
115.764999866	2.98105
117.764999866	2.752747
119.764999866	2.752747
121.764999866	2.417635
123.766000032	3.06553
125.76699996	2.319196
127.769999981	2.623445
129.764999866	1.126291
131.764999866	2.0145
133.766000032	2.958524
135.766000032	2.128547
137.766000032	2.496257
139.766000032	2.484596
141.764999866	2.849975
143.764999866	0.015308
145.764999866	2.631176
147.764999866	3.091964
149.767999887	3.498607
151.766000032	0.039359
153.764999866	0.002476
155.766000032	1.915291
157.766000032	1.915291
159.769999981	1.43802
161.764999866	2.255822
163.76699996	3.100146
165.766000032	0.554954
167.76699996	3.086226
169.766000032	3.086226
171.766000032	2.986175
173.764999866	3.071575
175.766000032	2.092911
177.773000002	2.25168
179.767999887	2.403277
181.766000032	3.165579
183.766000032	0.318231
185.76699996	2.592901
187.766000032	3.014464
189.768999815	0.015995
191.764999866	3.033765
193.766000032	3.124601
195.766000032	2.964374
197.767999887	2.443881
199.766000032	2.443881
201.764999866	2.710564
203.767999887	0.217787
205.76699996	3.092818
207.773000002	2.960879
209.768999815	3.126854
211.76699996	2.929283
213.766000032	0.006386
215.767999887	3.080568
217.795000076	2.540495
219.768999815	2.185846
221.766000032	2.41779
223.835000038	2.995166
228.174999952	1.408487
228.444999933	2.435903
230.01699996	2.415027
232.016000032	2.415027
234.019000053	0.005195
236.01699996	2.861148
238.015000105	0.849802
240.017999887	1.862031
242.01699996	0.719211
244.01699996	0.001801
245.888999939	2.915336
248.015000105	3.043295
250.015000105	1.076971
252.01699996	0.728723
254.016000032	0.008688
256.01699996	2.29138
258.015000105	2.990825
260.019000053	2.990825
262.015000105	3.071219
264.016000032	0.009176
266.01699996	2.530955
268.015000105	2.530955
269.88499999	1.084893
272.01699996	1.414099
274.016000032	0.636888
276.017999887	0.739579
278.016000032	2.493306
280.01699996	1.137015
282.01699996	0.150024
283.839999914	1.935236
286.016000032	1.935236
288.016000032	1.935236
290.01699996	1.824496
292.016000032	2.584872
293.887000084	2.584872
296.017999887	2.388375
298.016000032	2.388375
300.019000053	2.388375
302.015000105	2.653768
304.015000105	0.876465
306.016000032	1.031145
308.016000032	2.015954
310.020999908	1.532797
312.015000105	2.980761
314.016000032	0.016357
316.01699996	2.862381
318.023000002	3.009556
320.01699996	2.763466
322.016000032	0.197019
324.017999887	0.591517
326.01699996	0.602406
327.945999861	0.502224
330.016000032	1.060611
332.551000118	3.113149
334.019000053	0.015795
336.01699996	2.596458
338.022000074	0.016418
340.016000032	2.71505
341.887000084	2.969718
345.381000042	0.009928
348.22300005	0.467825
348.887000084	1.143162
350.019999981	2.328733
352.015000105	2.552223
354.016000032	1.849809
356.015000105	1.963468
358.016000032	2.445217
360.020999908	2.949742
362.015000105	3.101847
364.016000032	0.035207
366.01699996	0.962003
368.017999887	1.504993
370.016000032	1.204101
372.01699996	2.101901
374.020999908	0.052664
376.016000032	2.680298
378.015000105	3.091536
380.016000032	1.407879
382.019999981	2.915766
384.019000053	3.109929
386.01699996	1.714653
388.015000105	0.410102
390.01699996	0.726819
392.016000032	0.726819
394.017999887	0.005835
396.01699996	2.965307
398.016000032	2.452837
400.01699996	1.605336
402.016000032	1.605336
404.01699996	1.605336
406.015000105	2.95818
408.01699996	2.846875
410.015000105	3.020337
412.017999887	2.842661
414.017999887	0.738266
416.017999887	3.00537
418.016000032	3.00537
420.01699996	1.808638
422.016000032	0.673745
423.990999937	1.270657
426.015000105	1.510143
428.016000032	2.01133
430.01699996	1.915967
432.01699996	2.002943
434.016000032	0.016655
436.017999887	1.931941
438.024999857	2.629908
440.019000053	2.629908
442.01699996	2.194028
444.015000105	0.015996
446.016000032	2.623091
448.016000032	2.88391
450.01699996	3.055244
452.019999981	3.06478
454.01699996	3.130996
456.016000032	3.087485
458.016000032	2.479724
460.017999887	0.004811
462.019999981	3.04054
464.246999979	0.664423
469.068000078	0.110491
471.024999857	1.117845
471.881999969	1.710016
473.163000107	0.084323
474.265999794	1.357774
476.141000032	2.160423
478.26699996	1.671083
480.268999815	2.621933
482.368999958	2.611409
484.265999794	2.611409
486.272000074	2.622406
488.27699995	2.840784
490.273999929	2.840784
492.549000025	2.781857
494.270000219	1.300119
496.26699996	2.775877
498.267999887	2.355314
500.135999918	1.35736
502.548000097	2.570259
504.267999887	1.055115
506.267999887	2.222473
508.265999794	2.919274
510.315999985	2.919274
512.548000097	2.919274
514.271000147	1.238487
516.268999815	3.14257
518.828999996	2.061201
521.001999855	1.829721
524.663000107	0.084838
526.023999929	0.047471
526.239000082	3.100777
528.26699996	3.157009
530.272000074	0.812688
532.343000174	2.614207
534.265999794	2.614207
536.26699996	2.915321
538.26699996	2.634202
540.265999794	1.723416
542.353999853	3.056243
544.26699996	3.056243
546.268999815	0.0501
548.134000063	2.336451
550.26699996	0.939559
552.548000097	3.070392
554.26699996	0.62228
556.267999887	2.893077
558.267999887	2.806514
560.267999887	0.017072
562.549000025	0.283144
564.271000147	1.010694
566.26699996	2.664951
568.268999815	2.485448
570.268999815	2.426815
572.564999819	2.4094
574.267999887	0.018107
576.26699996	0.10433
578.270000219	0.093495
580.26699996	1.075006
582.550000191	2.884547
584.26699996	2.884547
589.03399992	0.324728
589.907999992	1.110216
590.26699996	0.812831
592.312999964	1.12077
594.268999815	1.490825
596.154999971	1.655528
598.267999887	1.233976
600.268999815	0.91629
602.326000214	1.498183
604.26699996	1.498183
606.26699996	2.083125
608.267999887	1.814605
610.265999794	1.651677
612.548000097	2.696587
614.265999794	2.696587
616.267999887	3.003856
618.26699996	2.870651
620.267999887	2.870651
622.371000051	2.291312
624.26699996	2.291312
626.268999815	3.418399
628.267999887	3.062424
630.268999815	3.062424
632.451999903	0.031067
634.26699996	0.76337
636.267999887	0.069235
638.265999794	3.13449
640.270000219	3.13449
642.564999819	3.13449
644.26699996	1.501923
646.273000002	2.915047
648.267999887	2.859415
650.270000219	0.268556
652.553999901	2.787115
654.267999887	2.787115
656.265999794	0.769756
658.267999887	2.761488
660.268999815	0.38715
662.36199975	3.037751
664.265999794	3.037751
666.273000002	0.00993
668.292999983	3.031306
670.268999815	2.523759
672.549000025	3.045687
674.270000219	0.21856
676.26699996	3.041897
678.270000219	2.859272
680.267999887	3.20051
682.548000097	3.238924
684.26699996	1.483885
686.26699996	0.008149
688.268999815	2.46072
690.268999815	3.064901
692.288000107	3.064901
694.272000074	0.001757
696.26699996	1.667765
698.268999815	0.002243
700.267999887	1.54292
702.371999979	2.994204
704.270000219	2.994204
710.201999903	0.767244
711.118999958	2.579384
711.771000147	2.225169
713.889999866	0.003102
718.382000208	0.279746
718.846000195	0.43199
720.7900002	2.788851
721.244999886	2.918871
723.471999884	0.156707
724.273000002	0.150089
726.519999981	0.736555
728.519999981	2.793093
730.51699996	2.245714
732.552000046	0.27911
734.51699996	2.184119
736.518000126	0.595642
738.868999958	0.020575
740.518000126	0.741761
742.550000191	2.206903
744.519000053	2.87859
746.519000053	2.489861
748.51699996	2.878927
750.519000053	2.878927
752.54700017	3.022997
754.523999929	2.471367
756.519000053	2.4242
758.955000162	0.00375
760.518000126	2.361319
762.548000097	3.05009
764.521999836	2.057013
766.520999908	3.023362
768.519999981	3.023362
770.51699996	3.023362
772.548000097	3.023362
774.519000053	1.364697
776.516000032	3.022511
778.519999981	3.022511
780.519000053	0.396706
782.544999838	2.184549
784.519999981	2.184549
786.518000126	2.184549
788.430000067	2.462679
790.51699996	3.040531
792.544999838	0.04427
794.516000032	2.27754
796.519000053	3.106232
798.521999836	3.106232
800.519999981	3.106232
802.549000025	3.106232
804.519000053	0.016329
806.523000002	1.836718
808.518000126	0.017975
810.519999981	2.821107
812.638999939	2.215477
814.518000126	0.009158
816.51699996	3.076621
818.518000126	3.076621
820.519999981	0.536296
822.549000025	0.732649
824.518000126	0.051975
826.519999981	1.359312
828.712999821	0.20074
830.523000002	2.233346
832.549000025	0.0183
834.51699996	1.499026
836.51699996	2.295478
838.518000126	2.295478
840.520999908	2.497718
842.548000097	0.974622
844.518000126	1.343139
846.518000126	2.340366
848.516000032	2.471159
850.518000126	2.471159
852.548000097	2.954774
854.518000126	2.954774
856.51699996	2.943121
858.516000032	3.06485
860.518000126	1.904679
862.54700017	0.016982
864.518000126	0.001596
866.51699996	0.015179
868.52699995	2.921897
870.516000032	3.180835
872.540999889	1.795021
874.518000126	1.051676
876.51699996	2.476472
878.519999981	2.440021
880.518000126	2.440021
882.552000046	2.389984
884.51699996	1.148422
886.51699996	3.170624
888.719000101	0.004032
890.523999929	0.094804
892.548000097	2.221113
894.518000126	2.221113
896.51699996	0.046395
898.51699996	3.124353
900.51699996	3.124353
902.536999941	2.060032
904.518000126	2.634776
906.516000032	2.701564
908.524999857	2.528554
910.518000126	0.961592
912.529999971	2.458427
914.51699996	2.380594
916.519999981	2.930832
918.518000126	3.028554
920.51699996	2.727624
922.542999983	3.052388
924.51699996	0.695329
926.518000126	2.508404
928.519000053	2.249142
933.184000015	0.128157
936.604000092	0.176159
943.417999744	0.074791
943.588000059	1.331172
943.768999815	1.505744
944.169999838	0.00688
945.691999912	1.695048
946.031000137	1.656495
946.519000053	2.070501
948.51699996	1.504243
950.518000126	1.504243
952.521999836	2.225709
956.801999807	0.081524
959.322999954	1.03406
960.013000011	1.342441
960.518000126	1.241334
962.728999853	0.738008
968.903000116	0.000915
970.492000103	0.854395
970.827000141	1.107099
971.142000198	1.411238
972.534000158	1.289415
974.51699996	1.092901
976.76699996	1.563109
978.531000137	0.001748
980.767999887	1.74917
982.766000032	2.518552
984.767999887	2.518552
986.76699996	2.61304
988.76699996	2.114055
990.767999887	2.827958
992.772000074	2.45912
994.635999918	0.72896
996.76699996	2.430729
998.767999887	3.009945
1000.76699996	3.009945
1002.77200007	2.451743
1004.76699996	1.751788
1006.76999998	2.664462
1008.76699996	2.719476
1010.76699996	2.719476
1012.76899981	0.30446
1014.76799989	3.325205
1016.76799989	3.067581
1018.79999995	3.022055
1023.29699993	0.022823
1023.49500012	2.504006
1024.77100015	0.088476
1026.76799989	3.201385
1028.76899981	3.201385
1030.76799989	2.678766
1032.76799989	0.063016
1034.76899981	2.347714
1036.76999998	3.143325
1038.76799989	3.143325
1040.76799989	3.143325
1042.84899998	0.064591
1044.76799989	1.895984
1046.76799989	2.913181
1048.76799989	1.183109
1050.76699996	3.060063
1052.81500006	3.006317
1054.76899981	2.561389
1056.76899981	2.950018
1058.852	0.00403
1060.76999998	0.524794
1062.78200006	2.260292
1064.76899981	2.260292
1066.63599992	2.572813
1068.76699996	2.209872
1070.76999998	1.990768
1072.76799989	2.546861
1074.76799989	2.458995
1076.76799989	2.519553
1078.76799989	3.022628
1083.75800014	0.071937
1088.36800003	0.080316
1088.67299986	2.336108
1088.93199992	2.755187
1089.17499995	3.011659
1090.64600015	0.70181
1092.76799989	3.138707
1094.76699996	3.138707
1096.77200007	2.232156
1098.76799989	3.035097
1100.76799989	2.07075
1102.77200007	2.695088
1104.76799989	2.893185
1106.76899981	3.078783
1108.76799989	2.438268
1115.86300015	2.438268
1124.648	2.438268
1124.76499987	2.438268
1124.88400006	2.438268
1125.04399991	2.438268
1125.16600013	2.438268
1125.37699986	3.075008
1125.65100002	3.028177
1126.76899981	2.234909
1128.76799989	2.234909
1130.76799989	0.180098
1132.76799989	2.456411
1134.76799989	2.641784
1136.76799989	2.432416
1138.77100015	2.976583
1140.77100015	0.486449
1142.76799989	1.391942
1144.77900004	3.110667
1146.76999998	2.671003
1148.77100015	2.491049
1150.77100015	0.506474
1152.77100015	2.131292
1154.76799989	0.067224
1156.76899981	2.892372
1158.76799989	3.012039
1164.97900009	0.000243
1165.16199994	1.222783
1165.38599992	2.794256
1166.76999998	0.095823
1169.12300014	0.054434
1170.76899981	2.990638
1172.7900002	2.300228
1178.33699989	0.005934
1178.51399994	1.360784
1178.73400021	2.715818
1180.76899981	2.45876
1182.79200006	2.70355
1184.76899981	2.70355
1186.77600002	2.509714
1188.76899981	3.062455
1190.76799989	0.586747
1192.76699996	1.564458
1194.76899981	2.646413
1196.76899981	2.965592
1198.76899981	0.002457
1200.76799989	2.848021
1202.77100015	2.803499
1204.76799989	0.002821
1206.76899981	3.091217
1208.76999998	2.21535
1210.7900002	2.89909
1212.76799989	3.011837
1215.27600002	1.103661
1216.76899981	2.969753
1218.76799989	2.905647
1220.76899981	2.905647
1222.78200006	3.087646
1225.01799989	3.087646
1227.01900005	2.645123
1229.01900005	2.645123
1231.01799989	3.030537
1233.02900004	3.164766
1235.01699996	0.732621
1237.01699996	3.03705
1238.91000009	0.006344
1241.01799989	2.528241
1243.01999998	2.899885
1245.01999998	2.899885
1247.01799989	0.013663
1249.01900005	0.618783
1251.01799989	0.041115
1253.01999998	2.929418
1255.01799989	2.143964
1257.01900005	2.585674
1259.01900005	0.016405
1261.01799989	2.533919
1263.01999998	2.632117
1265.01799989	0.711917
1267.01699996	3.091564
1269.01999998	0.558317
1271.01900005	3.270858
1273.01799989	2.797134
1275.01799989	2.797134
1277.01799989	2.797134
1279.01900005	0.741167
1281.01900005	3.104324
1283.02099991	2.437674
1285.01900005	3.001147
1287.01799989	2.626618
1289.01799989	0.017957
1291.01900005	0.42801
1293.01900005	0.258831
1295.02099991	2.838734
1297.01900005	2.455508
1299.01900005	0.713787
1301.01900005	3.017861
1303.01900005	2.428591
1305.01900005	1.963206
1307.01900005	2.674305
1309.01900005	0.009635
1311.01999998	0.195455
1313.01799989	1.657788
1315.023	1.657788
1317.01900005	2.664505
1319.01799989	1.796243
1321.01999998	0.215666
1323.01900005	3.030707
1328.40300012	0.594659
1329.23900008	0.413674
1329.88700008	0.093603
1331.01999998	2.854295
1333.023	2.733889
