0.0	2.452554
0.165999889374	0.443991
0.375000238419	2.410542
1.10699987411	1.861324
1.59800004959	3.51932
2.10800004005	3.100099
2.65300011635	2.073596
3.86000013351	0.43341
4.09399986267	0.526471
4.71200013161	2.137749
6.34400010109	4.103984
8.52900004387	0.08499
10.4800000191	4.243933
12.6459999084	4.243933
14.4449999332	4.243933
16.5260000229	4.243933
18.489000082	4.584571
20.5149998665	0.528781
22.6940000057	2.666112
24.2969999313	1.085336
26.5130000114	0.026573
28.3800001144	5.436495
30.5050001144	1.063416
32.4909999371	4.602914
34.5480000973	7.836298
36.5250000954	0.005262
38.487000227	7.007282
40.4880001545	6.948021
42.4900000095	4.656759
44.4730000496	4.656759
46.4850001335	4.656759
48.4790000916	4.656759
50.4720001221	7.267508
52.4680001736	3.460821
54.4790000916	6.871171
56.4880001545	4.444594
58.4819998741	4.351084
60.4790000916	0.020532
62.4790000916	4.54864
64.4829998016	4.54864
66.4760000706	4.418668
68.4779999256	4.418668
70.4779999256	0.029175
72.484000206	1.156645
74.4819998741	0.794767
76.4850001335	0.349298
78.4809999466	0.091108
80.4739999771	4.241492
82.4720001221	5.188038
84.4720001221	5.188038
86.4720001221	4.197354
88.4749999046	6.271492
90.4710001945	3.671459
92.4850001335	4.258301
94.4850001335	2.841689
96.4790000916	1.135546
98.4829998016	3.039487
100.470000029	4.029661
102.480000019	5.127074
104.473999977	3.495321
106.481999874	1.261292
108.471000195	0.02421
110.476000071	3.505197
112.472000122	0.48576
114.482999802	1.430291
116.481999874	5.259286
118.481999874	5.260208
120.476000071	1.167551
122.479000092	4.901039
124.474999905	1.226209
126.481999874	4.010304
128.473999977	4.202695
130.473999977	3.832942
132.471000195	3.99501
134.49000001	3.50839
136.471000195	3.290045
138.479000092	5.373922
140.484000206	3.857192
142.473999977	5.002133
144.489000082	1.363628
146.482999802	3.987176
148.471000195	2.387738
150.482999802	4.258173
152.473999977	0.089032
154.480000019	4.728556
156.480999947	3.871902
158.474999905	4.973981
160.481999874	4.128649
162.486000061	5.693442
164.473999977	1.211376
166.474999905	1.211376
168.481999874	1.708439
170.476000071	5.062093
172.480999947	4.572883
174.480999947	5.518813
176.479000092	3.486369
178.480000019	3.375335
180.476999998	3.754901
182.472000122	5.591974
184.480999947	5.591974
186.489000082	5.591974
188.485000134	5.591974
190.479000092	1.291003
192.480999947	3.58805
194.471000195	0.074006
196.481999874	2.927393
198.471000195	0.033481
200.472000122	0.019075
202.470000029	4.037335
204.479000092	6.987148
206.474999905	6.987148
208.477999926	5.890033
210.476999998	4.22086
212.480999947	0.776795
214.486000061	2.72602
216.485000134	2.084456
218.477999926	4.055337
220.476000071	2.703981
222.482999802	5.919947
224.476000071	0.303725
226.482999802	1.107858
228.481999874	0.044929
230.480000019	5.344304
232.474999905	4.491462
234.732000113	5.416002
236.725000143	1.188901
238.472000122	0.502624
240.480999947	3.017001
242.720999956	2.778448
244.744000196	0.019879
246.512000084	0.705523
248.74000001	2.016196
250.516000032	3.180329
252.513000011	3.180329
254.836000204	0.191103
257.265000105	0.036418
259.617000103	1.110791
263.007000208	0.140322
264.501999855	0.004812
266.487000227	6.350111
268.565000057	2.518009
270.617000103	5.646135
272.471000195	2.680612
274.489000082	0.013901
276.476999998	0.552241
