0.0	1.812235
0.148000001907	2.24388
0.377999782562	1.966987
0.628999948502	2.164903
0.853999853134	2.263515
1.04199981689	2.691557
1.31299996376	2.359246
1.66700005531	2.063442
2.27600002289	1.9275
3.71799993515	1.920654
5.867000103	1.907912
7.84099984169	2.888534
9.86599993706	1.014338
11.8379998207	1.71671
13.8650000095	1.792035
15.8449997902	2.036777
17.867000103	2.527742
19.8469998837	2.132428
21.8429999352	2.599587
23.8650000095	2.106871
25.8409998417	2.332265
27.8389997482	1.499808
29.8399999142	2.801756
31.8429999352	1.93508
33.8659999371	2.112444
35.8480000496	0.318135
37.8549997807	2.384226
39.8449997902	0.181806
41.8699998856	1.741828
43.867000103	2.68274
45.8680000305	0.320997
47.867000103	2.046147
49.8419997692	2.75038
51.8409998417	1.475282
53.8449997902	2.775803
55.8429999352	2.307005
57.867000103	2.863252
59.8419997692	0.559683
61.8419997692	1.066522
63.8439998627	1.804118
65.867000103	0.451074
67.8459999561	2.292136
69.8429999352	2.103192
71.8480000496	3.181123
73.867000103	2.027207
75.8389997482	1.261945
77.867000103	2.240661
79.8680000305	1.948466
81.8399999142	2.009318
83.8449997902	2.329535
85.8449997902	1.987824
87.8739998341	2.563391
89.8469998837	1.499661
91.867000103	2.500649
93.8409998417	2.166436
95.8650000095	1.990756
97.8399999142	2.623379
99.8409998417	2.081085
101.867000103	2.578249
103.840999842	2.263021
105.845999956	2.378347
107.867000103	2.473735
109.842999935	2.049856
111.838999748	1.912078
113.84499979	2.151544
115.862999678	2.192877
117.865999937	1.326837
119.846999884	0.907913
121.846999884	2.694174
123.838999748	1.487651
125.864000082	2.690418
127.84499979	2.088177
129.841999769	2.312205
132.095999956	1.894528
133.838999748	2.046144
135.862999678	2.752334
138.095999956	2.105502
140.09499979	2.322983
142.117999792	2.627999
144.097999811	1.762554
146.089999914	1.775058
148.089999914	1.874965
150.088999987	1.874965
152.09100008	1.874965
154.09499979	1.594772
156.093999863	2.362054
158.125	2.758542
160.09499979	1.401794
162.089999914	1.545054
164.11899972	1.786553
166.119999886	1.811522
168.120999813	1.839788
170.097999811	1.839788
172.092000008	2.089263
174.117999792	1.865991
176.117999792	1.869719
178.116999865	2.256536
180.09499979	2.493792
182.117999792	1.798691
184.09499979	2.629798
186.096999884	2.444666
188.120999813	2.441986
190.093999863	2.79398
192.093999863	1.877614
194.093999863	0.323181
196.097999811	2.361942
198.092000008	2.763752
200.09100008	1.763516
202.10199976	2.697445
204.121999741	2.576042
206.113999844	1.646292
208.089999914	2.751653
210.116999865	2.662014
212.116999865	2.144243
214.09499979	1.215463
216.095999956	2.740501
218.095999956	2.389431
220.09100008	2.539094
222.116999865	1.486776
224.116999865	0.177465
226.11899972	2.128113
228.115999937	2.747478
230.117999792	1.89356
232.09499979	2.755825
234.092000008	0.247932
236.097999811	2.652274
238.093999863	1.886053
240.09499979	2.485686
242.11899972	2.39641
244.09100008	2.781898
246.117999792	1.586887
248.09100008	2.860526
250.09499979	1.314967
252.095999956	2.300602
254.09499979	2.253253
256.093999863	2.460482
258.115999937	2.354581
260.117999792	1.975744
262.11899972	0.345458
264.09499979	1.030778
266.095999956	2.591718
268.092000008	2.852711
270.092000008	0.014027
272.088999987	0.033547
274.089999914	0.249818
276.088999987	2.000063
278.088999987	1.772993
280.092000008	1.731922
282.09499979	0.362531
284.096999884	2.605193
286.100999832	1.881829
288.093999863	1.092584
290.11500001	1.710006
292.093999863	1.428894
294.117999792	1.802123
296.09499979	2.348896
298.095999956	1.558563
300.120999813	2.727101
302.099999905	1.557481
304.088999987	2.063479
306.09499979	0.491644
308.11500001	0.057873
310.09100008	2.48197
312.11899972	2.726588
314.096999884	2.232788
316.097999811	1.923735
318.096999884	2.85007
320.092000008	2.220942
322.116999865	0.902955
324.11899972	0.675817
326.115999937	2.172557
328.093999863	1.489811
330.093999863	2.614874
332.095999956	0.767062
334.096999884	0.532652
336.093999863	2.323911
338.09499979	1.329411
340.088999987	0.012389
342.115999937	1.554509
344.117999792	1.906845
346.11899972	0.85777
348.096999884	2.352678
350.097999811	1.452318
352.09100008	2.690274
354.095999956	1.591829
356.093999863	2.121754
358.121999741	2.670984
360.089999914	1.339787
362.09100008	1.46501
364.09499979	2.65479
366.098999977	2.282254
368.120999813	2.050886
370.119999886	2.682225
372.092999935	2.717998
374.11500001	2.688992
376.11899972	2.444309
378.119999886	2.786082
380.095999956	1.373696
382.096999884	2.646042
384.097999811	1.919645
386.116999865	2.518262
388.338999987	2.494571
390.338999987	2.406514
392.358999729	0.129867
394.359999895	2.775717
396.341999769	2.329257
398.340999842	1.863814
400.341999769	2.449477
402.180000067	1.997609
404.340999842	2.736326
406.34499979	1.8454
408.339999914	2.066939
410.340999842	2.614444
412.341999769	1.336345
414.341999769	1.43857
416.341999769	2.746576
418.358999729	2.83833
420.340999842	1.416413
422.339999914	0.731937
424.340999842	0.06323
426.169999838	2.63372
428.358999729	2.710691
430.339999914	1.57432
432.359999895	2.748406
434.363000154	2.712041
436.340999842	0.969332
438.358999729	2.396651
440.340999842	0.524005
442.340999842	2.329938
444.340999842	2.68167
446.341999769	2.407422
448.340999842	1.62986
450.230999708	2.777809
452.341999769	2.680153
454.340999842	2.207756
456.340999842	2.065711
458.340999842	2.324033
460.341999769	1.761356
462.340999842	1.652242
464.359999895	1.823768
466.36199975	1.979701
468.343999863	1.846501
470.341999769	2.560087
472.340999842	2.809666
474.205999851	1.989458
476.340999842	2.615871
478.341999769	1.916997
480.339999914	1.608597
482.341999769	2.63399
484.342999697	2.624465
486.339999914	1.830477
488.340999842	1.658347
490.340999842	2.505048
492.340999842	2.844981
494.338999987	1.917651
496.340999842	2.836034
498.230999708	2.341332
500.342999697	1.718766
502.338999987	2.806123
504.339999914	0.022118
506.338999987	1.490449
508.338999987	1.295767
510.338999987	2.764315
512.340999842	0.082648
514.363000154	2.429965
516.359999895	2.698081
518.339999914	1.967137
520.341999769	1.841375
522.338999987	1.451279
524.357999802	2.816514
526.341999769	0.62194
528.340999842	2.094138
530.341999769	2.784487
532.342999697	2.593574
534.341999769	2.714352
536.341999769	2.296239
538.340999842	2.835586
540.341999769	2.756608
542.340999842	1.306831
544.341999769	2.68401
546.342999697	2.661279
548.34499979	0.184393
550.345999956	2.622745
552.340999842	1.850233
554.357999802	2.784448
556.360999823	1.493701
558.358999729	2.189234
560.338999987	1.763439
562.341999769	2.118885
564.341999769	2.755993
566.359999895	2.881321
568.358999729	1.98062
570.338999987	2.106807
572.341999769	2.585092
574.365999937	1.557211
576.359999895	1.903639
578.355999947	2.245042
580.36199975	2.132513
582.358999729	1.696919
584.339999914	2.566738
586.363000154	2.027952
588.358999729	2.602229
590.358999729	2.680764
592.358999729	1.458429
594.339999914	0.994995
596.363000154	1.77333
598.363000154	2.51155
600.358999729	2.567407
602.339999914	2.610409
604.339999914	2.663578
606.340999842	2.171847
608.341999769	2.740168
610.340999842	1.610022
612.342999697	2.727838
614.347000122	2.398908
616.363000154	2.034752
618.339999914	2.713056
620.340999842	2.794023
622.338999987	2.644694
624.339999914	2.265572
626.340999842	1.356644
628.340999842	2.775456
630.339999914	2.316266
632.363000154	2.347793
634.618999958	2.463969
636.341999769	2.577502
638.615999937	1.889737
640.618999958	2.351356
642.589999914	1.573023
644.616999865	2.143828
646.599999905	1.690979
648.595999956	2.050886
650.596999884	0.506873
652.618999958	1.601926
654.589999914	1.828314
656.411999941	1.588645
658.592000008	2.127164
660.589999914	2.26247
662.592000008	2.180722
664.596999884	2.302808
666.598999739	2.566513
668.595000029	2.328778
670.588999987	1.869644
672.616999865	2.632598
674.589999914	2.794842
676.595000029	1.804141
678.596999884	2.490535
680.43599987	2.847891
682.620999813	2.739269
684.590999842	1.727512
686.595000029	2.697454
688.618999958	2.753224
690.595000029	2.604949
692.618999958	2.764356
694.592000008	2.772458
696.596999884	2.763636
698.598999739	2.760651
700.593999863	1.806358
702.595000029	2.057416
704.48699975	1.604243
706.620999813	2.649053
708.614999771	2.744064
710.595999956	2.186028
712.597999811	1.476649
714.605999947	2.128931
716.595000029	2.672394
718.616999865	0.877539
720.617999792	2.698116
722.595000029	0.139402
724.595000029	2.375536
726.597999811	0.164158
728.465999842	2.075249
730.595000029	2.619946
732.597999811	1.715614
734.618999958	2.079296
736.617999792	1.788895
738.589999914	2.17582
740.592000008	2.270572
742.618999958	2.449929
744.589999914	0.233066
746.595000029	1.998672
748.590999842	1.779858
750.588999987	2.322888
752.588999987	1.355857
754.617999792	2.067328
756.618999958	2.345075
758.615999937	1.233739
760.618999958	1.865208
762.597999811	2.773745
764.596999884	2.6339
766.592000008	2.818226
768.595000029	2.282916
770.616999865	2.710153
772.615999937	2.777895
774.618999958	2.486236
776.588999987	2.635315
778.595999956	2.635315
780.597999811	2.488463
782.595999956	2.109722
784.595000029	2.714285
786.620999813	2.797217
788.618999958	2.202765
790.597999811	2.790451
792.595000029	2.523805
794.597999811	2.838644
796.595999956	1.83616
798.600999832	2.21926
800.589999914	2.273495
802.615999937	2.630927
804.617999792	2.037594
806.593999863	2.310551
808.595000029	2.35209
810.605000019	2.474919
812.590999842	1.987987
814.599999905	2.674515
816.595000029	2.123265
818.593999863	2.454894
820.588999987	2.320451
822.590999842	2.760226
824.590999842	1.247283
826.596999884	2.03253
828.592000008	2.082431
830.621999741	2.654747
832.592999935	1.885357
834.593999863	0.043504
836.615999937	1.351343
838.616999865	2.567577
840.589999914	2.526829
842.595999956	2.816683
844.593999863	2.465209
846.593999863	2.032998
848.613999844	1.315907
850.638999701	1.952195
852.618999958	2.682105
854.619999886	1.386666
856.619999886	2.524458
858.597999811	1.346872
860.595999956	2.720801
862.596999884	2.536309
864.600999832	1.915509
866.589999914	0.05724
868.588999987	2.788479
870.589999914	2.321868
872.588999987	2.323829
874.588999987	2.728013
876.595999956	2.819544
878.615999937	2.717548
880.624000072	1.655877
882.614999771	1.396971
884.839999914	2.699598
886.728999853	0.156828
888.618999958	0.40962
890.842999935	2.801101
892.842999935	2.715956
894.84800005	2.625253
896.867000103	2.448917
898.865999937	1.999027
900.842999935	2.868806
902.842999935	0.575432
904.838999748	2.536213
906.843999863	1.367937
908.84499979	2.063672
910.845999956	2.094518
912.846999884	1.415953
914.841999769	0.667838
916.842999935	1.46206
918.842999935	2.341178
920.842999935	2.673335
922.843999863	2.759066
924.840999842	2.540327
926.848999977	2.271855
928.84800005	1.010618
930.849999905	1.423437
932.865999937	2.325975
934.842999935	0.283753
936.865999937	2.608655
938.842999935	1.956417
940.84499979	2.094371
942.84499979	2.094371
944.841999769	2.671733
946.84499979	0.46482
948.842999935	2.410849
950.840999842	2.705679
952.842999935	0.771727
954.842999935	2.844279
956.843999863	1.96511
958.843999863	2.746567
960.841999769	2.746567
962.868000031	2.746567
964.865999937	2.746567
966.842999935	0.796255
968.859999895	1.294617
970.840999842	0.90002
972.865999937	2.818899
974.839999914	2.764296
976.84499979	1.475066
978.839999914	2.690839
980.867000103	0.021913
982.867000103	2.665016
984.840999842	2.081379
986.839999914	0.437655
988.839999914	2.702738
990.839999914	2.675119
992.841999769	2.121567
994.848999977	2.579255
996.841999769	2.354903
998.842999935	1.842816
1000.83999991	2.415329
1002.86500001	2.699257
1004.84499979	1.555635
1006.84299994	2.801034
1008.84599996	2.075839
1010.86999989	1.748625
1012.87299991	2.763364
1014.84299994	2.782412
1016.83999991	2.754894
1018.87099981	2.644924
1020.84099984	1.75859
1022.84399986	1.825444
1024.84499979	1.765804
1026.84899998	2.813418
1028.84599996	2.480076
1030.83999991	0.04214
1032.84099984	2.602184
1034.8670001	2.733857
1036.84499979	2.800587
1038.84399986	2.605229
1040.84599996	1.606725
1042.84299994	2.934253
1044.84199977	2.622191
1046.84399986	2.262444
1048.86500001	0.473615
1050.84399986	2.348809
1052.84099984	1.787337
1054.84399986	2.417119
1056.84399986	2.604544
1058.84199977	2.882793
1060.86800003	2.449011
1062.84499979	2.525466
1064.86800003	2.676729
1066.8670001	2.739405
1068.84199977	1.790006
1070.84299994	2.680951
1072.83999991	1.54373
1074.86800003	2.030537
1076.84699988	1.146304
1078.84599996	1.599503
1080.86800003	2.593692
1082.84199977	1.943528
1084.86800003	2.478377
1086.84099984	0.251777
1088.86800003	2.835494
1090.86800003	2.959816
1092.84599996	2.69052
1094.87199998	3.024346
1096.8670001	2.121463
1098.83899975	2.723114
1100.83899975	2.763787
1102.86800003	3.107931
1104.84399986	1.847732
1106.86800003	1.971454
1108.84099984	1.695337
1110.84199977	1.669044
1112.83999991	1.425214
1114.83999991	2.693486
1116.83999991	1.538245
1118.83899975	0.504427
1120.84399986	2.773878
1122.86800003	2.72568
1124.84299994	2.297449
1126.84399986	2.204511
1128.84099984	2.818145
1130.84599996	2.524076
1133.11799979	2.346775
1135.09200001	2.819736
1137.09599996	1.839618
1138.84399986	0.055036
1141.09799981	2.106744
1143.09899998	2.143207
1145.09399986	2.394064
1147.09399986	2.337452
1149.11699986	0.383046
1150.98199987	1.424824
1153.09200001	2.133732
1155.09599996	0.297091
1157.09200001	2.109983
1159.09699988	1.621889
1161.09399986	2.270943
1163.09499979	1.552634
1165.09100008	2.168925
1167.11799979	2.37389
1169.12199974	2.531857
1171.08999991	1.981469
1173.09499979	1.977475
1174.9139998	2.400118
1177.09599996	2.395466
1179.09499979	2.260479
1181.09100008	2.161252
1183.09499979	2.742992
1185.08999991	2.185213
1187.09599996	2.124063
1189.09499979	1.85477
1191.09299994	2.456819
1193.09699988	3.090387
1195.11699986	2.780704
1197.11699986	1.389988
1198.92400002	2.779003
1201.11899972	2.626701
1203.11899972	2.139711
1205.10500002	2.579277
1207.09499979	2.397003
1209.10099983	2.424926
1211.09799981	2.066177
1213.09100008	1.561782
1215.09499979	2.17284
1217.09200001	2.666895
1219.08999991	0.995347
1221.09499979	1.5958
1223.09100008	1.153488
1225.11999989	2.320176
1227.09299994	2.394129
1229.08999991	2.370418
1231.08899999	1.748093
1233.09100008	1.302239
1235.08999991	2.181289
1237.09100008	2.178607
1239.09100008	2.725286
1241.09399986	2.404163
1243.12400007	2.665908
1245.11799979	2.145975
1247.08999991	2.382459
1249.11799979	0.343969
1251.09200001	2.069711
1253.09599996	1.142273
1255.09100008	0.483295
1257.09699988	1.257927
1259.11899972	1.965383
1261.11899972	2.65283
1263.09100008	2.325648
1265.09100008	2.115579
1267.11899972	2.363165
1269.10299969	0.406917
1271.10500002	1.422434
1273.09200001	2.558689
1275.09799981	2.743679
1277.09599996	1.549975
1279.11899972	0.341008
1281.11599994	2.796464
1283.11500001	1.523332
1285.12199974	3.007888
1287.09699988	2.032816
1289.09899998	2.121974
1291.09699988	1.227074
1293.10199976	2.577097
1295.08999991	2.018985
1297.09499979	2.544328
1299.11699986	2.940304
1301.11999989	2.5585
1303.09399986	1.388629
1305.09599996	1.392226
1307.09599996	2.784611
1309.09299994	2.588446
1311.09499979	2.860969
1313.09599996	2.765901
1315.11899972	2.620028
1317.09599996	1.473794
1319.08899999	0.865497
1321.09699988	2.737122
1323.09699988	2.502931
1325.09799981	2.337724
1327.09699988	2.628978
1329.09499979	2.483785
1331.09499979	2.568559
1333.10099983	2.281726
1335.09499979	2.255834
1337.09499979	2.390575
1339.09200001	2.30674
1341.5059998	2.359132
1343.09499979	2.759109
1345.09200001	2.435695
1347.10299969	2.760437
1349.09499979	2.65518
1351.09299994	0.10622
1353.09599996	1.765823
1355.09299994	2.532872
1357.09499979	0.713273
1359.87399983	2.878609
1361.83999991	2.711732
1363.84099984	1.366204
1365.86899996	2.533547
1367.83999991	3.03242
1369.83999991	0.209323
1371.84599996	0.386355
1373.84399986	2.556793
1375.84399986	2.692566
1377.83899975	2.002556
1379.84499979	2.204389
1381.8670001	2.730686
1383.86999989	2.006215
1385.84299994	1.900507
1387.84299994	2.668403
1389.84599996	2.584794
1391.84499979	1.621176
1393.84499979	2.521278
1395.84099984	0.587623
1397.86800003	2.696409
1399.86800003	0.453651
1401.86899996	2.61133
1403.84599996	2.579167
1405.87299991	2.693399
1407.84299994	2.08247
1409.86899996	1.845079
1411.84599996	2.506714
1413.86899996	1.545591
1415.83999991	2.76279
1417.84499979	2.15061
1419.84599996	2.204107
1421.84299994	2.331674
1423.84899998	0.779576
1425.84699988	2.732359
1427.84499979	2.857646
1429.86999989	1.45659
1431.84499979	0.342509
1433.84499979	0.065631
1435.87099981	2.708186
1437.86899996	0.604076
1439.84399986	1.866261
1441.84299994	2.792239
1443.84499979	2.757671
1445.84399986	1.433257
1447.86899996	0.486133
1449.84399986	2.921352
1451.84599996	2.160363
1453.84599996	2.706693
1455.84699988	2.20701
1457.84699988	0.880011
1459.87199998	2.678832
1461.84499979	0.029732
1463.85499978	0.563388
1465.83999991	2.034548
1467.84099984	2.531871
1469.84099984	1.786447
1471.84199977	1.786447
1473.84199977	1.633138
1475.84499979	2.844594
1477.83999991	2.06911
1479.8670001	2.667723
1481.86800003	0.495168
1483.8670001	2.169166
1485.84499979	2.623172
1487.84099984	2.763242
1489.84599996	2.711328
1491.84699988	2.743117
1493.86800003	1.584744
1495.84699988	0.440731
1497.84099984	1.939464
1499.86800003	2.12055
1501.84599996	1.896177
1503.84299994	2.098681
1505.84699988	2.689948
1507.84599996	2.915039
1509.84499979	1.897435
1511.85100007	1.279511
1513.84099984	1.356124
1515.84499979	2.395229
1517.84599996	2.135676
1519.87099981	2.672678
1521.90299988	2.396029
1524.09799981	2.643621
1525.90700006	2.343652
1527.86800003	1.633122
1530.11599994	2.803362
1532.11899972	2.976761
1534.09399986	2.664897
1536.09200001	0.618188
1538.09799981	2.608371
1540.09799981	2.407127
1542.08999991	2.564865
1544.11799979	1.469596
1546.09599996	2.364515
1548.11799979	1.380487
1549.9139998	1.856212
1552.11799979	2.00828
1554.11899972	1.62553
1556.09799981	1.950069
1558.12199974	1.962577
1560.09100008	2.717629
1562.09200001	1.910981
1564.09399986	0.704317
1566.09699988	1.292388
1568.11699986	2.478012
1570.09299994	2.542918
1572.09699988	0.222252
1573.94199991	2.051136
1576.09899998	2.60289
1578.11999989	2.617171
1580.11899972	2.796923
1582.09100008	2.796923
1584.11799979	2.779133
1586.08999991	0.821326
1588.09299994	0.200167
1590.09200001	2.462924
1592.08999991	1.941019
1594.08999991	2.485996
1596.08999991	0.302463
1597.93599987	2.81354
1600.09399986	2.248866
1602.11799979	1.793367
1604.12899995	1.535662
1606.09599996	0.076869
1608.09799981	1.758476
1610.09599996	0.569966
1612.11799979	1.2075
1614.11899972	0.360143
1616.09299994	2.744169
1618.11899972	2.6808
1620.11999989	2.631868
1622.09399986	2.313337
1624.09699988	2.791098
1626.11799979	1.853436
1628.11899972	1.402668
1630.09699988	2.424401
1632.11699986	1.467106
1634.09100008	1.770437
1636.09699988	0.17747
1638.09899998	2.075169
1640.0999999	2.045725
1642.11500001	1.680734
1644.09399986	2.504336
1645.95700002	2.166675
1648.11799979	0.301882
1650.11799979	2.016633
1652.11599994	2.251383
1654.09699988	0.241486
1656.11699986	2.039828
1658.09200001	2.039828
1660.11799979	0.496344
1662.09100008	2.633883
1664.09100008	1.793421
1666.11699986	2.68947
1668.09599996	2.799627
1670.09299994	2.541173
1672.09799981	2.537906
1674.09699988	1.920403
1676.11699986	2.163076
1678.09399986	0.180421
1680.11699986	2.663616
1682.09399986	1.849381
1684.09100008	1.849381
1686.09899998	1.849381
1688.09499979	1.849381
1690.09799981	1.849381
1692.09499979	1.849381
1694.08999991	1.849381
1696.09100008	1.849381
1698.11599994	1.849381
1700.09699988	1.849381
1702.11899972	1.743034
1704.09399986	1.75779
1706.0999999	2.467033
