0.0	0.287134
0.16100025177	0.3593
0.319999933243	0.601287
0.414000272751	0.601287
0.511000156403	0.601287
0.609000205994	0.857244
0.700999975204	0.857244
0.808000087738	1.484776
1.54700016975	1.484776
3.54400014877	0.047782
5.55000019073	0.238148
7.54400014877	1.210584
9.54600024223	1.210584
11.4119999409	1.210584
13.5450003147	1.210584
16.2449998856	1.210584
18.0450000763	1.210584
19.5440001488	1.210584
21.5440001488	1.210584
23.5440001488	1.210584
25.5440001488	1.210584
27.5430002213	1.210584
29.5430002213	1.210584
32.0520000458	1.210584
33.8110001087	1.210584
35.5440001488	1.210584
37.7960000038	1.210584
39.5440001488	1.210584
41.5440001488	1.210584
43.5480000973	1.210584
45.5440001488	1.210584
48.0550000668	1.210584
49.5440001488	1.210584
51.5450003147	1.210584
53.5440001488	1.210584
55.5610003471	1.210584
57.5440001488	1.210584
59.5500001907	1.210584
61.5440001488	1.210584
64.0670001507	1.210584
65.5569999218	1.210584
67.9510002136	1.210584
69.5969998837	1.210584
71.5500001907	1.210584
73.5440001488	0.135806
76.0450000763	0.208016
77.5540001392	0.259868
79.5470001698	0.381899
81.8030002117	0.021042
83.5409998894	0.43833
85.5500001907	0.43833
87.5580000877	0.422283
89.5510001183	0.174969
91.5569999218	0.411974
93.5490000248	0.077033
95.8050000668	0.083623
97.8050000668	0.207949
99.7999999523	0.173681
101.646000147	0.382458
103.804000139	0.483497
105.798000097	0.091735
107.755000114	0.582765
109.804000139	0.582765
111.802000284	0.582765
114.051000118	0.651326
115.801000118	0.651326
117.805000067	0.66747
119.801000118	0.66747
121.801000118	0.66747
124.68900013	0.694567
125.805000067	0.694567
127.801000118	0.694567
129.799000025	0.694567
131.721000195	0.758878
133.799000025	0.775445
135.804000139	0.816727
138.052999973	0.06271
139.796000004	0.418418
141.815999985	0.857608
143.805000067	0.857608
145.799000025	0.290058
148.003000021	0.695803
149.805000067	0.695803
151.796999931	0.902514
153.798000097	0.902514
155.732000113	0.713587
157.799999952	0.713587
159.799999952	0.713587
162.055999994	0.932187
164.048000097	0.932187
166.055000067	0.729296
168.299000025	0.729296
170.072000027	0.729296
172.046000242	0.831982
174.073000193	0.831982
176.04700017	0.811572
178.049000263	0.811572
180.04700017	0.81671
182.04700017	0.81671
184.555999994	0.81671
186.073000193	0.899889
188.052000046	0.899889
190.051000118	0.138376
192.048000097	0.497436
194.048000097	0.497436
196.04700017	0.936369
198.049000263	0.936369
200.048000097	1.037582
202.100000143	0.044654
204.299999952	0.111064
206.100000143	0.414613
208.04700017	0.414613
210.045000076	0.991686
212.046000242	0.227328
214.049000263	0.90344
216.052000046	0.90344
218.048000097	0.138047
220.06099987	1.218645
222.330000162	1.218645
224.304000139	1.218645
226.315999985	1.218645
228.519999981	0.051865
230.295000076	1.34788
232.316999912	1.34788
234.312000036	0.674734
236.298000097	1.225135
238.817000151	1.398253
240.296000004	1.398253
242.332000017	1.398253
244.402000189	1.447053
246.550000191	1.447053
248.652999878	0.065174
250.776000023	0.508893
252.550000191	0.674319
255.051000118	0.674319
256.751000166	0.674319
258.675000191	1.693541
260.548000097	1.693541
262.549000025	0.187206
264.548000097	0.52147
266.546000242	0.52147
268.555999994	0.862528
270.548000097	0.862528
272.552000046	0.862528
274.549000025	0.862528
276.545000315	0.862528
278.546000242	0.862528
280.546000242	0.862528
282.548000097	0.862528
284.546000242	0.862528
286.546000242	0.862528
288.54700017	0.862528
290.546000242	0.862528
292.548000097	1.827338
294.54700017	1.827338
296.546000242	1.827338
299.046000242	1.827338
300.546000242	1.827338
302.548000097	1.827338
304.551000118	1.827338
306.548000097	1.827338
308.611000061	1.827338
310.812000036	1.827338
312.811000109	1.827338
314.659000158	1.827338
316.871000051	1.827338
318.795000076	1.827338
321.046000242	1.827338
322.796000004	1.827338
324.796000004	0.137305
326.796000004	0.130329
328.799000025	0.033575
330.799000025	0.120885
332.798000097	0.120885
335.296000004	0.090873
336.796999931	0.212085
338.796999931	0.288665
340.799999952	0.316615
342.795000076	0.384591
344.811000109	0.085158
346.801000118	0.087872
348.796000004	0.127625
351.058000088	0.250632
352.796000004	0.25093
354.796999931	0.589771
356.796000004	0.589771
358.80700016	0.625624
360.796999931	0.625624
362.72300005	0.691397
364.796000004	0.691397
366.810000181	0.764209
368.796000004	0.810033
370.803000212	0.696026
372.796000004	0.732205
375.30099988	0.732205
376.811000109	0.732205
378.803000212	0.753124
380.798000097	0.753124
382.809000254	0.725593
384.801000118	0.725593
387.092000008	0.070827
388.803000212	0.162146
390.812000036	0.325647
392.809000254	0.15272
394.804000139	0.291533
396.809000254	0.265078
398.808000088	0.387758
400.809000254	0.108571
402.805000067	0.849862
404.801000118	0.15064
406.80700016	0.819345
408.806000233	0.819345
410.806000233	0.819345
412.804000139	0.958852
414.801000118	0.958852
416.805000067	0.957537
419.31400013	0.957537
420.80700016	0.51961
422.799999952	0.51961
424.806000233	0.51961
426.80700016	0.137268
428.801000118	0.215784
431.051000118	0.166034
432.803000212	0.216194
435.354000092	0.250024
437.05700016	0.319008
439.052999973	0.319008
441.055999994	0.434023
443.05700016	0.515651
445.551000118	0.652624
447.052000046	0.046788
449.052999973	0.74632
451.052999973	0.646676
453.052999973	0.667607
455.054000139	0.675998
457.052000046	0.675998
458.970000267	0.757558
461.059000015	0.934337
463.051000118	0.228329
465.052999973	0.964696
467.052000046	1.13626
469.049000263	0.133025
471.054000139	0.131953
473.050000191	0.362958
475.050000191	0.939285
477.05700016	0.939285
479.555999994	1.121281
481.051000118	1.121281
483.30099988	1.134354
485.30700016	0.823187
487.050000191	1.446095
489.052999973	1.446095
491.050000191	1.446095
493.049000263	1.446095
495.049000263	1.446095
497.05700016	1.446095
499.04700017	0.11145
501.052000046	0.273602
503.052000046	0.663729
505.051000118	0.663729
507.054000139	0.663729
509.298000097	0.663729
511.052000046	0.663729
513.049000263	0.663729
515.075999975	0.663729
517.050000191	0.663729
519.050000191	0.663729
521.050000191	0.663729
523.050000191	0.664454
525.048000097	0.664454
527.049000263	0.664454
529.30099988	0.12393
531.223999977	0.762945
533.319999933	0.762945
535.303000212	0.597575
537.298000097	0.162664
539.303000212	0.248065
541.299999952	0.861181
543.302000284	0.861181
545.29700017	1.120985
547.299000025	1.120985
549.347000122	1.120985
551.403000116	1.120985
553.312000036	1.120985
555.711000204	1.120985
557.548000097	1.120985
559.548000097	1.120985
561.551000118	1.120985
563.551000118	1.120985
565.550000191	1.120985
568.048000097	1.120985
569.802000284	1.120985
571.553000212	1.293797
573.548000097	1.293797
575.553000212	0.111186
577.550000191	0.110044
579.714000225	0.122506
581.551000118	0.176256
583.566000223	0.158425
585.549000025	0.004146
587.551000118	0.051346
589.549000025	0.180216
591.548000097	0.066342
593.550000191	0.157143
595.548000097	0.262146
597.553000212	0.070086
599.549000025	0.060077
601.548000097	0.049989
603.550000191	0.246906
605.549000025	0.348094
607.548000097	0.492602
609.549000025	0.442468
612.049000263	0.442468
613.559000015	0.634595
615.549000025	0.634595
617.554000139	0.634595
619.550000191	0.58228
621.749000072	0.58228
623.601000309	0.57153
625.548000097	0.57153
627.478000164	0.622517
629.802000284	0.291646
631.548000097	0.619685
633.549000025	0.750245
635.558000088	0.750245
637.549000025	0.310554
639.550000191	0.382903
641.562000275	0.076876
643.549000025	0.272961
645.548000097	0.272961
647.551000118	0.732563
649.548000097	0.732563
651.549000025	0.690307
653.563000202	0.04028
655.550000191	0.216751
657.551000118	0.780072
659.551000118	0.780072
661.549000025	0.784809
663.799000025	0.784809
665.549000025	0.784809
667.551000118	0.829841
669.549000025	0.010834
671.549000025	0.031107
673.558000088	0.003464
675.548000097	0.839981
677.549000025	0.839981
679.549000025	0.062861
681.561000347	0.923697
683.549000025	0.923697
685.549000025	0.116114
687.555999994	0.184444
689.555999994	0.367118
691.553000212	0.334951
693.549000025	0.334951
695.577000141	0.146173
697.584000111	0.294755
700.124000072	0.072268
701.563000202	0.369885
703.804000139	0.314447
705.806000233	0.468765
707.804000139	0.517888
709.806000233	0.127884
711.809000254	0.042573
713.743999958	0.612868
715.805000067	0.667155
717.806000233	0.667155
719.802000284	0.11826
721.806000233	0.362288
723.808000088	0.109632
725.808000088	0.357988
727.808000088	0.652347
729.803000212	0.562105
732.278000116	0.562105
733.806000233	0.03823
736.312000036	0.29119
737.736000061	0.760802
739.819000006	0.760802
741.815999985	0.760802
743.808000088	0.301621
745.802000284	0.301621
747.803000212	0.225584
750.05700016	0.235072
751.803000212	0.616353
754.05700016	0.119641
755.819999933	0.2902
757.834000111	0.779861
760.279999971	0.14345
761.720000029	0.76479
763.812999964	0.76479
765.815000057	0.76479
767.803000212	0.79032
769.809000254	0.586186
771.804000139	0.372907
773.804000139	0.837747
775.80700016	0.837747
777.805000067	0.878253
779.808000088	0.878253
781.802000284	0.834932
783.808000088	0.834932
785.726999998	0.713247
787.827000141	0.713247
789.763999939	0.019095
791.803000212	1.027998
793.810000181	1.027998
795.803000212	0.935248
797.799999952	0.935248
799.806000233	0.278891
801.799999952	0.951628
803.80700016	0.951628
805.802000284	0.052498
807.805000067	0.471999
809.80700016	0.872141
811.802000284	0.872141
813.840000153	0.872141
815.799000025	0.96029
817.808000088	0.96029
819.804000139	0.96029
821.804000139	0.004684
824.287000179	0.180311
825.805000067	0.349192
827.802000284	0.349192
829.802000284	0.897289
832.05700016	0.897289
833.802000284	0.011815
835.863000154	0.418291
838.050000191	0.774419
841.745000124	0.849856
841.886000156	0.849856
844.051000118	0.850861
846.055000067	0.007228
848.055000067	0.111131
850.052000046	0.589489
852.051000118	0.048302
854.552000046	0.832581
856.052000046	0.123761
857.955000162	0.747542
860.052999973	0.034639
862.052999973	0.477948
864.551000118	0.11736
866.052000046	0.38474
868.555000067	0.069228
870.201000214	0.122139
872.090000153	0.248457
874.051000118	0.056949
876.075999975	0.293209
878.052000046	0.206271
880.050000191	0.022282
882.052999973	0.385049
884.055999994	0.358558
886.051000118	0.065434
888.052000046	0.157547
890.052000046	0.210141
892.147000074	0.295837
894.054000139	0.024368
897.43900013	0.092245
898.058000088	0.106827
900.051000118	0.096274
902.299999952	0.104557
904.052000046	0.062978
906.06400013	0.186707
908.052000046	0.115193
910.332000017	0.197479
912.052000046	0.20573
914.052000046	0.198718
916.055999994	0.31066
918.051000118	0.31066
920.052000046	0.31066
922.052000046	0.39828
924.051000118	0.39828
926.055999994	0.451034
928.052999973	0.451034
930.525000095	0.086993
932.051000118	0.235407
934.052000046	0.043612
936.055000067	0.673243
938.052000046	0.64463
940.069000006	0.589591
942.052999973	0.589591
944.051000118	0.628669
946.051000118	0.215815
948.051000118	0.657273
950.051000118	0.793047
952.134000063	0.793047
954.051000118	0.772287
956.051000118	0.818894
958.088000059	0.791823
960.051000118	0.805815
962.409000158	0.805815
964.055999994	0.854605
966.051000118	0.854605
968.052000046	0.854605
970.052000046	0.723463
972.059999943	0.723463
974.051000118	0.908617
976.059000015	0.398877
978.052000046	0.764593
980.309000015	0.764593
982.299999952	0.764593
984.30099988	0.836995
986.310000181	0.850691
988.065000296	0.94253
990.559000015	0.94253
992.308000088	0.880036
994.81400013	0.078132
996.303000212	0.960718
998.304000139	0.168611
1000.31100011	0.472339
1002.21500015	0.916932
1004.31100011	0.916932
1006.31800008	0.156607
1008.30800009	0.940538
1010.3130002	0.940538
1012.30800009	0.870358
1014.30900002	0.870358
1016.64499998	0.870358
1018.31599998	0.028993
1020.3130002	0.281511
1022.81100011	0.037871
1024.30500031	0.28131
1026.31000018	0.795686
1028.31000018	0.795686
1030.75900006	0.795686
1032.55599999	0.795686
1034.30700016	0.795686
1036.31000018	0.218956
1038.30600023	0.275275
1040.54500031	0.275275
1042.30500031	0.992184
1044.30700016	0.992184
1046.31500006	0.995907
1048.31200004	0.995907
1050.63600016	0.995907
1052.51600003	0.042319
1054.30400014	0.327332
1056.31500006	0.983587
1058.55800009	0.983587
1060.59000015	0.268699
1063.10899997	0.306093
1065.47200012	0.306093
1067.30900002	1.024259
1069.30300021	0.030787
1071.32900023	0.122647
1073.56600022	0.122647
1075.3130002	0.983982
1077.37700033	0.983982
1079.30400014	0.983982
1081.30500031	0.946326
1083.30300021	0.946326
1085.30600023	1.027322
1087.30800009	1.027322
1089.30500031	1.027322
1091.30300021	0.369475
1093.32100034	0.369475
1095.30400014	0.983236
1097.30500031	0.983236
1099.30400014	0.901779
1101.30500031	0.901779
1103.30500031	0.901779
1105.30400014	0.851119
1107.81500006	0.851119
1109.30300021	0.937339
1111.30200028	0.937339
1113.30500031	0.937339
1115.30500031	1.071026
1117.30500031	1.071026
1119.30500031	1.024653
1121.30200028	1.031398
1123.30400014	1.106537
1125.30200028	1.106537
1127.31100011	0.12848
1129.30300021	0.95587
1131.55900002	0.95587
1133.55699992	0.131598
1135.55599999	0.145467
1137.45600009	0.921032
1139.55400014	0.921032
1141.55300021	0.921032
1143.55400014	1.009492
1145.55500007	1.009492
1147.55200005	0.121292
1149.55400014	0.259919
1151.33900023	0.259919
1153.55400014	0.955429
1155.55200005	0.955429
1157.55300021	0.072238
1159.55599999	0.004139
1161.78900003	0.344564
1163.80600023	0.344564
1165.55599999	0.344564
1167.55300021	0.151257
1170.06200027	0.255784
1171.86300015	0.059433
1174.44300008	0.097882
1175.55599999	0.745161
1177.55300021	0.400654
1179.55300021	0.352887
1181.55599999	0.116668
1183.55800009	0.286803
1185.4460001	1.002976
1187.55599999	1.002976
1189.55500007	1.002976
1191.81100011	0.113541
1193.55699992	0.519295
1195.55699992	1.031192
1197.58000016	1.031192
1199.55500007	1.031192
1201.55500007	1.031192
1204.05299997	1.031192
1205.85700035	1.031192
1207.55400014	1.031192
1209.55599999	1.031192
1211.55400014	1.136448
1213.55599999	1.136448
1215.55400014	0.342115
1217.75500011	0.459744
1219.55300021	1.715452
1221.55599999	1.715452
1223.55800009	1.715452
1225.55400014	1.776824
1227.5710001	1.776824
1229.80500007	1.776824
1231.82200027	1.776824
1233.65800023	1.776824
1235.80400014	1.776824
1238.38700008	1.776824
1239.80400014	0.368115
1241.80300021	0.368115
1243.80500007	0.066063
1245.80500007	0.130138
1247.80500007	0.364412
1249.80300021	0.43757
1251.80600023	0.178934
1253.80400014	0.040259
1255.81800008	0.361072
1258.02099991	0.161306
1259.80300021	0.604835
1262.3130002	0.604835
1263.80500007	0.087143
1265.81800008	0.140435
1268.08000016	0.550232
1270.56100035	0.550232
1272.05500007	0.147127
1274.32600021	0.061645
1276.05400014	0.041718
1278.05400014	0.498422
1280.06099987	0.498422
1282.30500031	0.146797
1284.05299997	0.204625
1286.05400014	0.744966
1288.05400014	0.77213
1290.05599999	0.057629
1292.05999994	0.030774
1294.05400014	0.304661
1296.05400014	0.009909
1298.06700015	0.822331
1300.0630002	0.510803
1302.08200026	0.793755
1304.06099987	0.612326
1306.1329999	0.218049
1308.08900023	0.218049
1310.07200003	0.316549
1312.26300001	0.013163
1314.0630002	0.099289
1316.0710001	0.760315
1318.0769999	0.760315
1320.06099987	0.760315
1322.5630002	0.735137
1324.05800009	0.576663
1326.0650003	0.867234
1328.0650003	0.814449
1329.97300005	0.842854
1332.56500006	0.809923
1334.05800009	0.039382
1336.0630002	0.900149
1338.06600022	0.900149
1340.06200027	0.779653
1342.05900002	0.779653
1344.06600022	0.779653
1346.06099987	0.903015
1348.05800009	0.903015
1350.48900032	0.836921
1352.05800009	0.836921
1354.07599998	0.836921
1356.0630002	0.861747
1358.06400013	0.861747
1360.11400008	0.149294
1362.59699988	0.192305
1364.08000016	0.094342
1366.30600023	0.306336
1368.06600022	0.040525
1370.30800009	0.24123
1372.30700016	0.059219
1374.31000018	0.147954
1376.31200004	0.281081
1378.22900009	0.165516
1380.30800009	0.208612
1382.30700016	0.149657
1384.80800009	0.289206
1386.31100011	0.262376
1388.30600023	0.34332
1390.31800008	0.418182
1392.09500003	0.360886
1394.32200027	0.546726
1396.30800009	0.48092
1398.50700021	0.595943
1400.30700016	0.595943
1402.50700021	0.202842
1404.30600023	0.658816
1406.31400013	0.658816
1408.30700016	0.222091
1410.30600023	0.677561
1412.31000018	0.012599
1414.80900025	0.129469
1416.30900002	0.444088
1418.55699992	0.161367
1420.30800009	0.161367
1422.30500031	0.186223
1424.30600023	0.070997
1426.30600023	0.30515
1428.30600023	0.328175
1430.30600023	0.34164
1432.55699992	0.077596
1434.30600023	0.265865
1436.30400014	0.65781
1438.31999993	0.714121
1440.30700016	0.117327
1442.81100011	0.065149
1444.30500031	0.065149
1446.30500031	0.724313
1448.31200004	0.724313
1450.30500031	0.763032
1452.30700016	0.763032
1454.30600023	0.763032
1456.30500031	0.864529
1458.30700016	0.864529
1460.30700016	0.886673
1462.30700016	0.886673
1464.30500031	0.886673
1466.31900001	0.876697
1468.30900002	0.876697
1470.30800009	1.007563
1472.30600023	1.007563
1474.30500031	0.992535
1476.30500031	0.992535
1478.31000018	0.992535
1480.55900002	0.979836
1482.30500031	0.979836
1484.30900002	0.714828
1486.31800008	0.714828
1488.30800009	0.714828
1490.30700016	0.831202
1492.30900002	0.831202
1494.30600023	0.987548
1496.30700016	0.987548
1498.30700016	0.987548
1500.30700016	1.040067
1502.30800009	0.901598
1504.30700016	1.039765
1506.30900002	1.039765
1508.30900002	0.966495
1510.55699992	0.966495
1512.45200014	0.997351
1514.55500007	0.997351
1516.35599995	0.997351
1519.0630002	1.033176
1520.55800009	1.033176
1522.55500007	0.038962
1524.55699992	0.332089
1526.55599999	0.332089
1528.55699992	0.956992
1530.58100009	0.956992
1532.55699992	1.008717
1534.85900021	1.008717
1536.45200014	1.008717
1538.55599999	1.008717
1540.55599999	1.008717
1542.55599999	1.020405
1544.55699992	1.020405
1546.55599999	1.030277
1548.55999994	1.030277
1550.55599999	1.030277
1552.55699992	0.961369
1554.56400013	0.961369
1556.55699992	0.985546
1558.579	0.985546
1560.5	0.745262
1562.55699992	0.745262
1564.55699992	0.745262
1566.55699992	0.999072
1568.55800009	0.999072
1570.75600004	0.089922
1572.55599999	0.370272
1574.55500007	0.433258
1576.56500006	0.911445
1578.55599999	0.911445
1580.56500006	0.976516
1582.55599999	0.976516
1584.93900013	0.976516
1586.68900013	0.901836
1588.56400013	0.901836
1590.5630002	0.054611
1592.56500006	0.265319
1594.56400013	0.208964
1596.56800008	0.257498
1598.55599999	0.375337
1600.5630002	0.309462
1603.08000016	0.315974
1604.56800008	0.3674
1606.56900024	0.367812
1608.57000017	0.37326
1610.55900002	0.491767
1612.81400013	0.491767
1614.8210001	0.529593
1616.81900001	0.512405
1618.81800008	0.576226
1620.81200004	0.576226
1623.18799996	0.551637
1625.01800013	0.74638
1626.81200004	0.031643
1628.81299996	0.796116
1630.829	1.062
1632.71500015	0.841508
1635.08100033	0.841508
1636.81100011	0.083014
1638.81299996	1.057892
1640.81100011	1.057892
1642.81200004	0.975636
1645.08100033	0.975636
1646.81800008	0.975636
1648.81000018	0.968431
1650.84000015	0.968431
1652.81100011	0.968431
1655.31699991	0.968431
1656.70000005	1.044364
1658.81500006	1.044364
1660.81800008	1.044364
1662.81100011	0.851174
1664.81100011	0.022248
1666.81100011	0.927665
1668.80800009	0.927665
1670.81299996	0.927665
1673.06099987	1.003656
1674.80900025	1.003656
1676.81100011	0.977101
1679.05999994	0.977101
1680.80900025	1.007754
1682.81100011	1.007754
1684.80900025	0.009195
1686.80900025	1.036766
1688.81599998	1.036766
1690.80900025	1.033578
1692.81299996	1.033578
1695.06099987	1.033578
1697.06400013	1.154735
1699.05800009	1.154735
1701.0630002	0.980241
1703.08400011	0.05595
1704.95200014	1.099105
1707.05900002	1.099105
1709.05900002	1.099105
1711.08100033	0.090576
1713.06200027	0.176453
1715.56100035	0.151074
1717.06099987	0.33157
1719.06200027	0.33157
1721.06400013	0.591589
1723.06400013	0.591589
1725.05999994	0.854768
1727.56200027	0.854768
1729.05900002	0.856081
1731.06400013	0.856081
1733.27100015	0.856081
1735.05800009	0.244327
1737.06099987	0.244327
1739.05999994	0.017855
1741.05999994	0.175188
1743.5630002	0.189219
1745.05900002	1.108529
1747.05999994	0.127943
1749.05800009	0.61002
1751.05700016	0.178895
1753.05999994	0.105355
1755.17700028	0.153934
1757.06099987	0.472598
1759.05999994	1.062424
1761.05999994	1.062424
1763.0630002	1.063978
1765.09599996	0.124757
1767.55999994	0.40298
1769.05999994	1.138598
1771.06400013	1.138598
1773.31100011	1.141289
1775.05900002	0.059199
1777.06200027	1.123398
1779.05800009	1.123398
1781.05700016	0.988672
1783.05900002	1.180308
1785.06099987	1.156929
1787.05999994	1.14756
1789.05999994	1.14756
1791.06099987	1.14756
1793.55999994	0.110128
1795.06099987	0.532263
1797.05900002	0.593055
1799.05999994	0.593055
1801.06200027	1.101384
1803.05700016	0.037334
1805.05999994	0.261805
1807.0650003	0.193869
1809.06700015	0.26823
1811.05700016	1.102671
1813.05700016	1.102671
1815.31000018	1.102671
1817.06099987	0.012816
1819.05900002	0.323857
1821.08000016	0.626514
1823.05900002	0.626514
1825.05900002	0.626514
1827.30900002	0.626514
1829.05900002	0.626514
1831.05900002	0.626514
1833.0650003	0.626514
1835.05800009	0.631629
1837.06400013	0.631629
1839.05800009	0.631629
1841.30800009	1.107738
1843.31100011	1.107738
1845.31999993	1.121384
1847.30800009	1.121384
1849.30900002	1.160659
1851.31200004	1.160659
1853.56800008	1.160659
1855.30900002	0.021297
1857.30900002	0.34693
1859.34500027	0.057629
1861.30700016	0.265502
1863.51699996	0.107843
1865.32400012	0.46219
1867.30800009	0.46219
1869.30900002	1.108707
1871.35100007	1.108707
1873.30900002	1.001707
1875.30800009	1.001707
1877.31000018	1.001707
1879.30800009	1.120794
1881.35100007	1.120794
1883.30800009	0.967032
1885.81599998	0.967032
1887.30800009	0.967032
1889.30800009	1.154034
1891.31500006	1.154034
1893.58000016	1.154034
1896.10899997	1.154034
1897.34300017	0.911279
1899.32400012	0.034927
1901.33599997	0.400087
1904.10200024	0.658363
1905.58400011	0.658363
1907.58700013	0.064886
1909.56500006	0.204971
1911.66100001	0.26698
1913.57200003	0.241538
1915.5630002	0.237971
1917.56200027	0.395265
1919.57700014	0.390925
1921.5630002	0.194207
1924.06600022	0.204994
1925.56700015	0.249717
1927.56600022	0.06641
1929.56400013	0.224722
1931.56500006	0.466314
1933.5630002	0.466314
1935.57400012	0.466314
1937.56900024	0.640151
1939.56500006	0.640151
1941.5630002	0.611257
1943.56700015	0.611257
1945.68200016	0.053644
1947.56900024	0.186687
1949.56600022	0.336089
1951.5630002	0.593895
1953.71600008	0.593895
1955.58200026	0.282772
1957.5630002	0.282772
1959.56600022	0.282772
1961.56400013	0.7461
1963.56500006	1.18751
1965.56200027	0.906573
1967.56200027	0.906573
1969.51200008	0.906573
1971.56700015	2.16354
1973.57000017	0.749973
1975.56500006	3.275413
1977.579	3.275413
1979.56600022	3.275413
1981.56800008	3.275413
1983.56200027	3.275413
1985.81800008	3.275413
1987.56800008	3.275413
1989.81000018	3.275413
1991.81200004	3.275413
1993.81299996	2.395785
1995.81299996	1.315908
1997.8210001	2.998033
1999.81500006	3.152906
2001.81299996	3.278889
2003.81900001	3.278889
2005.81000018	3.278889
2007.67900014	3.278889
2009.81200004	3.278889
2012.06200027	3.278889
2013.81400013	3.278889
2016.3130002	3.278889
2018.31200004	3.278889
2019.81400013	3.278889
2021.81200004	3.278889
2023.81299996	3.278889
2025.81200004	3.278889
2027.82300019	3.278889
2029.81100011	3.278889
2031.81400013	3.278889
2033.81500006	3.278889
2035.82700014	3.278889
2037.81100011	3.278889
2039.81299996	3.278889
2041.81200004	3.278889
2043.81700015	0.068469
2045.81400013	0.067656
2047.81200004	0.162559
2049.81400013	0.379738
2051.81299996	0.577015
2053.81299996	0.577015
2056.023	0.577015
2057.81400013	0.087157
2059.81000018	0.721252
2061.8210001	0.78648
2063.87800026	0.78648
2066.08500004	0.820597
2068.06099987	0.820597
2070.06099987	0.820597
2072.33500004	0.816589
2074.06099987	0.816589
2076.05999994	0.747362
2078.06200027	0.747362
2079.96700001	0.908104
2082.56400013	0.908104
2084.06099987	0.908104
2086.06099987	0.156438
2088.0630002	0.234
2090.06200027	0.880815
2092.06200027	0.010565
2094.0630002	0.194784
2096.06099987	0.218122
2098.06099987	0.389177
2100.06099987	0.817056
2102.05999994	0.817056
2103.95700002	0.964558
2106.06200027	0.964558
2108.05999994	0.964558
2110.0630002	0.918424
2112.06099987	0.918424
2114.06400013	0.941667
2116.26600027	0.145891
2118.05999994	0.407041
2120.06099987	0.824964
2122.37299991	0.824964
2124.07400012	0.846747
2126.56100035	0.846747
2128.06099987	0.850965
2130.10000014	0.850965
2132.06600022	0.850965
2134.31000018	0.777248
2136.06200027	0.01371
2138.08200026	0.918189
2140.06099987	0.065303
2142.31400013	0.46737
2144.5630002	0.123387
2146.31100011	0.227325
2148.07200003	0.923153
2150.3130002	0.923153
2152.31100011	0.193744
2154.08900023	0.197395
2156.31200004	0.237543
2158.31200004	0.795438
2160.31100011	0.795438
2162.31100011	0.930226
2164.92799997	0.930226
2166.3130002	0.857718
2168.31599998	0.199616
2170.31200004	0.170185
2172.31200004	0.640141
2174.31100011	0.640141
2176.31200004	0.640141
2178.32500005	0.290373
2180.31100011	0.843979
2182.31100011	0.849593
2184.31999993	0.139161
2186.31100011	1.028242
2188.32800007	0.013049
2190.31100011	0.360858
2192.34200025	1.095525
2194.31900001	0.070776
2196.94000006	1.054664
2198.32300019	1.054664
2200.31400013	1.061172
2202.31200004	1.061172
2204.33800006	1.061172
2206.31100011	0.152004
2208.32600021	0.319841
2210.37700033	0.922448
2212.32100034	0.922448
2214.32300019	0.922448
2216.31900001	0.922448
2218.31800008	0.022993
2220.31900001	0.906905
2222.32300019	0.906905
2224.33599997	0.890111
2226.32200027	0.890111
2228.31999993	0.890111
2230.31800008	0.890111
2232.31900001	0.890111
2234.31699991	0.818214
2236.32100034	0.818214
2238.81599998	0.818214
2240.31800008	0.865704
2242.32500005	0.865704
2244.31900001	0.843973
2246.82300019	0.843973
2248.33400011	1.167066
2250.41800022	1.878178
2252.81700015	1.878178
2255.48900032	0.158023
2256.56500006	0.459202
2258.56400013	0.123305
2260.5630002	0.331936
2263.0650003	0.331936
2264.83300018	0.969124
2267.07200003	0.969124
2268.56600022	0.066824
2270.57000017	0.114185
2272.62700009	0.139535
2274.57200003	0.134785
2276.56600022	0.083607
2278.56500006	0.06493
2280.70899987	0.0957
2282.56900024	0.334898
2284.56900024	0.334898
2286.72399998	0.174359
2288.5710001	0.217939
2290.58000016	0.084524
2292.81599998	0.391841
2295.51600003	0.391841
2296.81400013	0.041544
2298.82400012	0.235754
2300.81800008	0.296217
2302.81500006	0.589407
2304.81299996	0.589407
2307.06900001	0.609261
2308.81400013	0.0567
2310.74800014	0.683181
2312.83200002	0.778099
2315.32200027	0.778099
2317.12100029	0.827653
2318.81200004	0.827653
2320.81999993	0.760671
2323.06900001	0.77964
2324.82800007	0.77964
2326.81700015	0.794183
2328.81299996	0.794183
2330.81900001	0.896908
2332.81299996	0.896908
2334.74000001	0.857982
2336.81500006	0.857982
2338.829	0.857982
2340.81700015	0.829678
2342.81299996	0.829678
2344.81800008	0.17198
2346.81400013	0.17198
2348.81500006	0.17198
2350.81299996	0.904428
2352.81299996	0.904428
2354.81299996	0.969872
2356.81400013	0.969872
2359.07200003	0.073219
2360.81299996	0.866566
2362.81299996	1.000024
2364.81500006	1.080264
2366.81900001	1.080264
2368.81299996	1.020538
2370.81200004	1.020538
2372.84100032	0.786457
2374.81599998	1.114648
2376.81400013	1.114648
2378.81500006	0.140549
2380.81800008	0.280583
2382.81500006	1.080224
2385.06800008	1.033785
2386.81400013	1.033785
2389.44100022	0.011852
2390.81400013	0.515846
2392.81500006	0.216746
2396.83200002	0.015327
2396.94799995	0.652489
2398.81500006	1.07036
2400.81400013	2.203286
2402.81599998	2.203286
2404.81700015	0.229385
2406.81500006	0.009285
2408.81900001	0.852921
2411.06400013	2.471917
2413.0940001	3.088919
2415.06800008	1.488692
2417.06600022	1.488692
2419.0650003	1.488692
2421.0650003	1.538802
2423.07400012	1.538802
2425.31500006	1.538802
2427.32500005	1.538802
2429.31400013	1.538802
2431.15800023	1.538802
2433.31400013	1.538802
2435.31400013	1.538802
2437.56400013	1.538802
2439.57700014	1.538802
2441.31500006	1.538802
2443.34200025	3.319252
2445.31500006	3.319252
2447.31400013	0.247203
2449.3130002	3.40538
2451.3130002	3.40538
2453.31400013	3.40538
2455.81400013	3.40538
2457.5150001	0.053096
2459.56400013	0.162204
2461.31400013	0.886794
2463.58300018	1.715195
2465.31400013	1.715195
2467.31400013	1.715195
2469.31400013	1.715195
2471.35500002	1.715195
2473.31400013	1.715195
2475.57200003	0.200967
2477.56400013	0.349111
2479.56400013	0.33729
2481.56400013	0.400409
2483.56400013	0.400409
2485.57599998	0.071343
2487.56500006	0.103499
2489.56500006	0.379752
2491.56400013	0.621515
2493.61000013	0.637595
2496.14100003	0.049217
2497.81299996	0.207682
2499.56400013	0.539342
2501.56400013	0.635113
2503.58300018	0.771306
2505.57299995	0.85606
2508.07800007	0.920119
2509.85299993	0.136055
2511.57500005	0.449825
2513.57700014	0.297115
2515.57200003	1.050667
2517.5710001	0.062381
2519.57299995	0.061228
2521.57000017	0.53288
2523.57800007	1.076711
2525.57299995	1.076711
2527.8210001	0.112098
2529.57599998	0.112098
2531.5710001	0.303857
2533.57000017	0.611515
2535.57599998	0.611515
2537.5710001	1.018117
2539.57200003	1.018117
2541.58200026	1.018117
2543.57000017	0.979376
2545.56700015	0.979376
2547.57400012	1.074489
2549.57000017	1.074489
2551.57200003	1.060291
2553.57599998	1.079567
2555.56900024	0.00258
2557.58899999	0.032756
2559.57599998	0.536303
2561.56600022	1.124954
2563.82400012	1.124954
2565.83900023	0.208297
2568.32700014	0.109704
2569.82500029	0.525766
2571.81599998	0.148115
2573.829	0.169027
2576.02600026	0.011657
2577.81599998	0.659629
2579.8210001	0.659629
2582.23800015	1.166767
2583.81800008	1.088699
2585.81500006	0.612267
2587.81700015	1.30057
2589.81800008	1.30057
2591.89800024	0.714006
2593.82300019	1.265694
2595.8210001	0.003398
2599.42799997	1.450857
2599.81800008	1.450857
2601.81700015	1.450857
2603.8210001	1.450857
2605.81999993	0.662183
2607.81700015	0.662183
2609.82400012	0.187886
2611.81599998	0.318938
2613.81800008	0.401362
2615.81599998	0.489774
2617.81999993	0.489774
2619.83699989	0.621222
2621.81999993	0.597347
2623.75100017	0.632657
2625.8210001	0.632657
2627.81599998	0.632657
2629.81599998	0.111047
2631.81599998	0.700098
2633.81800008	0.813173
2636.31599998	0.919462
2637.83100009	0.638475
2639.81599998	1.000074
2641.83699989	1.000074
2643.81700015	1.000074
2646.18799996	1.000074
2648.852	1.000074
2650.34899998	1.000074
2652.31900001	0.038091
2654.31800008	0.059025
2656.56800008	0.076828
2658.56500006	0.143181
2660.56900024	0.103422
2662.56800008	0.17841
2664.56600022	0.2884
2667.17900014	0.2884
2668.57299995	0.313226
2670.579	0.313226
2672.58000016	0.479584
2675.07500005	0.479584
2677.06600022	0.479584
2678.57599998	0.644698
2680.56600022	0.644698
2682.56500006	0.620989
2684.56700015	0.620989
2686.78900003	0.188929
2689.0650003	0.223549
2690.56600022	0.309432
2692.56700015	0.002521
2694.56700015	0.011032
2696.80200028	0.118078
2698.57700014	0.171021
2700.56500006	0.189704
2702.56900024	0.836774
2704.76600027	0.836774
2706.81599998	0.854264
2708.56800008	0.854264
2710.46700001	0.811475
2712.6190002	0.811475
2714.56600022	0.854593
2717.34700012	0.175452
2718.56600022	0.295947
2720.56500006	0.869254
2722.56700015	0.869254
2724.56600022	0.869254
2727.06700015	0.895884
2729.38300014	0.895884
2730.56500006	0.8645
2732.56600022	0.8645
2734.56700015	0.8645
2736.81900001	0.897697
2738.56600022	0.897697
2740.56600022	0.073471
2742.56600022	0.010545
2745.06600022	0.864891
2746.56600022	0.864891
2748.82800007	0.864891
2751.01000023	0.890622
2752.56600022	0.890622
2754.58899999	0.95859
2756.56600022	0.95859
2758.56600022	0.95859
2760.56600022	0.95859
2762.56700015	0.95859
2764.56500006	0.263943
2766.58000016	0.35969
2769.14700007	0.720317
2770.56500006	0.720317
2772.56800008	0.124508
2774.57200003	0.699482
2776.56600022	0.699482
2778.56500006	0.74136
2780.56500006	0.74136
2782.56500006	0.74136
2784.56600022	0.134569
2786.56700015	0.151801
2788.579	0.628615
2790.56600022	0.628615
2792.56600022	0.780331
2794.56600022	0.780331
2796.56600022	0.042705
2798.56600022	0.066806
2800.56600022	0.068598
2802.57700014	0.107337
2804.57500005	0.975639
2806.7190001	0.550403
2808.82500029	0.550403
2810.81900001	0.550403
2812.82600021	0.558206
2815.06700015	0.558206
2816.82200027	0.943214
2819.31599998	0.114293
2820.82700014	0.448731
2822.82800007	0.926879
2824.86400008	0.076899
2826.82600021	1.010304
2829.08700013	0.003413
2830.95500016	0.121218
2832.82400012	0.197749
2834.8210001	0.379236
2836.82500029	0.906026
2838.82800007	0.906026
2840.82700014	0.075557
2842.82700014	0.25513
2844.81700015	0.418359
2846.82600021	1.042927
2848.83100009	0.998213
2850.81900001	0.171657
2852.8210001	1.141971
2854.81999993	1.066777
2856.82800007	1.066777
2858.92600012	1.066777
2860.82500029	0.188457
2862.82600021	0.004047
2864.87900019	1.036901
2866.8210001	1.036901
2868.82400012	1.036901
2870.82400012	0.21016
2872.829	0.304293
2875.06900001	0.850892
2876.82200027	0.850892
2879.32600021	1.030237
2880.82300019	0.021785
2882.82400012	0.040195
2885.02500033	0.984897
2887.31900001	0.984897
2888.95100021	0.185733
2890.81800008	0.862256
2892.81900001	0.862256
2894.81999993	0.988689
2896.81700015	0.988689
2899.07200003	0.834455
2900.81999993	0.834455
2902.82300019	0.7826
2904.81999993	0.7826
2906.82500029	0.7826
2909.03500009	0.876672
2910.83900023	0.114197
2912.8210001	1.121638
2914.8900001	1.121638
2916.82200027	1.250431
2919.06800008	1.250431
2920.89299989	1.372222
2923.06800008	0.764479
2925.12000012	1.189789
2927.0769999	0.655334
2929.63400006	0.655334
2931.06900001	0.655334
2933.07200003	0.656327
2935.55699992	0.656327
2937.06700015	1.34908
2939.56900024	1.178041
2941.06800008	1.178041
2943.06800008	1.178041
2945.56800008	1.178041
2948.07000017	0.325099
2949.16900015	1.149124
2951.06700015	2.94258
2953.14500022	2.94258
2955.06800008	0.046174
2957.06700015	1.160606
2959.07200003	1.160606
2961.54700017	0.969081
2963.06700015	0.969081
2965.06700015	0.969081
2967.07200003	0.969081
2969.06600022	0.969081
2971.31699991	0.969081
2973.06900001	0.969081
2975.06900001	0.969081
2977.06700015	0.969081
2979.06800008	0.969081
2981.0710001	0.969081
2983.06700015	3.925189
2985.47800016	3.925189
2987.06800008	3.925189
2989.07599998	3.925189
2991.06900001	3.925189
2993.079	3.925189
2995.5710001	3.925189
2997.07300019	3.925189
2999.15600014	3.925189
3001.07200003	3.925189
3003.06900001	3.978432
3005.34700012	4.341224
3007.06900001	0.049071
3009.08500004	0.996537
3011.06700015	0.12198
3013.31800008	0.803316
3015.31800008	0.002572
3017.32200027	0.663253
3019.74700022	0.039731
3021.32200027	0.109342
3023.35300016	0.017569
3025.31900001	0.301879
3027.31800008	0.008273
3029.31900001	0.154925
3031.31999993	0.16601
3033.32500005	0.442504
3035.31699991	0.511994
3037.31800008	0.051102
3040.01900005	0.04415
3041.33900023	0.330924
3043.31800008	0.669505
3045.31900001	0.72094
3047.31800008	0.760945
3049.33299994	0.866126
3051.31900001	0.150436
3053.31900001	0.974991
3055.56800008	0.974991
3057.56800008	0.999208
3059.57400012	0.096132
3061.56900024	0.548133
3063.58200026	1.239427
3065.56900024	1.239427
3067.81900001	1.150957
3069.56800008	1.150957
3071.56800008	1.098133
3073.56800008	1.098133
3075.56800008	1.132996
3078.0480001	0.959549
3079.56800008	0.959549
3081.56800008	1.088214
3083.77000022	1.088214
3085.56800008	1.088214
3087.56900024	1.256415
3089.64499998	1.163225
3091.56800008	1.302844
3093.56900024	1.302844
3095.57000017	1.302844
3097.56800008	1.302844
3099.58100009	1.302844
3101.56800008	0.069348
3103.5710001	0.078111
3105.421	0.093843
3107.56800008	0.177581
3109.56800008	0.032443
3111.57599998	0.218571
3113.60800004	0.225965
3115.57400012	0.285721
3117.58400011	0.349068
3120.05599999	0.244728
3121.57500005	0.495104
3123.57400012	0.472956
3126.06700015	0.590778
3127.61400008	0.051157
3129.66300011	0.33087
3131.83300018	0.07836
3133.95100021	0.622364
3135.83400011	0.404495
3137.82300019	0.616061
3139.82800007	0.271703
3141.83000016	0.564251
3143.83200002	0.226821
3145.83100009	0.672957
3147.83000016	0.571342
3149.82300019	0.074792
3151.82400012	0.161165
3153.82700014	0.699282
3155.82600021	0.676561
3157.83200002	0.222298
3159.829	0.24364
3161.82200027	0.23282
3163.82700014	0.866857
3165.82500029	1.038537
3167.82300019	1.095391
3169.82400012	0.230557
3171.82700014	0.080634
3173.82700014	1.146229
3175.82500029	1.256383
3177.81999993	0.035043
3179.84500003	0.641611
3182.27200007	0.687733
3183.8210001	1.610869
3186.32500005	1.610869
3187.82200027	0.019088
3189.89500022	0.335101
3191.83000016	0.696136
3193.82400012	0.696136
3195.82300019	0.696136
3198.07300019	0.696165
3200.07300019	0.696165
3202.1730001	1.862302
3204.07000017	0.963029
3205.93000007	0.963029
3208.07300019	0.397045
3210.39700007	0.002278
3212.07000017	0.887636
3214.07800007	1.339465
3216.07200003	1.339465
3218.0710001	1.339465
3220.07200003	1.339465
3222.07500005	1.339465
3224.0710001	1.339465
3226.07599998	0.175772
3228.0710001	0.175772
3229.95600009	0.622237
3232.07500005	0.622237
3234.5480001	0.622237
3236.07599998	0.823456
3238.07300019	0.823456
3240.75999999	0.823456
3242.08700013	0.823456
3244.0769999	0.823456
3246.08900023	0.034876
3248.07500005	0.035333
3250.07200003	0.041048
3252.32600021	0.057784
3254.33200002	0.080744
3256.8210001	0.216693
3258.31900001	0.234885
3260.32200027	0.089057
3262.32100034	0.149691
3264.32100034	0.238642
3266.32400012	0.330928
3269.02099991	0.342303
3270.32400012	0.320973
3272.32600021	0.411377
3274.31999993	0.402705
3276.31999993	0.399706
3278.30300021	0.525066
3280.32100034	0.525066
3282.32200027	0.525066
3284.31900001	0.689897
3286.31999993	0.791746
3288.31999993	0.904803
3290.31999993	0.933517
3292.32300019	0.105063
3294.33599997	0.317224
3296.32200027	0.317224
3298.32500005	0.557437
3300.31999993	0.557437
3302.32400012	0.557437
3304.32600021	0.995431
3306.75699997	0.995431
3308.31999993	0.019217
3310.31999993	0.170495
3312.32500005	0.849605
3314.32100034	0.849605
3316.31999993	0.849605
3318.32100034	0.078008
3320.32200027	0.163158
3322.32100034	0.039222
3324.32400012	1.322413
3326.55100012	0.550947
3328.32100034	0.550947
3330.31999993	0.550947
3332.32100034	0.807221
3334.32400012	0.807221
3336.32800007	0.807221
3338.56200027	0.807221
3340.32400012	0.807221
3342.32300019	0.849519
3344.32100034	0.849519
3346.31999993	0.849519
3348.8210001	0.849519
3350.62600017	0.014381
3353.83300018	0.03923
3355.0860002	0.116474
3356.58800006	0.343806
3358.57200003	0.129534
3360.58899999	0.504924
3362.5710001	0.030944
3364.5710001	0.486645
3366.57000017	0.653519
3368.70200014	0.092612
3371.07000017	0.685933
3372.57200003	0.1861
3374.48600006	0.783225
3376.70000005	0.754354
3378.5710001	0.754354
3380.63700008	0.754354
3382.5710001	0.754354
3384.58800006	0.057453
3386.5710001	0.361544
3388.57000017	0.361544
3390.77000022	0.080347
3392.5710001	0.002838
3394.57000017	0.818332
3396.57000017	0.818332
3398.5710001	0.876748
3400.5710001	0.780539
3402.5710001	0.075073
3404.57000017	0.239623
3406.57299995	0.011769
3408.57000017	0.146006
3410.57000017	0.044391
3412.57400012	0.253491
3414.58200026	0.386286
3416.58100009	0.429066
3418.57700014	0.473469
3420.57000017	0.473469
3422.58400011	0.473469
3424.57700014	0.62561
3426.57599998	0.62561
3428.57700014	0.520891
3430.57299995	0.520891
3432.58300018	0.188474
3434.58200026	0.637043
3436.57599998	0.637043
3438.58100009	0.651928
3440.57400012	0.651928
3442.60200024	0.606407
3444.58100009	0.606407
3446.57500005	0.587863
3448.57599998	0.587863
3450.83100009	0.587863
3452.57599998	0.101799
3454.57599998	0.443044
3456.58899999	0.734536
3458.57200003	0.734536
3460.57599998	0.140506
3462.58000016	0.861628
3464.57599998	0.899482
3466.58000016	0.898412
3468.58200026	1.081598
3470.77400017	1.081598
3472.58000016	0.968357
3474.58200026	1.035812
3476.58000016	1.081647
3478.58100009	1.081647
3480.57700014	1.081647
3482.57200003	1.081647
3484.579	1.081647
3486.82500029	0.237665
3488.57599998	0.371006
3490.61500001	0.136103
3492.87700009	0.195219
3494.82800007	0.44344
3497.32800007	0.669685
3498.82800007	0.620988
3500.83000016	0.72398
3502.829	0.72398
3504.82300019	0.770206
3506.82600021	0.859352
3509.99300027	0.025732
3510.84900022	0.317801
3512.88800001	0.317801
3514.82600021	0.908675
3516.82700014	0.908675
3518.829	0.902881
3520.82700014	0.007135
3522.82200027	0.029182
3524.82800007	0.169688
3526.82400012	0.169688
3528.829	0.832649
3530.82500029	0.910426
3532.72799993	0.953002
3534.8210001	0.878254
3536.82200027	1.106748
3538.82300019	0.234934
3540.82500029	0.5468
3542.82300019	1.04971
3544.82200027	1.04971
3546.829	1.04971
3548.85700035	1.14681
3550.829	1.14681
3553.32200027	0.75433
3554.83100009	0.75433
3556.82600021	0.75433
3558.82200027	0.784827
3560.8210001	0.784827
3562.84300017	0.784827
3564.829	0.784827
3566.82200027	1.120653
3568.83900023	1.120653
3571.07300019	1.120653
3572.82200027	1.194194
3574.82200027	1.194194
3576.84700012	1.079552
3578.82400012	1.079552
3580.82400012	1.079552
3582.8210001	1.313658
3584.83000016	1.313658
3586.82400012	1.313658
3588.82300019	1.313658
3590.82400012	0.118799
3592.83300018	0.272025
3594.82400012	0.272025
3596.82300019	0.638507
3598.83400011	0.638507
3600.82700014	0.639971
3603.32200027	0.077252
3605.079	0.116371
3607.07300019	0.233074
3609.55699992	0.233074
3611.07200003	0.206218
3613.45200014	0.144395
3615.07200003	0.36116
3617.07500005	0.009041
3619.0769999	0.245
3621.07300019	0.562939
3623.08000016	0.029749
3625.32300019	0.637689
3627.07300019	0.796385
3628.98700023	0.77721
3631.24300003	0.77721
3633.07200003	0.77721
3635.07599998	0.582119
3637.0860002	0.582119
3639.07200003	0.878039
3641.07200003	0.819582
3643.0710001	0.706583
3645.07300019	0.583002
3647.34500027	0.583002
3649.07300019	0.723466
3651.07500005	0.017318
3652.97600007	0.864322
3655.07200003	0.864322
3657.07200003	0.864322
3659.07400012	0.864322
3661.07400012	0.059673
3663.07200003	0.571151
3665.07400012	0.571151
3667.07200003	0.571151
3669.07300019	1.027681
3671.07400012	1.027681
3673.07200003	0.954174
3675.08500004	0.954174
3677.07500005	0.992976
3679.07300019	0.992976
3681.08300018	0.992976
3683.07300019	0.854683
3685.07200003	0.189094
3687.07200003	0.949751
3689.07300019	0.949751
3691.08000016	0.041098
3693.07300019	0.933281
3695.07200003	0.146638
3697.10600019	0.957415
3699.07200003	0.957415
3701.07300019	0.957415
3703.08500004	0.957415
3705.079	0.957415
3707.08700013	0.930435
3709.07500005	0.930435
3711.07300019	1.020923
3713.07400012	1.020923
3715.079	1.020923
3717.523	0.999835
3719.227	1.16705
3721.07300019	1.137105
3723.57599998	0.016143
3725.35900021	0.074472
3727.07200003	0.292636
3729.08100033	1.151851
3731.08100033	1.087483
3733.07599998	1.087483
3735.08000016	1.087483
3737.09800029	1.10635
3739.08400011	1.265429
3741.32100034	0.299399
3743.32900023	0.299399
3745.33500004	0.622963
3747.34300017	1.131828
3749.22099996	1.131828
3751.8210001	1.131828
3753.33200002	1.107079
3755.33000016	1.107079
3757.34700012	1.107079
3759.32900023	1.107079
3761.34500027	1.107079
3764.22000003	1.107079
3765.33700013	1.098686
3767.33000016	1.098686
3769.33000016	1.098686
3771.33299994	1.098686
3773.33000016	1.098686
3775.33400011	0.051296
3777.33000016	0.553783
3779.33400011	0.5634
3781.33299994	0.5634
3783.83400011	0.180921
3785.33500004	0.493252
3787.32900023	0.532715
3789.33299994	1.079851
3791.38400006	0.115059
3793.33400011	1.107146
3795.34200025	1.107146
3797.32800007	1.064092
3799.32900023	1.064092
3801.33100009	1.064092
3803.33100009	0.173797
3805.32800007	0.206403
3807.32800007	0.575802
3809.32800007	0.575802
3811.82800007	0.575802
3813.32700014	0.03828
3815.32600021	0.071053
3817.32900023	1.08068
3819.32600021	1.08068
3822.07599998	0.089497
3823.58200026	0.568949
3825.58400011	0.568949
3827.57599998	1.109247
3829.58000016	1.109247
3831.57800007	0.123953
3833.82300019	0.123953
3835.58000016	0.387404
3837.58200026	1.212202
3839.58200026	1.212202
3841.57800007	1.212202
3843.58000016	1.212202
3845.58000016	1.212202
3847.57700014	1.20405
3849.57500005	1.20405
3851.56800008	0.07016
3853.59699988	0.579516
3855.57500005	0.674923
3857.58000016	0.029326
3859.61299992	1.606692
3862.0769999	0.76499
3863.58000016	0.044914
3865.57400012	0.346929
3867.59500003	0.917567
3869.57500005	0.805836
3871.58000016	0.509859
3873.7750001	1.37872
3875.579	3.467805
3877.60600019	3.467805
3879.57500005	3.467805
3881.58000016	3.467805
3883.57400012	3.467805
3885.57400012	3.467805
3887.57599998	3.467805
3889.82500029	3.467805
3891.82500029	3.467805
3893.66899991	3.467805
3896.32600021	3.467805
3897.82400012	3.32074
3899.82500029	4.094588
3901.82500029	4.094588
3903.82700014	4.094588
3905.82600021	4.094588
3907.829	4.094588
3909.82400012	4.094588
3911.82400012	4.094588
3913.82800007	4.094588
3915.82800007	4.094588
3917.82700014	4.065429
3919.82400012	3.667527
3921.82600021	3.667527
3923.82500029	3.667527
3925.82700014	3.667527
3927.82700014	3.667527
3929.82600021	3.667527
3932.0769999	3.667527
3933.829	3.667527
3935.84300017	0.007497
3938.74099994	0.091739
3939.89199996	0.177687
3941.86100006	0.105636
3944.06200027	0.089687
3945.82400012	0.294685
3947.82700014	0.443542
3949.84000015	0.049701
3952.07500005	0.551567
3954.07500005	0.546796
3955.99900007	0.689989
3958.07500005	0.760139
3960.08900023	0.760139
3962.07500005	0.761984
3964.0769999	0.761984
3966.07500005	0.703249
3968.08700013	0.703249
3970.09599996	0.703249
3972.07599998	0.625588
3974.57599998	0.625588
3976.13900018	0.645528
3978.08800006	0.645528
3980.2980001	0.013292
3982.07599998	0.416266
3984.07500005	0.434701
3986.09200001	0.125005
3988.07500005	0.085957
3990.09599996	0.195482
3992.29299998	0.282441
3994.07500005	0.308382
3996.0769999	0.182258
3998.0860002	0.614849
4000.07500005	0.729478
4002.57599998	0.78974
4004.07599998	0.805483
4006.07500005	0.428881
4008.0860002	0.774569
4010.07500005	0.860836
4012.07599998	0.591539
4014.07599998	0.931603
4016.08300018	0.237572
4018.0769999	0.129269
4020.079	0.84349
4022.07500005	0.126603
4024.19700003	0.837077
4026.0860002	0.837077
4028.22300005	0.913597
4030.34600019	0.913597
4032.32700014	0.913597
4034.34200025	0.951704
4036.33100009	0.05669
4038.32500005	0.914506
4040.33299994	0.914506
4042.58300018	1.060064
4044.32500005	1.136016
4046.33200002	1.136016
4048.33000016	1.075947
4050.33500004	1.075947
4053.21800017	1.075947
4054.33299994	1.075947
4056.33500004	1.075947
4058.34899998	1.099414
4060.33200002	1.099414
4062.58000016	0.153482
4064.33100009	0.308418
4066.33100009	0.159523
4068.36800003	0.517717
4070.33400011	0.517717
4072.83500004	1.048489
4074.33400011	1.048489
4076.23200011	0.902931
4078.33299994	0.902931
4080.33200002	0.902931
4082.33599997	0.929495
4084.352	0.929495
4086.35900021	0.922242
4088.33500004	0.922242
4090.58400011	0.922242
4092.55500007	0.839917
4094.74399996	0.182241
4096.4460001	0.686796
4098.32900023	0.686796
4100.23200011	0.686796
4102.57800007	0.305682
4104.33299994	1.180502
4106.34500027	0.006404
4108.35100007	0.964717
4110.33599997	0.83679
4112.65600014	0.103718
4114.32900023	0.301027
4116.33599997	0.129795
4118.83000016	0.887337
4120.39500022	0.003481
4122.829	0.498408
4124.57599998	0.038877
4126.33599997	0.416987
4128.32900023	0.416987
4130.33100009	1.00915
4132.64700007	0.070719
4134.32900023	1.008318
4136.32900023	0.123819
4138.54900002	1.00572
4140.34700012	1.066417
4142.32800007	1.208219
4144.83300018	0.167902
4146.33000016	1.417836
4148.32800007	1.386007
4150.33500004	1.386007
4152.33100009	1.386007
4154.39900017	1.386007
4156.33299994	1.386007
4158.85800028	1.386007
4160.33000016	1.386007
4162.83000016	1.386007
4164.32900023	0.128625
4166.32800007	0.128625
4168.34800005	0.308288
4170.32800007	0.307247
4172.32900023	0.390673
4174.57700014	0.413504
4176.579	0.413504
4178.5860002	0.003521
4180.58100009	0.501165
4183.04900026	0.235002
4184.64400005	0.235002
4186.58400011	0.431911
4188.579	0.590063
4190.579	0.590063
4192.58100009	0.129998
4194.58000016	0.331882
4196.57700014	0.718867
4198.61000013	0.054144
4200.579	0.331476
4202.579	0.519921
4204.58200026	0.753302
4206.57700014	0.723672
4208.58300018	0.723672
4210.58400011	0.723672
4212.61800027	0.749819
4215.27800012	0.749819
4216.58200026	0.076784
4218.579	0.471954
4220.4920001	0.530378
4222.60000014	0.530378
4224.58300018	0.36476
4226.57700014	0.914447
4228.58500028	0.938001
4231.08100033	0.060494
4232.58000016	1.153815
4234.59100008	1.118307
4236.58400011	1.118307
4238.58200026	1.121512
4240.58400011	0.27595
4242.62700009	1.100563
4244.57800007	1.100563
4246.58100009	1.100563
4248.579	1.100563
4250.829	1.100563
4252.82800007	1.100563
4255.94000006	1.100563
4256.83100009	1.100563
4258.727	1.100563
4260.83699989	1.100563
4262.829	1.272852
4265.0769999	1.272852
4266.829	1.272852
4268.82800007	1.272852
4271.079	1.272852
4272.82800007	1.272852
4274.83000016	1.272852
4276.82700014	0.075872
4279.32700014	0.20111
4280.82800007	0.08964
4283.08100033	0.025882
4284.82700014	0.067734
4287.079	0.13186
4288.84600019	0.346651
4290.83100009	0.163551
4292.83300018	0.111775
4295.0630002	0.087297
4296.829	0.059492
4298.829	0.406361
4300.83000016	0.165254
4302.82800007	0.476068
4304.82700014	0.491003
4306.829	0.183151
4308.64499998	0.516997
4310.829	0.226786
4312.82800007	0.330804
4314.83300018	0.564644
4316.829	0.668527
4318.83000016	0.713403
4320.86800003	0.732023
4322.83100009	0.669378
4324.84800005	0.127894
4326.83599997	0.737107
4328.84200025	0.737107
4330.87300014	0.801955
4333.06099987	0.1512
4334.84100032	0.295234
4336.8440001	0.808752
4338.84700012	0.808752
4340.9230001	0.167627
4342.83100009	0.366086
4344.83800006	0.020404
4347.04200006	0.761517
4348.82800007	0.872772
4350.84700012	0.844107
4352.83599997	0.890183
4354.84500003	0.890183
4356.83800006	0.317179
4358.83300018	0.432773
4360.83200002	0.700075
4363.33299994	0.050411
4364.83599997	0.977687
4367.31999993	0.116288
4368.84200025	0.426103
4370.83200002	0.931756
4372.83400011	0.931756
4374.83800006	0.112621
4376.83800006	0.347736
4378.83800006	0.347736
4381.08400011	1.068879
4383.08400011	1.068879
4385.0860002	1.047836
4386.85500002	1.047836
4388.84100032	0.0899
4391.11500001	0.0899
4393.08100033	0.285438
4395.09200001	1.018774
4397.08400011	1.018774
4399.09900022	0.177846
4401.10000014	0.335508
4403.01600003	0.814479
4405.08500004	0.814479
4407.079	0.814479
4409.08100033	1.008361
4411.09100008	1.008361
4413.08500004	0.996779
4415.08000016	0.996779
4417.08200026	0.996779
4419.079	1.00162
4421.08400011	1.00162
4423.10400009	0.912348
4425.08100033	0.912348
4426.98800015	0.817293
4429.0860002	0.817293
4431.296	0.817293
4433.08400011	0.173798
4435.10400009	0.038141
4437.39800024	0.070114
4439.08300018	0.40331
4441.09599996	0.40331
4443.08100033	0.964701
4445.53900003	0.013037
4447.5860002	0.789929
4449.08000016	0.789929
4450.98700023	0.894266
4453.33299994	0.045858
4455.079	0.046743
4457.08100033	0.102295
4459.079	0.227583
4461.0860002	0.161419
4463.079	0.161419
4465.08000016	0.161419
4467.08100033	0.106354
4469.08200026	0.197821
4471.08000016	0.296025
4473.08500004	0.332068
4475.08100033	0.451453
4477.08100033	0.033534
4479.08000016	0.423647
4481.08100033	0.4995
4483.08500004	0.4995
4485.079	0.514614
4487.08000016	0.514614
4489.08500004	0.53454
4491.08100033	0.597878
4493.079	0.597878
4495.08000016	0.642977
4497.08100033	0.669843
4499.0860002	0.800374
4501.079	0.405648
4503.08200026	0.707295
4505.08200026	0.152324
4507.08000016	0.78529
4509.08200026	0.173437
4511.08000016	1.027753
4513.32900023	1.069957
4515.33599997	0.261191
4517.82600021	0.261191
4519.33100009	1.09857
4521.33100009	1.09857
4523.22799993	0.926299
4525.33000016	0.144593
4527.33200002	0.577522
4529.32900023	0.987695
4531.33000016	0.987695
4533.32900023	1.022408
4535.32900023	1.022408
4537.33200002	1.022408
4539.33299994	0.960459
4541.32900023	1.099894
4543.829	1.080974
4545.33100009	1.080974
4547.22300005	0.973624
4549.32900023	0.973624
4551.32900023	0.973624
4553.33200002	0.865776
4555.33100009	0.865776
4557.33000016	0.151336
4559.33299994	1.150782
4561.32900023	1.150782
4563.54400015	0.653892
4565.83900023	0.653892
4567.33100009	0.012497
4569.33299994	0.525283
4571.38000011	1.223838
4573.83300018	1.223838
4575.32900023	1.223838
4577.34000015	0.034892
4579.33299994	1.148897
4581.58100009	2.2987
4583.33000016	2.042499
4585.33200002	2.042499
4587.34300017	0.943629
4589.34500027	4.021569
4591.33400011	4.578319
4593.33000016	4.578319
4595.38000011	4.578319
4597.32900023	5.464739
4599.33100009	5.464739
4601.58000016	5.464739
4603.58000016	5.464739
4606.43500018	5.464739
4607.58100009	5.464739
4610.08000016	5.777873
4612.20799994	5.777873
4613.58000016	5.777873
4615.58100009	5.777873
4617.58100009	5.777873
4620.04700017	4.672839
4621.58000016	5.64037
4623.58000016	0.393209
4625.60200024	1.040088
4627.58000016	1.43502
4629.58100009	2.10303
4632.0860002	0.010354
4633.58000016	2.681647
4635.59500003	6.033594
4637.83900023	5.70461
4639.59500003	5.70461
4641.83699989	5.70461
4644.23600006	5.70461
4645.83100009	5.70461
4647.83900023	5.70461
4650.02399993	5.70461
4652.09000015	5.70461
4653.84100032	5.70461
4655.8440001	6.794252
4657.86100006	6.810495
4660.1190002	5.918119
4662.0940001	5.918119
4664.47800016	5.918119
4666.95800018	5.918119
4669.09299994	1.099277
