0.0	0.121016
0.24599981308	0.539567
0.460000038147	0.539567
1.32799983025	0.304441
4.1899998188	0.075443
5.69499993324	0.455561
6.52799987793	0.226401
7.98599982262	0.346931
10.1369998455	0.118114
10.8039999008	0.559776
11.4339997768	0.421329
11.5549998283	0.421329
12.8710000515	0.539106
14.265999794	0.103594
15.9819998741	0.436333
17.5669999123	0.269659
18.7939999104	0.47479
19.8539998531	0.569985
21.638999939	0.507021
26.3849999905	0.10462
30.1289999485	0.491937
31.0399999619	0.332759
33.8659996986	0.542399
35.8179998398	0.525463
37.4589996338	0.477663
38.8669998646	0.433756
40.6519999504	0.389256
42.9749999046	0.155716
46.1069996357	0.695884
52.0739998817	0.625277
53.6979997158	0.842315
55.1429998875	1.132129
56.4759998322	0.821384
58.6819999218	0.977419
60.0909998417	0.016642
61.0669996738	1.113449
62.2569999695	0.533835
64.7479999065	0.403206
68.3569998741	0.015851
72.026999712	0.083737
74.7319998741	1.012498
75.6440000534	0.521627
76.7229998112	0.494021
78.4609999657	0.480955
81.5599999428	0.25468
85.2899997234	0.354571
87.2059998512	0.637839
91.0679998398	0.3086
92.9899997711	0.2463
94.0899999142	0.270327
97.0279998779	0.261829
97.6519999504	0.564947
98.9479999542	0.236653
100.244999886	0.263115
101.613999844	0.304275
103.200999975	0.282842
105.519000053	0.331045
107.454999924	0.398811
108.956999779	0.554172
110.472999811	0.690255
111.840999842	0.698789
114.698999643	0.666594
116.454999924	1.176886
117.555999994	1.179121
118.332000017	1.048687
119.426999807	0.778218
121.491999865	0.191022
122.450999737	1.205588
123.736999989	1.13711
124.316999912	1.761282
125.987999916	1.281321
127.645999908	1.055611
