0.0	1.187771
0.0729997158051	1.22689
0.125999927521	1.22689
0.172999858856	1.22689
0.226999998093	1.22689
0.34099984169	1.21814
0.412999868393	1.204361
0.524999856949	1.198489
1.30099987984	1.20766
3.30999994278	1.224997
5.31399965286	1.166545
7.30899977684	1.18253
9.30899977684	1.092343
11.3099999428	1.007663
13.3059997559	1.203513
15.3009998798	1.224233
17.3109998703	1.164475
19.3029999733	1.164399
21.3119997978	1.228046
23.3089997768	1.180144
25.3129997253	1.220037
27.3059997559	0.611009
29.3089997768	1.20505
31.3059997559	1.23397
33.3119997978	1.194948
35.3069999218	1.208787
37.3059997559	1.224674
39.3079998493	1.199581
41.3020000458	1.21415
43.3020000458	1.176735
45.3109998703	1.148626
47.3119997978	1.122174
49.3049998283	0.999968
51.3139996529	1.243589
53.3069999218	1.213512
55.3059997559	1.200578
57.3139996529	1.238337
59.3079998493	1.179735
61.3129997253	0.385581
63.3039999008	1.175853
65.3129997253	1.139106
67.3029999733	0.125475
69.3029999733	1.213707
71.3079998493	1.081321
73.3020000458	1.201206
75.3049998283	1.15634
77.3109998703	1.141395
79.3029999733	1.225819
81.3099999428	1.185683
83.3020000458	1.152934
85.3069999218	1.153267
87.3079998493	1.145187
89.3039999008	1.219872
91.3129997253	1.205053
93.3139996529	1.206178
95.3139996529	1.19663
97.3039999008	1.198573
99.3039999008	1.217207
101.302999973	1.015321
103.309999943	1.21857
105.313999653	1.205591
107.315999985	1.20637
109.304999828	1.148594
111.302000046	1.067201
113.313999653	1.235455
115.302000046	1.195787
117.304999828	1.219978
119.313999653	1.18204
121.307999849	1.211662
123.303999901	1.095413
125.312999725	1.222955
127.307999849	1.175358
129.315999985	1.228075
131.312999725	1.217086
133.31099987	1.21712
135.302000046	1.01059
137.315000057	1.185133
139.303999901	1.147094
141.553999662	1.175123
143.315000057	0.547513
145.396999836	1.260273
147.309999943	1.132261
149.315999985	1.206093
151.559000015	1.202678
153.555999994	1.206912
155.564999819	1.226713
157.56099987	0.242193
159.565999985	1.198358
161.559000015	1.086769
163.563999891	1.211501
165.553999662	1.211877
167.564999819	1.201598
169.401999712	1.23024
171.553999662	1.186698
173.553999662	1.089003
175.56099987	1.092647
177.559999943	1.200751
179.565999985	1.194252
181.56099987	1.188081
183.561999798	1.177324
185.562999964	1.095189
187.559000015	1.221734
189.552999735	1.225505
191.561999798	1.177202
193.399999857	1.207368
195.553999662	1.185637
197.566999912	1.186741
199.555999994	1.205637
201.563999891	1.190248
203.562999964	1.196167
205.551999807	1.174234
207.562999964	1.19969
209.565999985	1.160182
211.558000088	1.185706
213.564999819	1.07342
215.553999662	1.197814
217.395999908	1.210544
219.561999798	1.153153
221.553999662	1.189355
223.565999985	1.18031
225.553999662	1.131391
227.564999819	1.217996
229.553999662	0.995418
231.564999819	1.020817
233.555999994	1.076355
235.551999807	1.192215
