0.0	0.074716
0.203000068665	0.797027
0.273000001907	0.797027
0.34600019455	0.797027
0.442000150681	0.797027
0.506000041962	0.797027
0.594000101089	0.797027
0.666000127792	0.797027
1.55400013924	0.909585
3.5609998703	0.909585
9.30900001526	1.121853
11.3070001602	1.121853
13.1710000038	1.121853
15.3310000896	1.121853
17.3150000572	1.121853
19.3150000572	1.121853
21.3220002651	1.121853
23.3150000572	1.121853
25.3080000877	1.121853
27.3070001602	1.121853
29.3080000877	1.121853
31.3140001297	1.121853
33.3159999847	1.121853
35.3080000877	1.121853
37.3220002651	1.121853
39.3159999847	1.121853
41.3080000877	1.121853
43.3179998398	1.121853
45.3080000877	0.004499
47.3310000896	0.914037
49.3150000572	0.914037
51.3080000877	1.043602
53.3090000153	1.100471
55.3129999638	1.100471
57.3220002651	1.148969
59.3129999638	1.148969
61.253000021	0.677391
63.3110001087	0.677391
65.3140001297	0.677391
67.3220002651	0.662752
69.3129999638	0.662752
71.3209998608	1.146528
73.3410000801	1.146528
75.3289999962	1.194431
77.3329999447	1.194431
79.3110001087	1.194431
81.3289999962	1.309417
83.3289999962	1.309417
85.3230001926	1.309417
87.3240001202	1.309417
89.3230001926	1.309417
91.3230001926	1.309417
93.3150000572	1.309417
95.3150000572	1.309417
97.3150000572	1.309417
99.3220002651	1.309417
101.322000265	1.309417
103.319000006	1.309417
105.31400013	1.309417
107.31400013	1.309417
109.320999861	1.320271
111.319000006	1.320271
113.31799984	1.320271
115.312000036	1.320271
117.312999964	1.320271
119.320999861	1.541949
121.320999861	1.541949
123.316999912	1.541949
125.316999912	1.541949
127.316999912	1.541949
129.322000265	1.541949
131.316999912	1.541949
133.312999964	1.541949
135.31799984	1.541949
137.312999964	1.541949
139.328999996	1.541949
141.320999861	1.541949
143.320999861	1.541949
145.320999861	1.541949
147.325000048	1.541949
149.316999912	1.541949
151.325000048	1.541949
153.325000048	0.384716
155.316999912	0.58981
157.328000069	1.220049
159.328000069	1.220049
161.315000057	1.220049
163.322000265	1.220049
165.330000162	1.220049
167.312999964	1.33464
169.323000193	1.33464
171.347000122	1.33464
173.323000193	1.33464
175.335000038	1.33464
177.33100009	1.33464
179.323000193	1.33464
181.323000193	1.33464
183.33100009	1.33464
185.33100009	1.33464
187.335000038	1.33464
189.335999966	1.33464
191.32400012	1.33464
193.33100009	1.33464
195.338000059	1.33464
197.325999975	1.33464
199.332000017	1.388421
201.343000174	1.388421
203.330000162	1.388421
205.362000227	1.388421
207.330000162	1.388421
209.354000092	1.388421
211.347000122	1.388421
213.346000195	1.388421
215.595000029	1.388421
217.586000204	1.388421
219.596999884	1.388421
221.582000017	1.388421
223.586000204	1.388421
225.580999851	1.388421
227.580999851	1.388421
229.588000059	1.388421
231.582000017	1.388421
233.586000204	1.388421
235.578999996	1.388421
237.595000029	1.388421
239.587000132	1.388421
241.578999996	1.388421
243.579999924	1.388421
245.579999924	1.388421
247.579999924	1.388421
249.595000029	1.388421
251.582000017	1.388421
253.588999987	1.388421
255.594000101	1.388421
257.600000143	1.388421
259.594000101	1.388421
261.582000017	2.975961
263.580999851	2.412073
265.631000042	2.412073
267.583000183	2.412073
269.59100008	2.412073
271.700999975	2.412073
273.59100008	2.412073
275.598999977	2.412073
277.59100008	2.412073
279.588000059	2.412073
281.598999977	2.412073
283.592000008	0.547267
285.584000111	2.425382
287.595999956	0.089448
289.584000111	2.048789
291.592999935	2.048789
293.600000143	0.571084
295.588999987	0.773391
297.588999987	0.799043
299.582000017	0.32087
301.594000101	0.913112
303.588999987	0.238822
305.588999987	0.534759
307.582000017	0.470288
309.583000183	0.731936
311.583000183	0.950607
313.594000101	0.950607
315.59100008	0.950607
317.587000132	1.636866
319.594000101	1.636866
321.586000204	1.636866
323.584000111	1.636866
325.604000092	1.636866
327.579999924	1.636866
329.584000111	1.636866
331.592000008	1.636866
333.592000008	1.636866
335.584000111	1.636866
337.600000143	1.636866
339.588999987	1.636866
341.601000071	2.235884
343.594000101	2.235884
345.585000038	2.235884
347.584000111	2.235884
349.594000101	2.235884
351.596999884	2.235884
353.596999884	2.235884
355.592999935	0.792153
357.592999935	0.658865
359.601000071	0.754495
361.592999935	0.662763
363.584000111	0.708693
365.600000143	0.913038
367.60800004	0.913038
369.589999914	0.796818
371.597999811	0.639669
373.589999914	1.057204
375.597999811	1.057204
377.597999811	1.057204
379.605999947	0.940897
381.59100008	0.940897
383.589999914	1.062922
385.603000164	0.972988
387.594000101	0.972988
389.603000164	0.947306
391.65500021	1.445237
393.601000071	1.445237
395.59100008	1.445237
397.589999914	1.638281
