0.0	1.808542
0.478000164032	1.931192
0.635999917984	3.032516
0.81500005722	3.169995
1.0039999485	2.787607
1.17299985886	3.108945
1.40300011635	2.386022
1.58599996567	3.084121
1.83399987221	2.608143
3.95700001717	2.608143
5.96600008011	1.288441
7.95600008965	0.801913
9.95399975777	2.631378
11.7829999924	1.045172
13.9809999466	2.04378
15.9699997902	0.705669
17.9859998226	1.246889
19.9609999657	1.650621
21.9560000896	1.638811
23.9709999561	2.616005
25.9740002155	2.716925
27.9790000916	0.23222
29.9550001621	2.762335
31.9550001621	2.358989
33.9590001106	2.57068
35.8060002327	0.792165
37.9590001106	1.66586
39.9570000172	0.040896
41.9539997578	0.687257
43.9560000896	1.401049
45.9630000591	1.916773
47.9639999866	1.921912
49.9570000172	1.838447
51.9570000172	0.888424
53.9649999142	0.419913
55.9580001831	0.242951
57.9830000401	0.20973
59.8339998722	0.926504
61.9699997902	1.248594
63.9580001831	0.163769
65.9580001831	1.730801
67.9590001106	1.535054
69.9580001831	1.985115
71.9769999981	2.224975
73.9689998627	0.003407
76.6169998646	0.105988
77.9580001831	2.520603
79.9580001831	3.026733
81.9580001831	3.005134
83.9580001831	2.918738
85.9570000172	2.755677
87.9580001831	2.657224
89.9639999866	0.748486
91.9729998112	3.107292
93.9560000896	3.142986
95.9580001831	2.623897
97.9580001831	0.004335
99.9820001125	0.409309
101.960999966	1.308403
103.958000183	2.309651
105.959000111	2.385809
107.88499999	0.51367
109.963000059	1.968912
111.957000017	0.061174
114.132999897	0.312848
115.958000183	0.732538
117.963999987	1.000717
119.982000113	1.570005
121.957000017	1.910235
123.960000038	2.878243
125.960000038	0.685013
127.96600008	2.212594
129.975000143	1.267761
131.958000183	2.643415
133.955000162	2.992472
135.957000017	3.395307
137.958000183	1.24576
139.964999914	3.037803
141.958000183	3.037803
143.958000183	0.021256
145.959000111	2.302111
147.958000183	2.320844
150.003000021	2.413565
151.957000017	2.413565
153.985999823	3.188713
155.983999968	3.526527
157.955000162	2.60525
159.95600009	2.151935
161.960999966	0.822169
164.612999916	2.757022
166.632999897	2.742301
168.611999989	3.189133
170.728999853	2.819309
172.614000082	3.12782
174.615999937	2.726258
176.611999989	1.395681
178.61500001	2.936767
180.612999916	1.997635
182.64199996	1.921182
184.611000061	2.782588
186.617999792	3.043711
188.612999916	2.104611
190.611999989	3.118945
192.631999969	3.081408
194.61500001	3.869871
196.611999989	3.866157
198.612999916	3.635958
200.622000217	2.80966
202.612999916	2.767681
204.61500001	1.711639
206.612999916	2.733805
208.614000082	0.006164
210.614000082	3.497494
212.624000072	2.406802
214.611999989	2.991736
216.633999825	0.896727
218.61500001	2.761728
220.620999813	3.419041
222.611999989	3.356086
224.614000082	2.243815
226.63499999	3.365605
228.615999937	2.95814
230.640000105	2.081993
232.612999916	3.087218
234.611999989	2.794059
236.631999969	2.434979
238.61500001	0.020988
240.612999916	2.887614
242.61500001	3.936846
244.654999971	3.719759
246.614000082	2.933385
248.625	2.553582
250.611999989	2.373967
252.612999916	0.007192
254.61500001	2.463831
256.638000011	0.007602
259.273999929	0.209401
260.494000196	0.200448
262.612999916	0.720163
264.375	1.266125
266.612999916	2.235213
268.612999916	3.41329
270.612999916	3.150572
272.615999937	2.650683
274.614000082	3.318962
276.614000082	3.41495
278.612999916	4.283827
280.63499999	4.827204
282.625	2.570382
284.615999937	3.942057
286.624000072	3.462849
288.61500001	3.633555
290.614000082	3.633555
292.612999916	0.662903
294.622000217	2.284458
296.614000082	1.853622
298.614000082	2.317586
300.612999916	2.223953
302.614000082	2.85348
304.63499999	2.028908
306.61500001	2.246238
308.611999989	3.15424
310.612999916	3.655489
312.618999958	2.633572
314.203000069	0.041283
316.612999916	0.432796
318.614000082	3.634653
320.614000082	3.072889
322.614000082	2.313642
324.615999937	4.100502
326.615999937	4.107059
328.61500001	3.906589
330.614000082	3.860248
332.612999916	3.218037
334.632999897	3.704123
336.612999916	2.984793
338.61500001	3.793422
340.612999916	0.479878
342.633999825	4.254626
344.61500001	1.764916
346.614000082	2.678999
348.612999916	3.065002
350.633999825	3.745271
352.631999969	4.166623
354.61500001	3.274315
356.614000082	0.988016
358.628999949	3.672858
360.615999937	3.197063
362.616999865	2.063675
365.081999779	4.582871
366.628000021	1.521755
368.61500001	1.692239
370.615999937	4.068194
372.614000082	3.189511
374.614000082	3.590422
376.61500001	3.814992
378.612999916	3.444343
380.628999949	3.049281
382.614000082	4.95752
384.614000082	4.497649
386.616999865	3.831597
388.615999937	3.184244
390.619999886	4.531545
392.61500001	2.478038
394.614000082	4.024231
396.622000217	0.353332
398.612999916	3.458469
400.614000082	0.021441
402.615999937	2.72985
405.583999872	0.164494
406.614000082	3.203909
408.614000082	2.672876
410.618999958	0.1026
412.631999969	0.008733
414.61500001	1.806675
416.614000082	0.463577
419.996000051	0.970682
420.451999903	2.234445
422.622000217	2.190099
424.792000055	0.052635
426.623000145	2.255686
428.630000114	0.270768
430.614000082	0.481578
432.615999937	1.726476
438.641000032	3.103251
440.368000031	0.326318
440.671000004	2.653114
440.990999937	3.073522
498.61500001	1.475087
