0.0	0.665533
0.205999851227	1.277897
0.391000032425	1.277897
0.613999843597	1.277897
5.07100009918	0.097295
5.58099985123	0.105851
6.87499976158	0.14892
8.09999990463	0.204789
9.28599977493	0.30494
9.77300000191	0.220151
11.1059999466	0.376722
12.5270001888	0.428381
14.2739999294	0.686414
14.6509997845	0.690647
15.0609998703	0.681757
15.5389997959	0.635028
17.3549997807	0.307467
19.7510001659	0.957751
21.7009999752	1.067721
23.6589999199	0.28996
25.7139999866	0.21377
27.6770000458	0.20628
29.4409999847	0.140093
31.7910001278	1.99326
33.368999958	1.51722
35.7320001125	1.764524
37.7000000477	2.461088
39.7869999409	2.682673
41.7539999485	3.411418
43.4960000515	0.098926
45.6870000362	1.055896
47.7839999199	1.777618
49.632999897	0.295545
51.4000000954	0.452747
53.8120000362	0.746251
56.4550001621	0.041383
57.7520000935	3.39553
59.7849998474	2.056327
61.6779999733	0.855971
63.6829998493	0.002632
65.7259998322	2.299925
67.7139999866	1.359355
69.7049999237	3.31783
72.1719999313	0.451376
73.7369999886	2.325796
75.8320000172	2.618945
77.7309997082	1.681092
79.6829998493	1.307293
81.7299997807	1.063831
83.8269999027	2.435125
85.7049999237	3.947386
87.7009999752	1.234862
89.6979999542	0.961927
91.7089998722	1.449973
93.4800000191	0.856718
95.756000042	1.993696
97.8539998531	1.472534
99.6729998589	0.851236
101.690999746	4.682658
103.751000166	4.913427
105.719000101	5.559654
107.696000099	1.83838
109.684000015	1.791174
112.020999908	0.462772
113.697000027	3.835914
115.71600008	3.835914
117.77699995	1.999393
119.73300004	1.999393
121.680000067	3.034797
123.677999973	1.130263
125.641000032	4.179749
127.737999916	4.179749
130.537999868	0.526907
132.832000017	0.653453
134.950999975	0.919234
135.769000053	0.932117
137.720999956	0.691089
140.006999969	1.271876
141.904000044	1.241261
143.680999994	0.492772
145.713000059	0.888107
147.794999838	0.772486
149.757999897	2.438607
151.676000118	2.616291
153.714999914	2.483509
155.672999859	2.636918
157.713000059	1.499591
159.780999899	2.65538
161.695000172	0.813996
163.724999905	2.059334
165.694000006	3.219902
167.608999968	0.018098
169.680999994	4.106555
171.77699995	5.138681
173.684000015	4.58143
175.738999844	1.256542
177.700999975	3.064058
180.343000174	0.249494
181.738999844	3.591635
183.687000036	3.787177
185.672999859	4.795448
187.712000132	5.57083
189.733999968	3.508062
191.525999784	0.461641
194.053999901	0.112647
198.191999912	0.253457
199.285999775	0.304951
201.314999819	0.524061
202.836999893	0.720853
204.485999823	0.116664
205.868999958	0.865734
207.815000057	0.714701
209.809999943	0.457046
212.332999945	0.161913
214.385999918	0.269892
215.727999926	0.323365
217.677999973	1.587531
219.747999907	0.268748
221.769999981	0.434302
223.682999849	0.235847
225.780999899	1.673646
227.694000006	1.810874
229.753999949	1.810874
231.761999846	1.040887
233.773999929	0.443405
235.741999865	1.294616
237.687999964	1.83129
239.710999966	0.554169
241.713999987	0.518221
243.763999939	0.518221
245.703000069	0.063329
247.695000172	0.752939
249.75999999	0.752939
251.679000139	0.842506
253.697999954	0.925653
255.682999849	0.00897
257.761999846	1.162585
259.669999838	0.502902
261.726999998	1.303536
263.694000006	0.751946
265.691999912	0.881463
267.747999907	0.018043
269.689999819	0.625971
271.710999966	0.625971
273.671999931	1.510574
275.746999741	1.416379
277.722999811	1.549225
279.780999899	1.553846
281.759000063	0.248093
283.708999872	1.682946
285.671000004	1.339392
287.760999918	0.448928
289.743000031	0.70601
291.684000015	0.762006
293.747999907	0.900667
295.677000046	0.014422
297.74000001	1.608342
299.704999924	2.048141
301.695000172	0.351558
303.707999945	2.545571
305.696000099	1.668068
307.672999859	0.498369
309.696000099	0.674126
311.763999939	3.023741
313.761999846	3.142508
315.602999926	0.129343
318.197999954	0.164098
322.04399991	0.478481
323.349999905	0.751928
325.009000063	1.063212
325.927000046	1.233995
327.708999872	1.54032
329.745999813	0.591785
331.77699995	1.538466
333.684999943	0.568584
335.695000172	0.455469
337.674999714	1.696354
339.681999922	2.450172
341.778999805	0.009002
343.743999958	1.86096
346.18599987	0.270392
347.725999832	3.323764
349.684000015	0.043222
351.713999987	1.03754
353.708999872	0.410226
355.677000046	0.923315
357.719000101	0.080636
359.695000172	3.185454
361.701999903	2.313385
363.801999807	2.313385
365.767000198	0.842289
367.672999859	0.155233
369.728999853	1.141537
371.677999973	0.980314
373.724999905	0.662774
375.728999853	0.752137
377.677000046	0.552837
379.671999931	1.151083
381.724999905	0.63108
383.723999977	2.341856
385.696000099	2.453871
388.698999882	2.975956
389.691999912	2.354632
391.708999872	2.963408
393.760999918	2.955138
395.762999773	1.935485
397.747999907	0.930162
399.756000042	1.040353
401.703000069	1.681284
403.696000099	3.572791
405.745999813	3.87492
407.89199996	0.446595
410.752000093	1.614295
411.726999998	1.984871
413.721999884	0.00905
416.68599987	1.031965
418.034999847	2.01317
419.769000053	0.802355
421.866999865	0.747469
424.710999966	1.046575
425.745999813	2.689585
481.708999872	0.858333
