0.0	0.312968
0.132000207901	0.765895
0.262000083923	1.331548
0.506000041962	5.914981
0.836000204086	0.963622
1.0490000248	2.11002
1.26300001144	2.239458
1.51399993896	0.165322
1.87800002098	0.089713
3.42299985886	0.670289
5.42700004578	2.304202
7.42100000381	5.148192
9.42299985886	0.58812
11.4239997864	1.980483
13.4260001183	0.271992
15.4229998589	1.094589
17.4229998589	1.654402
19.4260001183	3.092003
21.4229998589	6.891509
23.4229998589	1.279803
25.4270000458	1.114086
27.4239997864	6.640939
29.4229998589	7.704847
31.4270000458	3.647414
33.4260001183	4.372176
35.4270000458	0.035116
37.4280002117	0.342075
39.4229998589	3.127204
41.4239997864	3.406509
43.4239997864	3.177935
45.4309999943	0.022896
47.4239997864	2.49223
49.4239997864	1.13878
51.4270000458	4.380126
53.4260001183	1.030621
55.4260001183	0.022267
57.4229998589	3.536657
59.4229998589	0.779925
61.4229998589	3.081487
63.4210000038	0.067313
65.4210000038	2.526252
67.4229998589	2.517096
69.4219999313	2.217928
71.4270000458	0.256593
73.4260001183	4.450801
75.4229998589	2.690677
77.4239997864	4.592529
79.4229998589	0.02273
81.4219999313	0.97201
83.4260001183	0.054726
85.4239997864	3.734933
87.4219999313	1.000984
89.4270000458	2.510855
91.4210000038	0.573659
93.4229998589	8.814169
95.4260001183	0.493607
97.4280002117	0.396529
99.4219999313	2.698808
101.426000118	3.715382
103.427000046	1.954429
105.423999786	7.792016
107.422999859	5.083196
109.427000046	1.142882
111.421999931	1.104949
113.421999931	2.246236
115.423999786	3.295538
117.427000046	1.120268
119.421000004	1.823368
121.421999931	2.912179
123.436000109	2.252217
125.427000046	7.541499
127.426000118	1.249473
129.426000118	1.33278
131.423999786	4.297322
133.421999931	0.780876
