0.0	3.727904
0.388999938965	3.727904
0.503999948502	3.788204
0.644999980927	3.866455
0.768000125885	3.124986
0.919000148773	2.637919
1.04600024223	3.889314
1.19000005722	3.187406
1.91900014877	3.640608
3.92499995232	2.999147
5.91500020027	2.600899
7.9279999733	3.461898
9.90300011635	3.579004
11.9249999523	0.356756
13.9270000458	0.071062
15.9150002003	2.985446
17.9270000458	3.203919
19.9150002003	1.67277
21.9150002003	0.229141
23.9210002422	1.557987
25.9140002728	0.464493
27.9040000439	0.762923
29.9150002003	1.378026
31.9040000439	2.738318
33.9150002003	2.433146
35.9150002003	0.044354
37.9160001278	0.018363
39.9140002728	3.148792
41.9249999523	3.116286
43.9249999523	1.633833
45.9180002213	0.115086
47.9240000248	1.517318
49.9150002003	3.206913
51.9249999523	3.147321
53.9249999523	1.524045
55.9150002003	1.928658
57.9190001488	2.835133
59.9150002003	2.871602
61.9249999523	0.830331
63.9150002003	1.551419
65.9150002003	3.210276
67.9290001392	2.974383
69.9140002728	0.205565
71.9190001488	3.070332
73.9140002728	1.606339
75.9240000248	3.833822
77.9140002728	1.598528
79.9140002728	3.620961
81.9170000553	3.268915
83.9150002003	0.100431
85.9150002003	1.682853
87.9260001183	2.434526
89.9170000553	3.72204
91.9160001278	3.286182
93.9180002213	2.369885
95.9140002728	3.254108
97.9160001278	2.594536
99.9140002728	2.726001
101.913000107	3.243108
103.927000046	3.40314
105.916000128	2.915642
107.927000046	2.778046
109.916000128	0.683116
111.917000055	3.872482
113.924000025	0.252925
115.9150002	0.812835
117.924000025	0.112119
119.914000273	1.298719
121.916000128	1.013096
123.917000055	0.346859
125.9150002	3.563889
127.914000273	3.29866
129.903000116	1.950122
131.913000107	3.438322
133.914000273	2.949997
135.916000128	0.346563
137.9150002	0.776972
139.920000076	1.509352
141.913000107	2.149685
143.923000097	1.539909
145.914000273	2.320707
147.917000055	3.001128
149.903000116	2.8481
151.914000273	3.397264
153.914000273	2.657655
155.914000273	1.563793
157.914000273	2.902082
159.924000025	0.628805
161.927999973	0.72084
163.924000025	3.103222
165.914000273	3.645767
167.914000273	1.385032
169.926000118	1.017069
171.914000273	0.071055
173.923000097	1.907435
175.913000107	2.320101
177.913000107	2.620482
179.914000273	1.315426
181.913000107	2.197007
183.923000097	2.282464
185.914000273	2.965889
187.9150002	1.553277
189.927000046	2.728214
191.926000118	2.573237
193.923000097	0.396853
195.924999952	0.575699
197.914000273	1.68976
199.926000118	2.137547
201.903000116	1.472502
203.924000025	3.098804
205.924000025	3.029369
207.936000109	2.233755
209.924000025	2.331522
211.914000273	0.816634
214.164999962	2.257748
216.164000034	2.797572
218.164000034	0.025646
220.158000231	0.116657
222.151000023	1.053441
224.175000191	1.204977
226.164000034	3.066264
228.15199995	3.682201
229.96900034	3.462203
232.174000263	2.637555
234.164000034	3.127636
236.184000015	3.857495
238.164999962	3.514465
240.164000034	3.378649
242.166000128	3.790976
244.164000034	1.989881
246.167000055	2.081051
248.163000107	0.576034
250.164999962	1.338629
252.171999931	0.154587
253.986000061	1.872247
256.169000149	2.23222
258.174000263	3.66972
260.164000034	1.487869
262.164999962	2.041772
264.175000191	1.66716
266.174000263	3.260445
268.164000034	0.368066
270.171000004	0.277447
272.174000263	0.266361
274.15199995	1.642447
276.15199995	1.614312
277.97300005	1.415906
280.164999962	3.137013
282.177000284	1.116758
284.15199995	1.037044
286.172999859	1.919457
288.164000034	1.608988
290.164000034	1.0925
292.15199995	0.804869
294.174000263	1.941748
296.180999994	3.338218
298.153000116	3.639051
300.162000179	2.206671
302.164999962	2.629395
304.164999962	2.046274
306.163000107	2.247066
308.174000263	3.529555
310.175000191	3.556768
312.196000099	2.22617
314.172999859	0.367382
316.176000118	2.057391
318.163000107	1.977633
320.176000118	0.626729
322.164000034	2.91093
324.151000023	0.648611
326.166000128	2.044381
328.163000107	0.204961
330.172999859	0.295019
332.151000023	2.131452
334.172999859	0.41952
336.163000107	1.32905
