0.0	0.314533
0.0920000076294	0.625995
0.203999996185	0.724771
0.305999755859	0.724771
0.606000185013	0.13942
0.743000030518	0.650739
0.910000085831	0.553778
1.16499996185	0.315862
1.30399990082	0.315862
3.33899998665	0.400471
5.37400007248	0.269114
7.31500005722	0.284431
9.31999993324	0.152413
11.503000021	0.599443
13.3169999123	0.599443
15.496999979	0.348597
17.6640000343	0.348597
19.376999855	0.348597
21.9430000782	0.33342
23.4819998741	0.33342
25.3649997711	0.37349
27.3580000401	0.37349
29.2540001869	0.575068
31.4960000515	0.575068
33.3209998608	0.575068
35.6719999313	0.688737
37.3529999256	0.688737
39.7129998207	0.688737
41.3279998302	0.688737
44.1470000744	0.688737
45.3350000381	0.688737
47.3079998493	0.688737
49.3539998531	0.688737
51.3079998493	0.688737
53.2739999294	0.450373
55.5089998245	0.468613
57.3199999332	0.468613
60.1369998455	0.35867
61.5779998302	0.35867
64.4759998322	0.35867
65.3789999485	0.35867
67.3059997559	0.35867
69.4030001163	0.657805
71.3539998531	0.657805
73.3289999962	0.380017
75.3079998493	0.380017
77.8870000839	0.398166
79.4679999352	0.398166
83.0339999199	0.334078
85.4079999924	0.076971
87.7329998016	0.140165
89.3779997826	0.054146
90.371999979	0.077425
91.3619997501	0.081746
93.7089998722	0.065566
95.8239998817	0.219624
98.657999754	0.011928
99.8249998093	0.123171
103.016000032	0.221301
104.39199996	0.079264
105.991999865	0.079264
108.351999998	0.051373
109.977999926	0.054857
112.950999975	0.059444
114.362999916	0.060641
116.19900012	0.071253
119.493999958	0.056809
120.243000031	0.077145
122.164000034	0.05412
124.232999802	0.049885
126.582000017	0.031248
128.33100009	0.02632
130.132999897	0.032817
132.110000134	0.039271
134.366000175	0.094667
136.243999958	0.076045
138.098999977	0.030698
140.095999956	0.12398
142.085999966	0.11893
144.905999899	0.11893
147.148000002	0.024525
148.259000063	0.064651
150.097999811	0.081026
152.715999842	0.027846
156.374000072	0.075888
157.57400012	0.036195
158.927999973	0.055003
160.094000101	0.085092
162.088999987	0.037959
164.215999842	0.080114
166.204999924	0.053174
169.407999992	0.042429
171.745999813	0.005198
172.488999844	0.085167
174.099999905	0.072441
176.210999966	0.110872
179.406000137	0.030216
180.238000154	0.049594
182.059999943	0.046226
184.059000015	0.195762
186.052999973	0.48636
188.029999971	0.139822
190.059999943	0.451075
192.052000046	0.510517
194.113999844	0.434312
196.057999849	0.434312
198.064999819	0.527318
200.195999861	0.527318
202.063999891	0.527318
204.062999964	0.527318
206.052999973	0.527318
208.066999912	0.543164
210.131000042	0.543164
211.980000019	0.724738
214.064999819	0.642711
216.059999943	0.304903
218.057999849	0.865612
220.055999994	1.039223
222.052999973	0.67334
224.059000015	0.67334
226.06799984	0.67334
228.057999849	0.930528
230.089999914	0.020994
232.057999849	0.839855
234.056999922	0.460651
236.062999964	0.9303
238.194999933	0.9303
240.062999964	0.9303
242.066999912	0.974899
244.06099987	0.974899
246.052999973	0.974899
248.071000099	0.974899
250.052000046	0.954834
252.115999937	0.912258
254.18599987	0.912258
256.052999973	1.096349
258.066999912	0.935941
260.06799984	0.935941
262.062999964	0.935941
264.057999849	0.935941
266.072000027	0.751637
268.080999851	0.741706
270.06099987	0.711209
272.063999891	0.56757
274.056999922	0.56757
276.063999891	0.314354
278.305999756	0.314354
280.055000067	0.546202
282.063999891	0.546202
284.054000139	0.621928
286.062000036	0.621928
288.064999819	0.621928
290.062999964	0.482235
292.057999849	0.482235
294.055999994	0.524435
296.059999943	0.524435
298.062000036	0.589523
300.094000101	0.678473
302.06099987	0.678473
304.052999973	0.748717
306.052000046	0.748717
308.171000004	0.250093
310.052999973	0.250093
312.048999786	0.298782
314.052000046	0.584362
316.062999964	0.584362
318.055000067	0.543398
320.06099987	0.543398
322.059999943	0.543398
324.057999849	0.543398
326.063999891	0.539303
328.057999849	0.966774
330.046999931	0.966774
332.070000172	0.436334
334.046999931	0.436334
336.062000036	0.436334
338.048999786	0.436334
340.131000042	0.436334
342.047999859	0.436334
344.046999931	0.436334
346.056999922	0.436334
348.055999994	0.871004
350.052999973	0.871004
352.047999859	0.393535
354.054000139	0.393535
356.371000051	0.850908
358.052000046	0.931311
360.299000025	0.921087
362.302000046	0.734766
364.299999952	0.734766
366.296999931	0.823971
368.296999931	0.823971
370.305999756	0.823971
372.296999931	0.771217
374.302000046	0.802432
376.297999859	1.089993
378.302000046	1.089993
380.335000038	0.92727
382.302000046	0.92727
384.312999964	0.92727
386.324999809	0.92727
388.315999985	0.92727
390.312999964	0.92727
392.098999977	0.92727
394.322999954	0.92727
396.296000004	0.92727
398.303999901	0.92727
400.367000103	0.701507
402.308999777	0.701507
404.299000025	0.620148
406.388000011	0.620148
408.305999756	0.620148
410.302999973	0.5502
412.295000076	0.5502
414.295000076	0.670413
416.302000046	0.670413
418.34499979	0.670413
420.306999922	0.768066
422.296000004	0.162606
424.30099988	0.955788
426.30099988	0.955788
428.332000017	0.955788
430.304999828	0.955788
432.296000004	0.705292
434.299999952	0.791569
436.295000076	0.781139
438.302999973	0.85128
440.321999788	0.85128
442.318000078	0.85128
444.291000128	0.969514
446.302000046	0.693059
448.319000006	0.724664
450.304999828	0.287089
452.299000025	0.958855
454.311000109	0.829706
456.311000109	0.829706
458.297999859	0.829706
460.299999952	0.829706
462.292999983	0.898478
464.30099988	0.898478
466.323999882	0.898478
468.294000149	0.582913
470.297999859	0.582913
472.299999952	1.039639
474.400999784	1.039639
476.294000149	0.831961
478.302000046	0.831961
480.292000055	0.825409
482.292000055	0.938841
484.654000044	0.938841
486.259000063	0.845483
488.294000149	0.845483
490.306999922	0.845483
492.299999952	0.867852
494.299000025	0.867852
496.294000149	1.166379
498.302000046	1.022663
500.299000025	0.921434
502.319000006	0.921434
504.308999777	0.921434
506.311000109	0.870149
508.302999973	0.652368
510.299000025	1.097784
512.296000004	0.831827
514.295000076	0.831827
