0.0	1.192477
0.365999698639	1.40278
0.596999883652	1.40278
0.877999782562	1.40278
1.33599996567	1.730641
1.76299977303	0.071486
2.53499960899	1.708085
2.90399980545	1.643741
3.87399983406	1.584733
4.28799986839	2.130733
5.51899957657	2.648486
7.77099967003	2.648486
9.75999999046	3.276857
11.765999794	3.275032
13.765999794	3.35906
15.7679998875	2.733232
17.6939997673	3.211923
19.7619998455	3.719945
21.7639997005	3.73761
23.760999918	4.275126
25.762999773	4.316172
27.762999773	4.357256
29.7639997005	4.357256
31.7679998875	4.65834
33.762999773	3.609121
35.762999773	4.838756
37.762999773	4.838756
39.762999773	4.790847
41.6899998188	5.22396
43.762999773	5.326557
45.765999794	4.273661
47.7619998455	4.624034
49.7589995861	5.939665
51.760999918	5.955977
53.7599999905	7.042073
56.1529998779	7.380102
57.9119999409	4.196745
60.8709995747	6.803863
62.8199996948	0.871362
64.7599999905	0.81819
66.6999995708	1.523449
68.7619998455	0.868529
70.7729997635	0.436622
72.768999815	1.382424
74.8499996662	1.573015
76.5739996433	1.249517
78.7619998455	2.854639
80.7649998665	2.91438
82.8299996853	3.517527
84.8039996624	1.703765
86.7619998455	4.123975
88.7869997025	2.668532
90.751999855	2.668532
92.9399995804	2.247524
95.1449997425	0.335941
97.6939997673	0.616053
100.382999659	0.691206
102.455999851	0.604274
103.823999882	0.559415
105.650999784	0.716995
107.613999844	1.253251
108.698999643	1.379155
110.761999846	0.749758
112.915999651	1.739843
114.763999701	1.653227
116.786999702	2.402151
118.760999918	1.804014
120.762999773	1.312273
122.763999701	2.646612
124.801999807	1.258189
126.771999598	1.763987
128.833999872	3.308336
130.763999701	2.591802
132.75999999	0.605464
134.764999866	1.392831
136.761999846	1.663577
138.802999735	1.941898
140.760999918	1.401413
142.761999846	3.984081
144.761999846	3.984081
146.865999699	3.284979
148.760999918	0.840665
150.762999773	4.979595
152.760999918	3.763017
154.75999999	0.008912
156.781999826	1.187971
158.75999999	1.645945
160.839999914	2.009817
163.132999897	0.293341
164.75999999	1.225591
166.762999773	3.931558
168.826999664	2.05487
170.823999882	3.925471
172.761999846	3.53029
174.75999999	3.124036
176.760999918	3.544518
178.75999999	1.003097
180.760999918	2.271709
182.858999729	4.172117
184.763999701	2.55489
186.90899992	4.346639
188.81499958	3.158178
190.948999882	3.158178
193.463999987	2.816494
194.769999743	1.580453
196.762999773	3.936021
198.762999773	1.709906
200.761999846	0.107888
202.776999712	2.104577
204.758999586	2.718681
206.758999586	4.33565
208.75999999	4.33565
210.797999859	4.443833
212.758999586	4.374185
215.083999634	0.178968
216.758999586	2.410949
218.762999773	3.377365
220.846999645	1.641355
222.762999773	4.064136
224.797999859	1.911055
226.764999866	1.322524
228.758999586	1.523585
230.754999638	4.025601
232.836999893	3.163353
234.786999702	2.485358
236.877999783	4.098868
238.75999999	0.508396
240.75999999	3.52577
242.762999773	1.542857
244.75999999	1.640216
246.81499958	2.98342
248.75999999	3.369886
250.765999794	1.826713
252.809999704	3.478646
254.81799984	3.707686
256.762999773	3.707686
258.758999586	3.410565
260.758999586	3.410565
262.757999659	2.966717
264.765999794	0.009106
266.760999918	1.446968
268.892999887	1.446968
271.007999897	3.115564
