0.0	0.424269
1.55999994278	0.606707
1.66100001335	0.606707
1.79200005531	1.126206
2.7539999485	0.607657
4.12999987602	0.607486
5.28999996185	0.597707
6.22799992561	0.606939
7.27200007439	0.604892
8.31299996376	0.607509
9.77900004387	0.39018
11.1080000401	0.607251
12.3389999866	0.607194
13.3500001431	0.602963
15.4060001373	0.607215
18.1909999847	0.5936
19.8190000057	0.595238
22.4440000057	0.588644
25.0739998817	0.32271
27.5190000534	0.607732
29.4979999065	0.593574
31.1119999886	0.605063
32.504999876	0.426439
33.7119998932	0.607221
36.1779999733	0.579785
38.7369999886	0.575513
41.2819998264	0.606517
43.6369998455	0.590437
46.0099999905	0.58244
47.864000082	0.58736
49.8270001411	0.603651
51.4449999332	0.607545
52.8430001736	0.37037
54.3169999123	0.607111
55.9509999752	0.593149
58.503000021	0.607627
61.0069999695	0.606214
63.121999979	0.56517
64.3630001545	0.607606
65.8029999733	0.602163
69.132999897	0.604936
71.1889998913	0.587974
72.5249998569	0.607563
73.5429999828	0.607178
75.2780001163	0.600044
77.0629999638	0.59487
79.2969999313	0.592597
81.2019999027	0.605874
84.6240000725	0.586737
86.2150001526	0.599793
88.4579999447	0.440308
89.6670000553	0.60049
92.2599999905	0.60763
93.7510001659	0.599982
95.9049999714	0.60612
98.128000021	0.595329
100.761999846	0.94435
102.401000023	0.235442
103.552999973	0.59723
106.180999994	0.606039
109.04700017	0.607896
111.020999908	0.608246
112.271000147	0.597093
113.480000019	0.60124
115.088999987	0.607366
117.220000029	0.602928
119.515000105	0.593833
121.470999956	0.607091
123.57400012	0.547197
125.89199996	0.606302
127.930999994	0.564752
130.409999847	0.595839
132.263000011	0.548804
134.457000017	0.482084
135.96999979	0.607504
139.625	0.603713
141.648999929	0.607638
143.424000025	0.589621
145.322999954	0.043857
146.640000105	0.594657
148.259000063	0.594178
150.623000145	0.456388
152.303999901	0.604853
154.579999924	0.60696
156.77699995	0.591137
157.940999985	0.601476
160.016000032	0.609269
162.71600008	0.095712
164.049999952	0.255202
166.734000206	0.005898
168.327000141	0.601678
170.111999989	0.397364
172.20600009	0.596802
175.041999817	0.607773
177.064999819	0.592056
178.659000158	0.59602
180.798000097	0.594471
182.392999887	0.281529
184.161000013	0.598663
186.985999823	0.583871
188.612999916	0.59905
190.599999905	0.590345
191.899000168	0.599254
194.319999933	0.589148
196.894000053	0.602232
198.169999838	0.607722
200.51699996	0.604373
202.16899991	0.607137
204.636999846	0.593339
206.328000069	0.601124
208.246999979	0.607811
210.931999922	0.548209
213.563999891	0.607892
217.096999884	0.50106
219.297999859	0.186729
220.88499999	0.599036
222.528000116	0.568669
223.700999975	0.608928
225.281999826	0.596125
226.819000006	0.607459
228.551000118	0.596585
230.256000042	0.475781
232.848999977	0.5956
234.687000036	0.629056
236.246999979	0.601907
241.575999975	0.587948
245.519999981	0.581528
247.273999929	0.607047
248.84800005	0.595936
249.884000063	0.329935
250.600999832	0.607489
252.657999992	0.630515
253.81400013	0.607163
253.95600009	0.876643
255.032000065	0.605762
257.019999981	0.602372
259.020999908	0.914143
261.03000021	0.600768
263.024999857	0.105134
265.022000074	0.498136
267.022000074	0.607782
269.032000065	0.602321
271.03000021	0.60292
272.947999954	0.67071
275.028000116	0.605377
277.031000137	0.039051
279.029000044	0.604915
281.019000053	0.606807
283.017999887	0.676737
285.019999981	0.607575
287.019000053	0.176264
289.029000044	0.607254
291.022000074	0.607707
293.017999887	0.608979
295.03000021	0.603013
296.940999985	0.681632
299.03000021	0.005259
301.02699995	0.603248
303.032000065	0.607364
305.032000065	0.600755
307.032000065	0.477369
309.02699995	0.072723
311.023000002	0.607188
313.032000065	0.607582
315.025999784	0.607513
317.024999857	0.670125
319.029000044	0.607991
321.01699996	0.667461
323.008999825	0.599286
325.022000074	0.60367
327.019999981	0.608278
329.017999887	0.599056
331.014000177	0.680124
333.015000105	0.603625
335.017999887	0.60133
337.019999981	0.606378
339.008999825	0.606443
