0.0	0.672798
0.1859998703	0.500496
0.353999853134	0.182958
0.457999944687	0.182958
0.600999832153	0.182958
0.792999982834	0.585837
0.930999994278	0.585837
1.09500002861	0.748254
2.16000008583	0.748254
4.16199994087	0.767426
6.17100000381	0.767426
8.15900015831	0.459306
10.1800000668	0.459306
12.1289999485	0.509416
14.1879999638	0.509416
16.1889998913	0.509416
18.1679999828	0.684347
20.1610000134	0.785361
22.1699998379	0.564897
24.1649999619	0.564897
26.1600000858	0.564897
28.1889998913	0.744447
30.1820001602	0.744447
32.1790001392	0.533521
34.1619999409	0.533521
36.1600000858	0.43431
38.1929998398	0.43431
40.1719999313	0.43431
42.1640000343	0.714634
44.1600000858	0.714634
46.1679999828	0.224764
48.1640000343	0.246444
50.1619999409	0.246444
52.1870000362	0.416592
54.1699998379	0.416592
56.1610000134	0.566427
58.1830000877	0.566427
60.1470000744	0.437774
62.1660001278	0.437774
64.1640000343	0.437774
66.1699998379	0.463939
68.1630001068	0.463939
70.1699998379	0.691797
72.1640000343	0.691797
74.1689999104	0.691797
76.1849999428	0.66045
78.1610000134	0.66045
80.1889998913	0.522173
82.1600000858	0.522173
84.1199998856	0.650365
86.1740000248	0.650365
88.1630001068	0.650365
90.1610000134	0.711653
92.1630001068	0.711653
94.1630001068	0.709464
96.1900000572	0.709464
98.1670000553	0.709464
100.160000086	0.791893
102.160000086	0.791893
104.163000107	0.710478
106.16899991	0.710478
108.128000021	0.788844
110.163000107	0.788844
112.190000057	0.788844
114.161999941	0.707304
116.203999996	0.694184
118.163000107	0.557014
120.180000067	0.618441
122.184000015	0.636052
124.423000097	0.78497
126.226999998	0.971168
128.160000086	0.989841
130.164000034	0.685942
132.161000013	1.271202
134.160000086	1.271202
136.164999962	1.271202
138.161999941	1.271202
140.167999983	1.271202
142.161999941	1.271202
144.414000034	1.271202
146.187999964	1.271202
148.431999922	1.271202
150.414999962	1.271202
152.164000034	1.271202
154.160000086	1.271202
156.411999941	1.271202
158.460000038	1.271202
160.421000004	1.271202
162.16899991	1.271202
164.188999891	0.03401
166.430999994	0.06613
168.428999901	0.106903
170.421000004	0.091175
172.411999941	0.22467
174.409999847	0.215603
176.448999882	0.218585
178.411000013	0.260453
180.270000219	0.244005
182.409999847	0.035134
184.447999954	0.219013
186.412999868	0.557781
188.411999941	0.509219
190.411000013	0.447256
192.411999941	0.685764
194.411000013	0.570087
196.420000076	0.865904
198.427999973	0.658854
200.409999847	0.754175
202.430000067	1.001149
204.42200017	1.001149
206.433999777	1.001149
208.411999941	1.001149
210.411000013	0.774753
212.411999941	0.774753
214.449999809	0.774753
216.423000097	0.774753
218.414000034	0.774753
220.411999941	0.611314
222.447999954	0.611314
224.414000034	0.611314
226.448999882	0.611314
228.411999941	0.611314
230.423000097	0.611314
232.409999847	0.611314
234.409999847	0.611314
236.431999922	0.010001
238.412999868	0.06204
240.411000013	0.069384
242.412999868	0.100649
244.414000034	0.191277
246.411999941	0.191277
248.440000057	0.162491
250.450999975	0.182236
252.313999891	0.211291
254.411000013	0.23619
256.430000067	0.212611
258.411000013	0.295265
260.412999868	0.198901
262.42200017	0.367158
264.428999901	0.367158
266.411000013	0.424633
268.430999994	0.09539
270.411000013	0.216561
272.451999903	0.417075
274.411000013	0.417075
276.443000078	0.488613
278.421000004	0.488613
280.409999847	0.529172
282.449999809	0.360254
284.435000181	0.360254
286.459000111	0.444868
288.449999809	0.444868
290.428999901	0.444868
292.449999809	0.74414
294.435000181	0.74414
296.424000025	0.504219
298.409999847	0.504219
300.411000013	0.653958
302.412999868	0.653958
304.431999922	0.653958
306.414000034	0.653958
308.412999868	0.758065
310.411000013	0.678414
312.411000013	0.785695
314.409999847	0.785695
316.411000013	0.876155
318.450999975	0.876155
320.411000013	0.495149
322.409999847	0.883779
