0.0	0.057045
0.678999900818	1.172107
0.898999929428	1.172107
1.06399989128	1.172107
1.39499998093	1.007837
2.1890001297	0.974741
2.82000017166	1.368679
3.72900009155	1.076202
4.52999997139	1.19604
5.03499984741	1.526099
5.94500017166	1.709424
7.98000025749	1.014028
9.95399999619	1.531913
11.9490001202	1.869266
13.9650001526	1.44438
15.9409999847	1.949598
17.9599997997	0.548606
19.9500000477	0.715584
21.9400000572	1.702987
23.9549999237	1.406028
25.981000185	2.208026
27.9599997997	0.878499
29.9440000057	0.779658
32.0040001869	1.502061
33.9450001717	1.847125
35.9389998913	0.507279
37.9300000668	1.40716
39.9260001183	0.473259
41.8849999905	0.176915
43.9599997997	0.435166
45.9240002632	1.431209
47.9599997997	1.348677
49.9509999752	1.573993
51.9490001202	1.989564
53.9549999237	1.235419
55.9389998913	1.520875
57.9450001717	1.475374
60.3659999371	1.012906
62.3350000381	1.191882
63.9450001717	0.008889
65.9389998913	0.818691
67.9450001717	1.739665
69.9300000668	0.250704
71.9400000572	1.869773
73.9450001717	0.011549
75.9500000477	1.085186
77.9549999237	1.916421
79.9490001202	1.605181
81.9450001717	1.905855
83.9509999752	1.590498
86.5699999332	1.920043
88.0950000286	1.025399
89.9549999237	1.478994
91.9500000477	2.245733
93.9300000668	2.569094
95.9500000477	1.563829
97.9549999237	1.812674
99.9309999943	2.066708
101.940000057	2.609755
103.9599998	1.440788
105.930999994	1.344521
107.930000067	2.673032
109.930000067	1.918113
111.950000048	2.269823
113.954999924	2.309384
115.99000001	0.003463
117.945000172	2.327271
120.36500001	2.327271
121.954999924	0.011575
123.953999996	1.317733
125.940000057	1.648874
127.940000057	2.027139
129.925000191	2.053006
131.940999985	2.052553
133.944000006	2.382266
135.945000172	1.525923
137.965000153	1.961909
139.950000048	0.647752
141.945000172	1.815151
143.958999872	1.776162
145.950999975	3.000671
147.930999994	1.710881
149.945000172	0.320124
151.950000048	2.417915
153.954999924	1.991395
155.925000191	0.257228
157.929000139	2.11397
159.94900012	0.475249
161.934999943	1.788025
163.945000172	1.788025
165.944000006	2.281864
167.950000048	1.281244
169.950000048	0.011467
171.934999943	0.078444
173.954999924	0.789249
175.934999943	0.592485
177.954999924	1.165979
179.953999996	0.128624
181.950000048	0.661448
183.954999924	1.445166
186.190000057	1.592287
187.945000172	0.008343
190.180000067	1.359864
192.180000067	0.722877
194.199999809	0.817165
196.18900013	1.540014
198.199999809	1.449007
200.183999777	1.423794
202.199999809	1.281801
204.199999809	1.880967
206.190000057	2.205196
208.199999809	1.773759
210.190000057	0.004062
212.111000061	1.909747
214.185000181	1.332382
216.194999933	0.307303
218.154999971	0.520156
220.185000181	1.005561
222.204000235	1.051681
224.205000162	1.130232
226.220000029	0.893366
228.198999882	0.07259
230.199999809	1.122436
232.178999901	1.111028
234.18900013	1.446274
236.110000134	1.615468
238.199999809	2.138475
240.190000057	0.843467
242.199999809	0.555468
244.194999933	1.83058
246.289999962	1.846991
248.225000143	2.273094
250.190000057	1.872113
252.205000162	2.875791
254.194999933	1.471676
256.194999933	2.485308
258.198999882	2.900609
260.110000134	1.99704
262.198999882	2.723777
264.199999809	1.586551
266.263999939	0.579367
268.199999809	2.06913
270.174999952	0.406515
272.214999914	1.942363
274.199999809	1.942363
276.198999882	1.698988
278.199999809	2.147331
280.190000057	1.430865
282.198999882	2.094995
284.159999847	1.412785
286.199999809	1.533576
288.194999933	2.626767
290.194999933	0.118032
292.190000057	2.197918
294.199999809	0.245189
296.190000057	0.406635
298.199999809	1.946185
300.194999933	0.274609
302.190000057	2.642722
304.199999809	2.066243
306.199999809	0.860646
308.119999886	2.616219
310.185000181	1.60411
312.199999809	1.919838
314.194999933	2.111195
316.198999882	3.225499
318.185000181	0.021522
320.185000181	2.891847
322.185000181	0.002982
324.194999933	1.492557
326.205000162	1.599383
328.200999975	1.992498
330.196000099	0.626408
334.633000135	0.632048
337.549999952	0.723167
339.874000072	0.083195
340.369000196	1.089965
340.644000053	1.760835
342.205000162	1.091673
344.186000109	1.703339
346.191999912	1.972332
348.194000006	1.135702
350.196000099	1.486824
352.191999912	2.529796
354.201999903	1.27071
356.194000006	2.199589
358.200999975	2.443074
360.186000109	1.016168
362.245000124	1.436905
364.185000181	1.56176
366.199999809	1.418967
368.199999809	2.201976
370.210000038	0.154674
372.205000162	0.765739
374.199999809	1.003605
376.194000006	1.689938
378.199999809	1.127894
380.194999933	1.521543
382.194999933	1.696299
384.78399992	1.494252
386.204000235	1.909146
388.204000235	1.929122
390.194999933	1.313498
392.186000109	1.629279
394.279999971	0.003674
396.205000162	2.119572
398.470000029	1.563675
400.434999943	1.891751
402.444000244	1.785103
404.427000046	1.441398
406.446000099	0.106583
408.452000141	0.640196
410.430000067	1.073777
412.447000027	2.251926
414.650000095	0.332583
416.437999964	0.887547
418.436000109	0.270134
420.446000099	0.581058
422.437000036	1.402753
424.437999964	1.683679
426.446000099	0.152696
428.437000036	0.41705
430.454999924	0.111597
432.436000109	0.246044
434.445000172	1.343345
436.446000099	1.638179
438.325999975	0.0445
440.249000072	0.130761
442.436000109	0.618969
446.125999928	0.597759
447.313000202	0.448512
449.309000015	0.407746
452.527999878	0.235042
454.398000002	0.262191
455.593000174	0.152283
456.654000044	0.50637
458.437999964	1.144131
460.444000244	1.510238
462.453000069	1.508203
464.446000099	0.623909
466.434999943	0.168057
468.444000244	0.02998
470.440999985	0.061625
472.430000067	0.770333
474.447000027	0.95732
476.397000074	0.185909
479.71600008	0.048871
485.322000027	0.108938
486.950000048	0.631553
487.621000051	0.773442
488.724000216	0.382801
490.822000027	0.22983
492.786000013	0.339194
494.79399991	0.564201
495.97300005	0.008158
496.940000057	0.398264
498.441999912	0.705122
500.446000099	0.445087
