0.0	0.192822
0.272999763489	1.211924
0.968999862671	1.01289
1.94299960136	1.160558
3.25900006294	1.235264
3.83500003815	1.21189
6.0499997139	1.306116
7.87199997902	1.237355
8.57899999619	2.644286
9.23899960518	2.482516
9.77199983597	2.53731
10.8289997578	2.314867
12.0789997578	2.571225
13.128000021	2.377786
14.1619997025	2.778709
15.6649997234	1.313391
17.6529998779	2.698517
19.6569998264	2.868746
21.6539998055	2.03767
23.6489999294	1.947651
25.6559998989	0.502136
27.6510000229	0.41985
29.6499998569	2.323552
31.6510000229	2.635885
33.654999733	2.068487
35.6529998779	2.65381
37.6589999199	2.314331
39.6469995975	2.051282
41.6510000229	0.351993
43.6499998569	2.213152
45.654999733	2.321204
47.6499998569	2.149027
49.6539998055	2.496238
51.6709997654	2.659791
53.6689999104	2.427759
55.6739997864	2.132872
57.6569998264	2.665922
59.6510000229	2.26352
61.6510000229	0.045993
63.6529998779	2.640813
65.654999733	2.501906
67.6599998474	2.106891
69.6609997749	1.26114
71.6469995975	2.265804
73.6589999199	2.935307
75.654999733	2.536264
77.6510000229	0.638083
79.66299963	2.080229
81.6499998569	2.362051
83.6519999504	0.336515
85.6569998264	0.253928
87.6510000229	2.588155
89.6480000019	2.49832
91.64599967	1.505322
93.6480000019	1.519412
95.6499998569	1.200006
97.66299963	0.198519
99.6559998989	2.487972
101.670999765	2.305084
103.652999878	0.221451
105.649999857	1.283817
107.648999929	2.594151
109.651000023	2.621627
111.653999805	1.787029
113.65899992	1.246632
115.655999899	0.250267
117.65899992	2.664772
119.653999805	2.179628
121.644999743	2.400473
123.651000023	1.35724
125.651000023	2.263794
127.656999826	2.571318
129.652999878	1.705669
131.66899991	2.443944
133.659999847	2.567619
135.649999857	1.332136
137.653999805	0.963447
139.90599966	1.251512
141.65899992	1.729988
143.894999743	1.3221
145.898999929	1.142213
147.90299964	1.142213
149.898999929	1.821699
151.900999784	1.319254
153.895999908	1.47906
155.90299964	1.266781
157.896999836	2.467943
159.924999952	0.873465
161.909999847	2.169731
163.931999922	1.306766
165.912999868	2.540433
167.898999929	2.371992
169.910999775	0.527553
171.900999784	2.382507
173.898999929	1.292945
175.898999929	1.292945
177.99399972	1.980783
179.936999798	0.010463
181.90599966	0.733231
183.894999743	2.406759
185.895999908	2.724543
187.897999763	1.717183
189.894999743	0.793859
191.893999815	1.319322
193.894999743	2.319667
195.900999784	0.138942
197.896999836	1.179933
199.896999836	2.269484
201.901999712	1.946687
203.898999929	2.592658
205.921999693	1.516547
207.897999763	1.716168
209.903999805	2.158202
211.900999784	2.485002
213.901999712	0.43459
215.90299964	1.253625
217.900999784	2.554626
219.896999836	0.100752
221.893999815	2.336353
223.894999743	2.329459
225.894999743	1.153893
227.896999836	0.219707
229.895999908	2.287653
231.892999887	0.277099
233.893999815	2.77588
235.896999836	0.91787
237.895999908	0.575909
239.926999807	1.382194
241.900999784	2.323904
243.896999836	1.166343
245.892999887	2.086856
247.893999815	1.077936
249.89199996	1.963306
251.893999815	2.760563
253.895999908	2.493226
255.910999775	1.870516
257.904999733	2.461389
259.893999815	1.507482
261.894999743	2.331535
263.900999784	2.511098
265.90899992	0.125131
267.895999908	0.125131
269.896999836	1.272025
271.894999743	0.67036
273.893999815	0.368867
275.892999887	2.530178
277.893999815	1.274383
279.895999908	2.573481
281.89199996	1.290897
283.89199996	2.704748
285.892999887	2.162386
287.895999908	1.310436
289.903999805	2.259177
291.892999887	0.290698
293.897999763	2.45003
295.891000032	2.768421
297.904999733	1.550472
299.897999763	2.632868
301.893999815	2.518924
303.911999941	2.06704
305.894999743	0.106123
307.894999743	1.376694
309.896999836	0.330141
311.891000032	2.289619
313.889999866	2.113027
315.922999859	0.205433
317.897999763	2.292197
319.895999908	0.27215
321.896999836	2.358946
323.899999857	1.160842
325.894999743	2.795366
327.896999836	2.476248
329.898999929	2.547514
331.896999836	2.397641
333.898999929	2.596166
335.896999836	2.289712
337.894999743	0.66269
339.900999784	1.507585
341.896999836	2.523869
343.896999836	1.538516
345.899999857	2.57109
347.907000065	1.288141
349.891000032	2.430253
351.888999939	2.326
353.888999939	0.230018
355.892999887	2.061911
357.89199996	2.482947
359.892999887	1.263444
361.894999743	2.625775
363.89199996	2.216217
365.894999743	2.632727
367.89199996	2.269503
369.903999805	1.813296
371.894999743	2.500323
373.896999836	2.737698
375.900999784	0.247253
377.888000011	2.822412
379.909999847	1.401471
381.892999887	1.24993
383.893999815	3.077665
385.893999815	0.549436
387.894999743	2.359823
389.892999887	0.105997
391.919999838	2.199072
394.150999784	2.510228
396.136999846	2.51056
397.961999655	1.352462
400.14599967	2.245541
402.139999866	0.431216
404.141999722	2.062929
406.141999722	0.523906
408.137999773	2.743023
410.957999706	1.340804
412.138999939	1.970514
414.139999866	1.887601
416.243000031	1.282469
419.504999876	0.517047
420.670999765	1.173827
422.191999912	2.656376
424.076999903	1.108318
426.136999846	2.747774
428.155999899	1.867536
430.149999857	2.496845
432.140999794	0.093741
434.273999691	1.213277
436.138999939	2.754041
438.160999775	1.179185
440.137999773	1.506298
442.138999939	1.373124
444.134999752	1.545027
445.963000059	1.169461
448.158999681	2.069081
450.148000002	0.801598
452.14599967	2.314948
454.153999805	0.066849
456.49399972	0.06077
458.718999624	0.468132
460.461999655	0.426635
461.961999655	0.49302
464.467999935	0.3781
466.290999889	0.434834
468.205999851	1.278638
470.460999727	2.377438
472.465999842	0.069692
474.492999792	1.832911
477.463999987	1.228758
478.972999811	0.17122
480.521999836	0.576181
482.48699975	1.44718
484.480999947	0.07515
486.419999838	0.551012
488.972999811	0.603207
491.005999804	0.49663
492.411000013	0.101595
494.024999857	0.578316
496.473999739	0.174647
498.501999855	0.089877
500.467000008	0.527792
502.461999655	0.642527
504.46999979	0.117538
507.332000017	0.446404
509.689999819	0.371551
512.558999777	0.433119
514.656999826	0.090601
516.496999741	0.190318
517.042999983	0.540417
519.795000076	0.432069
522.345999718	0.529412
525.105999708	0.531709
527.27099967	0.324314
530.309999704	0.056668
530.863999844	0.492355
531.947000027	1.286874
532.32799983	2.491397
534.454999685	2.796585
536.483999968	2.149394
538.457999706	2.925073
540.463999987	2.637654
542.458999872	2.76044
544.460999727	2.378884
546.456999779	2.896715
548.460999727	2.279077
550.507999897	2.388357
552.497999668	1.991835
554.492999792	2.574028
556.464999914	2.494845
558.485999823	1.525586
560.463999987	2.590417
562.453999758	2.582195
564.48699975	2.52304
566.451999903	2.632604
568.47699976	2.022628
570.490999937	2.906754
572.501999855	1.053982
574.453999758	2.558737
576.499000072	1.264734
578.477999687	2.458404
580.455999851	2.530855
582.461999655	2.568045
584.455999851	0.635628
586.463999987	0.308392
588.455999851	1.431472
590.472999811	0.214363
592.454999685	2.445414
594.453999758	0.327656
596.450999975	1.882772
598.487999916	0.004504
600.453999758	1.312157
602.481999874	1.336977
604.457999706	1.371377
606.451999903	1.341245
608.463999987	2.01003
610.483999968	0.805182
612.481999874	1.051855
614.45299983	0.084437
616.490999937	1.279943
618.451999903	0.51072
620.488999844	1.303151
622.46999979	0.03064
624.461999655	0.921066
626.460999727	0.899783
628.450999975	1.304454
630.451999903	0.613795
632.450999975	0.245082
634.481999874	0.12929
636.31799984	0.881758
638.467999935	1.299013
640.451999903	2.642668
642.460999727	2.442195
644.461999655	2.267815
646.502999783	1.077299
648.460999727	1.692467
650.472999811	2.259702
652.454999685	0.220626
654.450999975	1.295691
656.468999863	2.509376
658.490999937	2.310827
660.501999855	2.791956
662.45299983	2.704658
664.448999882	2.426815
666.5	2.407133
668.449999809	0.097833
670.465999842	1.186561
672.448999882	1.523872
674.447999954	0.521379
676.456999779	1.020257
678.449999809	0.998596
680.48300004	1.251945
682.464999914	0.338757
684.453999758	2.584864
686.575999975	1.409588
688.619999886	0.565655
690.484999895	1.423353
692.328999758	0.8
694.48699975	1.171103
696.450999975	0.607056
698.447999954	2.7611
700.477999687	0.966856
702.446999788	0.772233
704.448999882	2.210204
706.447999954	2.713643
708.449999809	0.09174
710.468999863	1.977665
712.445999861	0.566887
714.480999947	0.722875
716.451999903	2.538791
718.450999975	0.22055
720.454999685	0.829876
722.45299983	1.280727
724.492999792	2.434587
726.4599998	0.161467
728.447999954	1.019292
749.457999706	1.299991
749.769999743	0.028605
749.981999874	0.317801
750.257999659	0.129255
751.076999903	0.269752
751.961999655	0.766167
753.087999821	1.542066
754.371999979	1.293651
756.049999714	1.249145
757.222999811	0.667754
758.848999739	2.110118
759.191999912	2.428915
759.768999815	2.003489
760.280999899	2.527197
761.228999853	0.26545
761.733999729	1.213499
809.500999928	1.987574
