0.0	0.009555
2.6400001049	0.004686
3.6810002327	0.009561
4.60900020599	0.048162
5.27000021935	0.019183
6.0150001049	0.182575
6.88000011444	0.140046
7.54800009727	0.393732
9.51000022888	0.402224
10.7060000896	0.398715
12.2830002308	0.46627
14.2520000935	0.567768
16.125	0.533975
18.2870001793	0.094784
19.467000246	0.560409
20.5350000858	0.678742
21.6760001183	0.068305
22.6530001163	0.720296
24.0330002308	0.40667
26.0300002098	0.798438
28.0290000439	0.169168
30.0310001373	0.861894
32.0300002098	0.005084
34.0290000439	0.323822
35.8840000629	0.422848
38.0290000439	0.724347
40.0290000439	0.511723
42.0300002098	0.568087
44.0290000439	0.24096
46.0310001373	0.035363
48.0300002098	1.15426
50.0310001373	0.188019
52.0310001373	0.799785
54.0290000439	1.424109
56.0300002098	0.005005
58.0300002098	0.120553
60.0290000439	0.249253
62.0290000439	0.549497
64.0320000648	0.410829
66.0300002098	0.089317
68.0320000648	0.027433
70.0300002098	0.027522
72.0300002098	0.015915
74.0310001373	0.213611
76.0300002098	0.033184
78.0300002098	0.164521
80.0310001373	0.005404
82.0300002098	1.208472
84.0300002098	0.248528
86.0320000648	0.099341
88.0310001373	0.014764
90.0320000648	1.248043
92.0310001373	0.175515
94.0310001373	1.296377
96.0320000648	0.058355
98.0310001373	1.765334
100.031000137	0.009672
102.032000065	1.760346
104.031000137	0.005027
106.032000065	1.709565
108.031000137	1.292996
110.031000137	0.07183
112.032000065	0.096007
114.031000137	1.205793
116.032000065	1.470924
118.031000137	0.976493
120.031000137	1.041227
122.032000065	1.041227
124.032000065	1.041227
126.032000065	1.041227
128.033000231	1.041227
130.031000137	1.041227
132.032000065	1.041227
134.033000231	0.260567
136.032000065	0.020009
138.032000065	0.247661
140.033000231	0.427839
142.032000065	0.252093
144.033000231	0.924743
146.034000158	0.924743
148.033000231	1.557811
150.033000231	0.145716
152.044000149	0.035491
154.033000231	0.337235
155.935000181	0.005186
158.033000231	1.168834
160.032000065	0.879308
162.032000065	0.879308
164.032000065	0.004827
166.033000231	0.315415
168.033000231	0.004633
170.294000149	0.26199
172.444999933	0.009649
174.739000082	0.121616
176.131000042	0.033195
178.033000231	0.1559
180.033000231	0.432193
182.033000231	0.450416
184.032000065	0.06338
186.033000231	0.423734
188.034000158	0.373682
190.033000231	0.457539
192.034000158	0.567025
194.033000231	0.187403
196.033000231	0.164611
198.033000231	0.575635
200.034000158	0.632987
202.033000231	0.083273
203.991000175	0.211285
206.034000158	0.369496
208.033000231	0.959308
210.035000086	1.020734
212.417000294	0.57859
214.033000231	0.239206
216.035000086	0.436662
218.035000086	0.591735
220.034000158	0.602677
222.035000086	0.635873
224.033000231	0.004837
226.035000086	0.632069
228.034000158	0.219831
230.035000086	0.047997
232.036000013	1.242914
234.035000086	0.098142
236.035000086	1.046555
238.035000086	1.538136
240.036000013	0.914236
242.035000086	1.084144
244.035000086	0.009674
246.034000158	1.78022
248.036999941	0.004922
250.035000086	0.705264
252.034000158	1.265428
254.036000013	0.728365
256.035000086	0.939172
258.036000013	0.939172
260.036000013	0.449381
262.035000086	0.12427
264.038000107	0.168991
266.036000013	2.488217
268.036000013	2.138008
270.036999941	1.071316
272.287000179	0.039242
274.285000086	2.765513
276.287000179	0.995847
278.286000252	1.118021
280.286000252	1.278655
282.285000086	2.87112
284.286000252	0.078118
286.288000107	0.025036
288.287000179	0.228059
290.09700036	2.27227
292.287000179	2.27227
294.287000179	0.178254
296.285000086	0.004887
298.287000179	1.778829
300.105000257	0.186664
302.285000086	1.981891
304.288000107	3.088541
306.287000179	0.009559
308.289000273	0.002355
310.371000051	0.004723
312.208000183	0.014405
314.288000107	0.210588
316.394000292	0.124563
318.286000252	0.188847
320.186000109	0.096256
322.287000179	2.466081
324.139000177	0.073858
326.287000179	0.244139
328.288000107	0.636114
330.287000179	0.80077
332.288000107	0.465387
334.287000179	0.009623
336.288000107	0.425916
338.144000053	0.407399
340.287000179	0.295358
342.2900002	1.117162
344.287000179	0.331049
346.287000179	0.100978
348.126000166	0.193185
350.288000107	0.365314
352.296000004	0.393229
354.288000107	0.490444
356.289000273	0.225447
358.703999996	0.086046
360.288000107	0.441755
362.213000059	0.456971
364.288000107	0.294136
366.288000107	0.505739
368.289000273	0.105614
370.288000107	0.052863
372.151000023	0.177704
374.2900002	0.014295
376.2900002	0.009567
378.288000107	0.057453
380.288000107	0.024226
382.288000107	0.021184
384.292000055	0.022026
386.288000107	0.317444
388.2900002	0.537934
390.291000128	0.098624
392.286000252	0.066138
394.289000273	0.060247
396.289000273	0.043499
398.2900002	0.005514
400.289000273	0.032892
402.289000273	0.68347
404.289000273	0.297184
406.291000128	0.30149
408.2900002	0.218935
410.289000273	0.230879
412.289000273	0.109802
414.289000273	0.51807
416.289000273	0.021601
418.289000273	0.09314
420.289000273	0.148448
422.289000273	0.512851
424.2900002	0.065696
426.289000273	0.372714
428.289000273	0.09303
430.2900002	0.076692
432.289000273	0.021953
434.2900002	0.15938
436.2900002	0.005521
438.289000273	0.114971
440.289000273	0.099311
442.2900002	0.218915
444.2900002	0.191296
446.291000128	0.416018
448.311000109	0.076353
451.708000183	0.001934
455.045000076	0.001954
457.420000076	0.297884
459.309000015	0.385599
460.819000244	0.658152
462.065000296	0.148297
464.02300024	0.001906
465.06400013	0.48823
466.291000128	0.293076
468.291000128	0.323826
470.388000011	0.005518
472.292999983	0.369934
474.292000055	0.098315
476.2900002	0.464251
478.292000055	0.287018
480.292000055	0.109707
482.291000128	0.201876
484.292000055	0.057599
486.291000128	0.292766
488.291000128	0.946934
490.291000128	0.057707
492.292000055	0.375923
494.292000055	0.459188
496.292000055	1.25481
498.291000128	0.058449
500.291000128	0.10533
502.292000055	0.376274
504.291000128	1.369619
506.292000055	0.232632
508.292000055	0.311731
510.294000149	0.019139
512.292000055	0.834197
514.292000055	0.081753
516.292999983	0.803021
518.376000166	0.964943
520.376000166	0.353805
522.377000332	0.688975
524.377000332	0.400788
526.377000332	1.157964
528.377000332	0.169704
530.548000097	0.864502
532.543000221	0.776906
534.544000149	0.740302
536.377000332	0.368071
538.378000259	1.880097
540.377000332	0.882326
542.377000332	0.855737
544.379000187	0.033713
546.377000332	0.091607
548.379000187	1.86382
550.378000259	0.633984
552.377000332	1.453866
554.378000259	0.518117
556.377000332	0.87056
558.377000332	1.006146
560.378000259	0.322175
562.377000332	0.804344
564.377000332	0.878754
566.379000187	0.288651
568.378000259	0.885588
570.379000187	0.047686
572.377000332	0.897489
574.378000259	0.038341
576.378000259	1.161054
578.378000259	1.382812
580.378000259	0.207627
582.379000187	1.360476
584.378000259	0.066469
586.380000114	1.046396
588.379000187	0.004783
590.379000187	0.033587
592.379000187	0.062237
594.661000013	0.00475
596.379000187	1.202355
598.378000259	0.028793
600.379000187	0.038635
602.377000332	0.223069
604.379000187	0.062155
606.507000208	0.048073
608.578000307	0.157236
610.579000235	0.12012
612.578000307	0.26694
614.580000162	0.073088
616.578000307	0.488215
618.57700038	0.697632
620.578000307	0.009746
622.578000307	0.593741
624.578000307	0.433484
626.580000162	0.067564
630.041000366	0.430048
630.959000111	0.408168
632.579000235	0.179636
634.578000307	0.304139
636.579000235	0.043085
638.58100009	0.077399
642.025000334	0.325856
644.282000303	0.423348
646.457000256	0.04313
648.346000195	0.261671
650.447000027	0.004788
652.295000076	0.397643
655.877000093	0.148851
658.135000229	0.071377
659.796999931	0.644937
661.100000143	0.095884
662.145000219	0.13984
663.027000189	1.497886
664.580000162	0.087753
666.580000162	1.391781
668.580000162	0.837576
670.580000162	0.004811
672.579000235	1.996487
674.58100009	0.247907
676.579000235	0.023945
678.580000162	0.192841
680.580000162	0.047919
682.580000162	0.113482
684.58100009	0.014418
686.580000162	0.223483
688.580000162	0.17843
690.58100009	0.029128
692.58100009	0.526128
694.580000162	0.498297
696.58100009	0.019147
698.515000105	0.062013
700.58100009	0.052826
702.779000044	0.299061
705.201000214	0.001779
706.528000116	0.139443
708.582000256	0.005361
710.58100009	0.128049
712.583000183	0.098266
714.583000183	0.130808
716.582000256	0.15961
718.582000256	0.043329
720.58100009	0.439334
722.507000208	0.015999
724.582000256	0.032934
726.58100009	0.010964
728.582000256	0.005308
730.584000111	0.03304
732.58100009	0.164755
734.584000111	0.207273
736.58100009	0.229873
738.58100009	0.059568
740.582000256	0.081952
742.58100009	0.032801
744.582000256	0.048986
746.583000183	0.240708
748.700999975	0.010956
750.583000183	0.126313
752.548000097	0.207451
754.54700017	0.104061
756.54700017	0.01638
758.549000025	0.071192
760.54700017	0.049476
762.875000238	0.00191
764.548000097	0.203005
766.548000097	0.021985
768.548000097	0.227037
770.549000025	0.169471
772.551000118	0.107981
775.016000032	0.727679
776.798000097	0.187303
778.582000256	0.052833
780.800000191	0.004745
