0.0	0.254618
0.425999879837	0.531133
0.680000066757	0.531133
0.953000068665	0.531133
1.22399997711	0.531133
1.492000103	0.531133
1.92300009727	0.371143
2.1930000782	0.371143
2.44199991226	0.40774
3.66499996185	0.40774
5.67700004578	0.40774
7.67199993134	0.40774
9.66899991035	0.40774
11.6740000248	0.40774
13.6719999313	0.40774
15.6679999828	0.40774
17.6640000343	0.40774
19.6770000458	0.55162
21.6770000458	0.55162
23.7219998837	0.55162
25.6689999104	0.55162
27.6790001392	0.55162
29.6780002117	0.55162
31.6719999313	0.55162
33.6990001202	0.55162
35.6740000248	0.55162
37.6670000553	0.55162
39.6800000668	0.55162
41.6889998913	0.55162
43.6849999428	0.55162
45.6630001068	0.55162
47.6730000973	0.55162
49.6830000877	0.55162
51.6800000668	0.55162
53.6700000763	0.55162
55.6819999218	0.55162
57.6640000343	0.55162
59.6719999313	0.55162
61.6819999218	0.55162
63.6630001068	0.55162
65.7079999447	0.55162
67.6790001392	0.55162
69.6620001793	0.55162
71.6770000458	0.55162
73.6730000973	0.55162
75.6899998188	0.55162
77.6719999313	0.55162
79.6740000248	0.55162
81.6770000458	1.609804
83.6809999943	1.609804
85.6770000458	1.609804
87.6780002117	1.609804
92.6519999504	1.609804
92.9740002155	1.609804
93.6819999218	1.609804
95.6840000153	1.609804
97.6899998188	1.609804
99.6689999104	1.609804
101.680999994	1.609804
103.680999994	1.609804
105.664999962	1.609804
107.684000015	1.609804
109.674000025	1.609804
111.665999889	1.609804
113.677000046	1.609804
115.667999983	1.609804
