0.0	0.019255
0.199000120163	0.627496
0.344000101089	0.625559
0.447000026703	0.625559
0.595999956131	0.828003
0.689999818802	0.828003
0.849999904633	0.839495
0.982000112534	0.811724
1.49199986458	0.903567
3.49400019646	0.002625
5.49099993706	1.204001
7.49199986458	1.375979
9.49300003052	0.022571
11.4930000305	1.424963
13.4930000305	1.51327
15.4899997711	0.456635
17.5269999504	0.748215
19.5120000839	0.579362
21.4940001965	0.396534
23.4919998646	0.646868
25.4909999371	0.682042
27.4930000305	1.075787
29.4909999371	0.090746
31.5379998684	0.162209
33.486000061	0.123653
35.4930000305	0.505774
37.4909999371	0.180177
39.4899997711	1.234443
41.7409999371	0.032051
43.746999979	1.264594
45.8129999638	0.013353
47.6019997597	1.209741
49.7630000114	1.004016
51.7430000305	0.390101
53.743999958	1.33117
55.7409999371	1.006757
57.7430000305	0.871285
59.742000103	1.103446
61.742000103	0.754264
64.1590001583	0.180453
67.8599998951	0.010109
68.6919999123	0.545557
69.743999958	0.816166
71.635999918	0.847947
73.7430000305	0.997293
75.743999958	0.909218
77.742000103	1.215401
79.7430000305	1.202125
81.7400000095	1.202125
83.746999979	1.5927
