0.0	0.397706
1.16700005531	1.278667
1.52699995041	1.272748
1.96099996567	1.286645
2.42499995232	1.28985
2.82099986076	1.256326
3.28899979591	1.28249
3.85599994659	1.277022
4.32699990273	1.277045
4.84399986267	1.314139
6.5	1.279988
8.41999983788	1.248333
10.4989998341	1.279233
12.4909996986	1.25928
14.4919998646	1.287612
16.4929997921	1.251166
18.3059997559	1.254243
20.501999855	1.290418
22.4909996986	1.2917
24.4889998436	1.25178
26.4929997921	1.222729
28.4169998169	1.250443
30.4879999161	1.291035
32.4929997921	1.262334
34.4979999065	1.440979
36.4189996719	1.235117
38.504999876	1.52309
40.4909996986	1.537665
42.4919998646	1.594939
44.4949998856	1.289355
46.4989998341	1.433322
48.4939997196	1.570331
50.4949998856	1.276323
52.4929997921	1.276119
54.5	1.282637
56.4909996986	1.271472
58.5	1.259724
60.4929997921	1.26734
62.5039999485	1.25938
64.4960000515	1.265735
66.4899997711	1.37744
68.4929997921	1.505059
70.5009999275	1.481429
72.4899997711	1.461129
74.5	1.443835
76.4989998341	1.426405
78.4879999161	1.262379
80.4909996986	1.299603
82.4899997711	1.273062
84.4899997711	1.316126
86.4169998169	1.279833
88.4960000515	1.426125
90.5	1.259246
92.4899997711	1.255083
94.4909996986	1.627939
96.5	1.274164
98.4889998436	1.311099
100.49399972	1.317651
102.488999844	2.767362
104.488999844	2.606372
106.491999865	1.260024
108.500999928	1.277028
110.491999865	1.269647
112.420999765	1.28541
114.497999907	1.278562
116.490999699	0.873295
118.500999928	1.277885
120.491999865	0.019726
122.496000051	1.265538
124.487999916	1.287947
126.496000051	1.24158
128.489999771	1.372217
130.696999788	1.304722
132.500999928	1.272225
134.489999771	1.25294
136.696999788	1.296393
138.491999865	1.292259
140.488999844	1.25628
142.49399972	1.310695
144.497999907	1.256724
146.496000051	1.433116
148.5	1.261003
150.487999916	1.295151
152.522999763	1.233835
154.503999949	1.288292
156.497999907	1.414111
158.506999731	1.478471
160.496999979	1.350269
162.491999865	1.482516
164.700000048	1.461975
166.489999771	1.391447
168.5	1.891891
170.492999792	1.265146
172.496000051	1.254843
174.496000051	1.278231
176.49399972	1.384371
178.490999699	1.290992
180.49399972	1.433566
182.696999788	1.393799
184.501999855	1.717049
186.488999844	1.528679
188.488999844	1.277824
190.500999928	1.263033
192.5	1.257409
194.503999949	1.33296
196.494999886	1.249979
198.694999933	1.288747
200.500999928	1.279911
202.488999844	1.266628
204.693999767	1.254253
206.69299984	1.363919
208.498999834	1.257514
210.507999897	1.539856
212.690999746	2.177438
214.697999716	1.398146
216.698999643	1.604407
218.687999964	1.359411
220.688999891	1.341452
222.694999933	1.463394
224.599999905	1.259848
226.697999716	1.217687
228.700000048	1.25993
230.691999912	1.294698
232.693999767	1.33984
234.687000036	1.256286
236.68599987	1.245209
238.69299984	1.368894
240.700000048	2.541139
242.69299984	1.273274
244.698999643	1.26927
246.687000036	1.264508
248.596999884	1.424519
250.700999975	1.256521
252.695999861	1.462009
254.701999903	1.359052
256.700000048	1.588504
258.688999891	1.251672
260.69299984	1.288638
262.690999746	1.408189
264.701999903	1.494934
266.687000036	1.258854
268.696999788	1.338566
270.689999819	1.213836
272.60800004	1.580134
274.689999819	1.565471
276.697999716	1.272657
278.688999891	1.359928
280.694999933	1.587727
282.701999903	1.354534
284.695999861	1.29741
286.694999933	1.318532
288.687000036	1.242221
290.698999643	1.4836
292.693999767	1.252505
294.700000048	1.437183
296.59499979	1.792772
298.695999861	1.275109
300.700000048	1.313296
302.688999891	1.258071
304.700999975	1.350692
306.690999746	1.287273
308.696999788	1.286392
310.687999964	2.7258
312.700000048	1.286163
314.687000036	1.282461
316.695999861	1.268577
318.691999912	1.238643
320.693999767	1.262318
322.693999767	1.374365
324.697999716	1.472127
326.690999746	1.636069
328.698999643	1.489505
330.698999643	2.222719
332.690999746	1.683536
334.688999891	1.291819
336.690999746	1.274179
347.156999826	1.403814
347.424000025	1.649985
347.799999952	1.28605
348.112999916	1.279355
348.563999891	1.288403
348.823999882	1.500534
350.689999819	1.270166
352.694999933	1.38063
354.698999643	1.532495
356.703000069	1.505948
358.693999767	1.580193
360.690999746	1.261281
362.69299984	1.489147
364.696999788	1.560518
366.737999916	1.728501
368.68599987	2.3201
370.694999933	1.416953
372.701999903	1.251836
374.703000069	1.391944
376.687000036	1.255159
378.688999891	1.30104
380.697999716	1.36361
382.703000069	1.305043
384.700000048	0.999206
386.689999819	1.781086
388.696999788	1.551195
390.687999964	1.346684
392.700000048	1.288864
394.701999903	1.282837
396.693999767	1.239064
398.695999861	1.49764
400.69299984	1.556386
402.690999746	1.446545
404.697999716	1.271764
406.697999716	1.347799
409.000999928	1.28082
410.996999979	1.278106
412.997999907	1.494429
414.994999647	1.35868
416.984999895	1.424673
418.988999844	1.847742
420.996999979	1.417795
422.992999792	1.633225
424.990999937	1.619393
426.992999792	1.568328
429.0	1.487383
430.990999937	1.62055
432.999000072	1.285926
434.914999723	1.299118
436.987999916	1.245499
438.996999979	1.243324
441.000999928	1.297364
443.0	1.259843
444.98699975	1.253948
446.994999647	1.435618
448.98699975	1.493282
450.989999771	1.279172
452.987999916	1.282187
454.914999723	1.625336
456.996000051	1.271264
458.984999895	1.257835
460.996999979	1.255685
462.996999979	1.285226
464.988999844	1.305981
467.029999733	1.436448
468.990999937	1.383467
470.989999771	1.443
472.996999979	1.419303
475.0	1.543751
476.992999792	1.57302
478.988999844	1.518888
480.905999899	1.270701
483.0	1.276638
484.991999865	1.209274
486.987999916	1.395969
488.997999907	1.278477
490.997999907	1.277671
492.987999916	1.280338
494.988999844	1.29431
496.997999907	1.348063
498.990999937	1.164136
500.992999792	1.658161
503.056999922	0.985443
504.996999979	1.273917
506.985999823	0.694265
508.988999844	1.269908
510.98699975	1.284519
512.916999817	1.249023
515.000999928	1.381019
517.072999954	1.246315
518.915999889	1.390821
521.073999882	1.285981
522.999000072	0.047876
524.988999844	1.274692
526.915999889	1.292521
528.997999907	1.256753
530.988999844	1.301141
532.996000051	1.275316
534.913999796	1.42567
536.988999844	0.436316
539.0	0.022781
540.990999937	1.307996
542.98699975	0.510428
544.985999823	1.277863
546.996000051	1.470466
548.99399972	1.220053
550.994999647	2.218283
552.987999916	1.287642
554.996000051	1.324673
556.992999792	1.280356
558.917999744	1.257246
560.988999844	1.278909
563.002999783	1.281714
564.989999771	1.279796
566.916999817	1.284817
568.996999979	1.336295
570.989999771	1.263299
572.996999979	1.332916
574.915999889	1.253516
576.989999771	1.291511
578.996999979	1.281589
580.996000051	1.363643
582.987999916	1.368365
584.916999817	1.455402
586.988999844	1.265184
588.994999647	1.317547
591.000999928	1.323854
592.991999865	1.357918
594.994999647	1.438981
596.991999865	1.263937
598.915999889	1.554627
600.992999792	1.281301
602.987999916	1.318726
604.994999647	1.364755
606.989999771	1.230802
609.0	1.256607
610.990999937	1.43526
613.0	1.377419
614.987999916	1.584115
616.984999895	1.344576
618.99399972	1.297607
620.989999771	1.278363
622.996000051	1.258986
624.98699975	1.289588
626.989999771	1.281511
628.915999889	0.574074
630.919999838	1.2629
633.000999928	1.268659
634.999000072	1.251415
636.98699975	2.529914
638.990999937	2.529914
641.191999912	1.401392
642.994999647	1.277593
644.984999895	1.187987
646.992999792	1.250721
648.997999907	1.277902
650.987999916	1.30454
652.996999979	1.30203
655.198999882	1.273678
656.987999916	1.27789
659.161999702	1.294641
661.151000023	1.275412
