0.0	2.526104
0.108999967575	1.984267
0.476999998093	3.08442
0.871000051498	3.834141
1.28600001335	4.429742
1.66099977493	3.344761
1.82800006866	3.903727
1.9889998436	3.272696
2.14400005341	3.671495
3.55200004578	4.240498
5.38199996948	3.557382
7.55000019073	3.220142
9.54899978638	3.332384
11.5559999943	3.332384
13.5500001907	3.571024
15.5720000267	0.944515
17.5510001183	3.408425
19.5520000458	3.408425
21.5520000458	0.631137
23.5520000458	0.024528
25.5520000458	2.183203
27.5489997864	2.55804
29.5500001907	2.55804
31.5510001183	2.585134
33.5520000458	2.585134
35.5590000153	2.888876
37.5520000458	3.378089
39.5500001907	2.668994
41.5510001183	2.80659
43.5510001183	2.737394
45.5510001183	0.025803
47.5520000458	1.611127
49.5500001907	0.009559
51.5550000668	1.700791
53.5609998703	0.84619
55.5510001183	0.007599
57.5500001907	2.448786
59.5590000153	2.191634
61.5500001907	2.491489
63.5500001907	0.756645
65.5510001183	2.464354
67.5609998703	1.663191
69.5590000153	0.174905
71.5529999733	0.608534
73.5699999332	2.872826
75.5510001183	3.041682
77.5500001907	1.103463
79.5520000458	2.758537
81.8449997902	0.060603
83.5710000992	2.903391
85.5500001907	3.401687
87.5510001183	3.111739
89.5500001907	2.802543
91.5500001907	3.566862
93.5500001907	0.021996
95.5510001183	0.02987
97.5500001907	0.57284
99.5510001183	1.630552
101.551000118	1.252878
103.559999943	0.214262
105.550000191	0.72836
107.551000118	0.231777
109.551000118	0.963122
111.551000118	0.609185
113.552000046	0.958544
115.552000046	0.022524
117.553999901	0.133712
119.552000046	0.940704
121.550000191	0.35448
123.551000118	0.861351
125.563999891	0.305674
127.550000191	0.702065
129.550000191	0.982086
131.552000046	0.250391
133.559999943	0.564056
135.551000118	1.128524
137.552999973	1.369376
