0.0	0.465062
0.246999979019	0.391312
0.442000150681	0.391312
0.682000160217	0.391312
0.97400021553	0.356736
1.23500013351	0.376991
1.45900011063	0.402233
1.66300010681	0.402233
1.84800004959	0.35267
3.71099996567	0.35267
5.73400020599	0.565169
7.71199989319	0.565169
9.70500016212	0.382629
11.746999979	0.382629
13.7070000172	0.382629
15.7020001411	0.582715
17.7030000687	0.465115
19.7230000496	0.690515
21.7239999771	0.690515
23.864000082	0.256746
25.7269999981	0.256746
27.7150001526	0.256746
29.7200000286	0.686458
31.7070000172	0.686458
33.7109999657	0.702009
35.7300000191	0.702009
37.7300000191	0.702009
39.7460000515	0.302744
41.7290000916	0.302744
43.7569999695	0.212003
45.745000124	0.201314
47.7380001545	0.298456
49.7130002975	0.157756
51.7350001335	0.327669
53.7740001678	0.19656
55.7039999962	0.240589
57.7109999657	0.455966
59.7649998665	0.288244
61.7119998932	0.288244
63.7330000401	0.428569
65.7119998932	0.428569
67.7109999657	0.443762
69.7350001335	0.443762
71.8870000839	0.18581
73.7320001125	0.148783
75.7350001335	0.148783
77.7239999771	0.251594
79.7060000896	0.251594
81.7530002594	0.48756
83.7239999771	0.48756
85.739000082	0.230863
87.7500002384	0.2431
89.7510001659	0.400753
91.7200000286	0.585988
93.7350001335	0.585988
95.731000185	0.585988
97.7330000401	0.35758
99.737000227	0.35758
101.720000029	0.421658
103.761000156	0.421658
105.752000093	0.364653
107.88499999	0.364653
109.751000166	0.364653
111.754000187	0.187746
113.769000292	0.253967
115.726000071	0.264269
117.729000092	0.367316
119.730000019	0.356167
121.72300005	0.234494
123.736000061	0.39512
125.815000057	0.289124
127.738000154	0.32709
129.717000008	0.409692
131.717000008	0.409692
133.711999893	0.409692
135.745000124	0.317627
137.719000101	0.477466
139.715000153	0.397688
141.714000225	0.247766
143.718000174	0.424843
145.707000017	0.406636
147.711999893	0.406636
149.714000225	0.411361
151.727999926	0.411361
153.736000061	0.384218
155.717000008	0.384218
157.72300005	0.384218
159.727999926	0.362478
161.721000195	0.362478
163.767999887	0.470405
165.707999945	0.470405
167.764999866	0.430971
169.743000031	0.492252
171.729000092	0.492252
173.713000298	0.472978
175.74000001	0.472978
177.737000227	0.421522
179.737000227	0.454167
181.710999966	0.457968
183.713000298	0.522085
185.715000153	0.570842
187.710999966	0.387659
189.718000174	0.387659
191.730000019	0.518979
193.722000122	0.518979
195.703000069	0.470042
197.726000071	0.612073
199.720000029	0.263351
201.719000101	0.684406
203.714000225	0.684406
205.732000113	0.684406
207.710000038	0.517023
209.710999966	0.517023
211.703999996	0.465918
213.719000101	0.465918
215.710999966	0.655046
217.955000162	0.655046
219.976000071	0.655046
221.969000101	0.668882
223.960000038	0.668882
225.951999903	0.566378
227.950000048	0.566378
229.953000307	0.566378
231.954000235	0.675048
233.963999987	0.675048
235.954000235	0.73921
237.947000027	0.73921
239.95600009	0.788676
241.963000059	0.788676
243.955000162	0.788676
245.951999903	0.62593
247.950000048	0.62593
249.950999975	0.652922
251.950000048	0.652922
253.944000006	0.652922
255.950999975	0.652922
257.974000216	0.652922
259.950999975	0.581776
261.950999975	0.518084
263.958000183	0.543823
265.942000151	0.543823
267.950999975	0.543823
269.958000183	0.578875
271.950000048	0.578875
273.951999903	0.509704
275.950000048	0.597267
277.950999975	0.426648
279.950000048	0.312311
281.950999975	0.312311
283.950999975	0.615604
285.950999975	0.615604
287.950999975	0.47812
289.950000048	0.47812
291.950000048	0.47812
293.950000048	0.487833
295.954000235	0.487833
297.950999975	0.437668
299.950999975	0.437668
301.943000078	0.375631
303.950000048	0.392635
305.958000183	0.392635
307.950000048	0.435853
309.942000151	0.435853
311.950999975	0.406241
313.977000237	0.406241
315.942000151	0.406241
317.950000048	0.520403
319.950000048	0.520403
321.950999975	0.436979
323.950999975	0.436979
325.921000242	0.546633
327.950000048	0.546633
329.943000078	0.546633
331.954000235	0.561057
333.958000183	0.561057
335.953000307	0.534616
337.972000122	0.534616
339.953000307	0.534616
341.954000235	0.570811
343.953000307	0.577213
345.953000307	0.440245
347.950000048	0.565183
349.931999922	0.50448
351.943000078	0.50448
353.950999975	0.50448
355.950999975	0.535046
357.950000048	0.535046
359.942000151	0.509644
361.950999975	0.509644
363.950000048	0.265935
365.950000048	0.51303
367.942000151	0.525441
369.950000048	0.474669
371.950000048	0.474669
373.953000307	0.474669
375.958000183	0.097325
377.959000111	0.222482
379.951999903	0.478115
381.970000029	0.478115
384.051000118	0.45114
385.950999975	0.45114
387.943000078	0.584387
389.960000038	0.573235
391.950999975	0.573235
393.960000038	0.55607
395.951999903	0.64351
397.953000307	0.64351
399.950999975	0.440578
401.950999975	0.710139
403.951999903	0.667622
405.951999903	0.667622
407.959000111	0.596806
409.960000038	0.758676
411.959000111	0.758676
413.953000307	0.680733
415.950999975	0.680733
417.960000038	0.533154
419.951999903	0.618877
421.910000086	0.660659
423.959000111	0.660659
425.959000111	0.660659
427.960000038	0.660972
429.958000183	0.660972
431.999000072	0.518891
433.969000101	0.518891
435.964999914	0.518891
437.963000059	0.575495
439.954000235	0.575495
441.961000204	0.444551
443.954000235	0.444551
445.946000099	0.499807
447.953000307	0.427188
449.953000307	0.427188
451.953000307	0.543435
453.954000235	0.473493
455.967000008	0.443641
457.960000038	0.443641
459.957000017	0.377528
461.962000132	0.513643
463.95600009	0.582113
465.963999987	0.517907
467.963999987	0.561429
470.207999945	0.314026
472.210000038	0.314026
474.203000069	0.314026
476.210999966	0.456455
478.210999966	0.456455
480.201000214	0.451875
482.209000111	0.451875
484.202000141	0.50169
486.203000069	0.602857
488.213000059	0.481725
490.203000069	0.619683
492.210999966	0.637407
494.203000069	0.620872
496.201000214	0.620872
498.202000141	0.620872
500.209000111	0.650319
502.203000069	0.650319
504.209000111	0.72668
506.209000111	0.595405
508.210999966	0.716554
510.202000141	0.573221
512.202000141	0.701237
514.203999996	0.647985
516.209000111	0.728941
518.207999945	0.609589
520.202000141	0.539099
522.203999996	0.642992
524.203999996	0.643173
526.217000246	0.758384
528.210999966	0.465593
530.203000069	0.679766
532.207999945	0.679766
534.202000141	0.575953
536.203000069	0.573049
538.207000017	0.604076
540.201000214	0.604076
542.203000069	0.604076
544.217000246	0.604076
546.213000059	0.604076
548.202000141	0.414397
550.210999966	0.414397
552.203999996	0.697361
554.210000038	0.61349
556.209000111	0.541376
558.207999945	0.630549
560.217000246	0.630549
562.203000069	0.613378
564.203000069	0.613378
566.210000038	0.464563
568.203999996	0.464563
570.201000214	0.464563
572.210000038	0.417509
574.202000141	0.66664
576.209000111	0.590981
578.203000069	0.590981
580.210999966	0.590981
582.203999996	0.590981
584.207000017	0.590981
586.220000029	0.64465
588.209000111	0.64465
590.207999945	0.647682
592.201000214	0.647682
594.203000069	0.721864
596.247999907	0.724472
598.201000214	0.67686
600.211999893	0.61604
602.219000101	0.611372
604.210000038	0.652004
606.201000214	0.669994
608.210000038	0.669994
610.201000214	0.577369
612.209000111	0.577369
614.161000252	0.578104
616.203000069	0.578104
618.201000214	0.605701
620.203000069	0.522304
622.209000111	0.522304
624.222000122	0.669405
626.202000141	0.669405
628.203999996	0.669405
630.201000214	0.647404
632.203000069	0.647404
634.220999956	0.497882
636.204999924	0.497882
638.210999966	0.674052
640.210000038	0.674052
642.210000038	0.674052
644.24000001	0.621672
646.218000174	0.621672
648.203000069	0.535153
650.201000214	0.535153
652.203000069	0.535153
654.209000111	0.614953
656.202000141	0.614953
658.203000069	0.734565
660.201000214	0.644687
662.210000038	0.625646
664.201000214	0.59717
666.210999966	0.59717
668.21600008	0.347807
670.201000214	0.347807
672.210000038	0.702026
674.201000214	0.702026
676.209000111	0.702026
678.215000153	0.701582
680.20600009	0.701582
682.203999996	0.499448
684.275000095	0.499448
686.234000206	0.37587
688.220000029	0.37587
690.209000111	0.37587
692.217000246	0.33999
694.246000051	0.33999
696.211999893	0.143937
698.295000076	0.143937
