0.0	0.019538
0.527000188828	0.060951
0.750000238419	0.080116
1.57999992371	0.026178
2.10600018501	0.498228
2.1890001297	0.535444
2.32700014114	0.575849
2.3860001564	0.575849
2.52600026131	0.652479
4.0640001297	0.604362
6.07700014114	0.656509
8.07299995422	0.656509
10.0729999542	0.815528
12.0820002556	0.815528
14.0670001507	0.982142
16.0820002556	0.907882
18.0850002766	0.907882
20.1190001965	0.907882
22.0599999428	0.907882
24.0840001106	1.064612
26.0770001411	1.064612
28.1129999161	1.064612
30.0640001297	1.064612
32.1050000191	1.064612
34.1580002308	0.086817
36.1180000305	0.271106
38.0690002441	0.271106
40.0650000572	0.131233
42.0840001106	0.133548
44.0700001717	0.360979
46.0750000477	0.330984
48.1129999161	0.280224
50.0820002556	0.14066
52.0750000477	0.245718
54.0720000267	0.476527
56.1790001392	0.476527
58.0729999542	0.100683
60.0670001507	0.501624
62.0740001202	0.204562
64.0789999962	0.226424
66.0610001087	0.293202
68.0690002441	0.028531
70.0959999561	0.487837
72.1710000038	0.487837
74.1970002651	0.225096
76.1129999161	0.225096
78.0780000687	0.225096
80.1870000362	0.225096
82.0840001106	0.225096
84.101000309	0.005497
86.0770001411	0.026067
88.4380002022	0.171121
90.0660002232	0.171121
92.0789999962	0.089957
94.0640001297	0.11907
96.0670001507	0.157217
98.1349999905	0.215716
100.079999924	0.047388
102.103000164	0.075572
104.319000006	0.075572
106.315000057	0.428693
108.072000027	0.431087
110.315999985	0.02605
112.319999933	0.569303
114.327000141	0.569303
116.328999996	0.749085
118.368000031	0.378532
120.33100009	0.93245
122.318000078	0.026114
124.320999861	0.414961
126.358999968	1.366922
128.34800005	1.366922
130.276000023	1.366922
132.341000319	1.366922
134.315999985	1.366922
136.330000162	1.428771
138.312000036	0.022869
140.315999985	0.993544
142.335000038	0.993544
144.320999861	1.077537
146.339999914	1.077537
148.312000036	1.077537
150.322000265	1.422879
152.328000069	1.422879
154.315000057	0.856854
156.320999861	0.856854
158.319000006	0.856854
160.352999926	1.207528
162.323000193	1.207528
164.318000078	1.207528
