0.0	1.119933
0.547999858856	0.477712
1.02699995041	0.397487
1.34899997711	0.397487
1.82599973679	0.397487
2.13199996948	0.397487
2.42499995232	0.397487
2.90299987793	0.397487
3.21099996567	0.397487
3.71699976921	0.397487
5.72000002861	0.397487
7.72300004959	0.397487
9.72099995613	0.397487
11.7190001011	0.397487
13.9689998627	0.397487
15.9630000591	0.397487
17.9689998627	0.397487
19.9689998627	0.397487
21.9689998627	0.424974
23.9709999561	0.424974
25.9649999142	0.424974
27.9699997902	0.424974
29.7779998779	0.424974
31.9719998837	0.424974
33.9719998837	0.424974
35.9660000801	0.16748
37.9660000801	0.226506
39.7859997749	0.239539
41.9660000801	0.236158
43.9689998627	0.237023
45.9699997902	0.298233
47.9719998837	0.298233
49.9630000591	0.268507
51.9699997902	0.398521
53.8599998951	0.206863
55.9689998627	0.513577
57.9709999561	0.644632
59.9729998112	0.638856
61.9719998837	0.672246
63.9649999142	0.378495
65.9689998627	0.853048
67.9679999352	0.337695
69.9689998627	1.050109
71.9660000801	1.057857
73.9739999771	1.305546
75.9739999771	1.462937
77.9679999352	1.569765
79.9739999771	1.561135
81.9729998112	1.561135
83.9729998112	0.006001
85.9729998112	0.018068
87.9699997902	0.312094
89.9729998112	0.332726
91.9689998627	0.332726
93.9689998627	0.341646
95.9699997902	0.341646
97.9630000591	0.341646
99.9670000076	0.341646
101.967000008	0.341646
103.972999811	0.341646
105.972999811	0.341646
107.972999811	0.341646
109.972999811	0.341646
111.970999956	0.229595
113.96999979	0.229595
115.96999979	0.229595
117.968999863	0.243426
119.970999956	0.244794
121.971999884	0.250726
123.96999979	0.276419
125.964999914	0.278725
127.970999956	0.281875
129.973999977	0.390411
131.970999956	0.399059
133.972999811	0.523295
135.96600008	0.561261
137.974999905	0.698937
139.970999956	0.654421
141.972999811	0.768884
143.970999956	0.977604
145.967999935	0.956627
147.974999905	0.03
149.963999987	1.211289
151.971999884	1.469039
153.973999977	1.583914
155.970999956	1.593342
157.975999832	1.593342
159.973999977	0.422156
161.973999977	0.487908
163.971999884	0.524779
165.96999979	0.524779
167.968999863	0.524779
169.973999977	0.524779
171.971999884	0.524779
173.973999977	0.524779
175.973999977	0.524779
177.974999905	0.524779
179.973999977	0.524779
181.974999905	0.524779
183.968999863	0.524779
185.967999935	0.524779
187.967999935	0.229864
189.974999905	0.289327
191.970999956	0.293476
193.967999935	0.273757
195.96999979	0.273757
197.963999987	0.279296
199.968999863	0.292488
201.967999935	0.292488
203.973999977	0.292488
205.973999977	0.292488
207.972999811	0.289181
209.972999811	0.267621
211.971999884	0.267621
213.972999811	0.311053
215.973999977	0.311053
217.974999905	0.311053
219.971999884	0.311053
221.960999966	0.311053
223.972999811	0.311053
225.96600008	0.311053
227.967999935	0.305748
229.970999956	0.305748
231.971999884	0.298516
233.967999935	0.298516
235.971999884	0.298516
237.971999884	0.377772
239.971999884	0.464191
241.973999977	0.58207
243.97699976	0.604859
245.96999979	0.703933
247.973999977	0.858852
249.972999811	0.881199
251.974999905	0.881335
253.97699976	0.892637
255.96999979	0.932228
257.973999977	0.268228
259.971999884	1.104243
261.973999977	1.104243
264.220000029	1.104243
266.220000029	1.24287
268.220000029	1.494432
270.214999914	1.494432
272.224999905	1.494432
274.225999832	1.494432
276.223999977	1.494432
278.224999905	1.494432
280.217999697	1.494432
282.223999977	1.494432
284.224999905	1.494432
286.223999977	1.494432
288.225999832	1.485981
290.223999977	1.485981
292.217999697	1.485981
294.214999914	1.485981
296.223999977	1.485981
298.215999842	1.485981
300.215999842	1.485981
302.223999977	1.485981
304.220000029	1.485981
306.225999832	1.485981
308.226999998	1.485981
310.224999905	1.485981
312.225999832	1.485981
314.231999874	1.485981
316.225999832	0.14104
318.217999697	0.139608
320.224999905	0.138454
322.230999947	0.142567
324.227999926	0.144581
326.226999998	0.176894
328.224999905	0.236927
330.220000029	0.282185
332.227999926	0.295031
334.223999977	0.349154
336.222000122	0.432763
338.224999905	0.659966
340.222000122	0.823599
342.215999842	1.011709
344.222000122	1.008804
346.220000029	0.596435
348.219000101	1.005067
350.225999832	0.156264
352.220999956	0.373198
354.222000122	0.401257
356.225999832	0.401257
358.222000122	0.401257
360.230999947	0.401257
362.228999853	0.401257
364.222000122	0.401257
366.220999956	0.023711
369.447000027	0.046518
370.963000059	0.083997
372.222000122	0.129909
374.228999853	0.201512
376.228999853	0.266095
378.228999853	0.266095
380.231999874	0.266095
382.22300005	0.342297
384.222000122	0.342297
386.223999977	0.332966
388.223999977	0.332966
390.222000122	0.149836
392.223999977	0.149836
394.220999956	0.149836
396.227999926	0.215209
398.225999832	0.215209
400.231999874	0.215209
402.227999926	0.215209
404.228999853	0.215209
406.222000122	0.35413
408.220999956	0.35413
410.230999947	0.475889
412.222000122	0.004691
