0.0	1.412427
0.0989999771118	1.100356
0.194999933243	1.386988
0.667999982834	0.003668
1.36599993706	0.232184
1.4889998436	1.383366
1.6139998436	1.108615
1.73099994659	1.441067
1.81699991226	1.54371
3.48300004005	1.201659
5.47299981117	1.201659
7.46899986267	1.712309
9.46999979019	1.712309
11.4709999561	1.712309
13.4889998436	1.712309
15.4699997902	1.712309
17.4839999676	1.130453
19.4879999161	1.130453
21.4889998436	1.130453
23.4919998646	1.515392
25.496999979	1.515392
27.4990000725	1.453411
29.4709999561	1.453411
31.4769999981	1.608815
33.4719998837	1.608815
35.4689998627	1.608815
37.4709999561	1.606951
39.4830000401	1.606951
41.4909999371	1.419545
43.4699997902	1.000469
45.495000124	1.59692
47.5269999504	1.845323
49.4919998646	1.668311
51.4689998627	1.793838
53.4990000725	0.938903
55.4729998112	1.418626
57.4740002155	1.622408
59.4900000095	0.043144
61.4709999561	1.631686
63.4750001431	1.631686
65.4709999561	1.496065
67.4909999371	1.496065
69.4900000095	1.496065
71.4900000095	0.88281
73.4900000095	0.88281
75.4750001431	0.906306
77.4900000095	0.906306
79.4689998627	1.477417
81.4719998837	1.533492
83.4909999371	1.533492
85.4790000916	1.533448
87.4900000095	1.533448
89.4830000401	1.530886
