0.0	0.036852
0.425000190735	1.626082
0.735000133514	0.654004
1.04500031471	0.524036
1.16400027275	0.524036
1.30700016022	0.524036
1.4540002346	0.636948
1.60900020599	0.636948
1.79300022125	0.636948
3.63700032234	0.636948
5.60500025749	0.636948
7.62900018692	0.636948
9.71300029755	0.636948
11.8170003891	0.636948
13.5730001926	0.095176
15.6960000992	0.126556
17.8030002117	0.14599
19.596000433	0.258493
21.6730003357	0.267863
23.7599999905	0.511395
25.8090002537	0.511395
27.5870001316	0.594792
29.7220001221	0.594792
31.8040003777	0.594792
33.6100001335	0.603341
35.6720001698	0.603341
37.7760000229	0.670666
40.5890002251	0.670666
42.5940001011	0.687608
43.6200003624	0.579855
45.6200003624	0.677093
47.6450002193	0.712568
49.6670000553	0.591847
51.6800000668	0.686661
53.7050001621	0.397217
55.709000349	0.523471
57.736000061	0.717212
59.7480003834	0.907447
61.7710001469	1.131669
63.7960002422	1.021646
65.8150000572	1.021646
67.8310000896	1.021646
69.856000185	1.021646
71.8750002384	1.021646
73.9000003338	1.021646
75.9180002213	1.021646
77.9350001812	0.106219
79.9460000992	0.045041
81.9650001526	0.863211
83.9860002995	0.846679
86.0040004253	0.453736
88.0310001373	0.947481
91.9530003071	0.161563
93.0660002232	0.689973
94.0640001297	0.425009
96.0940001011	0.520724
98.1170003414	0.213536
100.11400032	0.187992
102.133000374	0.181513
104.151000023	0.036437
106.160000086	0.257788
108.180000305	0.335898
110.188000441	0.115447
112.202000141	0.527947
114.227000237	0.055633
116.232000113	0.592982
118.247000217	0.052458
119.685000181	0.841538
122.262000322	0.714006
125.070000172	0.841528
125.890000105	1.022537
128.309000254	0.158637
129.993000269	0.822554
132.330000162	0.714503
134.343000174	0.686438
136.373000383	0.796765
138.411000252	0.84083
140.401000261	0.477654
142.421000242	0.258518
144.433000326	0.75852
146.45200038	0.382833
147.960000038	0.899644
150.484000444	0.434034
152.492000341	0.293803
153.992000103	0.799649
155.75999999	0.166381
157.833000183	0.355677
160.554000139	0.677738
162.575999975	0.186714
164.595000029	0.785609
166.613000154	0.729143
168.640000105	0.918057
171.174000263	0.848948
172.490000248	0.788559
174.686000109	0.827393
175.921000242	0.969662
178.725000381	1.224719
179.836000443	0.196962
181.737000227	0.746986
184.753000259	0.819172
185.761000156	0.723
187.766000271	0.100833
189.779000044	0.078922
191.802000284	0.82432
193.818000317	0.257634
195.829000235	0.099102
197.851000071	0.01674
200.227000237	0.506269
202.137000322	0.679891
203.902000189	0.716293
205.914000273	0.902014
207.933000326	0.407096
211.070000172	0.826863
211.904000044	0.823927
213.981000185	0.813975
216.82400012	0.697927
217.991000175	0.425222
220.012000322	0.616293
222.76300025	0.356393
224.033000231	0.268172
226.048000097	0.500818
228.906000137	0.714341
229.980000257	0.73576
232.082000256	0.180837
235.652000427	0.638183
237.07700038	0.641896
238.118000269	0.649408
240.134000301	0.589048
242.152000189	0.653915
244.172000408	0.870511
246.192000151	0.196585
247.935000181	0.048573
250.204000235	0.676823
252.171000242	0.385071
254.238000154	0.645341
256.270000219	0.075741
258.279000044	0.204983
260.302000284	0.340662
261.810000181	0.773398
264.324000359	0.826125
266.340000391	0.728542
268.359000206	0.779575
270.384000063	0.436573
272.402000189	0.472824
273.900000334	0.829093
276.433000326	0.845992
278.449000359	0.201016
280.461000204	0.184878
282.474000216	0.312352
284.343000174	0.270276
286.488000154	0.110042
288.50600028	0.540572
289.896000147	0.018112
292.536000013	0.563541
294.55700016	0.52589
296.567000151	0.786261
298.585000277	0.289334
300.603000164	0.722317
302.617000341	0.645681
304.636000395	1.045658
306.650000095	0.580435
308.671000242	0.439943
310.681000233	0.728311
312.694000244	0.749039
314.714000225	0.512769
316.734000206	0.093584
318.750000238	0.231959
320.768000126	0.825166
322.818000317	0.283923
324.812000275	0.239526
326.82400012	0.965459
328.830000162	0.300884
329.995000124	0.536713
331.976000071	0.645832
333.88100028	0.824281
336.904000044	0.122
338.918000221	0.439775
339.925000191	0.955497
341.937000275	0.566085
343.946000099	0.637055
346.248000145	0.472988
347.982000113	0.14336
350.007000208	0.796827
352.01300025	0.171607
354.043000221	0.302618
357.479000092	0.821168
358.395000219	0.821294
360.082000256	0.68549
362.100000381	1.024348
365.054000139	0.840342
366.065000296	0.843432
368.142000198	0.843432
370.150000095	0.528735
372.170000315	0.071429
374.192000151	0.603763
376.180000305	0.605711
378.222000122	0.816139
380.24000001	0.767894
382.266000271	0.763291
384.288000107	0.749075
386.291000128	0.791922
388.296000004	0.789624
390.317000389	0.951166
392.319000244	0.323889
394.339000225	0.189389
396.361000299	0.289293
398.373000383	0.794966
400.383000135	0.697595
402.411000252	0.442384
404.427000046	0.660288
406.197000265	0.585128
408.451000214	0.205946
410.474000216	0.835312
412.131000042	0.675225
414.531000137	0.184642
416.161000252	0.590991
418.098000288	0.339474
420.667000055	0.399867
422.46900034	0.696988
