0.0	0.079872
0.981999874115	0.079616
1.27200007439	0.08311
2.21700000763	0.083303
4.70199990273	0.075527
6.80000019073	0.081587
7.49099993706	0.092125
9.93400001526	0.024208
11.7190001011	0.080023
12.4589998722	0.235503
12.9690001011	0.478859
14.7009999752	0.080074
15.2260000706	0.480043
15.8240001202	0.828813
16.3800001144	1.517155
16.8109998703	1.241234
18.4589998722	1.922995
20.4579999447	0.966914
22.4570000172	1.710231
24.4609999657	1.965028
26.4579999447	2.664419
28.5040001869	2.57617
30.4579999447	0.712208
32.4579999447	2.346392
34.4579999447	1.192072
36.4579999447	2.98459
38.7170000076	0.682702
40.4589998722	0.682702
42.4579999447	3.114746
44.4570000172	2.940621
46.4619998932	2.940621
48.5329999924	0.102422
54.2760000229	0.102422
59.3629999161	0.117146
59.6920001507	0.017595
59.9880001545	2.967765
60.2620000839	1.780563
60.5590002537	3.040786
62.4609999657	2.322768
64.4579999447	2.426037
66.4579999447	3.069509
68.6730000973	2.866332
70.4589998722	2.971218
72.4600000381	2.531183
74.4589998722	2.447074
76.4579999447	2.447074
78.5539999008	2.481615
80.4589998722	2.481615
82.4579999447	0.553377
84.6380000114	0.287805
86.4589998722	0.555498
88.7190001011	2.159119
90.4600000381	2.159119
92.7090001106	1.467674
94.7080001831	2.705053
96.7080001831	1.314601
98.9259998798	2.781657
100.709000111	0.734966
102.712000132	2.740873
104.577000141	2.799217
106.708000183	2.828296
108.713000059	2.395243
115.100000143	0.104445
116.286000013	0.422397
119.698999882	0.124895
120.090999842	2.131481
120.34800005	1.943087
120.578000069	2.372255
122.729000092	2.16496
124.710000038	2.291036
126.709000111	1.152934
128.725000143	3.051514
130.709000111	3.051514
132.707000017	3.084694
134.710000038	0.007272
136.708000183	0.872189
138.792000055	2.99878
140.710000038	2.688429
142.709000111	3.104558
144.708000183	3.136038
146.708000183	0.393719
148.714999914	3.341397
150.712000132	0.207159
152.575000048	3.081846
154.708000183	3.064724
156.713999987	1.3845
158.717000008	3.121998
160.710000038	1.319661
162.712000132	2.465996
164.708000183	2.824023
166.710000038	2.824023
168.708000183	1.040383
170.709000111	1.072513
172.712000132	3.117531
174.709000111	2.92348
176.578999996	2.92348
178.71600008	2.556123
180.708000183	2.556123
182.713000059	3.0405
184.709000111	2.814612
186.709000111	1.527404
188.713999987	2.665994
190.709000111	2.665994
192.712000132	2.674876
194.709000111	2.299635
200.356000185	0.073311
204.357000113	0.095755
205.424000025	0.56165
206.520000219	0.003241
207.134000063	1.367763
207.490999937	1.563885
208.709000111	1.727962
210.709000111	1.26307
212.709000111	2.171814
214.712000132	1.696681
216.728000164	0.526261
219.178999901	0.577408
227.552000046	0.577408
231.313999891	0.080078
232.388000011	0.080197
237.028000116	0.061655
238.169000149	0.088052
239.569000006	0.086343
240.171000004	0.199646
240.876000166	0.45992
241.124000072	0.573029
241.82400012	1.501096
242.082000017	1.756441
242.717000008	1.714862
244.709000111	2.15229
246.709000111	2.263261
248.717000008	2.232885
257.728000164	0.078068
261.572999954	0.078068
269.359000206	0.078068
269.648999929	0.194216
269.815999985	1.092986
270.058000088	2.533606
270.302000046	2.196925
270.485000134	2.196925
270.645999908	2.196925
270.861999989	2.918152
272.458999872	2.753742
274.460000038	2.472301
276.461999893	0.042261
278.754999876	2.313755
280.460999966	2.313755
282.460999966	3.087217
284.458999872	0.34445
286.458999872	0.574159
288.536999941	0.524453
290.460000038	0.067759
292.457999945	3.144341
294.458999872	2.459814
296.457999945	2.983463
298.522000074	2.43925
301.599000216	2.43925
303.018999815	0.001279
304.994999886	0.30684
306.460000038	0.534082
308.717000008	0.571412
310.460000038	0.529638
312.458999872	0.49351
314.460000038	0.135782
316.460000038	0.584823
318.712000132	0.615874
320.458999872	0.455832
322.458999872	0.561357
324.458999872	0.468223
326.460999966	0.497998
328.713000059	0.54153
330.460000038	0.647035
332.461999893	0.64067
334.460999966	1.309102
337.369999886	0.12869
345.861999989	0.068362
348.101999998	0.114318
350.332000017	0.114318
351.940000057	0.114318
355.23300004	0.082937
356.105999947	0.060721
358.73300004	0.034191
360.151000261	0.081141
361.881999969	0.086947
365.881000042	0.079824
367.241999865	0.098207
368.913000107	0.027427
371.463000059	0.014539
372.858999968	0.066056
374.743000269	0.051813
377.921999931	0.026815
380.233999968	0.049941
381.641000032	0.091376
382.975000143	0.040802
385.991000175	0.083335
387.49000001	0.07161
390.357000113	0.09292
391.388999939	0.090701
393.072999954	0.08931
394.823000193	0.025773
395.784000158	0.07158
399.304000139	0.038447
400.849999905	0.072847
402.463000059	0.057019
404.500999928	0.099665
406.993999958	0.08416
408.785000086	0.033696
411.821000099	0.069431
412.989000082	0.080376
414.853999853	0.073372
417.59100008	0.051317
420.082999945	0.061862
421.5	0.070307
422.633000135	0.065752
424.996000051	0.074766
426.746999979	0.060512
429.804000139	0.025479
431.292000055	0.08221
432.94900012	0.065638
435.88499999	0.061742
437.857000113	0.067956
439.292999983	0.077628
440.20600009	0.096575
443.869999886	0.036698
445.077000141	0.078962
446.10800004	0.116762
446.648999929	0.237496
447.010999918	0.365744
447.68599987	1.045359
448.134000063	1.656065
451.397000074	0.054307
451.748000145	1.562153
452.708000183	1.985589
455.786999941	2.002692
456.583000183	1.70461
458.722999811	3.013856
460.710000038	0.001246
