0.0	0.887939
0.247000217438	3.617765
0.417000055313	4.795694
0.563000202179	7.775362
0.742000102997	5.042405
0.898000240326	7.189818
1.1360001564	3.972171
1.27400016785	6.13445
1.53300023079	5.970114
3.53999996185	5.970114
5.55000019073	7.335787
7.53999996185	6.309274
9.55000019073	4.060515
11.5450000763	2.333601
13.5360000134	0.037201
15.5440001488	1.831247
17.5510001183	2.070288
19.5380001068	5.554987
21.5369999409	2.381804
23.5420002937	4.128377
25.5460002422	1.517081
27.5430002213	5.806647
29.5570001602	3.277793
31.5450000763	5.496068
33.5369999409	3.422448
35.5529999733	6.797075
37.5510001183	1.97517
39.5500001907	5.824171
41.5369999409	0.666291
43.5430002213	4.499153
45.5360000134	1.964158
47.5490002632	2.227692
49.5680000782	0.828039
51.5460002422	5.121042
53.5490002632	3.322289
55.5500001907	6.091502
57.5500001907	0.514975
59.5460002422	3.915277
61.5529999733	0.554034
63.5520000458	2.990222
65.5310001373	0.175207
67.5340001583	3.666458
69.5330002308	0.942124
71.5500001907	4.729058
73.5300002098	5.314238
75.5500001907	5.463195
77.5360000134	2.680218
79.5430002213	6.749923
81.5470001698	6.039815
83.5420002937	6.412249
85.5510001183	2.349036
87.5420002937	4.03608
89.5510001183	2.94689
91.5460002422	5.450405
93.5230002403	0.882971
95.5450000763	5.500285
97.5369999409	4.831657
99.5500001907	4.949581
101.536999941	7.023121
103.536000013	2.648004
105.536000013	3.328441
107.550000191	1.717304
109.551000118	4.072659
111.545000076	0.361773
113.551000118	2.072973
115.543000221	0.901057
117.532000065	2.178414
119.545000076	0.252251
121.534000158	3.474505
123.545000076	0.307016
125.54700017	1.875647
127.559000254	0.700968
129.543000221	2.544057
131.536999941	1.697289
133.534000158	2.623362
135.545000076	0.131422
137.542000294	4.529112
139.560000181	0.405
141.533000231	0.653188
143.550000191	0.549525
145.784000158	3.845248
147.796000004	0.584001
149.796000004	4.929024
151.791000128	2.506524
153.791000128	2.554408
155.795000076	4.8066
157.789000273	4.33897
159.784000158	2.298485
161.791000128	4.599258
163.792000055	6.250778
165.798000097	5.853976
167.795000076	5.577854
169.794000149	4.362905
171.79700017	0.135068
173.789000273	6.077689
175.794000149	6.647789
177.795000076	4.655786
179.785000086	6.921109
181.796000004	1.974569
183.784000158	3.258385
185.787000179	4.602542
187.789000273	4.954837
189.798000097	5.892423
191.7900002	6.272677
193.789000273	0.698323
195.784000158	2.196479
197.803000212	0.504683
199.789000273	1.58025
201.792999983	0.66954
203.786000252	2.447186
205.786000252	2.710507
207.796000004	3.425057
209.786000252	0.421113
211.787000179	0.669117
213.786000252	1.461622
215.795000076	0.758925
217.800000191	0.168277
219.794000149	2.355005
221.799000025	0.843218
223.792000055	2.278857
225.795000076	1.133391
227.783000231	3.108359
229.798000097	0.936345
231.784000158	3.607238
233.789000273	0.948943
235.794000149	3.4605
237.783000231	1.396825
239.798000097	3.038697
241.798000097	2.57856
243.791000128	2.822612
245.796000004	2.433265
247.783000231	1.520717
249.800000191	2.338609
251.795000076	3.598199
253.796000004	5.280724
255.801000118	4.141905
257.811000109	0.41334
259.792000055	6.32863
261.788000107	6.531801
263.795000076	6.066338
265.826000214	3.822733
267.786000252	2.553121
269.789000273	0.672649
271.789000273	5.461138
273.786000252	4.568395
275.800000191	2.772306
277.784000158	5.040308
279.796000004	1.282825
281.789000273	2.247936
283.800000191	2.931998
285.792999983	0.445007
287.796000004	0.932443
289.786000252	2.759993
291.791000128	0.423425
293.784000158	2.92891
295.799000025	1.848491
297.783000231	2.051159
299.798000097	1.986827
301.794000149	0.634913
303.784000158	1.814054
305.789000273	2.092795
307.796000004	2.714374
309.819000244	3.607008
311.808000088	1.565366
313.79700017	3.4616
315.796000004	2.659366
317.784000158	3.401722
319.796000004	2.693725
321.786000252	5.485209
323.798000097	5.578572
325.800000191	6.242891
327.794000149	4.905526
329.786000252	5.037358
331.796000004	4.730649
333.788000107	6.230799
335.79700017	2.930225
337.781000376	4.952866
339.796000004	1.506948
341.798000097	2.736353
343.789000273	3.326747
345.795000076	4.909651
347.792999983	2.563588
349.784000158	6.292772
351.796000004	1.129896
353.789000273	6.181035
355.796000004	5.032104
357.802000284	5.613853
359.800000191	0.977101
361.792999983	2.60634
363.791000128	3.002903
365.798000097	3.173232
367.796000004	2.102711
369.789000273	2.75161
371.786000252	1.420304
373.791000128	1.088653
375.800000191	0.353201
377.794000149	0.895787
379.794000149	0.776229
381.800000191	1.662062
383.786000252	2.550164
385.784000158	3.498843
387.787000179	2.234695
389.802000284	3.309174
391.799000025	1.951684
393.786000252	2.671213
395.84100008	2.17206
398.050000191	4.966439
400.056999922	5.232015
402.053000212	4.911501
404.052000046	6.471307
406.043000221	6.302637
408.036000013	4.144878
410.050000191	2.975505
412.035000086	6.166578
414.043000221	5.519787
416.032999992	0.689285
418.044000149	6.510032
420.045000315	0.141946
422.046000242	4.039541
424.032000065	5.198289
426.053000212	7.530007
428.043000221	4.68685
430.037000179	7.360929
432.032999992	6.472077
434.046000242	7.287042
436.038000107	6.548195
438.034000158	7.071044
440.035000086	0.762948
442.042000294	4.379915
444.043000221	0.302802
446.041000128	2.381644
448.04700017	2.117852
450.038000107	3.086
452.050000191	4.120607
454.036000013	1.960878
456.036000013	1.390511
458.039000034	0.143965
460.049000025	1.044733
462.055000067	2.295248
464.038000107	1.67374
466.051000118	0.66427
468.034000158	1.876097
470.046000242	1.286385
472.035000086	2.720757
474.048000097	3.577808
476.055000067	2.909223
478.036000013	2.209584
480.046000242	2.867759
482.043000221	2.603099
484.04700017	3.887026
486.046000242	0.937065
488.045000315	4.278019
490.051000118	4.948803
492.035000086	5.260982
494.031000137	4.737811
496.04700017	3.02796
498.036000013	5.345854
500.066000223	5.331782
502.036000013	3.203048
504.048000097	3.60441
506.051000118	3.372159
508.04700017	5.425622
510.046000242	6.581015
512.045000315	6.2066
514.032000065	5.031538
516.036000013	2.076581
518.034000158	4.0279
520.045000315	2.827095
