0.0	0.415852
0.391000032425	0.376966
1.49900007248	0.428327
2.42200016975	0.338545
3.76999998093	0.390811
4.56999993324	0.424237
6.54800009727	0.436258
8.84300017357	0.302483
9.50300002098	0.429912
9.81599998474	0.257463
11.3840000629	0.378848
12.7239999771	0.168132
13.6220002174	0.386287
17.001999855	0.405578
17.6000001431	0.351992
18.5420002937	0.366161
19.342000246	0.365545
20.3820002079	0.323132
22.4150002003	0.359497
24.4179999828	0.416708
26.4179999828	0.265619
28.4140002728	0.457344
30.4200000763	0.310204
32.4200000763	0.320137
34.4130001068	0.341265
36.4140002728	0.385703
38.4490001202	0.340273
40.4160001278	0.358939
42.4190001488	0.383952
44.381000042	0.355701
46.4440000057	0.325578
49.0080001354	0.358768
51.6440000534	0.355853
52.6410000324	0.349708
54.4130001068	0.362458
56.4220001698	0.315369
58.2419998646	0.428282
60.4160001278	0.382339
62.4120001793	0.342758
64.4120001793	0.377616
68.3280000687	0.329595
71.6210000515	0.371924
77.1040000916	0.348928
79.6579999924	0.40951
79.743999958	0.297199
80.0250000954	0.362767
82.6210000515	0.40101
84.8300001621	0.318336
85.2100000381	0.346642
86.9839999676	0.413128
88.2000000477	0.47132
89.0899999142	0.370171
91.4860002995	0.315709
93.0369999409	0.37539
94.9279999733	0.407715
96.4110002518	0.34199
98.4200000763	0.306144
100.412000179	0.367767
102.412000179	0.394731
104.409999847	0.398544
106.412000179	0.402798
108.417000055	0.317853
110.323000193	0.37538
112.36500001	0.422012
114.412000179	0.334906
