0.0	1.054295
0.47000002861	1.475955
0.581000089645	1.475955
0.682000160217	1.475955
0.796000242233	1.475955
0.906000137329	1.475955
1.02800035477	1.475955
1.14000034332	1.475955
1.79200005531	1.475955
3.79600024223	1.475955
5.79800009727	1.475955
7.79000020027	1.475955
9.79600024223	1.475955
11.7940001488	1.475955
13.7930002213	1.475955
15.7970001698	1.475955
17.7970001698	1.475955
19.7940001488	1.475955
21.7960002422	1.475955
23.7970001698	1.475955
25.7900002003	1.475955
27.7950000763	1.475955
29.7940001488	1.475955
31.7920000553	1.475955
33.7999999523	1.475955
35.7950000763	1.475955
37.7970001698	1.475955
39.7940001488	1.475955
41.7920000553	1.475955
43.7960002422	1.475955
45.7940001488	1.475955
47.7960002422	1.475955
49.7970001698	1.475955
51.7999999523	1.475955
53.7920000553	1.475955
55.7999999523	1.475955
57.7940001488	1.475955
59.7970001698	1.475955
61.8029999733	1.475955
63.7880003452	1.475955
65.7930002213	1.475955
67.8029999733	1.475955
69.7999999523	1.475955
71.7940001488	1.475955
73.7910001278	1.475955
75.7960002422	1.475955
77.7960002422	1.475955
79.7920000553	1.475955
81.7940001488	1.475955
83.7930002213	1.475955
85.7920000553	1.475955
87.8060002327	1.475955
89.7910001278	1.475955
91.7990000248	1.475955
93.7940001488	1.475955
95.8010001183	1.475955
97.8010001183	1.475955
100.700000286	1.475955
102.802000046	1.475955
104.808000088	1.475955
