0.0	1.061551
0.0579998493195	1.2084
0.106999874115	1.2084
0.209999799728	1.211261
0.425999879837	0.741205
0.691999673843	1.063532
1.04800009727	1.211743
1.6179997921	1.180031
2.2349998951	1.106547
3.21700000763	1.168476
5.20799994469	1.238633
7.21499991417	1.157411
9.21700000763	1.213989
11.2039997578	1.188262
13.2179999352	1.167299
15.2099997997	1.091938
17.2179999352	1.037169
19.2099997997	1.185805
21.2049999237	1.162298
23.2160000801	1.206351
25.2089998722	1.198161
27.2059998512	1.232722
29.2089998722	1.228762
31.2139999866	1.180573
33.2170000076	1.201917
35.2079999447	1.231152
37.2049999237	1.225901
39.2160000801	1.175371
41.2119996548	1.198956
43.2170000076	1.20673
45.2049999237	1.049358
47.2119996548	1.142106
49.2109997272	1.206168
51.2139999866	1.206828
53.2139999866	1.199605
55.2079999447	1.18607
57.2130000591	1.207475
59.2069997787	1.016867
61.2170000076	1.259315
63.4679996967	1.17995
65.2139999866	1.194392
67.4589998722	1.200391
69.2669997215	1.169348
71.4589998722	1.198652
73.4639999866	1.098602
75.4629998207	1.206142
77.4579999447	1.193563
79.4639999866	1.077108
81.4549999237	1.212755
83.4649999142	1.117477
85.4629998207	1.154296
87.4609999657	1.212702
89.3050000668	1.230738
91.4589998722	1.249755
93.4909999371	1.200231
95.4639999866	1.249187
97.4689998627	1.270969
99.5529999733	1.237204
101.45600009	1.190707
103.460999966	1.12005
105.463999987	1.191944
107.457000017	1.040024
109.457999945	1.218171
111.468999863	1.237402
113.299999714	1.251309
115.457000017	1.221803
117.454999924	1.196387
119.460999966	0.28331
121.467999697	1.204191
123.461999893	1.163467
125.45600009	1.211879
127.460999966	1.113269
129.460999966	1.216881
131.458999872	1.111521
133.457000017	1.207826
135.460999966	1.232892
137.304000139	1.189234
139.465999842	1.196049
141.462999821	1.208548
143.461999893	0.447948
145.462999821	1.194795
147.466999769	1.21961
149.461999893	1.194348
151.457000017	1.212026
153.466999769	1.2193
155.45600009	1.184405
157.465999842	1.206551
159.462999821	1.178827
161.312000036	1.173973
