0.0	4.680042
0.200000047684	0.090341
0.479000091553	0.717912
0.699000120163	2.260244
1.24399995804	2.962874
1.53400015831	3.438123
1.78400015831	3.779193
2.12700009346	4.24535
2.3180000782	4.24535
3.4310002327	3.196183
5.40100002289	2.777425
7.62599992752	4.446418
9.63100004196	4.067011
11.4190001488	4.058198
13.6240000725	4.533115
15.6180000305	0.848884
17.6220002174	4.831499
19.631000042	3.823059
21.4490001202	3.134365
23.6190001965	3.748674
25.3980002403	3.531473
27.617000103	3.813534
29.6190001965	3.123614
31.620000124	4.408851
33.6210000515	4.43948
35.4060001373	4.558973
41.1180002689	3.256868
43.3940000534	3.317964
45.3870000839	3.317964
47.378000021	3.317964
50.7790000439	3.317964
52.7000000477	5.068707
54.739000082	4.964094
56.6889998913	2.127173
58.7230000496	4.261936
60.7000000477	0.420661
63.6920001507	2.976449
65.6960000992	4.796341
68.6800000668	1.551622
69.7939999104	3.843619
72.6900000572	0.929973
74.7020001411	0.410696
76.6930000782	2.908692
78.8220002651	2.659164
79.8929998875	2.659164
82.7110002041	2.659164
84.7000000477	5.046944
86.6920001507	2.036422
88.8230001926	3.219755
90.726000309	3.219755
92.6920001507	3.219755
94.8540000916	1.445338
96.6889998913	2.450805
98.8339998722	1.936185
100.704999924	5.11137
102.833999872	2.76863
104.686000109	2.76863
106.131999969	2.76863
108.262000084	2.76863
110.148999929	2.76863
112.136000156	4.285507
114.163000107	4.418614
116.183000088	2.340422
118.169999838	4.914255
120.39199996	4.914255
