0.0	6.350631
0.578999996185	1.378266
0.858999967575	3.122933
1.03399991989	4.812768
1.47599983215	2.086752
1.68099999428	8.239696
1.98600006104	2.36339
2.08999991417	2.577276
2.69999980927	1.328728
4.51899981499	2.657046
6.71200013161	1.754874
8.72900009155	4.373296
10.7059998512	5.905189
13.4500000477	0.881244
15.4500000477	1.41506
17.4500000477	0.018559
19.4530000687	6.653596
21.4560000896	2.456647
23.4539999962	0.028734
25.4509999752	4.027937
27.4549999237	6.739138
29.2969999313	6.739138
31.4519999027	0.024654
33.4500000477	2.417316
35.4509999752	1.185063
37.4570000172	0.016913
39.506000042	4.508793
41.4759998322	3.50359
43.4539999962	0.570292
45.4530000687	5.250958
47.4500000477	0.335762
49.4500000477	1.785415
51.4530000687	2.697555
53.4519999027	1.378172
55.4530000687	9.592043
57.4779999256	7.249473
59.4539999962	1.559451
61.4500000477	3.003544
63.4549999237	1.377808
65.4500000477	3.243276
67.4549999237	3.575195
69.4809999466	9.344718
71.4549999237	0.577184
73.4500000477	5.267637
75.4500000477	5.267637
77.4490001202	1.389301
79.4530000687	3.78666
81.4560000896	9.460502
83.4519999027	1.663428
85.4809999466	4.660412
87.4549999237	1.419144
89.4509999752	1.893386
91.4500000477	0.028698
93.4500000477	9.692674
95.4500000477	9.866348
97.4739999771	1.431836
99.4759998322	0.024699
101.451999903	0.479975
103.453000069	0.203609
105.450000048	2.821079
107.450000048	4.568411
109.450000048	4.372536
111.450999975	3.026784
113.453999996	4.065098
115.463999987	1.345113
117.450000048	5.036077
119.450999975	4.379003
121.453999996	1.320922
123.476999998	8.815605
125.44900012	7.24913
127.450000048	3.805198
129.44900012	2.173707
131.450999975	4.728474
133.453000069	2.637606
135.454999924	1.335461
137.460999966	9.065156
139.44900012	3.070558
141.44900012	8.124724
143.450000048	8.124724
145.450000048	0.952435
147.450999975	8.076199
149.450999975	1.430136
151.451999903	8.538998
153.45600009	1.210587
155.45600009	1.325813
157.486000061	0.018065
159.450000048	5.791039
161.453000069	1.346516
163.474999905	4.914722
165.477999926	5.150901
167.453000069	5.150901
169.454999924	5.150901
171.454999924	1.597026
173.44900012	1.240173
175.475999832	2.385167
177.44900012	1.746561
179.475999832	3.202722
181.450999975	3.825893
183.450999975	2.705955
185.451999903	4.34808
187.453999996	0.023091
189.453999996	2.566264
191.453000069	2.967526
193.453000069	2.408686
195.453000069	6.730251
197.44900012	0.976926
199.450999975	6.893075
201.450999975	8.082773
203.457999945	5.810734
205.450000048	8.160811
207.450000048	0.131179
209.44900012	0.075402
211.450999975	1.99274
213.450999975	1.036127
215.450000048	4.097292
217.450999975	1.430437
219.450999975	4.549352
221.450000048	4.549352
223.450000048	0.01977
225.450000048	4.160968
227.44900012	4.39503
229.482999802	2.81998
231.726999998	3.896629
233.704999924	4.273396
235.705999851	4.276263
237.715999842	2.597908
239.698999882	6.492457
241.698999882	1.333037
243.724999905	7.419647
245.70299983	7.955322
247.699999809	1.362264
249.698999882	2.803605
251.731999874	7.830282
253.700999975	7.921017
255.700999975	1.952003
257.734999895	0.018756
259.728000164	7.012987
261.725999832	8.449135
263.705999851	8.207465
265.70299983	8.266971
267.704999924	0.022602
269.703999996	8.674053
271.698999882	7.134992
273.703999996	7.062836
275.701999903	8.216779
277.725999832	8.216779
279.725999832	8.236955
281.704999924	8.056995
283.705999851	1.930033
285.701999903	7.57511
287.698999882	4.206727
289.698999882	7.490754
291.700999975	1.692732
293.718999863	1.671374
295.700999975	0.021579
297.699999809	2.08718
299.699999809	3.808534
301.701999903	4.024332
303.705999851	0.703209
305.699999809	3.777128
307.728000164	5.487486
309.70299983	5.767343
311.70299983	5.956701
313.728000164	4.867844
315.729000092	6.202161
317.700999975	0.019369
319.703999996	4.733017
321.704999924	7.095308
323.726999998	0.019424
325.699999809	0.161947
327.721999884	4.114273
329.704999924	4.114273
331.700999975	4.114273
333.70299983	1.709774
335.701999903	6.806215
337.698999882	0.019883
339.699999809	3.536482
341.699999809	1.439417
343.699999809	0.920795
345.728000164	7.196385
347.728000164	2.119282
349.710000038	0.018021
351.703999996	0.018102
353.729000092	9.223298
355.699999809	2.928373
357.728000164	8.585027
359.698999882	8.585027
361.699999809	8.585027
363.700999975	8.585027
365.699999809	1.521848
367.706999779	2.472377
369.70299983	3.178425
371.710000038	9.179978
373.723999739	1.557797
375.729000092	8.254495
377.70299983	9.528677
379.704999924	0.0283
381.699999809	6.24101
383.701999903	0.042337
385.706999779	1.368811
387.726999998	0.022633
389.726999998	10.196983
391.699999809	10.196983
393.700999975	10.196983
395.704999924	1.454464
397.728000164	4.170591
399.705999851	5.200307
401.706999779	4.955454
403.703999996	4.955454
405.703999996	0.015262
407.699999809	0.16306
409.726999998	4.519082
411.705999851	0.319344
413.705999851	9.565868
415.705999851	9.565868
417.730000019	0.017362
419.699999809	1.547743
421.699999809	0.020489
423.749000072	1.744771
425.699999809	0.037781
427.730000019	2.227049
429.700999975	0.025134
431.705999851	0.624243
433.730000019	2.539953
435.706999779	0.062263
437.699999809	1.344498
439.70299983	9.263639
441.728000164	9.263639
443.730999947	1.438728
445.728000164	2.503485
447.703999996	1.703206
449.70299983	1.732606
451.700999975	2.242198
453.699999809	4.623862
455.698999882	0.538373
457.698999882	1.441708
459.699999809	3.252714
461.701999903	4.165658
463.699999809	0.044046
465.70299983	5.935477
467.706999779	5.238347
469.70299983	0.037677
471.730000019	1.386653
473.729000092	10.090894
475.720000029	1.256383
477.706999779	3.538162
479.953999996	5.331369
481.953000069	1.435938
483.703999996	1.376039
485.953999996	2.659049
487.954999924	1.652039
489.950000048	3.921639
491.950999975	7.672638
493.950999975	3.535725
495.952000141	1.307842
497.955999851	3.445604
499.806999922	1.379631
501.958999872	0.021444
503.950000048	1.904119
505.979999781	1.766033
507.953999996	0.039005
509.950000048	2.226294
511.950999975	0.021185
513.957000017	2.444791
515.952000141	7.955017
517.954999924	9.597045
519.950000048	1.380947
521.953000069	0.045329
523.797999859	4.808181
525.950000048	3.755056
527.955999851	0.575225
529.954999924	2.062523
531.977999926	1.085041
533.957000017	1.36204
535.954999924	5.45587
537.977999926	0.035767
539.950000048	1.023149
541.950000048	0.018948
543.954999924	1.350186
545.952000141	0.438124
547.952000141	1.388302
549.954999924	5.681052
551.952000141	2.087708
553.950000048	3.968405
555.952000141	0.030303
557.950000048	1.37878
559.953000069	3.983366
561.950000048	4.063098
563.953000069	3.671509
565.957999945	8.934286
567.980999947	3.668558
569.954999924	0.092637
571.950999975	2.088446
573.950000048	2.517799
575.950000048	0.017606
577.950999975	9.566314
579.950999975	0.039033
581.952000141	1.183508
583.953000069	0.019582
585.94900012	2.331132
587.977999926	1.81386
589.976999998	4.976847
591.950999975	4.976847
593.953999996	4.976847
595.954999924	4.976847
597.957000017	4.976847
599.953000069	4.976847
601.950000048	8.37816
603.94900012	7.730162
605.94900012	8.548395
607.976999998	0.076871
609.978999853	7.720093
611.950000048	0.026882
613.954999924	8.265134
615.953999996	7.361762
617.953999996	8.323089
619.950000048	8.323089
621.978999853	8.94319
623.960000038	0.167657
625.955999851	9.176101
627.960999966	0.020475
629.950000048	9.619309
631.953000069	9.619309
633.954999924	0.021949
635.953000069	4.236385
637.977999926	4.236385
639.954999924	4.236385
641.950000048	4.236385
643.950999975	3.198043
645.950000048	3.957285
647.954999924	3.957285
649.952000141	4.154498
651.94900012	5.328971
653.94900012	0.023553
655.957000017	5.08595
657.976999998	5.581719
659.953000069	1.452572
661.950999975	4.52844
663.958999872	4.995687
665.953000069	6.716441
667.950000048	6.716441
669.976999998	6.716441
671.978999853	6.716441
673.977999926	6.716441
675.950999975	1.41343
677.974999905	4.451011
679.979999781	0.017851
681.976999998	6.626629
683.977999926	6.652139
685.94900012	4.081928
687.950000048	0.016756
689.977999926	0.020532
691.950000048	3.783687
693.955999851	8.99761
695.953000069	1.928575
697.952000141	1.405976
699.976000071	3.184829
701.950000048	1.357924
703.978999853	0.752897
705.950000048	4.297927
707.954999924	9.630533
709.980999947	0.026608
711.955999851	1.39631
713.957000017	0.02148
715.953000069	4.052661
717.953999996	5.067222
720.226999998	5.067222
721.950000048	0.854482
723.957000017	0.018805
726.203999758	1.426288
728.204999924	8.913054
729.952000141	0.020178
731.958999872	8.208537
733.952000141	8.208537
736.200000048	1.358655
738.201999903	1.004756
740.200000048	6.016272
742.200000048	3.077382
744.200000048	0.062006
746.205999851	0.021422
748.201999903	0.758194
750.198999882	2.785219
752.198999882	9.638294
754.046999931	1.347766
756.198999882	9.69723
758.205999851	0.034564
760.204999924	1.696689
762.204999924	0.016204
764.205999851	2.953552
766.200000048	9.223988
768.226999998	0.041073
770.227999926	0.015884
772.200000048	0.871018
774.198999882	1.416034
776.200000048	4.789978
778.017999887	1.433269
780.20299983	9.029715
782.230999947	0.02189
784.200000048	0.018684
786.224999905	0.411397
788.200000048	2.104141
790.200999975	2.444485
792.200999975	2.31944
794.200999975	0.135162
796.201999903	3.415024
798.200000048	3.434083
800.198999882	3.257887
802.051999807	2.849891
804.20299983	4.482883
806.204999924	4.835401
808.200000048	1.2539
810.198999882	3.66298
812.20299983	4.479111
814.201999903	4.863777
816.200000048	4.902539
818.200000048	5.172276
820.200999975	6.634593
822.200999975	1.390266
824.225999832	8.576797
826.082000017	0.022153
828.200999975	1.263425
830.208000183	5.433923
832.226999998	3.94752
834.201999903	8.557437
836.226999998	3.05399
838.218999863	6.758548
840.204999924	0.021163
842.211999893	9.07748
844.20299983	0.031429
846.210000038	0.019179
848.201999903	0.020418
850.198999882	3.565038
852.198999882	4.445778
854.197999954	0.022925
856.200000048	3.789952
858.198999882	4.1401
860.200999975	9.968869
862.201999903	0.021755
864.201999903	0.019982
866.204999924	0.041812
868.222999811	2.334507
870.224999905	9.358023
872.20299983	0.021829
874.200000048	1.405673
876.208000183	1.891487
878.211999893	4.934152
880.201999903	1.33989
882.198999882	1.407833
884.198999882	2.772215
886.200000048	2.911728
888.204999924	8.899058
890.200000048	1.454004
892.200000048	0.020309
894.205999851	8.346724
896.201999903	8.041223
898.198999882	9.942195
900.226999998	0.021679
902.200000048	0.021206
904.200000048	1.383929
906.227999926	0.039333
908.200000048	1.394642
910.204999924	0.505671
912.201999903	7.707331
914.201999903	7.734632
916.200000048	0.652494
918.198999882	1.443651
920.198999882	9.010527
922.200000048	1.227487
924.206999779	2.749463
926.198999882	6.29145
928.20299983	1.349394
930.200000048	2.208779
932.198999882	1.298296
934.198999882	0.24279
936.198999882	0.410752
938.198999882	0.019189
940.200000048	3.077769
942.200000048	9.812403
944.201999903	9.290235
946.201999903	0.01949
948.197999954	0.047157
950.226999998	9.475919
952.223999977	4.688728
954.210000038	1.82256
956.227999926	3.376425
958.211999893	9.763973
960.234999895	0.698944
962.201999903	0.02646
964.198999882	1.359129
966.21999979	4.938077
968.198999882	3.171795
970.200000048	3.171795
972.201999903	0.489512
974.201999903	1.857203
976.200000048	4.204471
978.200999975	0.015344
980.20299983	4.556431
982.450000048	10.352619
984.477999926	0.021912
986.450000048	8.709643
988.477999926	0.020227
990.198999882	2.8585
992.450999975	3.590557
994.453000069	6.376301
996.451999903	6.376301
998.44900012	0.084374
1000.44900012	4.715192
1002.45000005	0.330345
1004.45000005	1.047672
1006.45000005	1.423552
1008.45000005	1.546778
1010.45099998	2.583736
1012.45099998	2.164289
1014.4749999	1.385456
1016.454	0.941408
1018.4519999	0.018587
1020.45000005	1.640084
1022.45099998	0.019374
1024.45499992	3.083157
1026.45300007	4.756993
1028.454	0.540249
1030.45099998	6.77806
1032.45000005	0.32443
1034.47799993	2.576997
1036.45000005	7.114536
1038.44900012	6.288005
1040.45499992	0.730773
1042.45600009	1.386579
1044.45600009	3.763927
1046.45799994	0.027366
