0.0	0.65951
0.22200012207	0.399405
0.527000188828	0.952697
0.671000242233	0.952697
0.897000312805	0.952697
1.12200021744	1.96071
1.71500015259	1.504709
2.44200015068	1.205558
3.10300016403	1.074876
3.66799998283	1.464262
5.48300004005	1.647543
7.47699999809	1.083725
9.49300003052	0.235129
11.492000103	1.708589
13.4930000305	0.959598
15.4940001965	1.547555
17.4940001965	2.44907
19.4930000305	2.380892
21.4930000305	2.49919
23.4849998951	1.998823
25.4860002995	0.861116
27.7350001335	1.842161
29.7350001335	0.007932
31.7320001125	0.126511
35.4330003262	0.189754
40.862000227	0.251675
42.9130003452	0.620468
43.9130003452	0.603589
44.6900002956	0.784405
45.345000267	1.102699
45.9450001717	1.055684
47.7350001335	1.286369
49.736000061	1.238626
51.7450003624	1.020825
53.7450003624	0.929037
55.6820001602	0.822973
57.742000103	0.847761
59.7430000305	0.52178
61.736000061	1.074309
63.736000061	1.441569
65.7350001335	0.928148
67.7350001335	1.687738
69.736000061	1.210647
71.736000061	1.283192
73.743999958	0.960248
75.736000061	2.024664
77.743999958	1.237827
79.7320001125	0.212366
81.736000061	0.074074
83.7320001125	0.232114
85.7350001335	0.816721
87.7350001335	0.885233
89.7350001335	1.226429
91.7430000305	0.894234
93.7430000305	0.674548
95.7350001335	0.926041
97.736000061	0.315106
99.7430000305	1.117938
101.735000134	1.212114
103.735000134	0.946291
105.735000134	0.932601
107.736000061	1.059752
109.743999958	1.330583
111.793000221	0.968835
113.736000061	0.994359
115.736000061	1.172524
117.743999958	0.687832
119.736000061	0.91805
121.743000031	0.898333
123.736000061	1.679942
125.743000031	1.442899
127.743000031	0.982774
129.985000372	1.894677
131.986000299	0.898437
133.74600029	1.626001
135.736000061	0.735422
137.745000362	1.463124
139.736000061	0.937858
141.736000061	1.623306
143.985000372	1.532507
145.985000372	1.180889
147.986000299	0.69955
149.986000299	1.392285
151.994000196	1.691651
153.994000196	1.536212
155.913000345	0.963722
157.985000372	1.3642
159.985000372	1.88969
161.985000372	0.609453
163.985000372	0.867254
165.985000372	0.914561
167.985000372	1.493884
169.985000372	1.81751
171.985000372	0.571768
173.985000372	1.254324
175.985000372	1.493663
177.993000269	1.307682
179.993000269	0.998974
181.985000372	1.645218
183.985000372	1.119768
185.985000372	1.703371
187.985000372	1.85702
189.985000372	1.090445
191.985000372	0.055418
193.985000372	0.149067
195.985000372	1.141665
197.993000269	1.687393
199.985000372	1.942832
201.985000372	1.248097
203.993000269	1.318389
205.986000299	1.96983
207.985000372	1.118239
209.985000372	2.034046
211.986000299	1.419744
214.851000071	0.437286
215.986000299	1.656908
217.986000299	0.710371
219.986000299	1.765811
221.985000372	1.711222
223.985000372	1.555751
225.985000372	0.010547
227.986000299	0.173456
229.985000372	1.747832
231.995000124	1.600764
233.985000372	0.209779
235.985000372	1.403127
237.985000372	1.061977
239.985000372	0.123446
241.985000372	1.47773
243.986000299	0.624451
245.985000372	1.48207
247.985000372	1.678907
249.985000372	0.975582
251.995000124	1.983334
253.985000372	0.012143
255.985000372	1.43026
257.985000372	2.017287
259.986000299	1.561671
261.985000372	1.262574
263.993000269	1.725956
266.001000166	1.934919
267.985000372	1.33789
269.986000299	2.106777
271.93200016	1.209924
273.994000196	1.968887
275.985000372	1.260506
277.993000269	2.160078
279.985000372	1.902715
281.985000372	2.322069
283.985000372	2.398492
285.985000372	1.544644
287.986000299	0.919319
289.985000372	1.277559
291.985000372	1.483875
293.985000372	1.238911
295.986000299	0.887882
297.994000196	1.012937
299.985000372	1.608273
301.985000372	1.711469
303.985000372	1.384305
305.985000372	0.883516
307.985000372	1.512684
309.993000269	1.376858
311.985000372	1.327122
313.985000372	1.83325
315.993000269	2.159183
317.985000372	1.707742
319.983999968	1.440539
321.987000227	2.238977
323.986000299	1.811718
325.992000103	2.234075
327.985000372	1.386127
329.985000372	2.360827
331.993000269	1.755227
333.986000299	1.83545
335.985000372	2.385533
337.993000269	1.27847
339.992000103	1.355729
341.985000372	1.181647
343.985000372	0.775917
345.985000372	1.921179
347.986000299	1.689037
349.985000372	1.967695
351.985000372	1.689889
353.996000051	1.965306
355.985000372	1.205465
357.985000372	1.905117
359.985000372	1.96411
361.985000372	1.937569
363.985000372	2.157238
365.986000299	1.931802
367.985000372	1.625729
369.985000372	0.078699
371.993000269	0.078877
373.985000372	1.904323
375.995000124	0.944425
377.986000299	1.997872
380.113000154	0.227301
384.183000088	0.034063
386.802000284	0.395581
388.111999989	0.538081
388.980000019	0.597399
390.611999989	0.518825
393.303000212	0.132899
394.236000061	1.022552
396.243000031	1.151867
398.018000126	0.981396
400.235000134	0.924742
402.235000134	1.356436
404.235000134	1.322024
406.183000088	1.24675
408.235000134	1.100741
410.235000134	0.77858
412.236000061	0.77234
414.235000134	1.474186
416.242000103	1.409988
418.235000134	0.781682
420.235000134	1.940164
422.235000134	0.50666
424.235000134	1.306775
426.235000134	1.564568
428.235000134	1.792613
430.180999994	1.390601
432.235000134	1.858086
434.248000145	1.251826
436.235000134	0.013489
438.235000134	1.037816
440.235000134	2.197926
442.236000061	0.979093
444.243999958	1.591833
446.235000134	0.687138
448.235000134	2.285746
450.236000061	2.386206
452.243000031	1.307257
454.162000179	1.853359
456.235000134	1.810412
458.236000061	1.183376
460.236000061	1.124077
462.243000031	2.063194
464.243000031	1.832154
466.236000061	1.803807
468.235000134	1.707317
470.243000031	1.142947
472.243000031	1.585873
474.243000031	0.739908
476.235000134	1.449686
478.195000172	1.713943
480.235000134	1.913926
482.235000134	1.926313
484.235000134	1.523207
486.235000134	1.882704
488.235000134	1.903786
490.235000134	1.393116
492.235000134	1.266848
494.235000134	2.029482
496.235000134	1.031929
498.235000134	0.650614
500.243000031	1.190781
502.242000103	1.417015
504.235000134	1.584312
506.236000061	1.570213
508.235000134	0.013118
510.235000134	1.551201
512.235000134	1.353965
514.235000134	2.056351
516.235000134	1.771179
518.235000134	1.736668
520.235000134	0.029304
522.235000134	1.743947
524.236000061	1.425139
526.176000118	1.760126
528.235000134	1.69365
530.235000134	1.49515
532.235000134	0.252692
534.235000134	1.451979
536.235000134	1.285326
538.236000061	1.868049
540.236000061	1.997825
542.235000134	2.07332
544.235000134	1.977551
546.235000134	1.625557
548.235000134	1.578387
550.15500021	2.298952
552.235000134	2.38068
554.235000134	2.095416
556.236000061	2.065369
558.236000061	2.534027
560.236000061	2.480205
562.235000134	1.950358
564.235000134	1.317589
566.236000061	2.584666
568.235000134	1.222575
570.235000134	2.308878
572.235000134	2.259964
574.235000134	1.241764
576.235000134	2.13583
578.243999958	2.177052
580.235000134	2.259009
582.235000134	2.242674
584.235000134	2.725419
586.235000134	2.901502
588.235000134	1.876845
590.235000134	2.292502
592.235000134	2.292502
594.24600029	1.881337
596.235000134	1.616683
598.225000143	1.929668
600.235000134	2.397962
602.236000061	0.110137
604.235000134	0.993593
606.236999989	1.843633
608.235000134	0.770277
610.235000134	2.328153
612.235000134	1.729143
614.235000134	2.105188
616.238000154	1.87373
618.235000134	1.927455
620.235000134	2.161117
622.235000134	2.120137
624.235000134	1.995183
626.235000134	2.198404
628.235000134	2.563259
630.484999895	2.027757
632.487000227	2.496852
634.235000134	2.609643
636.42200017	2.328257
638.484999895	2.727772
640.235000134	2.336033
642.235000134	1.394715
644.493000031	2.281613
646.484999895	2.707449
648.484999895	1.306814
650.484999895	2.228108
652.484999895	0.502724
654.484999895	1.56101
656.484999895	2.071048
658.493000031	2.577623
660.428999901	2.459243
662.484999895	2.378605
664.484999895	1.938115
666.484999895	1.781567
668.484999895	1.971296
670.493000031	2.044067
672.484999895	1.651954
674.484999895	2.499693
676.484999895	1.766648
678.486000299	0.919185
680.486000299	2.132428
682.484999895	1.371639
684.462000132	0.392426
686.484999895	2.345822
688.484999895	1.982335
690.484999895	1.939693
692.486000299	1.576097
694.492000103	1.84634
696.503000021	2.023141
698.493000031	2.384374
700.484999895	0.013346
702.484999895	1.910183
704.484999895	1.999158
706.484999895	1.693359
708.425000191	2.387374
710.490000248	2.026912
712.484999895	2.27179
714.493000031	2.4497
716.484999895	2.16542
718.493000031	2.472493
720.484999895	2.099279
722.484999895	2.083646
724.484999895	2.347791
726.484999895	2.274157
728.484999895	1.994407
730.484999895	0.602852
732.435000181	2.046861
734.484999895	1.695324
736.484999895	2.011649
738.493000031	1.316405
740.484999895	2.128721
742.484999895	1.579708
744.493000031	1.637452
746.484999895	2.322017
748.484999895	2.052992
750.493000031	2.417897
752.484999895	2.521636
754.484999895	1.992575
756.43200016	2.576401
758.484999895	2.461987
760.484999895	2.131725
762.484999895	2.398866
764.484999895	2.102908
766.484999895	2.624878
768.484999895	2.537128
770.484999895	2.372781
772.484999895	2.358861
774.484999895	2.426882
776.484999895	0.917107
778.486000299	0.917107
780.404999971	1.822571
782.493000031	2.305537
784.493000031	2.530296
786.484999895	1.751909
788.484999895	1.386701
790.484999895	0.642335
792.484999895	1.004411
794.486000299	1.738716
796.484999895	1.410585
798.492000103	1.362281
800.484999895	0.933246
802.492000103	0.775452
804.444999933	1.780851
806.484999895	2.131568
808.484999895	1.024772
810.484999895	2.17784
812.493000031	1.883981
814.484999895	2.212078
816.486000299	1.557822
818.486000299	2.4291
820.494000196	2.330802
822.486000299	1.742234
824.486000299	1.792253
826.486000299	2.457305
828.493000031	3.168686
830.486000299	1.710882
832.486000299	2.32573
834.484999895	2.395496
836.484999895	2.395496
838.493000031	2.221641
840.484999895	1.709568
842.484999895	1.540897
844.484999895	2.327032
846.484999895	2.138867
848.486000299	2.518834
850.493000031	2.167604
852.462000132	2.232686
854.484999895	2.612632
856.484999895	2.293565
858.484999895	2.181813
860.484999895	2.24938
862.484999895	2.015149
864.484999895	1.262717
866.484999895	1.597898
868.484999895	2.450292
870.484999895	1.528922
872.484999895	2.148793
874.484999895	1.728081
876.475000143	2.385971
878.484999895	1.984704
880.484999895	1.762882
882.493000031	1.674026
884.484999895	1.725265
886.486000299	0.467988
888.493000031	0.051778
891.292000055	0.346757
892.475000143	0.963857
894.738000154	1.044363
896.739000082	1.050496
898.735000134	1.145285
900.724999905	1.037397
902.735000134	1.511141
904.735000134	1.510512
906.735000134	1.513171
908.735000134	1.35607
910.735000134	0.028823
912.736000061	1.937178
914.735000134	2.110577
916.736000061	1.66529
918.736000061	2.090726
920.735000134	2.446519
922.735000134	2.539709
924.743999958	2.563787
926.745000362	1.610819
928.747000217	1.779444
930.737000227	0.781818
932.74600029	1.34221
934.736000061	2.398843
936.736000061	2.235896
938.736000061	1.753334
940.736000061	2.3047
942.736000061	2.688451
944.736000061	1.875187
946.74600029	2.831543
948.736000061	2.317009
950.736000061	0.079944
952.743999958	1.815687
954.735000134	1.763548
956.735000134	2.175777
958.738000154	1.750587
960.736000061	2.411524
962.743999958	1.883945
964.735000134	1.781923
966.735000134	1.720397
968.745000362	2.444049
970.735000134	2.444049
972.736000061	2.539008
974.736000061	1.692176
976.735000134	2.430403
978.736000061	2.12196
980.736000061	1.281247
982.736000061	2.324214
984.736000061	0.12169
986.736000061	0.817483
988.735000134	0.44628
990.735000134	0.201703
992.737000227	1.115884
994.963000059	0.642694
996.98300004	0.768215
998.623000145	0.752293
1000.74600029	1.448175
1002.73600006	1.374651
1004.73600006	1.035633
1006.74500036	0.635948
1008.73500013	1.706335
1010.73600006	1.932386
1012.73500013	0.960154
1014.73500013	0.874193
1016.74300003	1.48904
1018.73500013	0.904141
1020.73500013	1.002596
1022.73500013	1.762039
1024.73500013	1.460631
1026.73600006	1.103288
1028.73600006	1.366857
1030.73600006	1.368835
1032.73600006	1.816129
1034.75300026	0.238621
1036.73500013	2.112017
1038.74399996	2.138306
1040.73600006	2.024013
1044.03200006	0.546219
1044.73500013	1.065094
1046.73500013	1.065094
1048.73500013	1.362878
1050.73500013	0.629519
1052.73500013	0.126101
1054.73500013	0.487218
1056.73500013	0.541687
1058.73500013	0.427899
1060.73600006	0.687818
1062.73600006	0.542986
1064.73500013	0.583128
1066.73500013	0.360455
1068.73600006	0.579376
1070.74500036	0.913559
1072.73600006	0.878761
1074.74300003	1.102521
1076.73500013	0.890366
1078.73600006	0.67671
1080.74600029	1.200155
1082.73700023	1.40543
1084.73600006	1.081947
1086.73600006	1.399102
1088.73500013	1.285083
1090.73500013	1.290032
1092.73500013	1.287899
1094.73500013	0.778529
1096.73500013	1.569216
1098.73500013	1.10668
1100.73500013	1.070389
1102.73500013	0.858342
1104.73600006	0.863652
1106.73500013	1.194775
1108.73500013	0.559315
1110.74500036	0.827677
1112.73500013	0.01136
1114.73500013	0.50842
1116.73500013	0.571142
1118.73500013	0.814487
1120.73800015	0.908234
1122.73500013	0.994987
1124.73500013	1.295317
1126.73600006	0.971684
1128.73500013	1.198606
1130.98500037	1.047889
1132.73500013	1.041275
1134.73500013	0.678523
1136.98500037	0.91604
1138.99300027	0.877926
1140.7249999	0.857328
1142.73500013	0.858685
1144.98500037	0.947453
1146.98500037	1.491981
1148.98500037	1.472372
1150.98500037	1.651675
1152.98500037	1.897155
1154.9230001	1.522643
1156.9940002	1.642566
1158.98500037	1.434284
1160.98900008	1.692589
1164.72200012	0.087413
1165.27000022	1.577757
1166.98500037	0.905575
1170.10300016	0.2359
1172.08200026	0.420447
1173.66200018	0.835137
1174.94200015	0.923849
1176.97500014	0.442412
1178.94200015	0.73119
1180.98500037	0.73119
1182.9860003	0.916757
1184.98500037	1.249192
1186.98500037	1.286696
1188.98500037	1.101667
1190.98500037	1.086244
1192.99300027	1.498687
1194.98500037	1.523398
1196.98500037	1.746989
1198.98500037	1.833598
1200.99699998	0.97484
1202.97600007	1.884548
1204.9920001	1.386847
1207.7130003	0.240005
1211.86300015	0.397084
1212.59500003	0.41936
1212.97600007	0.506273
1214.98500037	0.687185
1216.9860003	0.422488
1218.98500037	0.926386
1220.98500037	1.073541
1222.98500037	0.988561
1224.98500037	1.375291
1226.89700031	1.942939
1228.9860003	1.58381
1230.98500037	1.857099
1232.98500037	2.296965
1234.98500037	2.296965
1236.98500037	2.366673
1238.98500037	0.024368
1241.43300033	0.033669
1242.91300035	0.665625
1244.98500037	0.827267
1246.99300027	1.055141
1248.98500037	0.465755
1250.98500037	0.465755
1252.98500037	0.767758
1254.98500037	1.392237
1256.9940002	1.161657
1258.98500037	1.630193
1260.98500037	1.729274
1262.98500037	1.477292
1264.98500037	1.366933
1266.98500037	1.8807
1268.9860003	1.833698
1270.98500037	1.888068
1272.98500037	1.612294
1274.94200015	1.975497
1276.98500037	1.911884
1278.98500037	1.749963
1280.9860003	0.010729
1282.98500037	0.706737
1284.98500037	1.864837
1286.99800014	1.987581
1288.98500037	1.860132
1290.98500037	1.504477
1292.98500037	1.188424
1294.98500037	1.188424
1296.98500037	2.526879
1298.96600008	1.087841
1300.98500037	2.369524
1302.98500037	1.553495
1304.98500037	1.923305
1306.99300027	1.642072
1308.99300027	2.080571
1310.98700023	0.025062
1312.98500037	1.660251
1314.98500037	1.660251
1316.98500037	1.928732
1318.98500037	2.364639
1320.99500012	1.949693
1322.98500037	2.200027
1324.98500037	2.200027
1326.9860003	2.075153
1328.9860003	1.379238
1330.98500037	1.193861
1332.98500037	0.379949
1334.99300027	1.298391
1336.98500037	1.375705
1338.98500037	1.350759
1340.99300027	0.882596
1342.98500037	0.923839
1344.99500012	1.755303
1346.98500037	1.975104
1348.99300027	1.963233
1350.98500037	1.645421
1352.98500037	1.368301
1354.98500037	1.417563
1356.99300027	1.450126
1358.9860003	1.065012
1360.99300027	0.040787
1362.9860003	1.48142
1364.98500037	1.179819
1366.98500037	2.168974
1368.9860003	1.978398
1370.98500037	1.442374
1372.9860003	2.594063
1374.98500037	1.893821
1376.98500037	2.036128
1378.9860003	2.00151
1380.9860003	2.06304
1382.98500037	2.638205
1384.98500037	1.362736
1386.98500037	0.043496
1388.98500037	1.260243
1390.98500037	1.672298
1392.98500037	1.940349
1395.05200005	1.097529
1397.23500013	0.031967
1399.23500013	0.048706
1401.23500013	1.720335
1403.23500013	1.516367
1405.23500013	1.933985
1407.23500013	1.966688
1409.23200011	2.024369
1411.23500013	1.22584
1413.23500013	1.584511
1415.23500013	2.207616
1417.23500013	2.207616
1419.25100017	1.416599
1421.23500013	0.225054
1423.23500013	0.823505
1425.23500013	0.183542
1427.23500013	0.886051
1429.23500013	0.133105
1431.23500013	0.588182
1433.2420001	0.857988
1435.1900003	0.062943
1438.29299998	0.3387
1443.27300024	0.326773
1445.60200024	0.664944
1452.61700034	0.123311
1453.72200012	0.058171
1453.94200015	0.111161
1458.07200003	0.068793
1459.89199996	0.286522
1461.19200015	0.280441
1463.7420001	0.015206
1464.90300012	0.42808
1466.55200005	0.387324
1467.97200012	0.354462
1469.66400003	0.172155
1472.24499989	0.390452
1475.4920001	0.070965
1477.26500034	0.295242
1479.02200007	0.359403
1479.852	0.615247
1481.02200007	0.506404
1482.90200019	0.353798
1484.83300018	0.481083
1487.05299997	0.44672
1490.2820003	0.056245
1494.29200006	0.341067
1497.34200025	0.655727
1498.21200013	0.682787
1499.26300001	0.979774
1500.25200009	0.777809
1500.82200027	0.977232
1501.48200011	1.54947
1502.10500026	1.32969
1502.67200017	2.220397
1503.20200014	2.000283
1505.20200014	1.896912
1507.23500013	1.896912
1509.23600006	1.929134
1511.23500013	0.464185
1513.23500013	1.834448
1515.17200017	1.071689
1518.13199997	0.017753
1519.22200012	0.535934
1521.21200013	0.510689
1523.22800016	0.297656
1525.53200006	0.545121
1527.23500013	0.384285
1530.3900001	0.043383
1531.71200013	0.507847
1533.52200007	0.164884
1535.24300003	0.572899
1537.23500013	1.099912
1539.24499989	0.414257
1541.23500013	1.090399
1543.23500013	0.871457
1546.1420002	0.080243
1547.95900011	0.194571
1549.23500013	0.997733
1551.23500013	0.908828
1553.23500013	1.248027
1555.23500013	1.293092
1557.23600006	1.140879
1559.23600006	1.17465
1561.24300003	1.871621
1563.24499989	2.027267
1565.23500013	1.242413
1567.23600006	0.169159
1569.23500013	0.724497
1571.23600006	0.091743
1573.23500013	1.346454
1575.23500013	0.907021
1577.2420001	1.126959
1580.56100035	0.300627
1581.98200011	0.483005
1583.67200017	0.726705
1585.2820003	0.744326
1587.23500013	0.630111
1589.23500013	0.578625
1591.23600006	0.412824
1593.22500014	0.704509
1595.23500013	0.994804
1597.24399996	1.012744
1599.23500013	0.812763
1601.24399996	0.852695
1603.23500013	1.209711
1605.23600006	0.933712
1607.23500013	1.200728
1609.23500013	1.349574
1611.23000026	1.06576
1613.23500013	1.06576
1615.23500013	0.92231
1617.23500013	0.92231
1619.23500013	1.018865
1621.23500013	0.860307
1623.24499989	1.055707
1625.23600006	0.657301
1627.23500013	0.657301
1629.23500013	0.657301
1631.23500013	1.239676
1633.23600006	1.342667
1635.23500013	1.793032
1637.50099993	1.892095
1639.24300003	1.065272
1641.23800015	2.015008
1643.4849999	1.29342
1645.4849999	1.29342
1647.4849999	1.312803
1649.27000022	2.20544
1651.4849999	0.739669
1653.4849999	0.920835
1655.4849999	1.865479
1657.4849999	1.783565
1659.4849999	1.783565
1661.49300003	1.783565
1663.4849999	1.783565
1665.4849999	1.783565
1667.48700023	1.783565
1669.4849999	1.783565
1671.4849999	1.034582
1673.4849999	1.032175
1675.4849999	0.796487
1677.4849999	0.878097
1679.4849999	1.32969
1681.4849999	1.14983
1683.4849999	0.516408
1685.4849999	0.772379
1687.4849999	1.4134
1689.4849999	1.164448
1691.4849999	0.902034
1693.4849999	0.760812
1695.4849999	0.398875
1697.71800017	0.771662
1699.49300003	0.846645
1701.4849999	0.68609
1703.37199998	0.507547
1705.48800015	0.452297
1707.49300003	0.604726
1709.4849999	0.990707
1711.48399997	0.848329
1713.4849999	0.848329
1715.4849999	1.071294
1717.4849999	0.605435
1719.4849999	0.605435
1721.4849999	0.605435
1723.49300003	1.363221
1725.4849999	0.789397
1727.4849999	1.728435
1729.4849999	1.258232
1731.4849999	1.696255
1733.4849999	1.331893
1735.4849999	1.088752
1737.4849999	1.624689
1739.4849999	1.624689
1741.4849999	1.624689
1743.49500012	1.550114
