0.0	0.397454
1.33099961281	0.363315
1.9279999733	0.383572
2.80999970436	0.413497
3.67299985886	0.409355
4.65199971199	0.374438
5.38099980354	0.386776
7.91299986839	0.300382
9.85399985313	0.416543
11.1079995632	0.346915
12.5629997253	0.323024
13.7209997177	0.352315
15.1709997654	0.415597
16.6729998589	0.401028
18.1509997845	0.313073
19.1799995899	0.338618
20.5579998493	0.372647
21.8429996967	0.354862
23.1699998379	0.417397
25.1669998169	0.433135
27.1689999104	0.348404
29.1689999104	0.35816
31.1699998379	0.370609
33.3309996128	0.4414
35.1689999104	0.351797
37.2939996719	0.341482
40.0309996605	0.295026
41.6179997921	0.308792
43.5559997559	0.412271
46.2249999046	0.295907
47.4819998741	0.392514
49.1919999123	0.402052
51.1679999828	0.384531
53.1699998379	0.419616
55.1709997654	0.398532
57.1709997654	0.381869
59.4449999332	0.269419
61.1699998379	0.322887
63.1699998379	0.383969
65.1709997654	0.360314
67.1669998169	0.384043
69.4339997768	0.377117
71.1779997349	0.378381
73.4199995995	0.39583
75.4149997234	0.311467
77.4159998894	0.378638
79.4159998894	0.322856
81.1919999123	0.357242
83.4159998894	0.407672
85.4159998894	0.35449
87.4199995995	0.481892
89.1999998093	0.329628
91.3329999447	0.421487
93.4829998016	0.311818
95.8029997349	0.408785
97.4849998951	0.409254
99.8509995937	0.331912
101.235999584	0.416162
103.416999817	0.415639
105.414999723	0.416773
107.417999744	0.429858
109.413999796	0.349606
111.412999868	0.402516
113.414999723	0.405676
115.415999889	0.417712
117.415999889	0.317028
120.127999783	0.405167
121.707999706	0.418391
123.55499959	0.398896
125.689999819	0.329626
127.652999878	0.327043
129.596999884	0.392482
131.555999756	0.32756
133.416999817	0.369259
135.421999693	0.324314
137.87899971	0.434744
139.413999796	0.454332
141.633999825	0.29616
143.93999958	0.415706
145.413999796	0.346375
147.412999868	0.38605
149.412999868	0.351728
151.413999796	0.340789
153.354999781	0.409471
155.413999796	0.434823
157.413999796	0.348599
159.412999868	0.339088
161.412999868	0.391319
163.412999868	0.433269
165.413999796	0.289144
167.406999588	0.394804
169.413999796	0.390957
171.389999866	0.302132
173.414999723	0.403099
175.410999775	0.315732
177.414999723	0.363329
179.412999868	0.433585
181.410999775	0.421863
183.287999868	0.411943
185.412999868	0.404481
188.338999748	0.414503
190.975999832	0.310724
192.988999844	0.410078
194.845999718	0.323769
195.553999662	0.433887
197.350999594	0.375319
199.409999847	0.299528
201.414999723	0.408884
203.415999889	0.442542
205.439999819	0.312225
207.409999847	0.438537
209.415999889	0.365966
211.409999847	0.328923
213.409999847	0.333321
215.409999847	0.366671
218.313999653	0.305758
220.775999784	0.410067
222.793999672	0.411568
223.413999796	0.326475
226.017999649	0.403813
231.09499979	0.429379
234.705999851	0.415847
238.280999899	0.377907
240.357999802	0.341023
241.0	0.434262
242.582999706	0.331657
243.92299962	0.34553
245.674999714	0.3824
247.063999891	0.335519
247.514999628	0.390296
249.338999748	0.342238
250.96999979	0.271911
252.260999918	0.343755
253.438999653	0.371929
255.409999847	0.412883
257.416999817	0.331848
259.428999901	0.420742
261.628999949	0.197283
264.367999792	0.215472
266.047999859	0.1465
267.439999819	0.242258
269.410999775	0.258588
271.42299962	0.262876
273.40899992	0.355797
275.40899992	0.321563
277.406999588	0.325627
279.436999798	0.424358
281.406999588	0.33635
283.40899992	0.428192
285.409999847	0.410838
287.40899992	0.356512
289.407999992	0.337014
291.406999588	0.419345
293.417999744	0.336455
295.412999868	0.341461
297.406999588	0.340926
299.406999588	0.363518
301.406999588	0.428573
303.406999588	0.375219
305.410999775	0.35453
307.406999588	0.426932
309.404999733	0.312622
311.40599966	0.410784
313.404999733	0.367908
315.40599966	0.350275
317.657999754	0.435498
319.655999899	0.455847
321.658999681	0.353523
323.657999754	0.353523
325.654999733	0.368097
327.656999826	0.294921
329.654999733	0.296543
331.658999681	0.291963
333.658999681	0.356234
335.659999609	0.361913
337.658999681	0.299756
339.623999834	0.332042
341.658999681	0.323326
343.653999805	0.339392
345.659999609	0.352117
347.658999681	0.352117
349.655999899	0.348682
351.655999899	0.37834
353.655999899	0.421121
355.658999681	0.383908
357.653999805	0.323492
359.652999878	0.390122
361.659999609	0.465975
363.621999741	0.334984
365.654999733	0.403286
367.653999805	0.30581
369.655999899	0.361171
371.655999899	0.412592
373.48699975	0.36181
375.471999884	0.330115
377.619999647	0.386445
379.652999878	0.370212
381.652999878	0.328687
383.652999878	0.336754
385.652999878	0.372261
387.634999752	0.358996
389.653999805	0.427417
391.653999805	0.288382
393.663999796	0.264631
395.654999733	0.362701
397.656999826	0.312896
399.652999878	0.392919
401.653999805	0.365901
403.776999712	0.159111
405.669999838	0.352215
407.660999775	0.387007
409.650999784	0.376208
411.617999792	0.348266
413.538999796	0.302583
415.651999712	0.310396
418.671999931	0.408417
420.686999798	0.383407
422.150999784	0.423247
423.654999733	0.341
425.610999584	0.209801
428.548999786	0.365852
430.867999554	0.423184
432.978999615	0.409444
434.734999657	0.333357
435.655999899	0.416925
437.651999712	0.421097
440.026999712	0.408649
441.648000002	0.370975
443.649999857	0.319161
445.966999769	0.387003
448.424999714	0.359212
450.93999958	0.4167
453.619999647	0.370063
456.423999786	0.421288
457.079999924	0.374566
457.859999657	0.369565
459.617999792	0.427889
461.648999929	0.417703
463.648999929	0.40489
465.651999712	0.3567
467.654999733	0.410238
469.651999712	0.378471
471.650999784	0.432505
473.667999744	0.412061
475.657999754	0.339684
477.648000002	0.480593
479.648000002	0.434188
481.648999929	0.326096
483.610999584	0.352879
485.648000002	0.364039
487.649999857	0.420131
489.652999878	0.418832
491.648000002	0.412183
493.646999598	0.350683
495.648999929	0.319614
497.648000002	0.35799
499.648000002	0.375868
501.648000002	0.322074
503.648999929	0.430045
505.651999712	0.302362
507.898999691	0.381482
510.93599987	0.383041
513.431999922	0.409888
514.553999662	0.366331
516.013999701	0.4159
518.336999893	0.380759
519.675999641	0.437088
521.953999758	0.366425
523.713999748	0.33191
526.296999931	0.295795
528.66899991	0.341144
529.64599967	0.358153
531.620999813	0.447969
533.646999598	0.330775
535.64599967	0.327125
537.648999929	0.332317
540.011999607	0.340839
541.64599967	0.403295
543.64599967	0.408071
545.64599967	0.38303
547.64599967	0.345715
549.64599967	0.371985
551.646999598	0.316713
553.653999805	0.326906
555.648999929	0.487299
557.64599967	0.306367
559.646999598	0.330213
561.648000002	0.420169
563.648000002	0.317781
565.644999743	0.347879
567.646999598	0.425752
569.785999775	0.363765
572.099999666	0.298911
573.826999664	0.401456
575.894999743	0.381737
577.893999815	0.363834
579.893999815	0.283604
581.893999815	0.380831
583.909999847	0.442971
585.895999908	0.369011
587.895999908	0.348846
589.893999815	0.349998
591.891999722	0.420403
593.866999626	0.316973
595.90299964	0.398824
597.895999908	0.37398
599.893999815	0.375562
601.893999815	0.413937
603.907999754	0.354838
605.894999743	0.379019
607.893999815	0.367725
609.891999722	0.417603
611.893999815	0.394349
613.891999722	0.400534
615.894999743	0.425336
617.860999823	0.336384
619.892999887	0.343931
621.894999743	0.373696
623.891999722	0.416684
625.890999794	0.307797
627.892999887	0.341708
629.909999847	0.332732
631.895999908	0.41365
633.911999941	0.313361
635.891999722	0.410976
637.911999941	0.338641
639.892999887	0.443444
641.871999979	0.268346
643.890999794	0.34106
645.890999794	0.362794
647.909999847	0.356868
649.890999794	0.329497
651.893999815	0.349583
653.891999722	0.35829
655.895999908	0.403487
657.889999866	0.337324
659.888999939	0.318418
661.889999866	0.32213
663.889999866	0.387847
665.862999678	0.371305
667.891999722	0.390285
669.889999866	0.324739
671.892999887	0.309445
673.890999794	0.424372
675.889999866	0.381358
677.889999866	0.34042
679.889999866	0.327046
681.889999866	0.354197
683.914999723	0.370503
685.895999908	0.393777
687.890999794	0.405647
689.857999802	0.349789
691.888000011	0.317129
693.910999775	0.355783
695.888000011	0.281683
697.888999939	0.419949
699.911999941	0.358086
701.892999887	0.424573
703.890999794	0.382137
705.911999941	0.438844
707.888000011	0.343299
709.886999607	0.372424
711.891999722	0.311961
713.852999926	0.361991
715.886999607	0.355313
717.891999722	0.21556
719.888999939	0.373174
721.892999887	0.528245
723.890999794	0.338272
725.897999763	0.415765
727.886999607	0.327074
729.886999607	0.386841
731.888000011	0.489812
733.894999743	0.368459
735.888000011	0.350443
737.854999781	0.343252
739.891999722	0.374551
741.88599968	0.28506
743.888000011	0.364639
745.886999607	0.372711
747.892999887	0.333144
749.886999607	0.341886
751.893999815	0.36425
753.888000011	0.361106
755.889999866	0.285953
757.88599968	0.378081
759.884999752	0.359141
761.893999815	0.332684
763.889999866	0.315578
765.888999939	0.295601
767.890999794	0.372098
769.888000011	0.39354
771.888000011	0.349272
773.88599968	0.363727
775.888000011	0.425853
777.88599968	0.420741
779.884999752	0.405386
781.88599968	0.370725
783.886999607	0.421236
785.856999874	0.323922
787.886999607	0.405659
789.883999586	0.361084
791.883999586	0.424503
793.886999607	0.291436
795.88599968	0.309921
797.888000011	0.33579
799.884999752	0.341698
801.883999586	0.432975
804.136999846	0.442504
805.88599968	0.311665
807.884999752	0.322364
809.882999659	0.37154
811.884999752	0.371405
813.882999659	0.369625
