0.0	5.318255
0.150000095367	0.189084
0.299000024796	0.01902
0.38100028038	0.519943
0.47600030899	1.741893
0.634000062943	2.275486
0.833000183105	0.222047
1.28400039673	0.733198
1.60700011253	0.842834
3.64900016785	0.942419
5.72699999809	0.999136
7.54800033569	1.238025
9.63000011444	1.575473
11.5680000782	1.638968
13.5280001163	1.8806
15.6080000401	0.031985
17.6870000362	2.473731
19.5070002079	2.799093
21.5789999962	2.954683
23.6580002308	3.141965
25.737000227	2.993611
27.5580000877	3.331495
29.6340000629	3.474639
31.7180001736	3.569333
33.5410001278	3.351113
35.6190001965	3.759738
37.6970002651	3.946198
39.7780001163	3.881258
41.611000061	2.369223
43.6890001297	4.133563
45.7670001984	4.177368
47.5770001411	1.63237
49.6600003242	4.962754
51.7380001545	4.255447
53.5580000877	2.92222
55.6280002594	4.915238
57.709000349	0.016304
59.631000042	5.197629
61.5780000687	4.151171
63.6590001583	0.264585
65.7269999981	0.87167
67.8070001602	2.707309
69.6280002594	0.899276
71.709000349	0.446967
73.7880003452	2.701046
75.6080000401	5.681426
77.6879999638	5.984273
79.7680001259	5.567137
81.8490002155	6.264806
83.6700000763	5.7298
85.7500002384	6.16104
87.8180000782	2.343223
89.6390001774	0.960285
91.7190001011	2.136709
93.7990000248	2.940141
95.6190001965	3.023638
97.6980001926	4.000454
99.7780001163	0.016309
101.839000225	0.722549
103.659000158	3.153585
105.738000154	2.974171
107.651000023	4.618924
109.637000322	4.618924
111.719000101	0.032155
113.801000118	2.257527
115.618000269	4.389793
117.69900012	4.461075
119.78000021	4.38178
121.873000145	4.38178
123.678000212	4.38178
125.770000219	4.38178
127.838000059	4.789178
129.661000252	4.769677
131.738000154	4.501609
133.817000151	5.384306
135.900000334	5.384306
137.720000029	5.384306
139.799000025	3.178041
141.869000196	5.285584
143.68900013	5.287659
145.769000292	2.328905
147.849000216	0.02758
149.668000221	0.520361
