0.0	0.014507
0.661000013351	0.188805
0.947999954224	0.188805
1.29699993134	0.244029
1.53699994087	0.244029
1.94799995422	0.168273
2.1930000782	0.168273
2.43600010872	0.168273
2.6930000782	0.284583
3.89600014687	0.317457
5.90400004387	0.317457
7.89600014687	0.317457
9.90799999237	0.317457
11.8910000324	0.317457
13.9010000229	0.317457
15.8919999599	0.317457
17.8949999809	0.320408
19.8880000114	0.320408
21.8929998875	0.20074
23.9119999409	0.306301
25.9010000229	0.306301
27.8899998665	0.309774
29.8910000324	0.309774
31.893999815	0.448398
33.8980000019	0.448398
35.9040000439	0.448398
37.8910000324	0.448398
39.9219999313	0.448398
41.8980000019	0.448398
43.8980000019	0.448398
45.9170000553	0.448398
47.893999815	0.448398
49.8949999809	0.448398
51.8929998875	0.448398
54.4690001011	0.448398
56.4360001087	0.448398
58.4930000305	0.448398
60.4409999847	0.654265
62.4570000172	0.654265
64.4849998951	0.654265
65.8489999771	0.654265
68.4849998951	0.654265
70.4379999638	0.654265
72.4930000305	0.654265
74.4779999256	0.654265
76.4779999256	0.654265
78.4849998951	0.654265
80.4400000572	0.654265
82.4430000782	0.654265
84.4539999962	0.654265
86.4400000572	0.654265
88.4419999123	0.654265
90.4379999638	0.654265
92.4839999676	0.654265
94.4769999981	0.654265
96.4769999981	0.654265
98.4769999981	0.654265
100.461999893	0.654265
102.536000013	0.654265
104.437999964	0.654265
106.434000015	0.654265
108.435000181	0.654265
110.464999914	0.654265
112.438999891	0.654265
114.444000006	0.654265
116.444000006	0.654265
118.437000036	0.654265
120.434000015	0.654265
122.436000109	0.654265
124.438999891	0.654265
126.454999924	0.654265
128.444999933	0.654265
130.440999985	0.654265
132.457000017	0.654265
134.440999985	0.654265
136.468000174	0.654265
138.483999968	0.654265
140.440999985	0.654265
142.440000057	0.654265
144.506000042	0.654265
146.444000006	0.654265
148.437000036	0.654265
150.437999964	0.654265
152.434000015	0.654265
154.43200016	0.654265
156.454999924	0.654265
158.48300004	0.654265
160.437999964	0.654265
162.477999926	0.654265
164.453999996	0.654265
166.437000036	0.654265
168.437000036	0.654265
170.437000036	0.654265
172.433000088	0.654265
174.434000015	0.654265
176.462999821	0.654265
178.475000143	0.654265
180.438999891	0.654265
182.438999891	0.654265
184.437999964	0.654265
186.437000036	0.654265
188.437999964	0.654265
190.437999964	0.654265
192.484999895	0.654265
194.47300005	0.654265
196.463999987	0.654265
198.469000101	0.654265
200.480999947	0.654265
202.484999895	0.654265
204.45600009	0.654265
206.142999887	0.654265
208.173000097	0.654265
210.144000053	0.654265
212.15899992	0.654265
214.150999784	0.654265
216.144000053	0.654265
218.157999992	0.654265
220.176000118	0.654265
222.164999962	0.654265
224.137000084	0.654265
226.150999784	0.654265
228.15500021	0.654265
230.157000065	0.654265
232.154000044	0.654265
234.150999784	0.654265
236.148999929	0.654265
238.15199995	0.654265
240.149999857	0.654265
242.148000002	0.654265
244.179000139	0.654265
246.161999941	0.654265
248.101999998	0.654265
250.144999981	0.654265
252.177000046	0.654265
254.156000137	0.654265
256.148999929	0.654265
258.16899991	0.654265
260.181999922	0.654265
262.148000002	0.654265
264.176000118	0.654265
266.145999908	0.654265
268.16899991	0.654265
270.200999975	0.654265
272.141000032	0.654265
274.148999929	0.654265
276.148000002	0.654265
278.15199995	0.654265
280.148999929	0.654265
282.150999784	0.654265
284.150999784	0.654265
286.144000053	0.654265
288.148999929	0.654265
290.150999784	0.654265
292.148999929	0.654265
294.154000044	0.654265
296.144999981	0.654265
298.157999992	0.654265
300.141000032	0.020288
302.148000002	0.281747
304.197999954	0.281747
306.141000032	0.281747
308.152999878	0.281747
310.174000025	0.281747
312.148999929	0.384665
314.148000002	0.384665
316.15199995	0.384665
318.156000137	0.384665
320.156000137	0.384665
322.15500021	0.384665
324.147000074	0.384665
326.142999887	0.414592
328.177000046	0.414592
330.176000118	0.414592
332.154000044	0.414592
334.154000044	0.414592
336.177000046	0.47832
338.176000118	0.47832
340.14199996	0.47832
342.164000034	0.47832
344.177000046	0.47832
346.184000015	0.47832
348.417000055	0.47832
350.417000055	0.006865
352.422999859	0.198549
354.398000002	0.293576
356.388999939	0.293576
358.414999962	0.31738
360.390999794	0.31738
362.392999887	0.31738
364.40899992	0.31738
366.424000025	0.31738
368.417000055	0.31738
370.392999887	0.31738
372.409999847	0.31738
374.428999901	0.31738
376.416000128	0.341412
378.396000147	0.341412
380.440999985	0.341412
382.393999815	0.341412
384.406999826	0.341412
386.404999971	0.341412
388.416000128	0.341412
390.420000076	0.341412
392.392999887	0.341412
394.40899992	0.407599
396.396000147	0.444045
398.401000023	0.556006
400.403000116	0.556006
402.39199996	0.556006
404.416000128	0.556006
406.326999903	0.556006
408.416000128	0.556006
410.400000095	0.556006
412.40899992	0.556006
414.397000074	0.556006
416.407999992	0.556006
418.403000116	0.556006
420.403000116	0.556006
422.409999847	0.556006
424.393999815	0.556006
426.419000149	0.556006
428.411000013	0.556006
430.413000107	0.556006
432.388999939	0.556006
434.409999847	0.556006
436.396000147	0.556006
438.398999929	0.556006
440.403000116	0.556006
442.396000147	0.556006
444.398999929	0.556006
446.390999794	0.556006
448.424999952	0.556006
450.416000128	0.556006
452.39199996	0.556006
454.395000219	0.556006
456.416000128	0.556006
458.398999929	0.556006
460.403000116	0.556006
462.398000002	0.556006
464.421000004	0.556006
466.398999929	0.556006
468.414000034	0.556006
470.407999992	0.556006
472.388000011	0.556006
474.388999939	0.556006
476.405999899	0.556006
478.388999939	0.556006
480.40899992	0.556006
482.409999847	0.556006
484.409999847	0.556006
486.441999912	0.00721
488.416000128	0.278543
490.424000025	0.278543
492.413000107	0.278543
494.420000076	0.416324
496.417000055	0.416324
498.398000002	0.416324
500.403000116	0.416324
502.396000147	0.416324
504.398999929	0.416324
506.392999887	0.416324
508.416000128	0.416324
510.414000034	0.416324
512.407999992	0.416324
514.389999866	0.416324
516.388000011	0.416324
518.411999941	0.416324
520.492000103	0.416324
522.392999887	0.416324
524.40899992	0.416324
526.395000219	0.416324
528.388999939	0.416324
530.407999992	0.416324
532.398999929	0.416324
534.436000109	0.416324
536.406999826	0.416324
538.437000036	0.416324
540.403000116	0.416324
542.395000219	0.471388
544.40899992	0.471388
546.414999962	0.471388
548.400000095	0.471388
550.395000219	0.471388
552.406999826	0.471388
554.40199995	0.471388
556.414999962	0.471388
558.414999962	0.471388
560.403000116	0.471388
562.404999971	0.471388
564.417000055	0.471388
566.427999973	0.471388
568.392999887	0.471388
570.430999756	0.471388
572.395000219	0.471388
574.414999962	0.471388
576.403000116	0.471388
578.392999887	0.471388
580.424999952	0.471388
582.443000078	0.471388
584.40899992	0.482412
586.397000074	0.587708
588.400000095	0.997634
590.401000023	0.997634
592.406999826	0.997634
594.417000055	0.997634
596.648999929	0.997634
598.401000023	0.997634
600.641000032	0.997634
602.657000065	0.997634
604.657000065	0.997634
606.644999981	0.997634
608.641000032	0.997634
610.64199996	0.997634
612.675000191	0.997634
614.648000002	0.997634
616.659000158	0.997634
618.677000046	0.997634
620.649999857	0.997634
622.641000032	0.997634
624.644000053	0.997634
626.657999992	0.997634
628.646999836	0.997634
630.648999929	0.997634
632.65199995	0.997634
634.648999929	0.997634
636.641000032	0.997634
638.644999981	0.997634
640.651000023	0.997634
642.656000137	0.997634
644.686999798	0.997634
646.662999868	0.997634
648.677000046	0.997634
650.657999992	0.997634
652.644999981	0.997634
654.664999962	0.997634
656.664999962	0.997634
658.661000013	0.997634
660.64199996	0.997634
662.654000044	0.997634
664.64199996	0.997634
666.644999981	0.997634
668.644999981	0.997634
670.657000065	0.997634
672.677000046	0.997634
674.661000013	0.997634
676.654000044	0.997634
678.654000044	0.997634
680.652999878	0.997634
682.654000044	0.997634
684.742999792	0.997634
686.657000065	0.997634
688.648999929	0.997634
690.659000158	0.997634
692.657000065	0.997634
694.649999857	0.997634
696.646999836	0.997634
698.643000126	0.997634
700.645999908	0.997634
702.662999868	0.997634
704.648000002	0.997634
706.656000137	0.997634
708.638999939	0.997634
710.644999981	0.997634
712.661999941	0.997634
714.651000023	0.997634
716.65199995	0.997634
718.636000156	0.997634
720.646999836	0.997634
722.648999929	0.997634
724.664999962	0.997634
726.646999836	0.997634
728.662999868	0.997634
730.65199995	0.997634
732.640000105	0.997634
734.654999971	0.997634
736.646999836	0.997634
738.654000044	0.997634
740.645999908	0.997634
742.661999941	0.997634
744.691000223	0.997634
746.657000065	0.997634
748.646999836	0.997634
750.654000044	0.997634
752.676000118	0.997634
754.644000053	0.997634
756.645999908	0.997634
758.648999929	0.997634
760.656000137	0.997634
762.648000002	0.997634
764.681999922	0.997634
766.64199996	0.997634
768.648999929	0.997634
770.638999939	0.997634
772.66899991	0.997634
774.646999836	0.997634
776.648000002	0.997634
778.689999819	0.997634
780.64199996	0.997634
782.652999878	0.997634
784.657000065	0.997634
786.632999897	0.997634
788.648999929	0.997634
790.648999929	0.997634
792.646999836	0.997634
794.657999992	0.997634
796.640000105	0.997634
798.656000137	0.997634
800.649999857	0.997634
802.657000065	0.997634
804.659000158	0.997634
806.664000034	0.997634
808.677999973	0.997634
810.648999929	0.997634
812.648000002	0.997634
814.657000065	0.997634
816.648999929	0.997634
818.648999929	0.997634
820.645999908	0.997634
822.657000065	0.997634
824.640000105	0.997634
826.656000137	0.997634
828.645999908	0.997634
830.657000065	0.997634
832.661999941	0.997634
834.648999929	0.997634
836.657000065	0.997634
838.657999992	0.997634
840.637000084	0.997634
842.649999857	0.997634
844.654000044	0.997634
846.648999929	0.997634
848.884000063	0.997634
850.9150002	0.997634
852.69900012	0.997634
854.896000147	0.997634
856.901000023	0.997634
858.93200016	0.997634
860.907999992	0.997634
862.897000074	0.997634
864.917999983	0.997634
866.897000074	0.997634
868.900000095	0.997634
870.901000023	0.997634
872.897000074	0.997634
874.916000128	0.997634
876.888000011	0.997634
878.900000095	0.997634
880.90199995	0.997634
882.885999918	0.997634
884.894999981	0.997634
886.898000002	0.997634
888.892999887	0.997634
890.896000147	0.997634
892.907999992	0.997634
894.913000107	0.997634
896.914000034	0.997634
898.90899992	0.997634
900.892999887	0.997634
902.899000168	0.997634
904.902999878	0.997634
906.928999901	0.997634
908.927999973	0.997634
910.907999992	0.997634
912.897000074	0.997634
914.892999887	0.997634
916.892999887	0.997634
918.897000074	0.997634
920.894999981	0.997634
922.891000032	0.997634
924.888999939	0.997634
926.907999992	0.997634
928.904000044	0.997634
930.893999815	0.997634
932.881999969	0.997634
934.90899992	0.997634
936.914000034	0.997634
938.928999901	0.997634
940.901000023	0.997634
942.889999866	0.997634
944.898000002	0.997634
946.898000002	0.997634
948.898000002	0.997634
950.911999941	0.997634
952.917000055	0.997634
954.917000055	0.997634
956.899000168	0.997634
958.894999981	0.997634
960.899000168	0.997634
962.900000095	0.997634
964.897000074	0.997634
966.892999887	0.997634
968.897000074	0.997634
970.884000063	0.997634
972.897000074	0.997634
974.894999981	0.997634
976.894999981	0.997634
978.893999815	0.997634
980.901000023	0.997634
982.974999905	0.997634
984.896000147	0.997634
986.899000168	0.997634
988.896000147	0.997634
990.90899992	0.997634
992.899000168	0.997634
994.902999878	0.997634
996.894999981	0.997634
998.900000095	0.997634
1000.90199995	0.001882
1002.88899994	0.324915
1004.88800001	0.324915
1006.89100003	0.324915
1008.88999987	0.324915
1010.90400004	0.471723
1012.88699985	0.471723
1014.89299989	0.471723
1016.91600013	0.471723
1018.89600015	0.471723
1020.88400006	0.471723
1022.89299989	0.471723
1024.89199996	0.471723
1026.89399981	0.471723
1028.90899992	0.471723
1030.89700007	0.479978
1032.89600015	0.479978
1034.90299988	0.479978
1036.89499998	0.479978
1038.90299988	0.479978
1040.88499999	0.479978
1042.90199995	0.479978
1044.90700006	0.479978
1046.88599992	0.479978
1048.89900017	0.479978
1050.90100002	0.479978
1052.89700007	0.479978
1054.89700007	0.479978
1056.89700007	0.479978
1058.89299989	0.479978
1060.89100003	0.479978
1062.94299984	0.479978
1064.88999987	0.479978
1066.90100002	0.479978
1068.89900017	0.479978
1070.89499998	0.479978
1072.89100003	0.479978
1074.90100002	0.479978
1076.89700007	0.479978
1078.89499998	0.479978
1080.88800001	0.479978
1082.88499999	0.479978
1084.88800001	0.479978
1086.91700006	0.479978
1088.90899992	0.479978
1090.89700007	0.479978
1093.13800001	0.479978
1094.89499998	0.479978
1097.13700008	0.479978
1099.13700008	0.479978
1101.15700006	0.479978
1103.15700006	0.479978
1105.15500021	0.479978
1107.13499975	0.479978
1109.15099978	0.479978
1111.14100003	0.479978
1113.21700001	0.479978
1115.15099978	0.479978
1117.13600016	0.479978
1119.14899993	0.479978
1121.14899993	0.479978
1123.15500021	0.479978
1125.16499996	0.479978
1127.14700007	0.479978
1129.14100003	0.479978
1131.14700007	0.479978
1133.16100001	0.479978
1135.14400005	0.479978
1137.14700007	0.479978
1139.16300011	0.479978
1141.13700008	0.479978
1143.15400004	0.479978
1145.148	0.479978
1147.14400005	0.479978
1149.13700008	0.479978
1151.14700007	0.479978
1153.14700007	0.479978
1155.13499975	0.479978
1157.13800001	0.479978
1159.14400005	0.479978
1161.14100003	0.479978
1163.14599991	0.479978
1165.148	0.479978
1167.15500021	0.479978
1169.14599991	0.479978
1171.14199996	0.479978
1173.14100003	0.479978
1175.14100003	0.479978
1177.15700006	0.479978
1179.15799999	0.479978
1181.13600016	0.479978
1183.16000009	0.479978
1185.17799997	0.479978
1187.15600014	0.479978
1189.13499975	0.479978
1191.14700007	0.479978
1193.16899991	0.479978
1195.14899993	0.479978
1197.17900014	0.479978
1199.15899992	0.479978
1201.15099978	0.479978
1203.14700007	0.479978
1205.18400002	0.479978
1207.14400005	0.479978
1209.13199997	0.479978
1211.15899992	0.479978
1213.15799999	0.479978
1215.15099978	0.479978
1217.15099978	0.479978
1219.15099978	0.479978
1221.19200015	0.479978
1223.13199997	0.479978
1225.15600014	0.479978
1227.15500021	0.479978
1229.14599991	0.479978
1231.13499975	0.479978
1233.15600014	0.479978
1235.14299989	0.479978
1237.15799999	0.479978
1239.43099976	0.479978
1241.14499998	0.479978
1243.13600016	0.479978
1245.15899992	0.479978
1247.14199996	0.502056
1249.14299989	0.502056
1251.14400005	0.60551
1253.14299989	0.60551
1255.14299989	0.60551
1257.15899992	0.60551
1259.15099978	0.60551
1261.18400002	0.60551
1263.15700006	0.60551
1265.148	0.60551
1267.15799999	0.60551
1269.14599991	0.60551
1271.13700008	0.60551
1273.1400001	0.60551
1275.15899992	0.60551
1277.16499996	0.60551
1279.18400002	0.60551
1281.18199992	0.60551
1283.16199994	0.60551
1285.15299988	0.60551
1287.16199994	0.60551
1289.1400001	0.60551
1291.13800001	0.60551
1293.14400005	0.60551
1295.16999984	0.60551
1297.14299989	0.60551
1299.14199996	0.60551
1301.14100003	0.60551
1303.14700007	0.60551
1305.13499975	0.60551
1307.13199997	0.60551
1309.13399982	0.60551
1311.14400005	0.60551
1313.13800001	0.60551
1315.15799999	0.60551
1317.14299989	0.60551
1319.13800001	0.60551
1321.15199995	0.60551
1323.14400005	0.60551
1325.14199996	0.60551
1327.14299989	0.60551
1329.13600016	0.60551
1331.15600014	0.60551
1333.1329999	0.60551
1335.14700007	0.60551
1337.1400001	0.60551
1339.14700007	0.60551
1341.13700008	0.60551
1343.39700007	0.60551
1345.39399981	0.60551
1347.15899992	0.60551
1349.38800001	0.60551
1351.148	0.60551
1353.38499999	0.60551
1355.38700008	0.60551
1357.398	0.60551
1359.40699983	0.60551
1361.38700008	0.60551
1363.39700007	0.60551
1365.40300012	0.60551
1367.39899993	0.60551
1369.38899994	0.60551
1371.39199996	0.60551
1373.39500022	0.60551
1375.42199993	0.60551
1377.39299989	0.60551
1379.40799999	0.60551
1381.40799999	0.60551
1383.40499997	0.60551
1385.398	0.60551
1387.39299989	0.60551
1389.38700008	0.60551
1391.40300012	0.60551
1393.398	0.60551
1395.20300007	0.60551
1397.40699983	0.60551
1399.39099979	0.60551
1401.41499996	0.60551
1403.39199996	0.60551
1405.39099979	0.60551
1407.39399981	0.60551
1409.38999987	0.60551
1411.39500022	0.60551
1413.37900019	0.60551
1415.39899993	0.60551
1417.3829999	0.60551
1419.38899994	0.60551
1421.38100004	0.60551
1423.39299989	0.60551
1425.38400006	0.60551
1427.4059999	0.60551
1429.38899994	0.60551
1431.40899992	0.60551
1433.39099979	0.60551
1435.40300012	0.60551
1437.38100004	0.60551
1439.39099979	0.60551
1441.39399981	0.60551
1443.25300002	0.60551
1445.39600015	0.60551
1447.39299989	0.60551
1449.39199996	0.60551
1451.39299989	0.60551
1453.39500022	0.60551
1455.38999987	0.60551
1457.40499997	0.60551
1459.41100001	0.60551
1461.39299989	0.60551
1463.38700008	0.60551
1465.398	0.60551
1467.40699983	0.60551
1469.38899994	0.60551
1471.38400006	0.60551
1473.39199996	0.60551
1475.38400006	0.60551
1477.40300012	0.60551
1479.39099979	0.60551
1481.38499999	0.60551
1483.38700008	0.60551
1485.4000001	0.60551
1487.39399981	0.60551
1489.3829999	0.60551
1491.3829999	0.60551
1493.38599992	0.60551
1495.38800001	0.60551
1497.39199996	0.60551
1499.38800001	0.60551
1501.39600015	0.60551
1503.39600015	0.60551
1505.39600015	0.60551
1507.39700007	0.60551
1509.38499999	0.60551
1511.40799999	0.60551
1513.39500022	0.60551
1515.39099979	0.60551
1517.38999987	0.60551
1519.38800001	0.60551
1521.38899994	0.60551
1523.39299989	0.60551
1525.39500022	0.60551
1527.38700008	0.60551
1529.38100004	0.60551
1531.39299989	0.60551
1533.3829999	0.60551
1535.38800001	0.60551
1537.39399981	0.60551
1539.3829999	0.60551
1541.39399981	0.60551
1543.38999987	0.60551
1545.39600015	0.60551
1547.398	0.60551
1549.39399981	0.60551
1551.38999987	0.60551
1553.38199997	0.60551
1555.38700008	0.60551
1557.3829999	0.60551
1559.4059999	0.60551
1561.40699983	0.60551
1563.39500022	0.60551
1565.39199996	0.60551
1567.3829999	0.60551
1569.41600013	0.60551
1571.39600015	0.60551
1573.39399981	0.60551
1575.39099979	0.60551
1577.39099979	0.60551
1579.4000001	0.60551
1581.38800001	0.60551
1583.38700008	0.60551
1585.39299989	0.60551
1587.40400004	0.60551
1589.38599992	0.60551
1591.38599992	0.60551
1593.40999985	0.60551
1595.38599992	0.60551
1597.6309998	0.60551
1599.398	0.60551
1601.47300005	0.60551
1603.64100003	0.60551
1605.65299988	0.60551
1607.63399982	0.60551
1609.64599991	0.60551
1611.64300013	0.60551
1613.62899995	0.60551
1615.64400005	0.60551
1617.62800002	0.60551
1619.62899995	0.60551
1621.6400001	0.60551
1623.65600014	0.60551
1625.45900011	0.60551
1627.6329999	0.60551
1629.64400005	0.60551
1631.64400005	0.60551
1633.63700008	0.60551
1635.62800002	0.60551
1637.63600016	0.60551
1639.64199996	0.60551
1641.63899994	0.60551
1643.64100003	0.60551
1645.64699984	0.60551
1647.63600016	0.60551
1649.45100021	0.60551
1651.66299987	0.60551
1653.63500023	0.60551
1655.65600014	0.60551
1657.648	0.60551
1659.63399982	0.60551
1661.63399982	0.60551
1663.64400005	0.60551
1665.648	0.60551
1667.64300013	0.60551
1669.6400001	0.60551
1671.65100002	0.60551
1673.64100003	0.60551
1675.64599991	0.60551
1677.6400001	0.60551
1679.64699984	0.60551
1681.63800001	0.60551
1683.64599991	0.60551
1685.63800001	0.60551
1687.64199996	0.60551
1689.64199996	0.60551
1691.6309998	0.60551
1693.648	0.60551
1695.65900016	0.60551
1697.50199986	0.60551
1699.64100003	0.60551
1701.64100003	0.60551
1703.6400001	0.729632
1705.63899994	0.729632
1707.65600014	0.729632
1709.648	0.729632
1711.62999988	0.729632
1713.63800001	0.729632
1715.6329999	0.729632
1717.6400001	0.729632
1719.62899995	0.729632
1721.63399982	0.729632
1723.63800001	0.729632
1725.64699984	0.729632
1727.6309998	0.729632
1729.63899994	0.729632
1731.63500023	0.729632
1733.63700008	0.729632
1735.63199997	0.729632
1737.648	0.729632
1739.648	0.729632
1741.64400005	0.729632
1743.64300013	0.729632
1745.58599997	0.729632
1747.65600014	0.729632
1749.63899994	0.729632
1751.68799996	0.729632
1753.63500023	0.729632
1755.6400001	0.729632
1757.63500023	0.729632
1759.64100003	0.729632
1761.63500023	0.729632
1763.64599991	0.729632
1765.64699984	0.729632
1767.6329999	0.729632
1769.6869998	0.729632
1771.64699984	0.729632
1773.64499998	0.729632
1775.64300013	0.729632
1777.648	0.729632
1779.63800001	0.729632
1781.64499998	0.729632
1783.64300013	0.729632
1785.648	0.729632
1787.62800002	0.729632
1789.6329999	0.729632
1791.625	0.729632
1793.68400002	0.729632
1795.6400001	0.729632
1797.64300013	0.729632
1799.6329999	0.729632
1801.64100003	0.729632
1803.648	0.729632
1805.64899993	0.729632
1807.63700008	0.729632
1809.62700009	0.729632
1811.64100003	0.729632
1813.62999988	0.729632
1815.63800001	0.729632
1817.64699984	0.729632
1819.63399982	0.729632
1821.63800001	0.729632
1823.62800002	0.729632
1825.63800001	0.729632
1827.65499997	0.729632
1829.63700008	0.729632
1831.63800001	0.729632
1833.65199995	0.729632
1835.62999988	0.729632
1837.63399982	0.729632
1839.63199997	0.729632
1841.63700008	0.729632
1843.63800001	0.729632
1845.89100003	0.729632
1847.63800001	0.729632
1849.89600015	0.729632
1851.89600015	0.729632
1853.87600017	0.729632
1855.88199997	0.729632
1857.88999987	0.729632
1859.89600015	0.729632
1861.88300014	0.729632
1863.89499998	0.729632
1865.89299989	0.729632
1867.89499998	0.729632
1869.89600015	0.729632
1871.88199997	0.729632
1873.89399981	0.729632
1875.87800002	0.729632
1877.89299989	0.729632
1879.88000011	0.729632
1881.88400006	0.729632
1883.88999987	0.729632
1885.88899994	0.729632
1887.88599992	0.729632
1889.88199997	0.729632
1891.89199996	0.729632
1893.87899995	0.729632
1895.89399981	0.729632
1897.9059999	0.729632
1899.88400006	0.729632
1901.89399981	0.729632
1903.89600015	0.729632
1905.89199996	0.729632
1907.89499998	0.729632
1909.88999987	0.729632
1911.89600015	0.729632
1913.89600015	0.729632
1915.89600015	0.729632
1917.88800001	0.729632
1919.9000001	0.729632
1921.88199997	0.729632
1923.88499999	0.729632
1925.89199996	0.729632
1927.87800002	0.729632
1929.88599992	0.729632
1931.898	0.729632
1933.87800002	0.006219
1935.89199996	0.300747
1937.89700007	0.300747
1939.89600015	0.304613
1941.88400006	0.304613
1943.89399981	0.482644
1945.91300011	0.482644
1947.89399981	0.482644
1949.89600015	0.482644
1951.88400006	0.482644
1953.88000011	0.482644
1955.88199997	0.482644
1957.89700007	0.482644
1959.88599992	0.482644
1961.87700009	0.482644
1963.87700009	0.482644
1965.88999987	0.482644
1967.89700007	0.482644
1969.88800001	0.482644
1971.88400006	0.482644
1973.88800001	0.482644
1975.88800001	0.482644
1977.88599992	0.482644
1979.88800001	0.482644
1981.89199996	0.482644
1983.91400003	0.482644
1985.90499997	0.482644
1987.89199996	0.482644
1989.87600017	0.482644
1991.87700009	0.482644
1993.89199996	0.482644
1995.88400006	0.482644
1997.91400003	0.482644
1999.88499999	0.482644
2001.92599988	0.482644
2003.9059999	0.482644
2005.88199997	0.482644
2007.89399981	0.482644
2009.89199996	0.482644
2011.87800002	0.482644
2013.875	0.482644
2015.88499999	0.482644
2017.88999987	0.482644
2019.88800001	0.005604
2024.26399994	0.047002
2025.82999992	0.099174
2026.94999981	0.212216
2027.9059999	0.257496
2030.98199987	0.031218
2031.89299989	0.248093
2034.04999995	0.215455
2037.72800016	0.51863
2040.09200001	0.51863
2040.43799996	0.51863
2041.89700007	0.51863
2046.60300016	0.207951
2047.13900018	0.446007
2047.88599992	0.446007
2049.898	0.579956
2051.88000011	0.37567
2053.88599992	0.37567
2055.89700007	0.383632
2057.9059999	0.383632
2059.90700006	0.383632
2061.9059999	0.383632
2063.88800001	0.383632
2065.88100004	0.383632
2067.88800001	0.383632
2069.89199996	0.383632
2071.87899995	0.383632
2073.87600017	0.383632
2075.88199997	0.383632
2077.88000011	0.383632
2079.89199996	0.383632
2081.88999987	0.383632
2083.88400006	0.383632
2085.88199997	0.383632
2087.88400006	0.568422
2089.90499997	0.568422
2091.87700009	0.568422
2093.89600015	0.568422
2095.898	0.568422
2097.88699985	0.568422
2100.12999988	0.204467
2102.13199997	0.601642
2104.14499998	0.601642
2106.1329999	0.476722
2113.07200003	0.04609
2114.96499991	0.063267
2115.59899998	0.109497
2115.93100023	0.197597
2116.55699992	0.607826
2118.13100004	0.515203
2120.14499998	0.515203
2122.68599987	0.34556
2126.76600003	0.054935
2127.15700006	0.200138
2128.02199984	0.431971
2135.97100019	0.038316
2136.2809999	0.155048
2137.83399987	0.264053
2141.31699991	0.441354
2141.55099988	0.441354
2141.81399989	0.441354
2142.2249999	0.441354
2151.54900002	0.43333
2152.00699997	0.451283
2152.47799993	0.462911
2155.61499977	0.022665
2157.32400012	0.03592
2159.11800003	0.048127
2159.79799986	0.531532
2160.08000016	0.531532
2160.48599982	0.531532
2163.84599996	0.055848
2165.38700008	0.219187
2166.20099998	0.285839
2168.13399982	0.285839
2170.13100004	0.247866
2176.03999996	0.048108
2176.58500004	0.82211
2177.37700009	0.820477
2179.28300023	0.305748
2180.54999995	0.333044
2182.12899995	0.769407
2190.45200014	0.241543
2191.21600008	0.754184
2194.97300005	0.183329
2195.24300003	0.183267
2196.0769999	0.824402
2196.36400008	0.824408
2200.58200002	0.129897
2200.82800007	0.129897
2201.24099994	0.236883
2205.73000002	0.251642
2206.81699991	0.567066
2207.19400001	0.567066
2211.61599994	0.03597
2212.31599998	0.606694
2213.26900005	0.649196
2214.15199995	0.575761
2216.56200004	0.288209
2218.12199998	0.673888
2220.14100003	0.318649
2222.148	0.732412
2224.13900018	0.543486
2226.12800002	0.543486
2229.66199994	0.031489
2230.25900006	0.779337
2232.14999986	0.85885
2234.13399982	0.85885
2236.14199996	0.475654
2238.14199996	0.817165
2240.13800001	0.592921
2242.13800001	0.671501
2244.1400001	0.33926
2246.13100004	1.025794
2248.13800001	0.900216
2250.14100003	0.889319
2254.11399984	0.14502
2254.81100011	0.847378
2256.13800001	0.764758
2260.56400013	0.764758
2261.35699987	0.890588
2262.125	0.890588
2264.98000002	0.288482
2266.13700008	0.651058
2268.14400005	0.651058
2270.27099991	0.651058
2272.39399981	0.334969
2274.13499975	0.334969
2276.13600016	0.334969
2278.14899993	0.334969
2280.12300014	0.890874
2282.12800002	0.890874
2284.20799994	0.890874
2286.13199997	0.890874
2288.12599993	0.890874
2290.12999988	0.890874
2292.1329999	0.890874
2294.12800002	0.890874
2296.13600016	0.890874
2298.1400001	0.890874
2300.13600016	0.890874
2302.13499975	0.890874
2304.93799996	0.890874
2306.15600014	0.890874
2308.1329999	0.890874
2310.12800002	0.890874
2313.329	0.947688
2314.17200017	1.104549
2316.14499998	1.104549
2318.14400005	1.209007
2320.13399982	0.935755
2322.1400001	0.897916
2324.12999988	0.897916
2326.12999988	1.107425
2328.12699986	0.961529
2330.13600016	0.961529
2332.13600016	0.961529
2334.1329999	0.961529
2336.14400005	0.961529
2338.13800001	0.961529
2340.12699986	0.961529
2342.13700008	0.961529
2344.13399982	0.961529
2346.14499998	0.961529
2348.13800001	0.961529
2350.22199988	0.961529
2352.37700009	0.961529
2354.38199997	0.961529
2356.39299989	0.961529
2358.38899994	0.961529
2360.398	0.961529
2362.39299989	0.961529
2364.40100002	0.961529
2366.3829999	0.961529
2368.38199997	0.961529
2370.37900019	0.961529
2372.37499976	0.961529
2374.37299991	0.961529
2376.40799999	0.961529
2378.37700009	0.961529
2380.38599992	0.961529
2382.40400004	0.961529
2384.37199998	0.961529
2386.38700008	0.961529
2388.37499976	0.961529
2390.41600013	0.961529
2392.38800001	0.961529
2394.37900019	0.961529
2396.38000011	0.961529
2398.38100004	0.961529
2400.38800001	0.961529
2402.38000011	0.961529
2404.37100005	0.961529
2406.38000011	0.961529
2408.44699979	0.961529
2410.40400004	0.961529
2412.38100004	0.961529
2414.37600017	0.961529
2416.37800002	0.961529
2418.39099979	0.961529
2420.38100004	0.961529
2422.38599992	0.961529
2424.37800002	0.961529
2426.38199997	0.961529
2428.38499999	0.961529
2430.38100004	0.961529
2432.37800002	0.961529
2434.37900019	0.961529
2436.4289999	0.961529
2438.37100005	0.961529
2440.38100004	0.961529
2442.38199997	0.961529
2444.38199997	0.961529
2446.38999987	0.961529
2448.39299989	0.961529
2450.37800002	0.961529
2452.39099979	0.961529
2454.40999985	0.961529
2456.398	0.961529
2458.38000011	0.961529
2460.4059999	0.961529
2462.38800001	0.961529
2464.38000011	0.961529
2466.38599992	0.961529
2468.38400006	0.961529
2470.40400004	0.961529
2472.38100004	0.961529
2474.40699983	0.961529
2476.40899992	0.961529
2478.37399983	0.961529
2480.3829999	0.961529
2482.4000001	0.961529
2484.3829999	0.961529
2486.39299989	0.961529
2488.37199998	0.961529
2490.38000011	0.961529
2492.38199997	0.961529
2494.39600015	0.961529
2496.38999987	0.961529
2498.40300012	0.961529
2500.37700009	0.961529
2502.41100001	0.961529
2504.40300012	0.961529
2506.39099979	0.961529
2508.40899992	0.961529
2510.38400006	0.961529
2512.40899992	0.961529
2514.42999983	0.961529
2516.38999987	0.961529
2518.37700009	0.961529
2520.38400006	0.961529
2522.38599992	0.961529
2524.37800002	0.961529
2526.40100002	0.961529
2528.37199998	0.961529
2530.37800002	0.961529
2532.39199996	0.961529
2534.3829999	0.961529
2536.38700008	0.961529
2538.37800002	0.961529
2540.38400006	0.961529
2542.38899994	0.961529
2544.4000001	0.961529
2546.39899993	0.961529
2548.38599992	0.961529
2550.37100005	0.961529
2552.38000011	0.961529
2554.37199998	0.961529
2556.38199997	0.961529
2558.38700008	0.961529
2560.38999987	0.961529
2562.38000011	0.961529
2564.38899994	0.961529
2566.37700009	0.961529
2568.3829999	0.961529
2570.37499976	0.961529
2572.38100004	0.961529
2574.40100002	0.961529
2576.3829999	0.961529
2578.37800002	0.961529
2580.38700008	0.961529
2582.37800002	0.961529
2584.4000001	0.961529
2586.38800001	0.961529
2588.37900019	0.961529
2590.37199998	0.961529
2592.40100002	0.961529
2594.38700008	0.961529
2596.4000001	0.961529
2598.38700008	0.961529
2600.62199998	0.961529
2602.38400006	0.961529
2604.38700008	0.961529
2606.62800002	0.961529
2608.63199997	0.961529
2610.63899994	0.961529
2612.63199997	0.961529
2614.63199997	0.961529
2616.62999988	0.961529
2618.62199998	0.961529
2620.63399982	0.961529
2622.62700009	0.961529
2624.6190002	0.961529
2626.62599993	0.961529
2628.64100003	0.961529
2630.66700006	0.961529
2632.67500019	0.961529
2634.63899994	0.961529
2636.64899993	0.961529
2638.65900016	0.961529
2640.625	0.961529
2642.63199997	0.961529
2644.6309998	0.961529
2646.65100002	0.961529
2648.65900016	0.961529
2650.65299988	0.961529
2652.65799999	0.961529
2654.63199997	0.961529
2656.63600016	0.961529
2658.6329999	0.961529
2660.63800001	0.961529
2662.63199997	0.961529
2664.63199997	0.961529
2666.63600016	0.961529
2668.63199997	0.961529
2670.62700009	0.961529
2672.63199997	0.961529
2674.63800001	0.961529
2676.6309998	0.961529
2678.65600014	0.961529
2680.65100002	0.961529
2682.62400007	0.961529
2684.62999988	0.961529
2686.62299991	0.961529
2688.6190002	0.961529
2690.67099977	0.961529
2694.30199981	0.094468
2695.06800008	1.410686
2696.62999988	1.136718
2698.65299988	1.106552
2700.62700009	1.26259
2706.98000002	0.118585
2707.47600007	0.23181
2708.28699994	1.163082
2708.98000002	0.789395
2710.62400007	0.789395
2712.73699999	1.087519
2714.63500023	1.087519
2719.29200006	0.167648
2720.19400001	0.883324
2720.62700009	0.883324
2722.66999984	0.844166
2724.63500023	0.63001
2726.63500023	0.772958
2728.65400004	0.772958
2730.62100005	0.14524
2732.88999987	0.255326
2734.64400005	0.273211
2736.6329999	0.41756
2738.63199997	0.41756
2740.63399982	0.636134
2742.65400004	0.636134
2744.63399982	0.636134
2746.63800001	0.604775
2748.66000009	0.565301
2754.10800004	0.565301
2755.05599999	0.546457
2757.18799996	0.114669
2759.73799992	0.251329
2760.6400001	0.466291
2768.34000015	0.054148
2769.12199998	0.724232
2769.67799997	0.805588
2769.97000003	0.750721
2773.34299994	0.750721
2773.75200009	0.451853
2774.07099986	0.451853
2776.07599998	0.433301
2778.68300009	0.001626
2779.00999999	0.26875
2780.63600016	0.596598
2785.17400002	0.122677
2785.90799999	0.767407
2786.625	0.767407
2794.49100018	0.0879
2795.44099998	0.772071
2798.78400016	0.138595
2800.06599998	0.437782
2800.77600002	0.412459
2803.05999994	0.054566
2803.38999987	0.303105
2803.70899987	0.303105
2804.62400007	0.832583
2806.63700008	0.832583
2811.99099994	0.007894
2813.329	0.931492
2816.523	0.28453
2817.20599985	0.62989
2818.60599995	0.291071
2820.92999983	0.294937
2821.64599991	0.853881
2823.34100008	0.228625
2825.14199996	0.249042
