0.0	0.732584
0.058000087738	1.083487
0.119999885559	0.235911
0.177000284195	1.049638
0.226999998093	1.049638
0.299000024796	1.234709
0.386000156403	1.172649
0.5	1.150738
1.21500015259	1.049018
3.21199989319	1.196849
5.21900010109	1.189409
7.21500015259	1.18152
9.21299982071	1.07649
11.2079999447	1.21945
13.2109999657	1.201353
15.2200000286	1.19776
17.2070000172	1.225363
19.2190001011	1.044608
21.2209999561	1.216456
23.2100000381	1.174647
25.2190001011	1.218274
27.2860000134	1.223522
29.2070000172	1.181567
31.2200000286	1.184437
33.2049999237	1.225376
35.2119998932	1.187024
37.2160000801	1.143102
39.2079999447	1.237437
41.2230000496	0.314038
43.2119998932	1.18902
45.2090001106	1.203329
47.2090001106	1.162863
49.2180001736	1.249056
51.2190001011	1.170775
53.2119998932	1.189719
55.2180001736	1.204501
57.2190001011	1.21537
59.2190001011	1.17269
61.2200000286	1.035644
63.2160000801	1.219133
65.2190001011	1.188654
67.4590001106	1.15841
69.2190001011	1.211208
71.2200000286	0.360921
73.4639999866	0.116525
75.4689998627	1.165668
77.4700000286	1.196689
79.4689998627	1.194958
81.4689998627	1.168133
83.3159999847	0.370006
85.4600000381	0.406353
87.4590001106	1.155242
89.4700000286	1.129331
91.4700000286	1.199363
93.4700000286	1.228377
95.4590001106	0.642225
97.4689998627	1.231201
99.4590001106	1.143573
101.468999863	1.200287
103.470999956	1.1731
105.473000288	1.229887
107.315000057	1.229838
109.460000038	0.277566
111.460999966	1.184824
113.465000153	1.083393
115.468999863	1.195325
117.470000029	1.216841
119.457000256	1.165131
121.457000256	1.208609
123.467999935	1.173781
125.470000029	1.223129
127.457000256	1.236114
129.459000111	1.060258
131.299999952	1.233
133.467999935	1.123851
135.537000179	1.183486
137.388999939	0.881631
139.425000191	0.410864
141.475000143	1.226666
143.463000059	1.140048
145.54399991	1.122972
147.470000029	1.104387
149.458000183	1.216232
151.624000072	0.233471
153.457000256	1.211534
155.460000038	1.209654
157.470999956	1.172873
159.459000111	0.377939
161.460000038	1.199405
163.458000183	1.015822
165.46600008	1.233072
167.460000038	1.223613
