0.0	4.802616
0.148000001907	3.207644
0.255000114441	3.207644
0.421000242233	4.307313
0.602000236511	3.408893
0.897000074387	4.348609
1.07400012016	6.096239
1.49100017548	2.655902
1.89800024033	1.956204
3.58900022507	2.924446
5.58900022507	4.669655
7.59100008011	3.1153
9.59299993515	4.476301
11.595000267	3.679694
13.5900001526	4.086025
15.5900001526	2.165602
17.5929999352	4.286066
19.5900001526	1.472725
21.5900001526	3.34007
23.5900001526	1.707078
25.5920000076	3.010148
27.7160000801	2.414076
29.5900001526	2.366876
31.5890002251	1.990136
33.5890002251	2.69478
35.5890002251	2.288662
37.6070001125	2.459431
39.5940003395	1.019799
41.5910000801	1.196066
43.5900001526	1.685092
45.5929999352	2.679187
47.5900001526	2.296333
49.5900001526	2.656789
51.5890002251	2.547251
53.5929999352	1.99621
55.5900001526	1.920467
57.5910000801	4.221161
59.5920000076	1.842611
61.6310002804	2.887422
63.5910000801	2.564808
65.5900001526	3.774328
67.5900001526	1.246545
69.5960001945	1.756239
71.5940003395	1.37383
73.5920000076	2.604676
75.595000267	1.800136
77.5900001526	2.118714
79.5910000801	2.104836
81.5910000801	2.883295
83.5910000801	2.119461
85.5910000801	3.634759
87.5910000801	2.581435
89.5910000801	4.19872
91.5910000801	3.599169
93.5900001526	5.347299
95.5910000801	2.734213
97.5910000801	2.382271
99.5900001526	3.264821
101.59100008	1.33904
103.59100008	4.674873
105.592000008	5.046693
107.59100008	4.04138
109.592000008	4.013278
111.59100008	3.649502
113.59100008	3.31775
115.59100008	3.236721
117.59400034	3.273018
119.59100008	3.972174
121.59400034	3.250012
123.592000008	2.956651
125.59100008	5.139704
127.59100008	4.503968
129.59100008	4.503968
131.59100008	2.310451
133.592000008	4.159932
135.592000008	1.958817
137.592000008	2.740296
139.59100008	3.887796
141.59100008	4.94521
143.857000113	4.94521
145.902000189	4.94521
147.84100008	4.94521
149.847000122	4.94521
151.843000174	2.786843
153.842000246	3.840784
155.844000101	4.214311
157.850000143	4.263918
159.843000174	3.383325
161.843000174	3.955097
163.843000174	4.584142
165.844000101	4.437457
167.843000174	3.668063
169.844000101	3.116707
171.845000267	2.559491
173.848999977	4.350719
175.842000246	2.675063
177.843000174	3.964161
179.842000246	4.088434
181.843000174	4.176012
183.842000246	2.965703
185.844000101	3.613502
187.844000101	2.62227
189.846000195	4.168486
191.845000267	3.559049
193.844000101	3.527754
195.853000402	2.640204
197.844000101	4.557074
199.847000122	3.217078
201.844000101	4.455637
203.845000267	2.614272
205.844000101	4.065953
207.843000174	3.491229
209.844000101	5.178352
211.848999977	3.916353
213.843000174	4.421253
215.844000101	3.069863
217.844000101	3.809475
219.844000101	2.475745
221.845000267	5.325335
223.844000101	2.000185
225.844000101	4.217426
227.850000143	3.84965
229.853000402	3.784098
231.844000101	2.083233
233.844000101	3.907708
235.845000267	2.408192
237.84800005	3.892041
239.863000154	3.892041
241.845000267	3.298745
243.846000195	2.640599
245.844000101	2.731176
247.843000174	1.881786
