0.0	1.933371
0.225000143051	1.933371
0.511000156403	1.933371
0.948000192642	2.972128
1.38499999046	3.218704
1.79399991035	3.324244
2.20600008965	3.137678
2.96600008011	2.815937
3.42599987984	3.654806
3.85899996758	3.459203
5.53699994087	0.32144
7.53600001335	2.460554
9.79299998283	3.391637
11.7980000973	2.447958
13.7920000553	3.318052
15.7899999619	3.423574
17.7939999104	3.314799
19.7980000973	3.314799
21.7910001278	2.201047
23.7980000973	3.401037
25.7960000038	3.191053
27.7990002632	3.491956
29.7869999409	3.403113
31.7899999619	3.403113
33.7949998379	0.385474
35.7970001698	3.468997
37.7890000343	3.468997
39.7920000553	3.267909
41.8050000668	0.221599
43.7910001278	1.21851
45.7860000134	2.9597
47.7899999619	3.488971
49.7960000038	3.488971
51.7880001068	3.26139
53.7920000553	0.11391
55.7910001278	0.068466
57.7990002632	0.17039
59.8000001907	3.380601
61.7949998379	0.225821
63.7860000134	3.38196
65.7949998379	0.311721
67.7949998379	3.388489
69.8139998913	3.388489
71.7869999409	3.514628
73.7990002632	3.506798
75.7960000038	2.948166
77.7920000553	3.412713
79.7899999619	3.360906
81.7960000038	0.821852
83.7990002632	1.728261
86.0349998474	3.53404
87.7910001278	3.062715
90.0380001068	3.47851
92.0390002728	0.094339
94.0369999409	3.232856
96.0410001278	0.332521
98.0429999828	3.446851
100.045000076	3.573009
102.045000076	3.573009
104.036999941	3.573009
106.036999941	3.573009
108.044000149	3.573009
110.044000149	3.573009
111.960000038	3.630965
114.049999952	3.174199
116.045000076	3.543232
118.038000107	0.014498
120.041000128	3.414686
122.046000004	3.108437
124.038000107	0.11642
126.042999983	3.404354
128.04700017	0.0098
130.042000055	0.33061
132.042000055	3.370231
134.049000025	3.427874
135.960999966	0.667919
138.041000128	1.191939
140.044000149	0.410974
142.049000025	3.499006
144.052000046	3.49101
146.034999847	0.023252
148.048000097	0.450193
150.049000025	0.138119
152.036999941	0.009235
154.049999952	1.219421
156.039000273	2.620998
158.05099988	0.09081
159.954999924	3.522229
162.049000025	2.873632
164.04700017	0.599524
166.049000025	3.447536
168.05700016	0.134878
170.041000128	0.594407
172.041000128	0.710688
174.046000004	0.924589
176.044000149	3.005099
178.042000055	3.005099
180.034999847	3.320041
182.0400002	3.483352
183.959000111	3.21279
186.042000055	3.21279
188.071000099	3.438394
190.049000025	3.438394
192.042000055	1.206483
194.038000107	3.462896
196.038000107	0.023549
198.042000055	3.390566
200.044000149	2.029296
202.038000107	1.660382
204.036000013	3.414337
206.045000076	1.975379
207.964000225	3.446855
210.049999952	2.656049
212.044000149	3.380848
214.042999983	3.395171
216.044000149	3.542602
218.042999983	3.485936
220.045000076	3.525857
222.045000076	0.683364
224.0400002	3.474912
226.038000107	3.526043
228.042999983	3.2081
230.049999952	3.527845
231.968000174	0.484456
234.049000025	3.45645
236.041000128	2.245294
238.053999901	0.125429
240.038000107	0.130365
242.036999941	3.586869
244.04700017	3.421136
246.048000097	3.320156
248.0400002	3.342762
250.045000076	3.305178
252.045000076	3.305178
254.038000107	3.305178
256.036000013	3.440677
258.045000076	3.383825
260.03399992	3.51509
262.042000055	3.22306
264.04700017	3.417818
266.044000149	3.244808
268.036999941	3.244808
270.041000128	3.244808
272.045000076	3.244808
274.044000149	3.244808
276.045000076	3.244808
278.049000025	3.244808
280.044000149	3.244808
282.049000025	3.244808
284.042999983	3.244808
286.042000055	3.443573
288.048000097	3.491771
290.036000013	0.488329
292.042999983	0.012234
294.044000149	3.465761
296.041000128	0.241423
298.041000128	3.428386
300.055000067	3.39571
302.042999983	3.412313
304.056000233	3.412313
306.044000149	3.429401
308.036999941	3.483853
310.038000107	3.483853
312.049000025	3.450117
314.042000055	3.460562
316.042000055	3.421261
318.048000097	3.611489
320.049000025	0.084395
322.0400002	3.479177
324.044000149	3.240403
326.036000013	3.183881
328.0400002	3.448802
330.042000055	3.372875
332.041000128	3.342698
334.045000076	3.228346
336.052999973	3.47333
338.042000055	3.401944
340.044000149	3.425879
342.045000076	3.454652
344.292999983	3.516737
346.292999983	0.006094
348.298000097	0.548113
350.286000013	3.518763
352.289999962	3.357436
354.29700017	0.006055
356.292000055	0.089963
358.299000025	0.126453
360.292000055	3.249794
362.299000025	3.433563
364.292000055	3.414888
366.213999987	3.359619
368.289999962	0.351352
370.287000179	3.634173
372.300000191	3.414466
374.290999889	3.429985
376.288000107	3.488562
378.290999889	3.454547
380.295000076	3.454547
382.285000086	3.059537
384.290999889	3.438518
386.292999983	3.515149
388.295000076	3.435155
390.201999903	3.501268
392.313999891	3.059475
394.292000055	3.421083
396.29700017	3.421083
398.295000076	3.372398
400.292000055	3.471347
402.29700017	3.471347
404.288000107	3.471347
406.298000097	3.268717
408.292000055	3.268717
410.304000139	3.454096
412.284000158	3.434179
414.20600009	3.458923
416.290999889	0.015511
418.29399991	3.196083
420.299000025	3.466896
422.296000004	3.504314
424.302000046	3.219968
426.286000013	3.263822
428.288000107	3.474944
430.292000055	3.50837
432.309000015	3.504306
434.292000055	3.471875
436.295000076	2.323094
438.19900012	3.475614
440.288000107	3.475614
442.292000055	3.467926
444.287000179	3.442544
446.289000034	0.030152
448.286000013	3.420796
450.298000097	3.473006
452.286000013	3.554628
454.289999962	3.554628
456.287000179	3.482233
458.290999889	3.306262
460.290999889	3.284617
462.21600008	3.314771
464.287000179	3.080343
466.292000055	3.360194
468.29700017	3.541505
470.292000055	0.013597
472.295000076	3.256162
474.289000034	3.489943
476.292999983	3.215022
478.292000055	3.43546
480.287000179	3.364148
482.289999962	3.49934
484.29399991	3.476568
486.204000235	0.480526
488.299000025	3.44454
490.29700017	3.299585
492.288000107	3.428656
494.292999983	3.352135
496.284000158	3.420269
498.299000025	3.154565
500.286000013	3.429279
502.286000013	3.488461
504.29399991	3.473584
506.295000076	3.436986
508.298000097	0.859926
510.29399991	3.363317
512.292999983	3.365437
514.300000191	0.187261
516.299000025	3.672763
518.287000179	3.013133
520.299000025	3.380784
522.288000107	3.047358
524.298000097	3.379145
526.286000013	3.47699
528.289000034	3.442001
530.301000118	3.190168
532.29700017	3.190168
534.29700017	3.190168
536.288000107	3.190168
538.289999962	3.190168
540.295000076	3.190168
542.286000013	3.190168
544.285000086	3.190168
546.290999889	3.190168
548.296000004	3.190168
550.285000086	3.190168
552.290999889	3.190168
554.298000097	3.190168
556.296000004	3.190168
558.284000158	3.190168
560.292000055	3.190168
562.295000076	3.422204
564.289000034	3.029722
566.292000055	3.360122
568.29399991	0.476143
570.292000055	3.417304
572.292000055	3.461507
574.284000158	3.498953
576.29399991	0.100272
578.296000004	0.48162
580.29700017	3.397427
582.295000076	3.406292
584.288000107	3.475955
586.290999889	1.03872
588.292999983	3.255604
590.536000013	3.339973
592.539000034	3.339973
594.5400002	3.279866
596.29700017	3.200554
598.536999941	3.426377
600.541000128	3.387938
602.549000025	3.427601
604.548000097	3.487137
606.545000076	3.433584
608.548000097	3.433584
610.536000013	3.45411
612.546999931	3.310836
614.548000097	3.351713
616.549000025	3.710052
618.548000097	2.171669
620.546999931	0.237746
622.536000013	3.485293
624.538000107	3.289309
626.5400002	0.009923
628.548000097	1.265261
630.538000107	3.243956
632.5400002	3.411864
634.549000025	3.471537
636.546000004	3.462318
638.536000013	3.419358
640.5400002	3.419358
642.543000221	0.377638
644.546000004	3.404487
646.538000107	3.404487
648.545000076	1.968671
650.536999941	3.358009
652.53399992	3.358009
654.542000055	3.358009
656.544000149	3.492711
658.539000034	3.470793
660.546999931	3.583626
662.539000034	3.351837
664.548000097	3.299914
666.549999952	1.591324
668.545000076	3.649453
670.535000086	3.525653
672.548000097	3.396563
674.548000097	2.995498
676.541000128	3.412688
678.543000221	2.939457
680.5400002	3.588693
682.536000013	3.167817
684.538000107	3.465392
686.5400002	3.396358
688.542000055	0.487388
690.545000076	3.617097
692.546000004	3.490615
694.543000221	3.684775
696.548000097	3.49936
698.536999941	0.485982
700.544000149	0.098991
702.536999941	3.241192
704.543000221	3.086356
706.544000149	3.393125
708.551000118	3.460363
710.554999828	1.099397
712.545000076	0.489204
714.536000013	3.343218
716.539000034	3.202527
718.535000086	3.018067
720.5400002	3.213465
722.544000149	3.19652
724.544000149	2.858977
726.536000013	2.858977
728.545000076	2.858977
730.535000086	3.211663
732.539000034	3.432154
734.535000086	3.075245
736.541000128	0.516495
738.545000076	3.343559
