0.0	1.205629
0.917999982834	1.592988
1.49099993706	1.581041
2.68800020218	0.930171
3.52300000191	1.988334
3.6210000515	1.988334
3.72699999809	1.988334
3.8679997921	1.988334
3.98199987411	1.988334
4.23699998856	1.988334
6.24300003052	1.988334
8.2389998436	1.988334
10.2359998226	1.988334
12.2359998226	1.988334
14.2369999886	1.988334
16.25	1.988334
18.2409999371	1.988334
20.2369999886	1.363017
22.2379999161	1.341529
24.2359998226	1.341529
26.2359998226	1.341529
28.2369999886	1.341529
30.2389998436	1.341529
32.2369999886	1.341529
34.2379999161	1.341529
36.2369999886	1.341529
38.2419998646	1.341529
40.2430000305	1.341529
42.2369999886	0.218538
44.2379999161	0.257513
46.2379999161	0.364324
48.2379999161	0.378318
50.2379999161	0.473276
52.2379999161	0.668607
54.2389998436	0.668607
56.2369999886	0.737626
58.2409999371	0.711425
60.2369999886	0.711637
62.4869999886	0.711637
64.4989998341	0.711637
66.4869999886	0.735726
68.4930000305	0.735726
70.4880001545	0.827307
72.4880001545	0.835287
74.4079999924	0.79182
77.0970001221	0.79182
78.4909999371	0.79182
80.489000082	0.155076
82.9290001392	0.416458
84.4919998646	0.843893
86.4880001545	0.749411
88.4880001545	0.881676
90.4880001545	0.894762
92.4869999886	0.850423
94.4880001545	0.902491
96.4880001545	0.778034
98.3949999809	0.939909
100.491999865	0.939909
102.488000154	0.939909
104.49000001	0.939909
106.488000154	0.939909
108.488000154	0.939909
110.488000154	0.874704
112.489000082	0.874704
114.49000001	0.912413
116.489000082	0.912413
118.489000082	0.936709
120.49000001	0.936709
122.40199995	0.915482
124.491999865	0.915482
126.489000082	0.915482
128.49000001	0.915482
