0.0	0.425757
0.230000019073	0.316525
0.460999965668	0.375437
0.59600019455	0.375437
0.723999977112	0.375437
0.954000234604	0.505247
1.08899998665	0.505247
1.24900007248	0.505247
1.38400006294	0.505247
3.44499993324	0.561129
5.43799996376	0.561129
7.44700026512	0.561129
9.43400025368	0.561129
11.4459998608	0.561129
13.4360001087	0.561129
15.4390001297	0.561129
17.4379999638	0.561129
19.4470002651	0.561129
21.4539999962	0.561129
23.4440000057	0.561129
25.4379999638	0.561129
27.4480001926	0.62323
29.4409999847	0.62323
31.4379999638	0.62323
33.4379999638	0.62323
35.4350001812	0.62323
37.4470002651	0.62323
39.4370000362	0.62323
41.4510002136	0.62323
43.4409999847	0.62323
45.4420001507	0.62323
47.4520001411	0.62323
49.4400000572	0.62323
51.4470002651	0.62323
53.4400000572	0.62323
55.4360001087	0.62323
57.4490001202	0.62323
59.4400000572	0.62323
61.4449999332	0.62323
63.4420001507	0.62323
65.4500002861	0.62323
67.4400000572	0.62323
69.4400000572	0.62323
71.4440000057	0.62323
73.4520001411	0.62323
75.4430000782	0.62323
77.4379999638	0.62323
79.4470002651	0.62323
81.4360001087	0.62323
83.4510002136	0.62323
85.4440000057	0.62323
87.4409999847	0.62323
89.4360001087	0.62323
91.4430000782	0.62323
93.4459998608	0.62323
95.4430000782	0.62323
97.6160001755	0.62323
99.6930000782	0.62323
101.445999861	0.62323
103.68599987	0.62323
105.450000286	0.62323
107.696000099	0.62323
109.690000296	0.62323
111.692000151	0.62323
113.700000048	0.62323
115.696000099	0.62323
117.694000006	0.62323
119.703999996	0.62323
121.616000175	0.62323
124.007000208	0.62323
125.693000078	0.62323
127.701999903	0.62323
129.695000172	0.62323
131.687000275	0.62323
133.698000193	0.62323
135.695000172	0.62323
137.687000275	0.62323
139.696000099	0.62323
141.68900013	0.62323
143.700000048	0.62323
145.604000092	0.62323
147.697000027	0.62323
149.697000027	0.62323
151.693000078	0.62323
153.690000296	0.62323
155.693000078	0.62323
157.693000078	0.62323
159.694000006	0.62323
161.694000006	0.62323
163.703000069	0.62323
165.701999903	0.62323
167.700000048	0.62323
169.605999947	0.62323
171.703000069	0.62323
173.701999903	0.071327
175.692000151	0.196235
177.696000099	0.196235
179.687000275	0.26887
181.692000151	0.37401
183.687000275	0.37401
185.693000078	0.497513
187.695000172	0.497513
189.695000172	0.534698
191.69900012	0.534698
193.684999943	0.535889
195.695000172	0.52846
197.695000172	0.52846
199.698000193	0.454159
201.691000223	0.454159
203.700000048	0.547865
205.690000296	0.547865
207.696000099	0.547865
209.698000193	0.547865
211.701999903	0.547865
213.706000328	0.103728
215.684999943	0.220548
217.68900013	0.518124
219.690000296	0.502517
221.700000048	0.502517
223.697000027	0.533536
225.68599987	0.533536
227.697000027	0.537873
229.700999975	0.537873
231.688000202	0.537873
233.693000078	0.524104
235.68599987	0.524104
237.693000078	0.537307
239.696000099	0.537307
241.680999994	0.583177
243.697000027	0.583177
245.703000069	0.583177
247.693000078	0.577575
249.694000006	0.577575
251.696000099	0.594581
253.703000069	0.594581
255.694000006	0.594581
257.698000193	0.63829
259.688000202	0.63829
261.695000172	0.609772
263.691000223	0.609772
265.68599987	0.609772
267.68900013	0.609772
269.696000099	0.609772
271.698000193	0.609662
273.692000151	0.609662
275.695000172	0.632069
277.694000006	0.632069
279.701999903	0.632069
281.691000223	0.610787
283.700999975	0.610787
285.695000172	0.609432
287.684999943	0.609432
289.684999943	0.626022
291.709000111	0.626022
293.697000027	0.626022
295.700000048	0.608886
297.687000275	0.608886
299.703000069	0.619731
301.696000099	0.619731
303.693000078	0.619731
305.694000006	0.610591
307.697000027	0.610591
309.698000193	0.621397
311.694000006	0.621397
313.68200016	0.587301
315.693000078	0.587301
317.698000193	0.587301
319.68900013	0.621198
321.700000048	0.621198
323.691000223	0.621591
325.694000006	0.621591
327.697000027	0.621591
329.703999996	0.600474
331.700000048	0.008485
333.696000099	0.469788
335.692000151	0.587769
337.697000027	0.578603
339.692000151	0.578603
341.692000151	0.578603
343.696000099	0.588933
345.700000048	0.588933
347.940999985	0.617412
349.696000099	0.617412
351.93200016	0.598935
353.938000202	0.598935
355.940999985	0.588991
357.953000069	0.619886
359.937000036	0.619886
361.941999912	0.542433
363.952000141	0.542433
365.944000006	0.542433
367.947000265	0.621728
369.940999985	0.621728
371.93900013	0.605614
373.948000193	0.605614
375.935000181	0.628787
377.944999933	0.628787
379.955000162	0.628787
381.94900012	0.61939
383.953000069	0.61939
385.940999985	0.606824
387.946000338	0.606824
389.952000141	0.606824
391.938000202	0.606824
393.948000193	0.606824
395.954000235	0.631001
397.947000265	0.631001
399.931000233	0.622055
401.947000265	0.622055
403.936000109	0.622055
405.940000057	0.621677
407.94900012	0.621677
409.936000109	0.602062
411.946000338	0.602062
413.950000048	0.602062
415.938000202	0.611705
417.938000202	0.627514
419.937000036	0.625088
421.938000202	0.625088
423.936000109	0.615563
425.951000214	0.615563
427.940999985	0.615563
429.947000265	0.624299
431.947000265	0.624299
433.94900012	0.630723
435.93900013	0.630723
437.951000214	0.630723
439.941999912	0.611507
441.947000265	0.611507
443.944000006	0.622342
445.94900012	0.622342
447.933000088	0.610665
449.94900012	0.610665
451.940999985	0.610665
453.948000193	0.631127
455.938000202	0.631127
457.944000006	0.631406
459.935000181	0.631406
461.953000069	0.631406
463.944000006	0.621597
465.94900012	0.621597
467.936000109	0.610128
469.935000181	0.610128
471.934000015	0.617345
473.94900012	0.617345
475.954000235	0.617345
477.947000265	0.624234
479.937000036	0.624234
481.951000214	0.632354
483.941999912	0.632354
485.935000181	0.632354
487.94900012	0.630353
489.946000338	0.630353
491.952000141	0.605348
493.950000048	0.605348
495.940999985	0.633199
497.937000036	0.633199
499.947000265	0.633199
501.952000141	0.635463
503.950000048	0.635463
505.943000078	0.613895
507.947000265	0.613895
509.946000338	0.613895
511.95600009	0.621616
513.944000006	0.621616
515.954000235	0.610565
517.948000193	0.610565
519.93200016	0.60516
521.948000193	0.60516
523.944000006	0.60516
525.943000078	0.611482
527.940000057	0.611482
529.951000214	0.620998
531.941999912	0.620998
533.940999985	0.611068
535.951000214	0.622196
537.943000078	0.622196
539.940999985	0.621252
541.940999985	0.621252
543.931000233	0.620165
545.950000048	0.620165
547.947000265	0.620165
549.940000057	0.5822
551.94900012	0.5822
553.943000078	0.598441
555.947000265	0.598441
557.937000036	0.598441
559.952000141	0.65089
561.941999912	0.65089
563.950000048	0.6305
565.943000078	0.6305
567.930000305	0.639589
569.948000193	0.639589
571.944999933	0.639589
573.938000202	0.644352
575.947000265	0.644352
577.946000338	0.629568
579.941999912	0.629568
581.944999933	0.629568
583.941999912	0.655917
585.948000193	0.655917
587.940999985	0.64187
589.952000141	0.64187
591.941999912	0.640535
593.954000235	0.640535
595.944999933	0.640535
597.950000048	0.631257
600.200999975	0.631257
602.194000244	0.610912
603.954000235	0.610912
606.196000099	0.610912
608.18900013	0.610912
610.194000244	0.610912
612.190000057	0.614807
614.195000172	0.614807
616.204999924	0.609782
618.192000151	0.609782
620.196000099	0.609782
622.200999975	0.63922
624.197999954	0.63922
626.191000223	0.610038
628.195000172	0.610038
630.197999954	0.610038
632.195000172	0.610038
634.19900012	0.610038
636.18900013	0.609492
638.190000057	0.609492
640.194000244	0.595486
642.203000069	0.338728
644.197000027	0.338728
646.195000172	0.338728
648.197999954	0.338728
650.202000141	0.627024
652.193000078	0.627024
654.197000027	0.627024
656.18900013	0.609051
658.193000078	0.609051
660.203000069	0.609051
662.187000275	0.609051
664.19900012	0.621219
666.202000141	0.636543
668.192000151	0.636543
670.204999924	0.633469
672.18900013	0.633469
674.19900012	0.611028
676.18900013	0.611028
678.197999954	0.677419
680.200000048	0.677419
682.200999975	0.677419
684.191000223	0.677419
686.195000172	0.677419
688.200999975	0.677419
690.192000151	0.677419
692.197000027	0.677419
694.203999996	0.677419
696.19900012	0.677419
698.195000172	0.677419
700.19900012	0.677419
702.197000027	0.677419
704.197000027	0.677419
706.197000027	0.677419
708.197999954	0.660172
710.194000244	0.660172
712.203999996	0.634728
714.200999975	0.634728
716.194000244	0.634728
718.19900012	0.644643
720.191000223	0.644643
722.196000099	0.647892
724.194000244	0.647892
726.200000048	0.647892
728.193000078	0.647892
730.203000069	0.647892
732.195000172	0.610777
734.18900013	0.610777
736.19900012	0.652016
738.19900012	0.652016
740.205999851	0.652016
742.197000027	0.643424
744.196000099	0.643424
746.197000027	0.643424
748.196000099	0.643424
750.19900012	0.643424
752.190000057	0.665963
754.200000048	0.665963
756.196000099	0.665963
758.188000202	0.665963
760.188000202	0.667168
762.196000099	0.667168
764.202000141	0.006879
766.19900012	0.658782
768.197999954	0.658782
770.195000172	0.654983
772.200000048	0.654983
774.192000151	0.654983
776.193000078	0.687546
778.195000172	0.687546
780.197000027	0.687546
782.193000078	0.687546
784.203000069	0.687546
786.194000244	0.687546
788.203000069	0.687546
790.193000078	0.687546
792.200000048	0.687546
794.191000223	0.687546
796.197000027	0.687546
798.188000202	0.687546
800.195000172	0.707188
802.200000048	0.707188
804.187000275	0.707188
806.204999924	0.707188
808.191000223	0.707188
810.207000256	0.707188
812.190000057	0.707188
814.197999954	0.707188
816.193000078	0.707188
818.192000151	0.707188
820.200000048	0.707188
822.200999975	0.707188
824.207000256	0.712977
826.18900013	0.712977
828.197000027	0.712977
830.196000099	0.712977
832.192000151	0.712977
834.188000202	0.712977
836.192000151	0.712977
838.188000202	0.712977
840.192000151	0.712977
842.197000027	0.712977
844.19900012	0.712977
846.194000244	0.712977
848.194000244	0.703378
850.202000141	0.703378
852.19900012	0.703378
854.197000027	0.703378
856.200000048	0.754359
858.447000265	0.754359
860.208000183	0.754359
862.43900013	0.754359
864.445999861	0.754359
866.447000265	0.754359
868.452000141	0.754359
870.405999899	0.754359
872.453000069	0.754359
874.453000069	0.754359
876.453999996	0.754359
878.44900012	0.754359
880.44900012	0.754359
882.453999996	0.754359
884.443000078	0.754359
886.448000193	0.754359
888.443000078	0.754359
