0.0	1.075869
0.328999757767	1.163073
0.551999807358	1.393669
0.770999908447	1.425001
1.05500006676	1.373135
1.28099989891	1.31075
1.8220000267	1.388636
2.07299971581	1.422153
2.27399992943	1.420606
4.40199995041	1.418422
6.40199995041	1.418422
8.40199995041	1.44047
10.4029998779	1.325484
12.4070000648	1.07086
14.9429998398	1.185233
16.4029998779	1.154636
18.4029998779	1.422999
20.4029998779	1.42672
22.4029998779	1.332099
24.4019999504	1.136379
26.4029998779	1.191294
28.4029998779	0.193685
30.4019999504	1.42928
32.4029998779	1.3122
34.4019999504	1.206271
36.4039998055	1.437506
38.4029998779	1.414917
40.4019999504	1.414917
42.4029998779	1.253432
44.4039998055	1.175047
46.4029998779	1.442155
48.4059998989	1.425442
50.4049999714	1.424892
52.4219999313	1.09461
54.4039998055	1.093563
56.4029998779	1.338461
58.4029998779	1.423953
60.4029998779	1.341749
62.4029998779	1.173145
64.4029998779	1.116724
66.4049999714	1.330655
68.2369999886	1.423375
70.4029998779	1.43298
72.4029998779	1.178989
74.4029998779	1.433235
76.4039998055	1.193765
78.9100000858	1.068037
80.4029998779	1.333415
82.4059998989	1.116347
84.4039998055	1.244786
86.3380000591	1.422277
88.4039998055	1.437394
90.4029998779	1.428282
92.4049999714	1.424875
94.4029998779	1.190812
96.4029998779	1.268644
98.4039998055	1.129248
100.403999805	1.392179
102.403999805	1.43606
104.402999878	1.423077
106.402999878	1.125959
108.403999805	1.420569
110.402999878	1.085628
112.403999805	1.429405
114.403999805	1.073315
116.378999949	1.434777
118.402999878	1.284381
120.402999878	1.168171
122.407000065	1.084099
124.40199995	1.100195
126.402999878	1.26231
128.404999971	1.414339
131.11500001	1.425768
132.402999878	1.423724
134.40199995	1.218332
136.40199995	1.426426
138.40199995	1.334459
140.402999878	1.406889
142.402999878	1.416922
144.40199995	1.371004
146.403999805	1.273657
148.402999878	1.263535
150.402999878	1.416605
152.403999805	1.276222
154.40199995	1.440443
156.400999784	1.417423
158.40199995	1.297057
160.40199995	1.297057
162.402999878	1.297057
164.402999878	1.428457
166.403999805	1.433936
168.40199995	1.180433
170.402999878	1.316908
172.403999805	1.197835
174.410000086	1.419388
176.403999805	1.430454
178.440999746	1.420144
180.402999878	1.217695
182.402999878	1.41248
184.402999878	1.428213
186.402999878	1.420833
188.40199995	1.199053
190.403999805	1.437399
192.402999878	1.091627
194.40199995	1.275543
196.402999878	1.289737
198.402999878	1.315692
200.40199995	1.272368
202.402999878	1.427877
204.402999878	1.43218
206.403999805	1.440403
208.403999805	1.426881
210.403999805	1.296949
212.402999878	1.0433
214.403999805	1.196101
216.403999805	1.023752
218.403999805	1.417943
220.405999899	1.417409
223.457999945	1.417981
226.871999979	1.28052
229.842999935	1.417456
233.047999859	1.180038
234.984999895	1.048179
238.138000011	1.191846
241.97300005	0.328263
242.414999962	1.261382
242.725000143	1.377752
243.055999994	1.269054
243.739999771	1.258345
244.402999878	1.264544
246.653000116	1.201201
248.654000044	1.319136
250.654000044	1.336973
252.653000116	1.252308
254.653000116	1.196127
256.542000055	1.241299
258.653000116	1.149263
260.653000116	1.394274
262.654999971	1.41613
264.661999941	1.058213
267.389000177	1.380528
270.352999926	0.298248
272.677999973	1.344992
275.904999733	0.901915
279.840999842	0.174959
283.394000053	1.25453
286.622999907	0.055868
290.018000126	1.081575
293.003999949	0.901977
295.815000057	1.041923
296.513999939	1.277845
297.67599988	1.207116
298.194999933	1.418787
298.831999779	1.438217
299.79399991	1.166338
303.657999992	0.844111
305.773000002	1.250367
306.235999823	1.207516
306.661999941	1.400165
307.434000015	1.411462
308.586999893	1.118404
309.700999975	0.208002
310.755999804	0.711138
312.654000044	1.263757
314.654000044	1.283934
316.653000116	0.539093
318.653000116	0.506677
320.653000116	1.284984
322.653000116	1.123306
324.653000116	1.194317
326.654000044	1.176753
328.542999983	1.402335
330.654000044	1.226071
332.654999971	1.087113
334.653000116	1.230455
336.653000116	1.209204
338.654000044	1.209204
340.654999971	1.184001
342.654000044	1.20636
344.654000044	1.26507
346.654000044	1.427627
348.654000044	0.89477
350.653000116	1.418965
352.542999983	1.201451
354.654000044	1.437285
356.655999899	1.429455
358.654000044	1.334642
360.653000116	1.210542
362.653000116	1.42446
364.654000044	1.359858
366.653000116	1.24579
368.65199995	1.428672
370.653000116	1.295018
372.654000044	1.436125
374.653000116	1.383345
376.542000055	1.292846
378.654000044	1.236841
380.654000044	1.239824
382.654999971	1.299218
384.653000116	1.389475
386.654000044	1.437048
388.65199995	1.416178
390.654000044	1.286714
392.654999971	1.300272
394.654000044	1.411457
396.654000044	1.416091
398.654000044	1.433595
400.657999992	1.412866
402.654000044	1.412866
404.654000044	1.154071
406.653000116	1.435605
408.654000044	1.353497
410.654000044	1.418054
412.654999971	1.216239
414.654999971	1.42793
416.654999971	1.190517
418.653000116	1.438082
420.654000044	1.407869
422.654000044	1.273197
424.653000116	1.247677
426.654000044	1.414429
428.653000116	1.23504
430.653000116	1.437948
432.654000044	1.295014
434.654000044	1.259266
436.654999971	1.442273
438.654999971	1.254919
440.654000044	1.348138
442.654000044	1.231869
444.654000044	1.250026
446.654999971	1.183048
448.654000044	1.417531
450.654999971	1.403794
452.655999899	1.17716
454.640999794	1.42095
456.654999971	1.418099
458.654000044	1.328549
460.654000044	1.297541
462.654999971	1.240299
464.654000044	1.423062
466.653000116	1.225465
468.654999971	1.421257
470.654999971	1.230837
472.654999971	1.419989
474.653000116	0.87983
476.654000044	1.408352
478.654000044	1.408352
480.654000044	1.428083
482.656999826	1.301062
484.654000044	1.156662
486.654000044	1.426024
488.655999899	1.321985
490.654999971	1.422538
492.654000044	1.276333
494.654000044	1.423815
496.653000116	1.252627
498.904999733	1.438436
500.904999733	1.422377
502.903999805	1.335208
504.905999899	1.418719
506.904999733	1.403522
508.904999733	1.428586
510.903999805	1.328125
512.904999733	1.224635
514.904999733	0.358441
516.903999805	1.420811
518.904999733	1.423082
520.904999733	1.173615
522.904999733	1.230374
524.904999733	1.177925
526.904999733	1.441214
528.903999805	1.219822
530.903999805	1.422103
532.904999733	1.429611
534.903999805	1.227128
536.903999805	1.433736
538.903999805	1.247202
540.903999805	1.231989
542.904999733	1.165245
544.903999805	1.192441
546.903999805	1.224208
548.902999878	1.433044
550.903999805	1.365996
552.902999878	1.284413
554.903999805	1.418703
556.904999733	1.32144
558.904999733	1.279705
560.905999899	1.297563
562.903999805	1.23344
564.904999733	1.424195
566.904999733	0.080371
568.73300004	1.212604
570.907000065	1.058847
572.905999899	1.445822
574.905999899	1.312371
576.904999733	1.368718
578.905999899	1.422788
580.904999733	1.428776
582.905999899	1.423073
584.815000057	1.434671
586.903999805	1.084424
588.993999958	1.289068
590.903999805	1.428627
592.903999805	1.434942
594.904999733	0.994906
596.903999805	1.431257
598.904999733	1.412598
600.905999899	1.428221
602.903999805	1.244903
604.903999805	1.433549
606.905999899	1.306448
608.903999805	1.178341
610.904999733	1.431836
612.905999899	1.438664
614.904999733	1.208064
616.905999899	1.223723
618.903999805	1.146119
620.904999733	1.42659
622.907999992	0.349112
624.907000065	1.423909
626.904999733	1.351527
628.905999899	1.426061
630.904999733	1.191212
632.905999899	1.424006
634.904999733	1.149922
636.904999733	0.977326
638.905999899	1.40263
640.905999899	1.440684
642.903999805	1.418734
644.904999733	1.408868
646.905999899	1.407004
648.903999805	1.391118
650.904999733	1.12186
652.904999733	1.407082
654.904999733	1.41921
656.904999733	1.216257
658.905999899	1.427525
660.904999733	0.600551
662.904999733	1.196103
664.905999899	1.044648
666.904999733	1.422585
668.904999733	1.411249
670.905999899	1.200453
672.904999733	1.16583
674.905999899	1.413711
676.907000065	1.428366
678.871000051	1.43591
680.905999899	1.032676
682.905999899	1.435266
684.905999899	1.318625
686.905999899	1.430179
688.905999899	1.414184
690.904999733	1.421041
692.905999899	1.419097
694.903999805	1.240634
696.904999733	1.252362
698.907000065	1.240645
700.904999733	1.244252
702.904999733	1.217072
704.904999733	1.220627
706.903999805	1.420135
708.905999899	1.439303
710.904999733	1.320508
712.904999733	1.393821
714.907000065	1.27741
716.904999733	1.409332
718.904999733	1.343466
720.904999733	1.209821
722.904999733	1.217053
724.905999899	0.350823
726.905999899	1.100482
728.904999733	0.925603
730.905999899	1.11472
732.907000065	1.109661
734.905999899	1.43729
736.905999899	1.418089
738.904999733	1.249693
740.904999733	1.419651
742.907000065	1.417307
744.904999733	1.420338
746.907000065	0.610201
748.904999733	1.241586
751.045000076	1.288823
753.155999899	1.421229
755.155999899	1.266825
757.154999971	1.234473
759.155999899	1.407397
761.154999971	1.419019
763.154999971	1.253187
765.155999899	1.301308
767.154999971	1.355679
769.154999971	1.430508
771.159999847	1.441149
773.154999971	1.425282
775.045000076	1.24685
777.155999899	1.10028
779.154999971	1.20363
781.155999899	1.417426
783.155999899	1.395981
785.155999899	1.413805
787.155999899	1.178637
789.155999899	1.406609
791.157000065	1.30732
793.157000065	1.439892
795.157000065	1.442144
797.154999971	1.431245
799.046000004	1.212515
801.154999971	1.430858
803.15899992	1.425013
805.157000065	1.315368
807.155999899	1.117448
809.157000065	1.432517
811.157000065	1.137335
813.155999899	1.058248
815.155999899	1.327294
817.157000065	1.42555
819.155999899	1.165828
821.154999971	1.429135
823.045000076	1.098003
825.157000065	1.4307
827.155999899	1.422182
829.155999899	1.428324
831.155999899	1.225004
833.155999899	1.336592
835.157000065	1.165702
837.155999899	1.133146
839.157000065	1.414044
841.155999899	1.110254
843.157000065	0.608924
845.155999899	0.369215
847.046999931	1.18452
849.155999899	1.25044
851.157000065	1.290542
853.155999899	1.256531
855.155999899	1.444405
857.155999899	1.204588
859.16899991	1.315669
861.157000065	1.284369
863.155999899	1.27307
865.155999899	1.262295
867.157999992	1.239132
869.155999899	1.423398
871.046000004	1.437577
873.155999899	1.281691
875.155999899	1.254883
877.155999899	1.307208
879.155999899	1.426223
881.155999899	1.233073
883.155999899	1.412933
885.154999971	1.252601
887.155999899	1.18123
889.155999899	1.282252
891.155999899	1.293518
893.155999899	1.376526
895.157000065	1.245204
897.157000065	1.246514
899.155999899	1.304802
901.155999899	1.42569
903.157000065	1.281138
905.155999899	1.428051
907.155999899	1.227898
909.155999899	1.165907
911.157000065	1.436521
913.157000065	1.196457
915.15899992	1.438637
917.157999992	1.181339
919.155999899	1.426782
921.155999899	1.435422
923.157000065	1.417761
925.155999899	1.440296
927.157999992	1.236921
929.157999992	1.060513
931.157999992	1.41481
933.157999992	1.416773
935.157999992	1.074823
937.155999899	1.104458
939.155999899	1.398073
941.155999899	1.240805
943.157999992	1.270504
945.155999899	1.272956
947.157000065	1.241631
949.157000065	1.072386
951.157000065	1.341587
953.157000065	1.146516
955.155999899	1.189969
957.157000065	1.401819
959.157000065	0.461489
961.155999899	1.146461
963.157000065	1.339668
965.157000065	1.224657
967.157999992	1.158548
969.157999992	1.116012
971.160999775	1.443358
973.157000065	1.433336
975.157999992	1.416686
977.155999899	1.169212
979.157000065	1.177016
981.157000065	1.00966
983.157000065	1.172441
985.157000065	1.183975
987.155999899	1.453879
989.155999899	1.2632
991.157000065	1.429162
993.157000065	1.247067
995.157000065	1.29835
997.157000065	1.438666
999.407000065	0.358911
1001.4059999	1.213962
1003.4059999	1.218263
1005.29900002	1.019216
1007.40799999	1.41529
1009.40499997	1.424985
1011.40700006	1.28093
1013.40700006	1.41828
1015.40700006	1.267837
1017.40700006	1.197808
1019.40700006	1.289584
1021.40700006	1.260933
1023.40700006	1.395906
1025.4059999	1.212059
1027.40700006	1.107058
1029.2980001	1.409342
1031.4059999	1.378151
1033.4059999	1.435727
1035.40799999	1.254405
1037.40700006	1.414841
1039.40700006	1.225376
1041.40700006	1.211674
1043.40700006	1.232853
1045.40700006	1.324117
1047.40799999	1.165785
1049.40700006	1.432084
1051.40700006	1.219779
1053.29900002	1.217958
1055.40700006	1.423643
1057.40799999	1.38943
1059.41100001	1.298427
1061.41100001	1.351171
1063.40700006	1.2385
1065.43899989	0.992307
1067.41100001	1.472573
1069.47099996	1.599644
1071.40799999	0.846773
1073.46200013	0.675804
1075.46700001	0.137637
1077.34100008	0.590773
1079.42499971	1.550868
1081.43499994	0.146567
1083.45300007	0.052949
1085.40700006	0.95927
1087.40700006	1.371333
1089.40700006	1.240634
1091.40700006	1.227452
1093.40700006	1.43864
1095.40700006	1.429314
1097.41100001	1.216396
1099.40700006	1.42452
1101.2980001	1.430333
1103.41000009	1.252591
1105.40700006	1.208589
1107.40700006	1.27533
1109.41199994	1.353003
1111.40700006	1.362487
1113.40899992	1.173144
1115.41300011	1.418764
1117.40700006	1.417615
1119.40799999	1.423643
1121.41100001	1.231751
1123.40700006	1.274042
1125.29599977	1.430463
1127.40799999	1.413106
1129.40700006	1.437702
1131.40799999	1.331374
1133.40700006	1.180127
1135.40799999	1.427445
1137.40700006	1.417749
1139.40700006	1.417477
1141.40899992	1.30012
1143.40899992	1.124061
1145.40799999	1.428557
1147.40799999	1.006401
1149.40799999	1.435936
1151.40700006	1.416884
1153.40700006	1.188386
1155.40700006	1.215919
1157.40700006	1.400292
1159.40700006	1.273289
1161.40700006	1.432322
1163.40700006	1.211713
1165.40799999	0.653119
1167.40700006	1.433412
1169.40700006	1.423853
1171.40700006	1.255366
1173.40700006	1.424085
1175.40700006	1.421121
1177.40799999	1.273682
1179.40799999	1.426484
1181.40799999	1.268458
1183.40899992	1.42309
1185.40799999	1.429097
1187.40799999	1.423409
1189.40700006	1.127566
1191.40799999	1.404527
1193.40799999	1.212085
1195.40799999	1.433532
1197.40799999	1.411957
1199.40700006	1.203839
1201.40700006	1.249907
1203.40700006	1.410474
1205.40700006	1.392335
1207.40799999	1.26078
1209.40799999	1.367616
1211.40799999	1.283298
1213.40700006	1.20632
1215.40799999	1.435863
1217.40799999	1.392267
1219.40700006	1.234502
1221.41000009	1.432779
1223.40899992	1.42819
1225.40799999	1.179789
1227.40899992	1.2272
1229.40700006	1.204856
1231.40799999	1.426289
1233.40799999	0.195713
1235.40700006	1.398626
1237.40799999	1.297842
1239.40799999	1.424908
1241.40799999	1.248442
1243.40799999	1.438321
1245.40799999	1.243939
1247.65799999	1.160163
1249.65899992	1.187488
1251.65899992	1.453699
1253.65799999	1.212321
1255.65799999	1.432433
1257.65799999	1.238248
1259.65899992	1.266849
1261.65699983	1.325356
1263.65799999	1.24082
1265.65799999	1.420149
1267.66100001	1.062445
1269.66100001	1.232426
1271.65799999	1.262177
1273.65799999	1.212994
1275.65799999	1.43853
1277.66100001	1.38709
1279.65799999	1.444107
1281.65899992	1.433508
1283.65899992	1.244536
1285.65799999	1.422386
1287.65799999	1.240618
1289.65899992	1.078797
1291.65899992	1.238969
1293.65899992	1.235055
1295.65799999	1.414585
1297.66199994	1.21082
1299.65899992	1.301989
1301.65799999	1.413519
1303.65799999	1.434138
1305.65799999	1.196232
1307.65799999	1.405885
1309.65799999	1.249929
1311.65899992	1.244425
1313.65899992	1.369414
1315.65899992	1.357196
1317.65899992	1.441302
1319.65799999	1.438252
1321.65899992	1.41178
1323.65999985	1.312223
1325.52699995	1.075997
1327.65899992	1.203684
1329.65899992	1.141649
1331.65799999	1.201755
1333.65799999	1.233271
1335.65999985	1.430161
1337.65899992	0.912873
1339.65899992	1.197969
1341.65799999	1.407224
1343.65899992	1.279186
1345.66199994	1.178977
1347.65899992	1.438198
1349.65899992	1.071831
1351.65999985	1.310136
1353.65899992	1.241426
1355.65899992	1.093463
1357.65899992	1.033059
1359.69499993	1.429912
1361.84299994	0.023909
1363.65899992	1.422544
1365.65899992	1.080791
1367.65999985	1.095604
1369.65899992	1.426397
1371.66100001	1.308562
1373.65899992	1.220825
1375.65899992	1.127742
1377.65899992	1.424659
1379.65899992	1.297249
1381.65899992	1.234828
1383.65799999	1.28479
1385.65899992	1.28235
1387.65899992	1.306003
1389.65899992	1.277795
1391.65999985	1.388651
1393.65899992	1.388651
1395.65899992	1.211407
1397.65899992	1.24838
1399.65899992	1.233151
1401.65999985	1.275734
1403.65899992	1.194246
1405.65999985	1.437499
1407.65999985	1.117415
1409.65999985	1.293871
1411.65999985	1.10216
1413.65899992	1.424629
1415.65999985	1.420102
1417.65999985	1.022311
1419.65999985	1.323017
1421.65899992	1.093355
1423.65899992	1.413194
1425.65999985	1.225463
1427.65999985	1.443303
1429.65999985	1.290973
1431.65999985	1.437464
1433.65899992	1.203288
1435.65999985	1.436122
1437.65899992	1.076364
1439.65799999	1.143709
1441.65899992	1.376059
1443.65799999	1.322396
1445.65899992	1.413132
1447.65999985	1.217571
1449.66199994	1.41407
1451.65999985	1.155564
1453.65899992	1.152896
1455.65899992	1.417471
1457.65899992	1.20323
1459.66100001	1.442273
1461.65999985	1.21803
1463.65899992	1.161204
1465.66299987	1.220533
1467.65899992	1.282902
1469.65999985	1.205896
1471.65899992	1.424243
1473.65899992	1.071108
1475.65999985	1.222479
1477.65899992	1.42995
1479.65899992	1.215634
1481.65999985	1.416242
1483.65999985	1.300115
1485.65999985	1.430453
1487.65899992	1.249551
1489.65899992	1.24153
1491.65799999	1.220371
1493.65999985	1.234417
1495.90900016	1.429248
1497.65999985	1.42658
1499.65999985	1.266551
1501.65899992	1.434185
1503.91000009	1.300758
1505.90900016	1.255008
1507.91000009	1.35369
1509.91100001	1.42553
1511.91000009	1.239219
1513.91000009	1.225168
1515.91000009	1.274272
1517.91000009	1.23895
1519.91000009	1.392006
1521.90900016	1.007356
1523.80200005	1.408657
1525.90900016	0.530879
1527.90900016	0.530879
1529.91000009	1.427574
1531.91000009	1.205087
1533.90900016	1.251172
1535.91000009	1.42258
1537.91000009	1.269149
1539.90900016	1.294457
1541.91000009	1.239009
1543.91000009	1.410779
1545.91000009	1.42862
1547.79999995	1.207759
1549.90900016	1.40385
1551.91100001	1.235262
1553.90900016	1.241144
1555.90900016	1.193431
1557.91100001	1.232446
1559.90900016	1.047929
1561.90900016	1.259806
1563.91100001	1.422674
1565.91000009	1.449144
1567.91000009	1.339787
1569.90900016	1.325908
1571.7980001	1.325908
1573.90900016	1.325908
1575.91199994	1.427627
1577.90900016	0.407871
1579.91000009	0.679455
1581.91000009	1.056024
1583.90900016	1.219427
1585.91000009	1.060308
1587.91000009	1.434638
1589.91000009	1.438344
1591.91100001	1.246627
1593.91000009	1.288902
1595.80099988	1.431308
1597.91000009	1.311488
1599.91000009	1.423371
1601.91000009	1.283535
1603.91000009	1.210543
1605.91199994	1.247398
1607.91299987	1.204545
1609.90900016	1.430848
1611.91000009	1.308288
1613.91000009	1.310234
1615.91000009	1.16546
1617.91100001	1.424487
1619.80799985	1.234631
1621.91000009	1.214002
1623.90900016	1.252385
1625.91000009	1.297238
1627.91000009	1.297238
1629.90900016	1.297238
1631.91000009	1.297238
1633.91400003	1.41625
1635.91199994	1.088272
1637.91000009	0.369537
1639.91000009	0.419652
1641.91100001	0.00322
1643.91000009	0.732445
1645.91100001	1.28836
1647.91299987	1.440566
1649.91100001	1.370453
1651.91299987	1.155005
1653.91000009	1.423845
1655.91000009	1.428285
1657.91000009	1.403497
1659.91000009	1.297184
1661.91100001	1.086154
1663.91000009	1.439149
1665.91199994	1.424172
1667.91299987	1.209924
1669.91299987	1.432035
1671.91100001	1.274605
1673.91199994	0.909633
1675.91100001	0.459454
1677.91000009	1.261959
1679.91000009	1.245258
1681.91000009	1.360085
1683.91100001	0.270886
1685.91000009	0.219793
1687.91100001	1.422786
1689.91100001	1.05002
1691.97899985	1.293743
1695.72600007	0.325505
1699.40700006	1.073651
1700.18199992	0.618006
1700.78999996	0.0815
1701.91100001	1.184516
1703.91100001	1.241349
1705.91100001	1.280522
1707.91199994	1.364637
1709.91100001	1.423696
1711.91199994	1.15019
1713.91100001	1.438546
1715.91100001	1.417198
1717.91100001	1.421871
1719.91100001	0.393436
1721.91100001	1.431347
1723.91100001	1.111234
1725.91000009	1.158121
1727.91100001	1.172498
1729.91100001	1.434928
1731.91100001	1.428941
1733.91100001	1.173823
1735.91100001	1.207834
1737.91100001	1.157481
1739.91100001	1.136637
1741.91199994	1.271098
1743.95799994	1.341113
1745.91199994	0.016064
1747.91100001	1.252173
1749.91000009	1.112739
1752.16099977	1.427985
1754.05199981	1.42947
1756.16199994	1.42947
1758.16099977	1.044841
1760.46399999	0.361006
1762.16299987	0.712621
1764.16099977	0.639189
1766.16499996	0.728468
1768.16700006	0.868449
1770.16199994	0.935607
1772.16099977	0.962237
1774.16199994	1.41311
1776.16099977	1.453355
1778.05199981	1.264523
1780.16099977	1.288244
1782.16099977	1.427773
1784.16099977	1.42579
1786.16099977	1.421283
1788.16099977	1.363846
1790.16099977	1.424348
1792.16099977	1.172248
1794.16199994	1.404925
1796.16199994	1.439591
1798.16199994	0.016421
1800.63899994	0.033034
1803.69199991	0.394013
1806.17499995	0.889761
1807.16799998	1.434847
1808.2420001	1.418105
1810.16199994	1.418171
1812.16099977	1.121265
1814.16099977	1.43036
1816.16199994	1.244598
1818.16099977	0.20736
1820.16199994	0.320241
1822.16099977	1.248915
1824.16199994	1.235459
1826.05199981	1.432384
1828.16099977	1.421421
1830.16199994	1.269645
1832.16499996	1.026339
1834.16199994	1.074124
1836.16099977	1.255573
1838.16099977	0.085126
1840.16099977	0.272147
1842.16099977	1.416896
1844.16199994	1.400895
1846.16199994	1.17095
1848.16099977	1.160289
1850.05199981	1.160289
1852.16099977	1.145322
1854.16099977	1.209474
1856.16199994	1.427583
1858.48799992	1.437788
1860.16199994	0.016069
1862.16199994	1.393675
1864.21000004	1.429331
1866.16600013	0.179796
1868.16199994	0.048016
1870.16199994	1.426492
1872.16099977	1.38646
1874.05099988	1.257058
1876.16199994	1.204291
1878.16199994	1.417259
1880.16199994	0.286016
1882.16299987	1.194525
1884.14499974	0.507227
1886.16199994	0.256854
1888.16299987	0.030006
1890.16199994	0.070138
1892.16299987	0.767135
1894.64199996	0.784199
1897.24099994	1.098625
1898.83400011	1.417604
1900.5	1.407753
1902.16799998	1.417686
1904.16499996	1.296629
1906.16199994	1.454119
1908.16199994	1.205878
1910.16099977	1.427126
1912.16099977	1.219638
1914.16499996	1.420023
1916.16099977	1.423179
1918.16199994	1.291265
1920.16199994	1.315964
1922.16199994	1.315964
1924.16199994	1.425726
1926.16199994	1.209343
1928.16199994	1.225669
1930.16099977	1.183637
1932.16199994	1.429628
1934.16199994	1.429628
1936.1639998	1.438365
1938.16199994	1.308401
1940.16099977	1.425112
1942.16199994	1.430483
1944.16199994	1.426953
1946.16199994	1.23212
1948.16099977	1.212625
1950.16199994	1.407459
1952.16199994	1.080126
1954.16600013	1.446392
1956.16099977	1.451511
1958.16199994	1.158065
1960.16299987	1.39343
1962.16299987	1.30353
1964.16199994	1.429043
1966.16299987	1.435897
1968.16199994	1.409216
1970.16299987	1.408532
1972.16299987	1.425334
1974.16299987	1.072905
1976.16199994	1.300074
1978.16199994	1.350494
1980.16299987	1.181818
1982.16299987	1.413044
1984.16299987	1.263551
1986.16199994	1.312725
1988.16199994	1.163514
1990.16099977	1.185446
1992.16499996	1.220497
1994.1639998	1.242014
1996.16600013	1.426936
1998.16499996	1.421322
2000.41300011	1.414898
2002.41199994	1.233799
2004.41199994	1.407365
2006.41199994	1.388636
2008.41199994	1.433326
2010.41300011	1.213642
2012.41300011	1.262573
2014.41300011	1.18384
2016.41300011	1.437223
2018.41199994	1.423228
2020.41300011	1.057558
2022.41300011	1.408372
2024.41199994	1.304613
2026.41300011	1.197667
2028.41400003	1.432398
2030.41300011	1.012843
2032.41499996	1.408175
2034.41199994	1.430655
2036.41199994	1.119062
2038.41199994	1.070375
2040.41199994	1.415777
2042.41300011	1.145975
2044.41499996	1.230769
2046.41300011	1.393497
2048.41300011	1.436109
2050.41300011	1.041317
2052.41300011	1.442452
2054.41199994	1.105624
2056.41300011	1.124252
2058.41300011	1.179817
2060.41300011	1.412851
2062.41300011	1.016617
2064.41199994	1.246183
2066.41400003	1.234285
2068.41400003	1.43125
2070.41300011	1.439156
2072.41300011	1.239506
2074.34899998	1.251756
2076.56299996	1.413063
2078.41300011	1.078864
2080.41400003	1.215641
2082.41400003	1.307408
2084.42700005	0.275818
2086.41199994	1.411922
2088.41300011	1.229118
2090.41199994	1.126069
2092.41300011	1.427676
2094.41300011	1.261654
2096.41300011	1.280405
2098.41300011	1.320888
2100.41300011	1.211655
2102.41300011	1.42488
2104.41300011	1.422667
2106.41300011	1.211993
2108.41300011	1.441089
2110.41300011	0.25272
2112.41300011	1.414232
2114.41300011	1.190028
2116.41300011	1.14348
2118.41300011	1.397793
2120.41300011	1.434877
2122.41300011	1.239524
2124.41300011	1.181573
2126.41199994	1.191512
2128.41300011	1.244197
2130.41300011	1.409949
2132.41300011	1.190116
2134.41300011	1.428921
2136.41300011	1.340366
2138.41300011	1.173389
2140.41300011	1.260406
2142.41400003	1.257878
2144.41300011	1.41908
2146.41300011	1.210189
2148.41300011	1.426053
2150.41300011	1.045262
2152.41300011	1.25392
2154.41300011	1.426949
2156.41300011	1.224469
2158.41400003	1.421322
2160.41300011	1.132443
2162.41300011	1.440441
2164.41400003	1.424238
2166.41400003	1.412631
2168.41300011	1.3833
2170.41300011	1.250323
2172.41300011	1.357299
2174.41400003	1.201237
2176.41300011	1.064608
2178.41400003	1.313541
2180.41300011	1.190371
2182.41300011	0.852061
2184.41199994	1.427475
2186.41300011	1.254634
2188.46600008	1.254634
2190.41300011	1.13933
2192.41400003	1.281825
2194.41400003	1.176859
2196.41400003	1.42735
2198.41400003	1.129516
2200.41400003	1.211018
2202.41499996	1.262498
2204.41599989	1.308293
2206.41400003	1.029246
2208.41499996	1.427217
2210.69599986	1.272695
2213.59599996	1.397449
2214.40799999	1.158444
2216.41400003	1.328197
2218.41400003	1.422989
2220.41400003	1.432155
2222.41300011	1.426266
2224.41400003	1.104379
2226.41400003	1.225555
2228.41300011	1.43553
2230.41400003	1.425137
2232.41499996	1.224335
2234.41300011	1.238177
2236.41300011	1.444794
2238.41300011	1.421425
2240.41400003	1.393588
2242.41400003	1.419852
2244.41300011	1.446138
2246.41400003	1.178828
2248.55599999	1.177935
2250.66299987	1.233011
2252.6639998	1.153846
2254.66299987	1.301735
2256.6639998	1.200208
2258.66299987	1.39209
2260.66299987	1.261791
2262.66299987	1.413372
2264.6639998	0.514481
2266.6639998	1.417072
2268.66299987	1.165899
2270.66700006	1.165899
2272.55599999	1.196541
2274.6639998	1.406512
2276.66299987	1.284329
2278.6789999	1.270735
2280.6639998	1.442214
2282.6639998	1.418685
2284.6639998	1.146648
2286.6639998	1.437582
2288.66299987	1.448859
2290.6639998	1.40437
2292.66299987	1.19615
2294.6639998	1.423154
2296.55700016	1.319438
2298.6639998	1.209464
2300.6639998	1.439221
2302.66299987	1.427526
2304.66299987	1.185514
2306.6639998	1.26827
2308.6639998	1.26827
2310.66299987	1.418448
2312.6639998	1.259407
2314.6639998	1.29294
2316.6639998	1.416329
2318.6639998	1.406473
2320.55500007	1.01233
2322.66499972	1.139509
2325.17199993	0.832725
2326.73899984	0.414822
2328.66499972	0.655047
2330.6639998	1.430382
2332.6639998	1.238325
2334.6639998	1.17296
2336.6639998	1.311663
2338.6639998	1.160832
2340.6639998	1.217135
2342.6639998	1.416982
2344.55599999	1.211645
2346.6639998	1.445868
2348.66499972	1.184734
2350.66499972	1.184734
2352.66499972	1.425589
2354.66499972	1.355671
2356.66499972	1.423003
2358.6639998	1.435335
2360.66499972	1.312061
2362.6639998	1.42486
2364.6639998	1.233216
2366.66499972	1.247155
2368.55700016	1.444493
2370.6639998	1.419621
2372.66499972	1.410943
2374.66499972	1.444939
2376.6639998	1.209282
2378.66600013	1.184786
2380.6639998	1.206053
2382.6639998	1.238091
2384.66499972	1.426642
2386.66499972	1.422197
2388.6639998	1.192331
2390.6639998	1.201223
2392.66499972	1.420229
2394.66499972	1.389885
2396.66499972	1.195652
2398.66499972	1.455002
2400.66499972	1.203456
2402.66499972	1.187722
2404.66499972	1.188496
2406.66499972	1.430298
2408.66499972	1.289443
2410.66499972	1.346995
2412.66499972	1.284832
2414.66900015	1.420559
2416.67000008	1.139222
2418.66499972	1.213967
2420.6639998	1.166143
2422.66600013	1.406646
2424.66499972	1.154328
2426.66499972	1.425882
2428.66600013	1.211949
2430.66499972	1.427018
2432.6639998	1.253094
2434.66499972	1.421326
2436.66499972	1.252308
2438.66499972	1.258361
2440.66499972	1.234735
2442.66499972	1.407993
2444.6639998	0.636702
2446.66499972	1.430915
2448.66499972	1.246764
2450.66499972	1.425518
2452.6639998	1.335058
2454.66499972	1.154519
2456.66499972	1.444349
2458.6639998	1.232995
2460.66499972	1.241894
2462.66600013	1.435808
2464.66499972	1.428652
2466.66499972	1.28378
2468.66499972	1.384197
2470.66499972	1.423212
2472.6639998	1.1925
2474.66499972	1.405152
2476.66499972	1.419323
2478.66600013	1.420424
2480.66499972	1.448847
2482.66499972	1.28836
2484.66600013	1.186655
2486.66499972	1.407303
2488.66499972	1.081556
2490.66499972	1.117889
2492.6639998	1.291729
2494.66499972	1.415548
2496.6639998	1.177365
2498.91499996	1.426852
2500.91499996	1.180327
2502.91400003	1.397006
2504.91499996	1.258768
2506.91499996	0.125103
2508.91499996	0.770786
2510.91499996	1.310601
2512.91499996	1.234384
2514.91499996	1.23997
2516.91599989	1.420871
2518.91599989	1.288671
2520.91499996	1.285685
2522.91400003	1.269879
2524.91499996	1.226144
2526.91499996	1.424161
2528.91499996	1.420494
2530.91499996	1.436164
2532.91499996	1.252054
2534.91499996	1.260895
2536.91599989	1.255722
2538.91499996	1.255914
2540.91499996	1.440308
2542.91499996	1.319216
2544.91599989	1.253158
2546.91599989	1.440327
2548.91599989	1.294248
2550.91499996	1.38718
2552.91599989	1.367757
2554.91499996	1.238003
2556.91499996	1.434969
2558.91499996	1.214609
2560.91499996	1.178111
2562.91599989	1.177337
2564.91700006	1.278236
2566.91700006	1.30098
2568.91700006	1.416837
2570.91599989	1.418941
2572.91499996	1.418895
2574.91499996	1.427378
2576.91599989	1.390793
2578.91700006	1.436782
2580.91499996	1.28239
2582.91599989	1.443266
2584.91599989	1.259868
2586.91700006	1.364453
2588.91599989	1.05976
2590.91700006	1.416017
2592.8269999	1.028063
2594.91599989	1.4327
2596.91599989	1.114966
2598.91599989	1.124269
2600.91700006	1.142157
2602.91700006	1.195678
2604.91499996	1.312483
2606.91499996	1.113494
2608.91599989	1.184144
2610.91599989	1.208422
2612.91599989	1.184295
2614.91499996	1.441003
2616.91599989	1.421782
2618.91999984	0.746858
2620.93300009	1.26246
2622.91599989	1.434954
2624.91599989	1.416915
2626.91499996	1.417439
2628.91599989	1.428686
2630.91700006	1.403333
2632.91700006	1.409127
2634.91499996	1.426304
2636.91499996	1.434165
2638.91499996	1.431642
2640.91499996	1.295861
2642.91599989	1.176614
2644.91700006	1.235278
2646.91599989	1.424792
2648.91599989	1.197642
2650.91599989	1.234249
2652.91599989	1.434603
2654.91599989	1.37444
2656.91499996	1.257829
2658.91599989	1.28271
2660.91599989	1.25204
2662.91499996	1.436077
2664.91599989	1.21036
2666.91499996	1.176551
2668.91700006	1.208898
2670.91599989	0.009251
2672.91700006	1.191292
2674.91499996	1.352347
2676.91999984	1.08413
2678.91700006	1.291816
2680.91599989	1.426148
2682.91599989	1.407383
2684.91599989	1.421105
2686.91599989	1.230479
2688.91700006	1.396902
2690.91999984	1.440015
2692.91599989	0.362393
2694.91700006	1.18503
2696.91599989	1.163145
2698.91599989	1.174353
2700.91599989	1.417479
2702.91599989	1.149215
2704.91700006	1.407125
2706.91599989	1.433123
2708.91700006	1.424783
2710.91599989	1.407399
2712.91599989	1.196058
2714.91700006	1.439841
2716.91700006	1.430345
2718.91599989	1.076365
2720.91599989	1.360321
2722.91700006	1.248927
2724.91599989	1.424822
2726.91700006	1.188456
2728.91599989	1.096005
2730.91700006	0.994047
2732.91599989	1.393576
2734.91599989	1.423811
2736.91599989	1.420303
2738.91599989	1.195408
2740.91599989	0.092711
2742.91599989	1.403681
2744.91599989	1.255046
2746.91700006	1.399148
2748.91700006	1.418414
2750.91700006	1.414827
2753.16600013	1.196756
2755.16799998	1.148298
2756.96300006	1.381313
2759.16700006	1.437404
2761.16600013	1.139886
2763.16600013	1.423902
2765.16600013	1.427648
2767.05800009	1.223768
2769.16600013	1.414155
2771.16799998	0.301257
2773.96099973	1.430531
2776.63000011	1.044383
2777.59599996	1.421617
2780.22600007	0.993197
2783.16799998	1.043144
2785.27700019	1.427996
2787.21499991	1.427155
2788.53800011	1.389449
2789.56399989	1.430124
2791.16799998	1.047302
2793.16600013	1.238915
2795.16700006	1.230376
2797.16700006	1.252724
2799.16700006	1.195736
2801.16700006	1.177455
2803.16600013	1.23268
2805.16700006	1.282648
2807.16700006	1.269715
2809.16700006	1.179371
2811.16799998	1.189234
2813.16700006	1.171015
2815.05900002	1.436881
2817.16700006	1.1587
2819.17999983	1.179329
2821.171	1.408384
2823.16799998	1.425385
2825.16600013	1.419823
2827.16600013	1.204013
2829.16700006	1.434765
2831.16700006	1.419086
2833.16700006	1.201178
2835.16700006	1.247856
2837.16700006	1.42878
2839.05800009	1.442809
2841.16799998	1.220866
2843.16700006	1.425852
2845.16700006	1.424704
2847.16600013	1.434877
2849.16700006	1.417896
2851.16799998	1.178588
2853.16799998	1.425515
2855.16700006	1.419823
2857.16799998	1.419249
2859.16899991	1.429911
2861.16799998	1.425677
2863.05699992	1.257044
2865.16700006	1.224454
2867.16700006	1.206468
2869.16700006	1.427576
2871.16700006	1.202355
2873.16700006	1.273535
2875.16700006	1.428944
2877.16700006	1.192512
2879.16899991	1.434977
2881.16799998	1.215735
2883.16700006	1.339416
2885.16799998	1.074954
2887.05999994	1.238973
2889.16700006	1.335569
2891.16700006	1.430333
2893.16799998	1.441858
2895.16799998	1.158548
2897.16799998	1.110433
2899.16799998	1.074195
2901.16799998	1.433462
2903.16799998	1.436652
2905.16799998	1.445475
2907.16799998	1.42631
2909.16799998	1.426765
2911.16700006	1.424827
2913.16700006	1.055804
2915.16700006	1.419002
2917.16700006	1.419002
2919.16700006	1.255526
2921.16799998	0.860255
2923.18600011	1.148369
2925.16799998	0.293345
2927.16799998	1.426377
2929.16899991	1.398408
2931.16700006	1.426414
2933.171	1.421379
2935.16799998	1.218366
2937.16700006	1.259157
2939.16700006	1.246777
2941.16799998	1.22771
2943.16799998	0.172761
2945.16799998	0.725961
2947.16799998	1.290641
2949.16799998	1.045073
2951.17000008	1.097057
2953.41100001	1.42577
2955.16799998	1.045384
2957.16799998	1.42144
2959.17199993	0.595811
2961.34499979	1.427856
2963.16799998	1.272042
2965.16799998	1.431239
2967.16799998	1.193876
2969.16799998	1.41596
2971.16799998	1.22667
2973.16799998	1.079486
2975.16899991	1.105331
2977.16700006	1.133829
2979.16700006	1.226758
2981.1730001	1.400019
2983.16799998	1.129441
2985.16799998	1.43974
2987.16700006	0.995937
2989.16799998	1.425812
2991.16700006	1.2137
2993.16899991	1.271362
2995.16799998	1.070773
2997.16799998	1.172301
2999.16899991	1.430678
3001.41799998	1.238758
3003.41799998	1.188043
3005.41799998	1.441638
3007.41799998	1.413928
3009.41699982	1.358983
3011.41799998	1.39814
3013.41799998	1.408219
3015.41799998	1.440583
3017.421	1.425985
3019.41799998	1.179954
3021.30900002	1.434353
3023.41799998	0.266574
3025.41799998	1.286437
3027.41799998	1.432629
3029.41799998	1.410463
3031.41699982	1.226632
3033.41799998	1.302616
3035.41899991	1.321665
3037.41799998	1.414898
3039.41799998	1.431522
3041.41999984	1.239345
3043.41799998	1.240571
3045.31599998	1.422721
3047.41899991	1.225107
3049.41799998	1.270962
3051.41799998	1.05455
3053.41999984	1.25915
3055.42399979	1.181216
3057.41799998	1.273296
3059.41899991	1.178988
3061.41799998	1.220982
3063.41799998	0.382116
3065.41799998	0.641015
3067.41799998	0.641015
3069.31999993	1.399012
3071.41899991	1.148086
3073.41899991	1.411161
3075.41799998	1.440882
3077.41899991	1.421315
3079.41899991	1.413556
3081.41899991	1.431686
3083.41999984	0.140597
3085.41899991	1.437554
3087.41899991	0.117014
3089.41899991	0.59911
3091.41799998	1.058628
3093.30900002	1.32367
3095.41899991	1.446418
3097.41799998	1.371198
3099.41899991	1.436155
3101.41799998	1.40535
3103.41799998	1.286078
3105.41999984	1.247766
3108.00999999	0.72434
3110.52399993	1.420882
3112.08599997	1.075591
3113.58100009	1.408106
3115.28799987	1.429516
3117.30599999	1.430348
3119.58299994	1.427739
3121.41799998	1.233716
3123.41799998	1.201577
3125.41899991	1.2794
3127.41799998	1.434633
3129.41799998	1.258908
3131.41799998	1.261384
3133.41899991	1.440679
3135.41899991	1.065414
3137.41899991	1.198324
3139.41899991	1.239109
3141.31099987	1.232705
3143.41899991	0.792265
3145.41899991	1.23564
3147.41799998	1.289575
3149.41899991	1.250203
3151.41899991	1.438661
3153.41799998	1.250483
3155.41899991	1.404326
3157.41799998	1.438577
3159.41899991	0.415201
3161.41899991	1.416562
3163.41899991	1.198339
3165.41899991	1.185342
3167.421	1.433516
3169.41999984	1.40413
3171.41899991	1.409773
3173.41899991	1.415737
3175.41799998	1.263314
3177.41799998	1.122466
3179.41899991	1.363375
3181.41799998	1.439812
3183.41999984	1.096987
3185.41999984	1.420053
3187.42199993	1.409246
3189.42199993	1.421896
3191.41899991	0.171447
3193.41899991	1.03977
3195.41999984	1.446347
3197.41899991	1.433494
3199.41999984	1.448516
3201.41899991	1.420011
3203.41899991	1.080675
3205.41899991	1.424087
3207.41899991	1.158276
3209.41899991	1.210061
3211.41999984	1.433716
3213.41999984	1.435705
3215.41999984	1.21756
3217.41899991	1.437078
3219.41899991	1.297245
3221.41999984	1.449421
3223.41999984	1.422144
3225.41799998	1.180327
3227.41799998	1.432997
3229.41999984	1.193894
3231.41999984	1.430165
3233.41999984	1.314713
3235.42299986	1.205077
3237.41999984	1.423576
3239.41899991	1.248104
3241.41899991	1.252173
3243.41899991	1.435629
3245.41899991	1.429976
3247.66900015	1.438067
3249.66900015	1.183961
3251.66900015	1.244989
3253.66799998	1.278228
3255.66900015	1.320013
3257.66900015	1.200802
3259.66900015	1.273734
3261.66900015	1.304097
3263.66900015	1.417804
3265.66900015	1.416901
3267.67000008	1.44264
3269.67000008	1.417805
3271.67000008	1.201182
3273.67000008	1.175248
3275.67000008	1.3724
3277.67000008	1.436807
3279.67000008	1.005433
3282.25	1.437141
3283.66900015	1.173962
3285.67000008	1.413835
3287.66900015	1.419357
3289.66900015	1.273749
3291.66900015	1.303865
3293.67000008	1.424138
3295.67000008	1.214783
3297.66900015	1.23835
3299.66900015	1.432629
3301.67000008	1.281125
3303.66900015	1.435706
3305.66900015	1.349129
3307.66900015	1.251543
3309.67000008	1.286082
3311.67000008	1.036931
3313.67000008	1.416664
3315.66900015	1.299515
3317.67000008	1.424266
3319.67000008	1.273081
3321.67000008	1.252947
3323.67000008	1.433582
3325.67000008	1.446736
3327.67299986	1.227023
3329.67000008	1.04842
3331.67000008	1.153134
3333.66900015	1.416625
3335.67000008	1.286097
3337.67000008	1.430114
3339.67000008	1.031272
3341.67000008	0.813173
3343.66900015	1.38144
3345.66900015	1.278738
3347.671	1.217983
3349.66900015	1.411684
3351.66900015	1.30773
3353.66900015	1.12947
3355.66900015	1.43521
3357.671	1.413134
3359.66900015	1.281975
3361.67000008	1.305311
3363.67000008	1.425413
3365.67199993	0.990169
3367.67199993	1.344914
3369.671	1.055702
3371.67299986	1.420421
3373.67000008	1.442437
3375.67199993	1.442437
3377.76300001	0.936365
3380.46600008	0.589512
3381.64099979	1.067239
3383.67000008	1.423934
3385.67000008	0.125921
3387.67000008	0.868875
3389.67000008	0.961459
3391.67000008	0.867479
3393.67000008	1.051365
3395.671	1.422608
3397.67000008	1.109511
3399.66900015	1.165648
3401.67000008	1.228767
3403.67299986	1.302972
3405.67199993	1.244085
3407.67000008	1.428428
3409.67000008	1.163505
