0.0	1.115684
0.200999975204	0.91429
0.549999952316	1.685912
0.84299993515	1.148675
1.20199990273	0.787948
1.56200003624	1.429482
2.10500001907	1.208415
2.23000001907	1.522961
2.88599991798	0.697388
3.27899980545	1.464075
5.28500008583	0.567889
7.28600001335	1.064502
9.29099988937	1.308667
11.2929999828	1.576555
13.2810001373	0.68945
15.2979998589	1.138968
17.2979998589	1.144663
19.2949998379	1.507984
21.2919998169	1.674748
23.2949998379	1.441121
25.5349998474	1.568742
27.2949998379	1.196612
29.2939999104	1.32848
31.5549998283	1.766991
33.6649999619	1.344985
35.5329999924	0.53889
37.3659999371	1.380729
39.5339999199	1.578068
41.5339999199	1.146446
43.5379998684	1.439508
45.5399997234	1.470497
47.5389997959	1.200133
49.5379998684	1.315187
51.5379998684	1.447335
53.5410001278	0.551713
55.5460000038	1.660742
57.5420000553	1.85273
59.5349998474	1.438535
61.4059998989	0.425636
63.5389997959	1.218262
65.5539999008	1.422186
67.5429999828	1.23281
69.5479998589	1.045984
71.5450000763	1.48861
73.5479998589	1.580436
75.5379998684	1.392882
77.5650000572	1.392315
79.5329999924	1.729345
81.5389997959	1.130497
83.5339999199	1.145659
85.3680000305	1.493791
87.5329999924	0.897096
89.5339999199	1.410663
91.5349998474	1.292005
93.5420000553	1.443864
95.5360000134	1.340147
97.5479998589	1.602969
99.5469999313	1.655968
101.53399992	1.663154
103.537999868	1.283808
105.538999796	1.744752
107.537999868	1.825155
109.376000166	1.471981
111.539999723	1.593609
113.546999931	1.434771
115.539999723	1.037439
117.547999859	1.522279
119.541000128	1.845709
121.536000013	1.782712
123.534999847	1.381832
125.552000046	1.221533
127.544000149	1.452665
129.536000013	1.576824
131.546000004	1.452345
133.546999931	1.061729
135.537999868	1.689678
137.546000004	1.413838
139.536999941	1.457258
141.541000128	1.512404
143.552999973	1.476476
145.539999723	1.364206
147.545000076	1.41684
149.534999847	0.921637
151.536999941	1.580712
153.536999941	1.146413
155.542999983	0.876069
157.542000055	0.971552
159.534999847	1.455633
161.538999796	0.905506
163.536999941	0.954844
165.654999971	1.235435
167.499999762	0.515309
169.542000055	1.624867
171.539999723	1.262126
173.536999941	1.376688
175.538999796	1.370925
177.532999992	0.935411
179.537999868	1.584113
181.552000046	1.513849
183.542000055	1.283909
185.530999899	1.154579
187.544000149	1.618389
189.536999941	1.35418
191.541000128	1.608716
193.536000013	1.172354
195.549999952	1.719348
197.55099988	1.722792
199.534999847	1.717004
201.538999796	1.61719
203.541000128	1.105056
205.536000013	1.731069
207.542000055	0.899369
209.534999847	1.072689
211.532999992	1.168552
213.536999941	1.319177
215.531999826	1.877616
217.552000046	1.733296
219.546000004	1.255742
221.536999941	1.235322
223.536999941	1.500794
225.542000055	1.329886
227.537999868	1.27619
229.536000013	1.527386
231.55099988	1.282517
233.534999847	1.38283
235.537999868	1.31332
237.544000149	1.597374
239.534999847	1.046364
241.534999847	1.733535
243.53399992	1.093417
245.536000013	1.056121
247.538999796	1.1627
249.538999796	1.729467
251.544000149	1.780882
253.536999941	1.681612
255.542999983	1.535816
257.546999931	1.455889
259.53399992	1.107802
261.537999868	1.20643
263.534999847	0.74838
265.53399992	1.08102
267.534999847	1.18358
269.53399992	1.093558
271.545000076	1.39706
273.546000004	1.224982
275.545000076	1.400628
277.789999962	1.540726
279.814999819	1.744712
281.814999819	1.830668
283.792000055	1.659573
285.546000004	1.306805
287.790999889	0.45007
289.786999941	1.167033
291.618000031	1.837854
293.786999941	1.511908
295.789000034	1.072509
297.901000023	1.737155
299.786000013	0.434127
301.79399991	0.720564
303.784000158	0.938479
305.801000118	1.730019
307.790999889	1.608565
309.798999786	1.467948
311.798999786	0.866297
313.786999941	1.054405
315.608999968	1.136044
317.792999983	0.848857
319.784000158	1.331678
321.787999868	1.804909
323.784000158	0.652866
325.795999765	0.924071
327.789000034	0.974007
329.79399991	1.11561
331.784000158	1.389119
333.787999868	1.502016
335.79399991	0.351257
337.785000086	1.338037
339.638000011	1.294797
341.792999983	1.496514
343.784000158	0.641967
345.796999931	1.417066
347.786000013	1.332756
349.79399991	1.356683
351.785000086	1.504844
353.786999941	1.460101
355.797999859	1.927485
357.795999765	1.482619
359.792000055	1.346524
361.789000034	1.400182
363.638000011	0.378984
365.789999962	1.582698
367.795999765	1.591674
369.789000034	1.781821
371.79399991	1.385956
373.790999889	1.526797
375.789000034	1.340278
377.782999992	1.291139
379.786000013	0.86382
381.790999889	1.621894
383.789999962	1.602491
385.792999983	1.621274
387.781000137	1.450633
389.786000013	1.482165
391.792000055	1.635461
393.787999868	0.754067
395.795999765	1.88212
397.795999765	1.167974
399.784000158	1.628918
401.789000034	1.305596
403.782000065	1.800401
405.786000013	1.725867
407.797999859	1.299002
409.784000158	1.693646
411.786999941	1.640837
413.792000055	1.22883
415.796999931	1.879943
417.796999931	1.211973
419.790999889	1.127015
421.792000055	0.387212
423.784000158	1.190559
425.779999733	1.531583
427.789000034	1.36557
429.874000072	1.333181
431.84800005	0.132987
433.789000034	0.857639
435.792999983	1.312892
437.785000086	1.550492
439.790999889	1.7716
441.792999983	1.566571
443.789000034	0.637358
445.792999983	1.481147
447.784000158	1.619972
449.789000034	1.330648
451.782000065	1.592495
453.784000158	1.179545
455.802999973	1.518943
457.794999838	1.333246
459.782999992	0.499719
461.786999941	1.562959
463.790999889	1.366349
465.789000034	1.538546
467.794999838	1.469264
469.781000137	1.448342
471.789999962	1.237033
473.790999889	1.523504
475.786999941	1.693391
477.826999903	1.704611
479.794999838	1.24287
481.787999868	1.611088
483.795999765	1.313063
485.779999733	1.566523
487.796999931	1.752701
489.784000158	1.294249
491.789000034	1.336267
493.792000055	1.705381
495.785000086	0.523571
497.790999889	1.596927
499.789999962	1.17122
501.792000055	1.535487
503.792999983	1.536102
505.79399991	1.093966
507.782000065	0.324452
509.786000013	1.807591
511.790999889	1.587285
513.782999992	1.279103
515.790999889	1.511532
517.789000034	1.672304
519.795999765	1.433497
521.790999889	1.583673
523.792000055	1.309475
525.789999962	1.519075
527.797999859	1.504609
530.037999868	1.92217
531.792999983	1.557245
534.05099988	1.764855
536.0400002	1.480661
538.042999983	0.966591
540.036999941	1.987211
542.042999983	1.089842
544.030999899	1.744563
546.029999971	1.825556
548.034999847	0.926184
550.042000055	0.995635
552.045000076	1.525373
554.038999796	1.536461
556.038999796	1.610679
558.04399991	1.843055
560.036999941	1.615852
562.049999952	0.731233
564.062999964	0.233245
566.049999952	0.751583
568.042999983	0.665148
570.058999777	1.093662
572.029999971	1.379017
574.048000097	1.622263
576.042000055	1.186078
578.048000097	1.342918
580.0400002	1.334316
582.034999847	1.492672
584.029999971	1.706513
586.037999868	1.317978
588.04399991	1.443891
590.038999796	1.466889
592.038999796	1.26489
594.042999983	1.004967
596.038999796	1.515845
598.038999796	1.709556
600.06799984	1.395679
602.046999931	1.831655
604.0400002	1.617249
606.038999796	0.731916
608.042999983	1.721846
610.04399991	1.905213
612.036999941	1.984308
614.036999941	1.188144
616.029999971	1.477513
618.03399992	1.312294
620.038999796	1.401689
622.04399991	1.369737
624.045000076	1.837575
626.041000128	1.559444
628.029000044	1.210929
630.045000076	1.246549
632.032000065	1.902068
634.042999983	1.589038
636.042999983	1.674817
638.029999971	1.387791
640.037999868	1.151994
642.032000065	1.451698
644.042000055	0.93805
646.04399991	1.353563
648.035999775	1.672394
650.037999868	1.25751
652.046999931	1.876549
654.042000055	1.627302
656.042000055	1.780591
658.042999983	1.343994
660.036999941	1.856606
662.035999775	1.565264
664.046000004	1.673426
666.038999796	1.532768
668.042000055	1.886985
670.035999775	1.623884
672.030999899	1.727717
674.029999971	2.064927
676.05099988	1.311668
678.032000065	1.592376
680.042000055	1.482986
682.032999992	1.341986
684.034999847	1.307357
686.035999775	0.186963
688.029000044	1.268462
690.037999868	1.559916
692.04399991	1.510782
694.042999983	1.772595
696.0400002	0.168777
698.04399991	1.120431
700.046000004	1.295133
702.042999983	1.396289
704.032000065	1.989655
706.03399992	1.363957
708.041000128	1.475428
710.04399991	1.601921
712.037999868	1.671804
714.042000055	1.522852
716.04399991	1.694353
718.032000065	1.776658
720.032000065	1.699425
722.042999983	1.945942
724.029999971	1.84826
726.041000128	1.380773
728.038999796	1.810823
730.036999941	1.376693
732.051999807	0.407479
734.038999796	1.065452
736.032999992	1.022867
738.046999931	1.846742
740.036999941	1.576475
742.036999941	1.151646
744.037999868	1.562882
746.04399991	1.207328
748.030999899	1.539493
750.038999796	1.273044
752.037999868	1.440396
754.032000065	1.881325
756.032999992	1.740649
758.045000076	1.787831
760.037999868	1.590003
762.042000055	1.490083
764.037999868	1.605858
766.041000128	1.341198
768.045000076	1.274552
770.036999941	1.540453
772.032000065	0.420385
774.04399991	1.396886
776.289999962	0.628227
778.0400002	1.214926
780.042999983	1.387155
782.289000034	1.380143
784.286999941	1.349609
786.131999731	1.063605
788.291999817	0.861272
790.307999849	1.124749
792.302000046	1.376326
794.289000034	1.458432
796.28399992	0.186863
798.282999992	1.463414
800.289999962	1.248357
802.282000065	1.566049
804.278999805	1.420198
806.298999786	1.339481
808.28399992	1.784494
810.141000032	0.519416
812.289000034	0.787447
814.289000034	1.57367
816.286000013	1.337206
818.09499979	1.588063
820.286999941	1.61384
822.292999983	1.078696
824.282000065	1.509388
826.339999914	0.642876
828.67599988	1.323942
830.294999838	1.555595
832.285000086	1.767454
834.114999771	1.100385
836.302000046	1.516095
838.307999849	1.406615
840.292999983	1.483739
842.289999962	1.670872
844.292999983	1.55449
846.29399991	1.3585
848.290999889	1.645523
850.28399992	1.470847
852.307999849	1.646799
854.296000004	1.431506
856.29399991	1.3973
858.123999834	1.454793
860.282000065	1.736652
862.296000004	0.783398
864.292999983	1.192603
866.289999962	1.296869
868.289000034	1.675806
870.296000004	1.697674
872.286000013	1.687511
874.28399992	1.485211
876.288000107	0.690486
878.286999941	0.435041
880.281000137	1.742243
882.277999878	0.819265
884.296000004	1.82718
886.286000013	1.843222
888.282000065	1.248587
890.292999983	1.139962
892.291999817	0.911035
894.289999962	1.270703
896.296999931	1.396869
898.289000034	1.937565
900.291999817	1.307755
902.28399992	1.465036
904.28399992	1.606413
906.29399991	1.350851
908.292999983	1.11771
910.286999941	1.52207
912.286999941	1.58391
914.289000034	1.437896
916.289999962	1.375023
918.309999943	0.542828
920.285000086	1.202976
922.282999992	1.125444
924.289999962	1.649378
926.285000086	1.049787
928.294999838	1.352537
930.296000004	1.731909
932.285000086	1.793161
934.279999971	1.835627
936.286000013	1.395052
938.28399992	1.626223
940.292999983	1.687452
942.291999817	1.53776
944.291999817	0.669443
946.288000107	0.998575
948.282000065	1.367106
950.289000034	1.299741
952.291999817	1.55712
954.282999992	1.124669
956.282000065	1.775026
958.307999849	1.683879
960.690000057	1.213753
962.285000086	1.6893
964.285000086	1.443242
966.289000034	0.635275
968.291999817	1.439842
970.292999983	1.213632
972.29399991	0.088361
974.28399992	1.415843
976.294999838	1.471557
978.299999714	1.601448
980.29399991	1.252681
982.28399992	1.363491
984.290999889	2.061948
986.285000086	1.689903
988.281000137	1.477489
990.28399992	1.351006
992.28399992	1.557673
994.282999992	1.697674
996.288000107	1.630981
998.285000086	1.248583
1000.28800011	1.574083
1002.27799988	1.811907
1004.27999997	1.45108
1006.29799986	1.181319
1008.28699994	1.181319
1010.28299999	1.603898
1012.296	1.607718
1014.29199982	1.811205
1016.28600001	1.383616
1018.296	1.551902
1020.28200006	1.360088
1022.29799986	1.267522
1024.29099989	1.521166
1026.53999972	1.45911
1028.28999996	1.198908
1030.54100013	1.51587
1032.29299998	1.634771
1034.54699993	1.715938
1036.54299998	1.386063
1038.53299999	0.908114
1040.36599994	1.259434
1042.53399992	1.706876
1044.53799987	1.194884
1046.53799987	1.466857
1048.54500008	1.418164
1050.54200006	1.15873
1052.53299999	1.685279
1054.54999995	1.483966
1056.546	1.692777
1058.54699993	1.683923
1060.53299999	0.922961
1062.5309999	1.506257
1064.37199974	1.603354
1066.53999972	1.396421
1068.53199983	1.539475
1070.54200006	1.680271
1072.54299998	1.400089
1074.54500008	1.120491
1076.53799987	1.573039
1078.53399992	1.540158
1080.5389998	1.782105
1082.53600001	1.913898
1084.53499985	1.536842
1086.53499985	1.052002
1088.35700011	1.708252
1090.54299998	1.473639
1092.5309999	0.363065
1094.53699994	1.486113
1096.53499985	1.35116
1098.53799987	1.100956
1100.5309999	1.590099
1102.54100013	1.207409
1104.5389998	1.795712
1106.54500008	1.567453
1108.53600001	1.486679
1110.53999972	1.63724
1112.5309999	1.75428
1114.53499985	1.159383
1116.52999997	1.369702
1118.53399992	1.644531
1120.546	1.779875
1122.53799987	1.320144
1124.53799987	1.427318
1126.5389998	1.720442
1128.54299998	1.217162
1130.54400015	1.494263
1132.53399992	1.432337
1134.54100013	1.252144
1136.53199983	1.655569
1138.53299999	1.504484
1140.53999972	1.407443
1142.53600001	1.550387
1144.5389998	1.753101
1146.53600001	1.714744
1148.54100013	1.52012
1150.52999997	1.496008
1152.54100013	1.678734
1154.54699993	0.89027
1156.53399992	0.461183
1158.5309999	1.884507
1160.53699994	0.782925
1162.54200006	0.691403
1164.53699994	0.907918
1166.54299998	1.48786
1168.53399992	1.205428
1170.54299998	0.336386
1172.53799987	1.761737
1174.53799987	1.376939
1176.54200006	0.974971
1178.54100013	1.313568
1180.53699994	2.11295
1182.53999972	1.691581
1184.53299999	1.550529
1186.53299999	1.627478
1188.52999997	1.206503
1190.53499985	0.672793
1192.53199983	1.426942
1194.53600001	1.411565
1196.54100013	1.634328
1198.5389998	1.229808
1200.53299999	1.421616
1202.53199983	1.477882
1204.53600001	1.348783
1206.54100013	0.942887
1208.53399992	1.33317
1210.53600001	1.55171
1212.5389998	1.794661
1214.54100013	0.922175
1216.52900004	1.548067
1218.53999972	1.337176
1220.53399992	1.760776
1222.5389998	0.507693
1225.81499982	1.78326
1226.86400008	1.508264
1228.54799986	1.452302
1230.54299998	1.549799
1232.53799987	1.10225
1234.53199983	1.094657
1236.54299998	1.276925
1238.53399992	1.688038
1240.53499985	1.510448
1242.54200006	1.770482
1244.54500008	1.801306
1246.53699994	1.589154
1248.54400015	1.902111
1250.53499985	1.538707
1252.53199983	1.696835
1254.54699993	1.643106
1256.53299999	1.474297
1258.53199983	1.743567
1260.54799986	1.475711
1262.5389998	1.306709
1264.54200006	1.829344
1266.53699994	1.614632
1268.53699994	1.663201
1270.78299999	1.571799
1272.53999972	1.550758
1274.54400015	1.607112
1276.53600001	1.612733
1278.54400015	1.875456
1280.79099989	1.017133
1282.78799987	1.444407
1284.78999996	1.464253
1286.78400016	1.580245
1288.78400016	1.517928
1290.79499984	1.268028
1292.79200006	1.17219
1294.78500009	1.316854
1296.78799987	1.171645
1298.77699995	1.668897
1300.78200006	1.736981
1302.78900003	1.522563
1304.78500009	1.298267
1306.78999996	1.810045
1308.78699994	1.531964
1310.78500009	1.572872
1312.78600001	1.196857
1314.78500009	1.262532
1316.78400016	1.258341
1318.78100014	1.583807
1320.78799987	1.340116
1322.79099989	1.667012
1324.77799988	1.662969
1326.77999973	1.201151
1328.78600001	1.206129
1330.77899981	1.421354
1332.79299998	1.303034
1334.78200006	1.369641
1336.78999996	1.679103
1338.78299999	1.184785
1340.78299999	1.530162
1342.79099989	1.844625
1344.78299999	1.406337
1346.79200006	1.158883
1348.78999996	1.531024
1350.78999996	1.498242
1352.78299999	1.444908
1354.78400016	0.24407
1356.88000011	1.406776
1358.77799988	1.477732
1360.78699994	1.342374
1362.79299998	1.737371
1364.78900003	1.699754
1366.77799988	1.447111
1368.77699995	1.427911
1370.78500009	1.771307
1372.78100014	1.996457
1374.78200006	1.739884
1376.78699994	1.614127
1378.79099989	1.475327
1380.78999996	1.430504
1382.78900003	1.193176
1384.79799986	1.727401
1386.78999996	1.477119
1388.78999996	1.707879
1390.78799987	1.813495
1392.78699994	1.72981
1394.79299998	1.828064
1396.79299998	1.512078
1398.78400016	1.519346
1400.77899981	1.265842
1402.78600001	1.476747
1404.79399991	1.057971
1406.77899981	1.409784
1408.78299999	1.631699
1410.79299998	1.75591
1412.78500009	1.661989
1414.78200006	1.635364
1416.78699994	1.234438
1418.78400016	1.179956
1420.78299999	1.267203
1422.78200006	1.660138
1424.79099989	1.968025
1426.79799986	1.494938
1428.78999996	1.427174
1430.78799987	1.657164
1432.79099989	1.497585
1434.78999996	1.243847
1436.77799988	1.376806
1438.78799987	1.291015
1440.77999973	1.482567
1442.78900003	1.48685
1444.78699994	1.386807
1446.79200006	1.21479
1448.78600001	1.399776
1450.78699994	1.521
1452.78799987	1.55398
1454.78900003	1.839695
1456.77999973	1.789066
1458.78900003	0.545794
1460.79399991	1.612012
1462.78600001	1.639835
1464.78799987	0.900123
1466.78299999	1.326229
1468.80800009	1.231698
1470.78999996	0.875905
1472.78699994	1.698298
1474.78799987	1.355797
1476.77899981	0.349868
1478.79200006	1.328035
1480.78799987	1.597326
1482.78299999	1.59789
1484.77999973	1.813869
1486.78600001	1.229555
1488.78100014	0.499051
1490.79200006	1.615852
1492.77899981	1.395793
1494.78400016	1.346425
1496.78999996	1.841373
1498.78799987	1.803066
1500.79099989	1.555734
1502.78799987	1.269706
1504.77799988	1.677655
1506.78400016	1.538336
1508.78999996	1.39177
1510.78999996	1.455671
1512.77799988	1.294697
1514.78600001	1.475404
1516.79099989	1.804291
1518.78500009	0.852554
1520.78699994	0.605348
1522.78299999	1.089261
1525.03499985	1.799792
1527.02799988	1.552708
1528.78900003	1.340679
1531.04200006	1.019005
1533.03799987	1.656945
1534.86400008	1.740359
1537.0389998	0.579192
1539.03499985	1.685963
1541.03200006	1.372967
1543.04100013	0.381588
1545.02999997	0.998768
1547.04100013	1.618339
1549.0309999	0.64004
1551.02799988	1.562434
1553.04100013	1.651453
1555.03499985	1.319943
1557.03799987	0.619672
1558.86500001	1.351546
1561.02999997	1.530958
1563.04299998	1.527664
1565.0389998	1.824045
1567.03399992	1.204178
1569.0389998	1.353252
1571.03799987	1.437326
1573.04100013	1.580412
1575.0400002	0.953818
1577.0480001	1.574883
1579.04399991	0.759769
1581.02900004	1.287794
1582.86100006	1.687861
1585.03699994	1.165367
1587.03399992	1.430414
1589.02799988	1.76378
1591.03299999	1.71115
1593.03699994	1.475656
1595.0309999	1.220225
1597.03499985	1.350958
1599.03699994	1.708283
1601.02999997	1.750456
1603.0389998	1.430766
1605.04399991	1.624887
1607.03399992	1.48134
1609.03699994	1.278773
1611.03799987	1.126173
1613.03799987	1.391592
1615.02799988	1.629594
1617.03799987	1.097915
1619.02799988	0.121437
1621.03499985	0.39015
1623.04200006	1.433149
1625.04100013	0.908525
1627.04500008	1.748602
1629.04299998	1.766776
1631.0309999	1.589626
1633.04500008	1.710375
1635.03499985	1.376661
1637.0400002	1.342934
1639.03599977	1.637666
1641.04500008	1.533759
1643.04399991	1.151374
1645.03200006	1.22996
1647.02999997	1.647769
1649.04299998	1.336681
1651.03699994	1.654596
1653.0309999	1.592235
1655.04299998	1.490487
1657.02900004	1.578422
1659.0309999	1.986886
1661.046	1.816947
1663.03399992	1.824481
1665.03399992	1.404474
1667.04399991	1.639791
1669.04200006	1.442809
1671.046	1.36582
1673.03799987	1.640546
1675.03599977	1.648006
1677.03599977	1.107092
1679.0400002	1.295868
1681.03599977	1.042586
1683.04500008	1.456093
1685.03799987	1.325144
1687.03699994	1.326508
1689.03399992	0.987513
1691.04999995	1.30938
1693.04500008	0.564637
1695.03200006	0.798772
1697.02799988	1.662921
1699.04200006	1.897728
1701.046	1.113016
1703.0400002	0.449452
1705.03599977	1.641945
1707.0389998	1.066253
1709.02799988	1.273996
1711.046	1.793201
1713.02999997	1.300852
1715.0309999	0.843443
1717.03399992	0.944983
1719.03599977	1.52568
1721.04699993	1.04235
1723.0400002	1.510665
1725.03399992	1.379351
1727.0400002	1.395636
1729.03499985	1.54633
1731.04699993	1.548907
1733.04999995	1.432446
1735.02999997	1.58676
1737.0389998	1.588491
1739.03799987	0.546557
1741.398	0.748347
1743.24600005	1.654167
1745.04299998	0.972063
1747.02799988	0.299787
1749.02999997	1.363773
1751.10400009	0.558798
1753.04100013	0.844372
1755.04299998	1.432405
1757.03799987	1.243705
1759.04500008	0.960236
1761.046	1.643784
1763.03499985	1.323117
1765.03499985	1.121811
1767.04100013	1.556017
1769.02999997	1.518783
1771.04299998	1.287409
1773.03200006	1.503644
1775.28500009	1.520871
1777.04399991	1.520871
1779.28800011	1.786181
1781.29199982	1.565622
1783.28699994	1.642638
1785.28999996	0.818582
1787.28999996	1.524563
1789.27999997	0.956951
1791.28500009	1.230627
1793.29299998	1.116878
1795.28399992	0.423688
1797.28500009	1.175271
1799.29099989	1.532844
1801.27699995	1.640575
1803.28600001	1.729516
1805.29199982	1.959552
1807.28500009	1.475854
1809.28299999	1.57209
1811.28699994	1.256134
1813.28100014	0.849313
1815.30299997	1.772394
1817.28999996	1.10442
1819.28100014	1.494718
1821.29099989	1.494718
1823.27899981	1.556187
1825.28800011	1.540001
1827.28100014	1.673763
1829.29199982	1.185129
1831.28800011	1.756126
1833.28699994	1.742621
1835.29099989	1.14404
1837.28600001	1.558408
1839.29099989	1.704781
1841.28200006	1.35131
1843.28200006	1.493446
1845.28399992	1.600833
1847.28699994	0.652925
1849.28200006	1.451225
1851.28399992	1.922029
1853.28800011	0.370567
1855.28800011	1.324202
1857.28500009	1.135827
1859.28200006	1.543426
1861.27699995	1.431915
1863.28299999	1.557831
1865.28699994	1.483191
1867.29099989	1.288743
1869.29899979	1.047878
1871.28999996	1.248145
1873.28999996	1.644273
1875.29299998	1.168578
1877.28200006	1.440613
1879.29099989	0.984822
1881.4289999	1.752649
1883.52600002	0.414142
1885.28900003	1.308847
1887.28399992	1.367186
1889.29199982	1.613916
1891.27799988	1.695374
1893.29099989	1.858581
1895.29299998	1.087244
1897.28299999	1.414617
1899.28800011	1.501756
1901.28800011	1.883814
1903.28800011	1.443543
1905.28800011	1.460989
1907.28699994	1.493147
1909.28100014	1.687489
1911.29199982	1.740263
1913.28200006	1.435675
1915.28900003	1.477328
1917.27799988	2.006371
1919.27699995	1.378461
1921.28600001	1.750868
1923.28100014	1.532463
1925.28999996	1.371348
1927.28900003	1.710347
1929.27499986	1.281624
1931.27999997	1.73023
1933.29399991	1.33357
1935.29199982	1.561813
1937.28100014	1.539678
1939.28200006	1.003317
1941.29199982	0.993043
1943.28200006	1.374579
1945.28999996	1.428183
1947.27899981	2.014361
1949.27899981	0.669916
1951.28100014	1.515949
1953.28399992	1.272277
1955.29399991	1.674617
1957.28699994	1.31697
1959.27999997	1.860411
1961.28299999	1.247365
1963.27899981	1.370196
1965.28299999	1.413025
1967.28699994	1.504095
1969.28399992	1.310984
1971.29199982	1.407945
1973.29899979	1.316612
1975.28800011	1.814894
1977.29999971	1.899603
1979.29199982	1.050135
1981.28999996	1.183623
1983.28100014	1.181459
1985.29099989	1.352109
1987.27999997	1.476462
1989.27799988	0.728579
1991.296	1.277254
1993.29099989	1.769312
1995.29199982	1.483345
1997.54400015	1.2641
1999.29399991	1.650743
2001.28600001	1.132066
2003.28600001	1.431755
2005.28800011	1.763962
2007.28299999	1.072006
2009.29899979	0.734037
2011.28200006	0.913053
2013.44499993	0.796463
2015.36000013	0.228085
2017.28699994	0.661205
2019.28999996	1.133849
2021.29099989	1.466296
2023.29099989	1.093774
2025.29099989	1.702028
2027.53499985	0.649784
2029.35899997	1.76994
2031.53199983	1.336087
2033.29499984	1.709127
2035.54699993	1.484707
2037.5389998	1.344856
2039.53499985	1.190047
2041.54900002	1.547486
2043.5389998	1.422034
2045.53799987	1.369781
2047.53799987	0.89242
2049.54299998	0.417659
2051.54100013	1.063126
2053.3920002	0.652854
2055.53199983	1.773135
2057.53799987	1.611396
2059.53999972	0.960932
2061.5309999	0.923441
2063.53199983	1.464491
2065.53499985	1.385612
2067.53600001	1.433318
2069.5309999	1.220135
2071.54100013	1.672219
2073.53699994	1.817104
2075.54100013	1.509675
2077.35299993	1.88476
2079.53399992	0.804235
2081.53199983	1.532078
2083.52900004	1.563345
2085.53600001	1.415678
2087.5309999	1.385787
2089.53799987	1.753859
2091.53399992	1.196404
2093.53600001	1.134165
2095.54200006	1.780689
2097.53299999	1.612574
2099.52999997	1.702488
2101.53499985	1.566195
2103.53399992	1.424042
2105.52699995	1.26722
2107.53299999	1.846348
2109.53199983	1.648527
2111.53699994	1.646586
2113.5389998	1.23278
2115.53799987	1.57511
2117.52800012	1.629225
2119.53699994	1.71494
2121.54299998	1.37956
2123.54100013	1.793034
2125.54299998	1.39778
2127.53199983	1.513737
2129.54299998	1.997139
2131.52999997	1.828428
2133.53699994	1.80615
2135.53999972	1.421944
2137.53600001	1.231028
2139.53499985	0.953391
2141.53199983	1.641648
2143.53999972	1.722133
2145.65400004	1.113962
2147.60100007	0.755021
2149.43000007	0.736944
2151.5389998	1.045535
2153.53499985	1.494557
2155.54100013	1.543539
2157.5309999	1.729428
2159.53199983	1.357021
2161.52900004	1.255341
2163.54799986	1.336313
2165.53799987	1.380148
2167.53499985	1.054755
2169.53199983	1.63226
2171.53600001	1.380214
2173.53799987	0.592837
2175.53999972	1.182478
2177.54200006	1.757926
2179.54400015	1.634356
2181.52999997	1.550659
2183.54200006	1.424077
2185.546	1.302728
2187.53499985	1.481014
2189.5389998	1.523922
2191.52699995	1.602986
2193.5309999	1.697215
2195.52800012	1.136218
2197.52900004	1.155315
2199.53399992	1.60114
2201.53699994	1.739256
2203.53799987	1.698168
2205.53299999	1.454065
2207.5389998	1.256775
2209.53199983	1.622592
2211.53999972	1.662741
2213.5389998	1.676938
2215.53799987	1.409022
2217.53299999	0.615712
2219.53299999	1.131378
2221.54100013	1.324329
2223.54200006	1.456489
2225.52999997	1.781498
2227.546	1.415886
2229.52999997	1.579935
2231.53799987	1.215793
2233.54400015	1.580846
2235.53699994	1.862584
2237.53499985	1.684781
2239.52900004	1.706287
2241.52999997	1.133677
2243.53199983	1.702571
2245.53999972	1.32047
2247.53199983	2.110519
2249.53299999	0.984641
2251.53999972	1.166254
2253.53699994	1.515952
2255.54299998	1.831335
2257.5389998	1.917772
2259.53299999	1.723016
2261.53199983	1.461055
2263.55099988	1.1342
2265.54400015	1.47932
2267.53399992	1.416479
2269.52600002	1.134329
2271.54900002	1.694838
2273.78299999	1.883484
2275.78600001	1.563893
2277.64299989	1.189186
2279.84200001	0.836313
2281.78500009	1.376436
2283.6099999	1.282952
2285.78900003	1.781821
2287.78100014	1.373582
2289.78400016	1.767902
2291.78900003	1.245604
2293.78299999	1.358021
2295.78600001	1.346378
2297.78200006	1.575204
2299.79099989	1.477647
2301.77699995	1.63964
2303.77699995	1.546876
2305.78200006	1.347964
2307.62400007	1.673489
2309.78500009	1.618165
2311.79200006	1.665478
2313.78400016	1.614089
2315.78999996	1.349477
2317.78799987	1.401889
2319.80200005	1.547312
2321.78100014	1.783076
2323.79299998	1.119088
2325.78999996	1.801609
2327.78900003	1.03655
2329.78699994	1.335585
2331.64399981	1.326149
2333.8039999	1.469235
2335.77899981	1.673282
2337.78400016	1.423103
2339.78799987	1.483894
2341.78999996	1.664616
2343.79099989	1.599407
2345.78400016	1.500183
2347.78799987	1.414894
2349.78400016	1.584433
2351.78600001	1.528695
2353.78299999	1.493626
2355.78600001	1.448347
2357.78699994	1.52942
2359.78400016	1.517592
2361.78900003	1.494638
2363.78900003	1.519213
2365.78200006	0.731478
2367.78900003	1.072034
2369.79299998	1.764786
2371.78900003	1.824828
2373.78799987	1.469122
2375.77799988	1.552452
2377.78900003	1.354752
2379.77799988	0.409652
2381.78999996	1.356495
2383.78699994	1.729321
2385.78999996	0.920833
2387.78999996	1.758987
2389.78100014	1.398914
2391.78200006	1.532918
2393.77799988	1.000195
2395.77899981	1.581603
2397.79099989	1.429237
2399.79699993	1.990521
2401.79299998	1.169293
2403.78600001	1.235879
2405.78500009	1.089897
2407.79099989	1.095
2409.8829999	1.479883
2411.8599999	0.262936
2413.79200006	1.387681
2415.79299998	1.186232
2417.78500009	1.629031
2419.78600001	1.434643
2421.78200006	1.523416
2423.79200006	1.660438
2425.77999973	0.98995
2427.79299998	1.561171
2429.78600001	1.449851
2431.79200006	1.664016
2433.77799988	1.602097
2435.78699994	1.540001
2437.78100014	1.449809
2439.79499984	1.255673
2441.77699995	1.281931
2443.79299998	1.261629
2445.78299999	1.011755
2447.78299999	1.296513
2449.78699994	1.458541
2451.78400016	1.574932
2453.78999996	1.844571
2455.77799988	1.425048
2457.78400016	1.842105
2459.78600001	1.525119
2461.77699995	1.343783
2463.77600002	1.536487
2465.78200006	1.050411
2467.80000019	1.678482
2469.78900003	1.389704
2471.78900003	1.610209
2473.79099989	1.038967
2475.77899981	0.862551
2477.79399991	1.68879
2479.77999973	0.928709
2481.77899981	1.6404
2483.77600002	1.502093
2485.77699995	1.218205
2487.78500009	1.527577
2489.78400016	1.631986
2491.79099989	1.252973
2493.77799988	1.821769
2495.78500009	1.635275
2497.78799987	1.113674
2499.78500009	1.71366
2501.77699995	1.421687
2503.78600001	1.367238
2505.79499984	1.748693
2507.79200006	1.376938
2509.79099989	0.652445
2511.78400016	1.274786
2513.77399993	1.732657
2515.77899981	1.56461
2517.78200006	1.740685
2519.78200006	1.363399
2521.77600002	1.639506
2523.78400016	1.470812
2525.78500009	1.331526
2528.03200006	1.126487
2530.03399992	1.511807
2532.03499985	1.406848
2534.03699994	1.738802
2536.02799988	1.437326
2538.03299999	0.99766
2540.02799988	0.711891
2542.0539999	1.73954
2544.23899984	0.56673
2546.0250001	1.306346
2548.02999997	0.163192
2550.03200006	1.643782
2552.04399991	1.780685
2554.0389998	1.333994
2556.02799988	1.546405
2558.02799988	1.304421
2560.03200006	1.304421
2562.03599977	1.739347
2564.03499985	1.744761
2566.02999997	1.439466
2568.02699995	1.36946
2570.02999997	0.974296
2572.03699994	1.545947
2574.02900004	1.545947
2576.03699994	1.728089
2578.02900004	1.057947
2580.0400002	0.93361
2582.03299999	1.334671
2584.03200006	1.315175
2586.03799987	1.674405
2588.0309999	1.033294
2590.03399992	1.597846
2592.03799987	1.610385
2594.02600002	1.270703
2596.0309999	1.730716
2598.0389998	1.721467
2600.02699995	1.92111
2602.03200006	1.637967
2604.02999997	1.326308
2606.03599977	1.500401
2608.03599977	1.536842
2610.04100013	1.521701
2612.0309999	1.871522
2614.04100013	1.60685
2616.0309999	1.40857
2618.03699994	1.801872
2620.03799987	1.68338
2622.02699995	0.958377
2624.02900004	1.538351
2626.0400002	1.561952
2628.0400002	1.628745
2630.03399992	1.342417
2632.04399991	1.705746
2634.03599977	1.647682
2636.03399992	1.678248
2638.03399992	1.301827
2640.02600002	1.287077
2642.0309999	1.311332
2644.03799987	1.424973
2646.02799988	1.789714
2648.02799988	1.54661
2650.0389998	1.460299
2652.0400002	1.352321
2654.0400002	1.348532
2656.04100013	1.574765
2658.04100013	1.510891
2660.02999997	1.384266
2662.03699994	1.741155
2664.03499985	1.318403
2666.05299997	1.416768
2668.02799988	0.880333
2670.02699995	1.525361
2672.03799987	1.887041
2674.39599991	1.42916
2676.06299996	0.436133
2678.04200006	1.472656
2680.02799988	1.837083
2682.04100013	1.639101
2684.03799987	1.473701
2686.04399991	1.861327
2688.03299999	1.680322
2690.02999997	1.704958
2692.03799987	1.764655
2694.02999997	1.436536
2696.02999997	1.341266
2698.03599977	1.953355
2700.03699994	1.354769
2702.0250001	0.589121
2704.03499985	1.342528
2706.03200006	1.564405
2708.02999997	1.490196
2710.02999997	1.571864
2712.03200006	0.7792
2714.03699994	1.175869
2716.03499985	1.392465
2718.03399992	1.672839
2720.03399992	1.020059
2722.03299999	1.730248
2724.02600002	1.458311
2726.0400002	1.479998
2728.03599977	1.521625
2730.03499985	1.511102
2732.046	1.226697
2734.02999997	1.462088
2736.03299999	1.10358
2738.03399992	1.938267
2740.03699994	1.597867
2742.04200006	1.525823
2744.03299999	1.922835
2746.05099988	1.493686
2748.03299999	1.425668
2750.04999995	1.161957
2752.02600002	2.00162
2754.02699995	1.633154
2756.02900004	1.099365
2758.0389998	1.469162
2760.02799988	1.540963
2762.03799987	1.699933
2764.02799988	1.428291
2766.03499985	1.181374
2768.03399992	1.590252
2770.03200006	1.712258
2772.02999997	1.444152
2774.0539999	1.286636
2776.27999997	1.627965
2778.15799999	0.9142
2780.28699994	1.593679
2782.03799987	1.078697
2784.28699994	1.407118
2786.28299999	1.214427
2788.28299999	1.417002
2790.28299999	1.544654
2792.28800011	1.55348
2794.27999997	1.662095
2796.28399992	1.15731
2798.28399992	1.137603
2800.28800011	1.064361
2802.11599994	1.380569
2804.28399992	1.016373
2806.31299996	1.595148
2808.71899986	1.016883
2810.2249999	0.895722
2812.27499986	1.236105
2814.28200006	1.646218
2816.28299999	1.201187
2818.28999996	1.537894
2820.27699995	1.489617
2822.27899981	1.474626
2824.28699994	1.783354
2826.14599991	1.034677
2828.28699994	0.50519
2830.28600001	1.218944
2832.27799988	1.156979
2834.27699995	1.644919
2836.28900003	1.682119
2838.27999997	0.785303
2840.28600001	1.421653
2842.28600001	1.554684
2844.27999997	1.113398
2846.28299999	1.546844
2848.28299999	1.152746
2850.13999987	0.95171
2852.27799988	1.429575
2854.28999996	1.267127
2856.28600001	1.394301
2858.27899981	0.510188
2860.296	1.747918
2862.29099989	0.990622
2864.28900003	1.464493
2866.27899981	1.4762
2868.28999996	1.290923
2870.28600001	1.620736
2872.27599978	1.105372
2874.14899993	0.671869
2876.27699995	0.941882
2878.27899981	1.346552
2880.28200006	1.249643
2882.28600001	1.448854
2884.27699995	1.683305
2886.27499986	1.65463
2888.28699994	1.121508
2890.29499984	1.234352
2892.27899981	1.305225
2894.28200006	0.486818
2896.28999996	1.591363
2898.27999997	0.943699
2900.27899981	0.961448
2902.28800011	1.220555
2904.28299999	1.444198
2906.28399992	1.415726
2908.28800011	1.302795
2910.28600001	1.558401
2912.27699995	1.408119
2914.27999997	1.501145
2916.28299999	1.256537
2918.28800011	0.337511
2920.27999997	1.35043
2922.30500007	1.240242
2924.29099989	1.212423
2926.29199982	1.788568
2928.27999997	1.442479
2930.28900003	1.720914
2932.29099989	0.889753
2934.28699994	1.480493
2936.28399992	1.320258
2938.28999996	1.509243
2940.27999997	0.052759
2942.28399992	1.231775
2944.28999996	1.309579
2946.27399993	1.507904
2948.27999997	1.430961
2950.296	1.431274
2952.27899981	1.582733
2954.28999996	1.732511
2956.28100014	1.373509
2958.28600001	1.321228
2960.29299998	1.52698
2962.28500009	1.368777
2964.29499984	1.662956
2966.28699994	1.328356
2968.27399993	1.73059
2970.27899981	1.371875
2972.28600001	1.410219
2974.29699993	1.346524
2976.27899981	1.922317
2978.28600001	1.599245
2980.28299999	2.008441
2982.28800011	1.494552
2984.28399992	0.732892
2986.29499984	0.090184
2988.27999997	0.877579
2990.29199982	1.559115
2992.29099989	1.518135
2994.28900003	1.475109
2996.28699994	1.18294
2998.28699994	1.50159
3000.27799988	1.732387
3002.29099989	1.526247
3004.27899981	1.286539
3006.28900003	0.565818
3008.28999996	1.048127
3010.28399992	1.570237
3012.30799985	1.491811
3014.27999997	1.52029
3016.27999997	0.906422
3018.28299999	1.457151
3020.28800011	1.395056
3022.28800011	1.451616
3024.28900003	1.739365
3026.28999996	1.575903
3028.54100013	1.270072
3030.54100013	1.142873
3032.28699994	1.54462
3034.52600002	1.026362
3036.52900004	1.520386
3038.54100013	1.639344
3040.52900004	1.679823
3042.53399992	1.103969
3044.53799987	1.469571
3046.53600001	1.306921
3048.52800012	1.769906
3050.5389998	1.781267
3052.54299998	1.498578
3054.52900004	1.13683
3056.36800003	1.379165
3058.52600002	1.314323
3060.52900004	1.340116
3062.53199983	1.711773
3064.53399992	1.019146
3066.54200006	1.231798
3068.54100013	1.130614
3070.53600001	1.525139
3072.5309999	0.738937
3074.53799987	1.135778
3076.53199983	1.423449
3078.53699994	1.513259
3080.35800004	1.677309
3082.53299999	1.33983
3084.54500008	1.356517
3086.53600001	1.169081
3088.54200006	1.280293
3090.52999997	1.759338
3092.52800012	1.344034
3094.53399992	1.221076
3096.53799987	1.508823
3098.52999997	1.285098
3100.52999997	1.554201
3102.53299999	1.563304
3104.52699995	1.640449
3106.53499985	1.664585
3108.53399992	1.622599
3110.52699995	1.123613
3112.53199983	1.394322
3114.52900004	0.286836
3116.5309999	1.485085
3118.53399992	1.410579
3120.53600001	1.885031
3122.52699995	1.5948
3124.5309999	1.856847
3126.53600001	1.553151
3128.52699995	1.563294
3130.53799987	1.172719
3132.53600001	1.662077
3134.53199983	1.637487
3136.53199983	0.925326
3138.52900004	1.645688
3140.53799987	1.380386
3142.52600002	0.960298
3144.52999997	0.819514
3146.53399992	1.802883
3148.53699994	1.634046
3150.52699995	0.385682
3152.5309999	1.190325
3154.53199983	1.775628
3156.54100013	1.665399
3158.53799987	1.606201
3160.52399993	1.037914
3162.53299999	1.093993
3164.52399993	1.894526
3166.52800012	1.12922
3168.52999997	1.566843
3170.53600001	1.64625
3172.52900004	0.937308
3174.52699995	1.590667
3176.52999997	1.653933
3178.5389998	1.36194
3180.52399993	1.085335
3182.52699995	1.637039
3184.5309999	1.684427
3186.53199983	1.014614
3188.53299999	1.748758
3190.52800012	0.777689
3192.53999972	1.151906
3194.5309999	1.654799
3196.52600002	1.443054
3198.52399993	1.855735
3200.52699995	1.641371
3202.60000014	1.719302
3204.53499985	0.384834
3206.54100013	0.717797
3208.53299999	1.200657
3210.52999997	1.481298
3212.54900002	1.506748
3214.53999972	1.573828
3216.53799987	1.262172
3218.53199983	1.277168
3220.5389998	1.436301
3222.53499985	1.585867
3224.52999997	0.787084
3226.53999972	1.267266
3228.53299999	1.459923
3230.53799987	1.5215
3232.53399992	1.496103
3234.54699993	1.390115
3236.53999972	1.547619
3238.5250001	0.713805
3240.53600001	1.616986
3242.52699995	1.982147
3244.52699995	1.648088
3246.5389998	1.243725
3248.53199983	1.77483
3250.54699993	0.983405
3252.53499985	1.895342
3254.5309999	1.583514
3256.52399993	1.30516
3258.53600001	1.273767
3260.53600001	1.57477
3262.53499985	1.562954
3264.52800012	1.021151
3266.53999972	1.706579
3268.53799987	1.84074
3270.52999997	1.322423
3272.52900004	0.848179
3274.78100014	1.745471
3276.77999973	0.904755
3278.54200006	1.622398
3280.77699995	1.473631
3282.5389998	1.787666
3284.78200006	1.000267
3286.79200006	1.596836
3288.78400016	1.314401
3290.79899979	1.613259
3292.77799988	1.334552
3294.78200006	1.125798
3296.78799987	1.596649
3298.78699994	1.702907
3300.78699994	1.655526
3302.79200006	0.712594
3304.78799987	1.405907
3306.77499986	1.653934
3308.78400016	1.186546
3310.79099989	1.539366
3312.78200006	1.570922
3314.79499984	1.080732
3316.78400016	0.752046
3318.78100014	1.731193
3320.77999973	1.514808
3322.77399993	1.337075
3324.78200006	0.974008
3326.78299999	1.272269
3328.78999996	1.733779
3330.77899981	1.045995
3332.78299999	1.601913
3334.77999973	0.240375
3336.78200006	0.24224
3338.79200006	0.851913
3340.77999973	1.368843
3342.78799987	1.283748
3344.78900003	1.526018
3346.77999973	1.301745
3348.78699994	1.411643
3350.79099989	1.474922
3352.77899981	1.727664
3354.77799988	1.248763
3356.77999973	1.208942
3358.78600001	1.769597
3360.77999973	1.782502
3362.78100014	1.662913
3364.78999996	1.46747
3366.77499986	1.854182
3368.77600002	1.578455
3373.1789999	1.122833
3373.95700002	0.438784
3374.75099993	1.251373
3376.78200006	0.82843
3378.77999973	0.988799
3380.79399991	1.156172
3382.77999973	0.332648
3385.07499981	0.320526
3386.8119998	0.029741
3388.82400012	0.092641
3390.77799988	1.224588
3392.78600001	1.148562
3394.78999996	0.120342
3396.77600002	0.901705
3398.78500009	0.082092
3400.78799987	1.510097
3402.77799988	1.369686
3404.78900003	1.496076
3406.77999973	1.71666
3408.78500009	0.977169
3410.78799987	2.224916
3412.77600002	1.683967
3414.78799987	1.445067
3416.77600002	1.3069
3418.78600001	1.463504
3420.79299998	0.910248
3422.78999996	1.9796
3424.78400016	0.82071
3426.78799987	1.289915
3428.77699995	1.469132
3430.78500009	1.29174
3432.78299999	1.574104
3434.78900003	1.862134
3436.77699995	0.568454
3438.77600002	1.22407
3440.77999973	1.238457
3442.78500009	1.430993
3444.77899981	1.205583
3446.77499986	1.023346
3448.78699994	1.281469
3450.79399991	1.579052
3452.77600002	0.982138
3454.78799987	1.608323
3456.77600002	1.567044
3458.78200006	1.594931
3460.77699995	1.081206
3462.77899981	1.205761
3464.78200006	2.06972
3466.77899981	0.016793
3468.78799987	0.201076
3470.78999996	1.578503
3472.77899981	1.421738
3474.78299999	1.562445
3476.77999973	1.567593
3478.78799987	1.406652
3480.78299999	1.556543
3482.77699995	1.049828
3484.78400016	1.642768
3486.77799988	1.872537
3488.78200006	1.237947
3490.77799988	1.505154
3492.79499984	1.442342
3494.77600002	1.36952
3496.78400016	1.474512
3498.77600002	1.706513
3500.78200006	1.300442
3502.78400016	1.276014
3504.78999996	0.948914
3506.79799986	0.017576
3508.77899981	1.274247
3510.77999973	2.016243
3512.773	1.14563
3514.79599977	1.464091
3516.77699995	1.036463
3518.77499986	1.26385
3520.78799987	1.42824
3522.78999996	1.591679
3524.78600001	1.292178
3526.78799987	1.444678
3528.79299998	1.627774
3531.03200006	1.591259
3533.03699994	1.463329
3535.03299999	1.559054
3537.03499985	1.385774
3539.02699995	1.539144
3541.02600002	1.818851
3543.02699995	1.623936
3545.03699994	1.36028
3547.0389998	1.022639
3549.03799987	1.283031
3550.86400008	1.593975
3553.03799987	1.79949
3555.03799987	1.135233
3557.0309999	1.59719
3559.03599977	1.762965
3561.02900004	1.440965
3562.92599988	1.223663
3565.03499985	1.051332
3567.03699994	1.72099
3569.03499985	1.512063
3571.0309999	1.406033
3573.03699994	1.289673
3574.85899997	1.463874
3577.02600002	1.27955
3579.0389998	1.424317
3581.02699995	1.387766
3583.03499985	1.53854
3585.03599977	1.132762
3587.03499985	1.822832
3589.03200006	1.254687
3591.03699994	1.430437
3593.0389998	1.168642
3595.03299999	1.634676
3597.03200006	1.687905
3598.93999982	0.035454
3601.0250001	0.040892
3603.03299999	0.964001
3605.03699994	1.604079
3607.73699999	1.737388
3609.47099996	2.025156
3611.03200006	1.578919
3613.0309999	1.611834
3615.03599977	1.828272
3617.03799987	1.317631
3619.03499985	1.189299
3621.03399992	1.82325
3622.91200018	1.298558
3625.03200006	1.323437
3627.03299999	1.51704
3629.02999997	1.581525
3631.03599977	1.666017
3633.02199984	1.462169
3635.0389998	1.419013
3637.0309999	1.345585
3639.0309999	1.510392
3641.02600002	1.725513
3643.03599977	1.781315
3645.03200006	1.646972
3647.02999997	1.597692
3649.03299999	1.504072
3651.0389998	1.666893
3653.03699994	1.670046
3655.03799987	1.462549
3657.03299999	1.098029
3659.0309999	1.426638
3661.02799988	1.574848
3663.03499985	1.353752
3665.02799988	1.012618
3667.03699994	1.437747
3669.0309999	1.186991
3671.0309999	1.493244
3673.03299999	1.360411
3675.0309999	1.540548
3677.03399992	1.525484
3679.02799988	1.617849
3681.02900004	0.517307
3683.02799988	1.709554
3685.02699995	1.323529
3687.03299999	1.526734
3689.04200006	1.013888
3691.02900004	1.719099
3693.03799987	1.489397
3695.03200006	1.242917
3697.03399992	1.691995
3699.03399992	0.038287
3701.03299999	1.574468
3703.03200006	1.529168
3705.03200006	1.719232
3707.02400017	1.686004
3709.02600002	1.524822
3711.02999997	1.720268
3713.0309999	1.218993
3715.02799988	1.446163
3717.02999997	1.817708
3719.02900004	1.490007
3721.02600002	1.402699
3723.03499985	1.460486
3725.03499985	1.492764
3727.03499985	1.528079
3729.0250001	1.668748
3731.03299999	1.79182
3733.0309999	0.88738
3735.03799987	1.43951
