0.0	1.050834
0.844000101089	1.060303
1.09699988365	1.244638
1.92000007629	0.931982
2.25699996948	0.93248
2.91199994087	1.096811
3.41799998283	1.107111
3.85599994659	1.129137
4.40100002289	0.934227
4.98599982262	1.027027
6.19500017166	1.04018
8.20199990273	1.119334
10.1939997673	1.236644
12.1849999428	0.865983
14.2209999561	1.089488
16.1849999428	1.060163
18.2030000687	1.260099
20.1950001717	1.095794
22.1840000153	0.690441
24.2009999752	0.969375
26.2049999237	1.125373
28.1849999428	1.00079
30.1970000267	1.330417
32.1849999428	1.33725
34.1749997139	1.22077
36.1939997673	0.916017
38.1939997673	1.138868
40.2019999027	1.211382
42.1919999123	1.212281
44.2030000687	1.212281
46.1950001717	1.212281
48.1840000153	1.101871
50.1760001183	1.134978
52.1859998703	1.314404
54.1859998703	1.28773
56.1859998703	1.312624
58.4339997768	0.664026
60.4459998608	1.082102
62.2990000248	1.045115
64.4430000782	1.038731
66.4339997768	0.861665
68.4609999657	0.970609
70.4419999123	0.945695
72.4430000782	0.83636
74.513999939	1.029574
76.4449999332	1.120393
78.4440000057	1.373162
80.4350001812	1.218491
82.4440000057	1.268389
84.4449999332	0.974206
86.4019999504	0.65605
88.4449999332	0.777212
90.4449999332	1.120099
92.4529998302	1.173373
94.4629998207	1.173373
96.4350001812	0.763515
98.4549999237	0.950262
100.443000078	0.950419
102.444999933	0.705979
104.433999777	0.83105
106.480999947	0.948469
108.433999777	0.93307
110.333999872	0.777171
112.436000109	1.101676
114.435000181	0.863991
116.433999777	0.959661
118.433999777	1.083714
120.443000078	1.019605
122.435000181	0.883783
124.444999933	1.392374
126.433999777	1.23147
128.454999924	1.23147
130.444999933	1.359146
132.444000006	1.263003
134.358999729	1.055284
136.444000006	1.461855
138.443000078	1.584185
140.460999966	1.271762
142.436000109	1.159688
144.451999903	0.921768
146.444999933	0.819023
148.444000006	0.98911
150.433999777	0.838898
152.45299983	0.730214
154.435000181	0.665006
156.424000025	0.826365
158.339999914	0.809846
160.444000006	0.856402
162.424999952	1.143062
164.447999954	0.94377
166.444999933	0.839302
168.453999996	1.214079
170.454999924	1.338566
172.480999947	1.016241
174.451999903	1.016241
176.441999912	1.016241
178.444999933	0.805608
180.435000181	1.050244
183.225999832	0.878099
184.891000032	0.706351
186.444999933	0.716943
188.435000181	1.160574
190.435000181	1.410015
192.435000181	1.013576
194.435000181	1.163662
196.464999914	1.258963
198.435000181	1.070327
200.441999912	0.720168
202.454999924	1.237792
204.433999777	1.029231
206.435000181	0.805261
208.444999933	0.965392
210.435000181	1.07298
212.453999996	0.958443
214.45299983	0.958443
216.444000006	1.063689
218.427000046	1.16409
220.453999996	1.16409
222.46999979	1.16409
224.445999861	1.396296
226.444999933	0.64996
228.444000006	1.229958
230.438999891	0.69545
232.460999966	1.154161
234.480999947	1.092771
236.435000181	0.943112
238.444999933	0.957208
240.451999903	1.058495
242.446999788	0.997826
244.444999933	1.231106
246.484999895	0.751632
248.441999912	0.817273
250.444999933	0.667283
252.444000006	0.795863
254.457000017	0.802828
256.444999933	1.230158
258.484999895	1.374195
260.444999933	1.031382
262.444999933	1.292861
264.433999777	0.969253
266.435000181	0.832932
268.444000006	0.965562
270.433999777	0.904719
272.444999933	0.617303
274.435000181	0.686536
276.445999861	1.023242
278.424999952	0.856194
280.444999933	1.141526
282.435000181	1.332593
284.435000181	1.425928
286.433999777	1.36079
288.435000181	1.280157
290.435000181	1.12163
292.435000181	1.149206
294.444999933	1.082099
296.444999933	0.877014
298.433999777	1.194756
300.444000006	1.042826
302.444000006	0.88318
304.445999861	1.168353
306.69299984	1.205652
308.684999943	1.095893
310.684999943	1.445706
312.733999968	1.529887
314.701999903	1.197317
316.595000029	1.259914
318.693999767	0.593523
320.684999943	1.158026
322.693999767	1.351969
324.723999977	0.022671
326.700000048	1.088712
328.684000015	0.780674
330.694999933	1.28888
332.684999943	0.988946
334.684999943	1.500895
336.684000015	0.593357
338.694999933	0.938338
340.571000099	0.842771
342.704999924	1.136468
344.694999933	1.120572
346.694999933	1.001093
348.707000017	0.983875
350.720999956	0.668473
352.693999767	1.441229
354.684999943	1.357774
356.694999933	1.185911
358.707000017	1.068226
360.69299984	1.025784
362.673999786	1.40744
364.572999954	0.874722
366.684000015	1.067455
368.723999977	1.067455
370.72300005	1.07448
372.694999933	1.07448
374.673999786	1.022111
376.694999933	1.050451
378.693999767	1.134136
380.720999956	1.134136
382.693999767	1.134136
384.701999903	0.951118
386.675000191	0.74507
388.585999966	0.787063
390.684999943	1.062012
392.684999943	1.356673
394.684000015	1.339596
396.696000099	1.35565
398.700999975	0.918145
400.68599987	1.337739
402.684999943	1.078293
404.684000015	0.623804
406.700999975	1.456019
408.693999767	0.833214
410.684999943	0.789815
412.576999903	0.642828
414.684999943	1.203921
416.704999924	0.708223
418.704999924	0.669252
420.673999786	1.09006
422.673999786	1.006439
424.684999943	1.227696
426.683000088	1.014536
428.693999767	0.551355
430.673999786	1.063976
432.684999943	1.126402
434.675000191	1.166687
436.617999792	0.61519
438.694999933	0.899565
440.694999933	0.854107
442.720999956	0.980333
444.694999933	1.110088
446.676000118	0.776998
448.684999943	0.993399
450.68599987	1.002962
452.69299984	1.055922
454.693999767	0.93919
456.676000118	1.114457
458.684999943	0.881925
460.684000015	0.96971
462.684000015	1.205146
464.673999786	1.125312
466.673999786	0.603111
468.693999767	0.565568
470.703999996	0.89251
472.691999912	1.034699
474.694999933	1.363117
476.693999767	1.235255
478.684999943	0.870727
480.675000191	1.083254
482.684000015	0.587759
484.652999878	1.041226
486.684999943	1.086009
488.721999884	0.833222
490.675000191	1.103946
492.686999798	1.070501
494.675000191	1.036524
496.723999977	0.75596
498.694999933	0.75596
500.728999853	0.864303
502.673999786	1.149579
504.705999851	1.046465
506.704999924	0.668758
508.694999933	0.727382
510.686999798	0.829091
512.697999954	1.037246
514.694999933	0.602927
516.696000099	0.918154
518.693999767	0.797867
520.693999767	1.086742
522.684999943	1.237422
524.675000191	1.287135
526.684000015	0.985399
528.720999956	0.810786
530.684999943	1.487327
532.693999767	0.761447
534.704999924	1.440239
536.68599987	1.134365
538.704999924	0.716114
540.694999933	0.754349
542.694999933	0.686628
544.693999767	0.891331
546.684999943	1.014688
548.704999924	1.104141
550.675000191	1.387878
552.675000191	1.042732
554.675000191	1.076879
556.694999933	0.478184
558.944999933	0.690514
560.944999933	0.65872
562.934999704	1.127381
564.934999704	0.91998
566.960999966	0.656119
568.960999966	0.683927
570.944999933	0.82031
572.934999704	1.120143
574.944999933	1.00482
576.934999704	1.010162
578.944999933	0.833826
580.944000006	1.1947
582.934999704	1.1008
584.944000006	0.809809
586.933999777	0.851778
588.924000025	1.18454
590.94299984	0.781251
592.941999912	0.745535
594.947000027	0.658346
596.944999933	0.98385
598.934999704	0.69264
600.960999966	0.898513
602.934999704	0.982806
604.94299984	1.058917
606.944000006	1.171711
608.944999933	0.981625
610.944999933	0.898983
612.934999704	0.950222
614.934999704	0.835716
616.933999777	0.561065
618.960000038	0.853762
620.93900013	0.530721
622.924000025	0.975719
624.934999704	0.625193
626.944999933	0.874506
628.933999777	1.042431
630.933999777	0.909223
632.934999704	1.094642
634.960999966	0.399971
636.944999933	1.235092
638.960000038	0.933883
640.947999954	1.028127
642.982999802	0.738399
644.944999933	0.970917
646.944999933	0.88546
648.944999933	0.794919
650.944999933	0.781184
652.944000006	1.220643
654.974999905	0.980949
656.933999777	0.235084
658.944000006	1.045971
660.944000006	0.873844
662.934999704	0.958219
664.960999966	1.02199
666.934999704	1.007296
668.944999933	1.037044
670.944999933	0.971468
672.944999933	1.302032
674.944999933	1.142905
676.960999966	0.935083
678.933999777	1.032955
680.933999777	0.521948
682.936000109	1.048358
684.974999905	1.29572
686.944000006	0.770288
688.937000036	0.976895
690.945999861	0.931596
692.944999933	1.325113
694.944999933	1.109691
696.944000006	1.057473
698.944999933	0.945839
700.944000006	1.227423
702.94299984	1.120162
704.944000006	1.110666
706.944999933	1.109257
708.944999933	0.919402
710.934999704	1.384709
712.944999933	1.100349
714.936000109	1.462868
716.944999933	1.190655
718.934999704	0.758967
720.960999966	0.704365
722.944000006	1.128424
724.944000006	1.099335
726.944999933	1.122935
728.94299984	1.122355
730.945999861	1.066058
733.085999966	0.875622
734.944000006	1.080002
736.933999777	0.956499
738.963999987	0.918788
740.934999704	1.162499
742.934999704	1.311343
744.934999704	0.629112
746.92599988	0.997113
749.773999929	1.130322
753.154999971	0.754685
754.164999962	0.798366
756.056999922	1.466828
757.964999914	1.184914
758.933999777	0.82104
760.960999966	1.033558
762.944999933	1.118963
764.934999704	1.098022
766.973999977	1.001199
768.94299984	0.789356
770.934999704	0.585681
772.933999777	0.618932
774.960999966	0.6871
776.948999882	0.791009
778.944999933	0.839981
780.924999952	0.710065
782.933999777	0.623435
784.934999704	0.863855
786.933999777	1.079809
788.944999933	0.821432
790.924999952	0.868813
792.944999933	0.848444
794.960000038	0.954671
796.944000006	0.862677
798.944000006	0.863032
800.944999933	0.855468
803.204999924	0.810428
804.936000109	0.807402
807.222999811	0.674461
809.200000048	0.956335
811.096999884	0.679623
813.30700016	0.870937
815.184999943	0.857843
817.203000069	0.875885
819.473999977	1.032669
821.200999975	0.962733
823.184999943	1.440939
825.203000069	1.401999
827.184999943	1.67777
829.200000048	0.688001
831.18599987	0.546858
833.173999786	0.940747
835.053999901	1.087736
837.200999975	1.344729
839.174999714	1.164333
841.200999975	1.170523
843.184999943	1.222289
845.184000015	0.723138
847.200999975	1.081372
849.204999924	0.947771
851.224999905	1.215022
853.184999943	1.423277
855.208999872	0.849884
857.184999943	1.183037
859.059999943	1.216021
861.173999786	0.208333
863.204999924	0.0822
865.18599987	0.943943
867.200999975	0.631747
869.184000015	1.623385
871.18599987	0.943441
873.200999975	1.037559
875.200999975	1.221492
877.18599987	1.180958
879.200000048	1.084716
881.184000015	1.309312
883.085000038	1.43379
885.200000048	1.233848
887.205999851	1.00677
889.200999975	0.576002
891.200999975	0.79205
893.174999714	1.353839
895.184999943	1.298923
897.204999924	1.298923
899.200999975	1.265833
901.200999975	1.056387
903.174999714	1.215543
905.200999975	1.288323
907.085999966	0.716812
909.200000048	1.230009
911.174999714	0.860495
913.184000015	0.872349
915.174999714	0.811528
917.207999945	0.544786
919.201999903	0.898557
921.18599987	1.235363
923.18599987	1.24239
925.173999786	1.125931
927.214999914	1.244498
929.18599987	1.04924
931.086999893	1.143922
933.934999704	1.353748
935.444999933	0.891835
937.184999943	0.946867
939.184999943	1.18739
941.18599987	1.394732
943.200999975	1.246719
945.214999914	0.996422
947.200000048	1.141138
949.184999943	0.418767
951.200999975	1.116983
953.200999975	0.924723
955.200000048	0.692455
957.184999943	1.359952
959.184000015	1.189982
961.200999975	0.793573
963.184999943	1.317697
965.201999903	1.276031
967.200999975	1.231286
969.200999975	0.872812
971.18599987	1.306187
973.200999975	1.13823
975.184000015	0.696438
977.184999943	1.246418
979.184000015	1.550616
981.184000015	0.468893
983.173999786	1.201296
985.222999811	0.856633
987.18599987	1.082573
989.200000048	1.157968
991.174999714	1.250251
993.220000029	1.068256
995.203999996	1.202747
997.184000015	1.312357
999.184000015	0.956751
1001.18599987	0.008683
1003.18400002	0.953853
1005.18400002	1.024524
1007.20699978	1.248868
1009.20099998	0.689989
1011.18499994	0.771206
1013.2019999	1.085392
1015.2249999	1.450356
1017.204	1.089787
1019.18499994	1.19538
1021.20099998	1.140347
1023.18499994	1.15694
1025.20099998	1.244926
1027.20099998	1.035076
1029.20099998	1.11125
1031.18499994	1.358925
1033.21499991	1.341911
1035.18599987	1.070117
1037.2249999	0.890365
1039.20499992	1.150564
1041.18499994	1.499604
1043.18700004	1.22141
1045.20099998	1.636808
1047.18599987	1.204592
1049.17399979	1.194047
1051.18400002	1.247515
1053.18400002	0.942747
1055.20499992	0.824944
1057.46499991	0.913242
1059.44499993	0.84707
1061.45499992	0.953129
1063.44499993	0.916831
1065.44499993	0.871291
1067.44099998	0.795973
1069.44199991	0.642216
1072.42499995	0.890341
1074.62599993	1.241525
1077.26599979	1.168895
1080.88400006	1.149529
1082.56399989	1.08431
1083.89599991	1.245184
1085.52399993	1.222585
1086.03999996	1.263962
1087.44799995	0.990592
1089.44000006	1.175987
1091.44499993	1.193205
1093.44000006	1.156671
1095.44099998	1.14259
1097.44599986	1.136263
1099.45499992	0.818272
1101.44099998	1.312009
1103.44099998	1.051526
1105.42599988	1.103636
1107.40499997	1.027734
1109.44199991	1.402638
1111.44099998	0.89368
1113.44400001	0.616223
1115.44099998	1.197594
1117.44000006	0.703484
1119.45799994	0.496655
1121.44199991	1.194457
1123.46599984	1.012601
1125.44099998	1.274767
1127.41499972	0.624637
1129.45499992	0.705948
1131.44099998	0.862502
1133.45499992	1.20939
1135.44000006	1.032246
1137.44099998	1.140321
1139.44099998	1.133415
1141.4849999	0.94144
1143.44499993	1.120812
1145.44499993	1.17381
1147.44499993	0.96036
1149.44099998	1.172435
1151.44499993	1.145582
1153.44099998	1.092384
1155.44499993	0.915015
1157.46499991	0.37406
1159.44099998	0.987585
1161.53600001	0.918501
1163.44499993	0.762173
1165.44799995	0.836573
1167.44499993	0.935147
1169.44499993	1.0564
1171.44000006	1.104812
1173.44199991	1.26576
1175.44499993	0.388579
1177.42400002	0.84001
1179.44099998	0.699802
1181.44599986	1.099627
1183.44300008	1.041768
1185.42499995	1.100459
1187.44099998	1.279042
1189.45499992	0.623009
1191.44400001	0.521415
1193.44499993	0.979844
1195.44199991	1.292289
1197.42599988	1.2297
1199.45499992	1.29869
1201.45499992	1.351027
1203.46299982	1.068162
1205.44000006	0.945179
1207.46399999	1.250622
1209.44000006	1.132871
1211.46399999	1.308535
1213.44099998	0.86213
1215.454	1.196766
1217.44400001	1.192151
1219.44199991	0.815083
1221.44499993	1.128074
1223.46499991	1.45874
1225.44499993	1.14501
1227.44499993	1.31384
1229.44799995	1.217218
1231.44099998	0.966852
1233.44199991	1.236059
1235.44499993	1.165397
1237.44099998	0.992275
1239.44400001	1.322348
1241.44499993	0.849605
1243.44199991	1.232245
1245.44499993	0.963581
1247.42499995	0.979674
1249.44099998	1.076279
1251.44099998	0.623813
1253.44099998	1.173554
1255.44000006	1.089762
1257.44400001	1.093098
1259.44099998	1.247129
1261.44000006	1.181478
1263.44199991	1.052854
1265.44099998	0.964307
1267.44099998	0.893454
1269.44099998	0.765855
1271.44000006	1.224483
1273.44000006	1.165613
1275.45499992	1.31635
1277.44400001	1.105095
1279.45499992	0.877953
1281.44199991	1.035328
1283.44499993	1.08869
1285.44099998	1.172374
1287.47500014	0.942724
1289.42499995	1.033685
1291.44499993	0.986552
1293.44099998	0.995783
1295.4849999	0.84539
1297.44099998	0.781396
1299.44099998	0.904234
1301.46499991	0.798045
1303.44099998	1.098029
1305.46499991	0.815704
1307.68400002	0.870346
1309.69399977	0.771435
1311.68400002	0.785047
1313.68400002	0.798168
1315.68199992	0.579573
1317.68400002	0.706574
1319.69499993	0.692471
1321.68400002	0.674736
1323.70499992	0.901751
1325.523	0.685484
1327.69499993	0.916149
1329.56999993	1.229411
1331.68499994	1.080873
1333.69499993	0.890512
1335.68499994	0.947102
1337.68499994	0.86219
1339.68499994	0.683041
1341.68499994	1.032815
1343.69499993	1.197903
1345.68799996	0.985659
1347.68400002	0.869189
1349.68499994	0.750705
1351.7349999	1.217544
1353.57399988	1.221564
1355.71500015	1.195104
1357.69499993	1.116602
1359.6869998	1.023666
1361.81399989	1.225301
1363.69399977	1.001249
1365.68400002	0.780343
1367.704	0.96697
1369.68400002	1.009696
1371.68000007	0.95243
1373.68499994	1.409814
1375.68599987	1.120258
1377.57499981	0.66483
1379.68499994	1.000525
1381.68400002	1.05063
1383.69499993	0.904051
1385.68499994	1.187047
1387.69399977	1.045761
1389.68400002	0.993377
1391.70499992	1.153848
1393.68499994	1.168666
1395.68400002	1.064171
1397.68499994	0.575753
1399.69499993	1.107062
1401.57499981	1.136042
1403.68499994	0.988946
1405.68499994	0.937836
1407.68599987	1.325927
1409.68499994	0.865452
1411.68400002	0.80359
1413.68400002	1.078676
1415.68599987	1.076992
1417.70599985	1.165352
1419.68400002	1.033574
1421.69399977	0.910826
1423.68400002	0.771932
1425.625	0.849812
1427.68400002	1.129342
1429.72300005	1.084331
1431.68499994	0.916811
1433.68599987	1.148974
1435.68400002	1.189823
1437.75999999	1.138553
1439.68499994	0.91028
1441.72399998	1.2287
1443.69399977	0.92987
1445.68499994	0.838081
1447.68400002	1.093464
1449.68499994	1.156115
1451.68599987	0.933149
1453.68499994	0.983226
1455.63599992	1.191778
1457.70499992	0.940222
1459.68499994	0.931744
1461.68400002	1.120572
1463.69499993	1.057801
1465.71600008	1.074511
1467.68499994	1.154646
