0.0	0.024767
0.382999658585	0.360724
0.539999723434	0.360724
0.681999921799	0.368902
0.816999912262	0.368902
0.948999881744	0.368902
1.13899970055	0.449715
1.27999997139	0.449715
1.77999973297	0.547077
3.77999973297	0.547077
5.78199982643	0.547077
7.77899980545	0.547077
10.029999733	0.547077
11.7809998989	0.547077
13.7819998264	0.547077
15.8599996567	0.557132
17.7789998055	0.557132
19.779999733	0.557132
22.0379998684	0.557132
24.0309996605	0.557132
26.032999754	0.557132
28.029999733	0.557132
30.0389997959	0.557132
32.0309996605	0.557132
34.0389997959	0.557132
36.0309996605	0.557132
37.9289999008	0.618988
40.0319998264	0.618988
42.032999754	0.618988
44.0289998055	0.010363
46.0419998169	0.327588
48.0319998264	0.533103
50.0409998894	0.533103
52.0419998169	0.533103
54.0309996605	0.555752
56.0389997959	0.555752
58.0319998264	0.555752
60.0409998894	0.555752
62.032999754	0.555752
64.0339999199	0.012009
66.0309996605	0.207058
68.032999754	0.563636
70.032999754	0.563636
72.0349998474	0.563636
74.032999754	0.563636
76.0319998264	0.563636
78.0349998474	0.574075
80.0319998264	0.574075
82.032999754	0.574075
84.0289998055	0.574075
85.9639997482	0.574075
88.029999733	0.574075
90.029999733	0.574075
92.0289998055	0.574075
94.0389997959	0.574075
96.029999733	0.574075
98.0369999409	0.574075
100.03099966	0.574075
102.036999941	0.574075
104.029999733	0.574075
106.038999796	0.574075
108.028999805	0.574075
109.93599987	0.574075
112.03099966	0.574075
114.029999733	0.574075
116.031999826	0.574075
118.031999826	0.574075
120.037999868	0.574075
122.037999868	0.574075
124.039999962	0.574075
126.03099966	0.574075
128.038999796	0.574075
130.029999733	0.574075
132.037999868	0.747112
134.00399971	0.747112
136.038999796	0.747112
138.039999962	0.747112
140.062999725	0.036454
142.028999805	0.138451
144.03099966	0.362139
146.029999733	0.429843
148.031999826	0.46491
150.032999754	0.563414
152.03099966	0.563414
154.038999796	0.563414
156.029999733	0.563414
158.03099966	0.58083
160.029999733	0.58083
162.031999826	0.58083
164.029999733	0.584788
166.038999796	2.027957
168.031999826	0.061904
170.037999868	0.391743
172.031999826	0.391743
174.031999826	0.614524
176.03099966	0.614524
178.031999826	0.014407
180.034999847	0.565319
182.03099966	0.633788
184.03099966	1.684625
186.031999826	1.684625
188.037999868	0.064615
190.031999826	1.056364
192.032999754	1.056364
194.032999754	1.626263
196.038999796	1.626263
198.03399992	1.626263
200.039999962	1.626263
202.031999826	0.579453
204.039999962	0.579453
206.032999754	0.579453
208.032999754	0.641444
210.03399992	0.641444
212.031999826	0.661563
214.032999754	0.707226
216.034999847	1.92589
218.038999796	2.152439
220.03399992	2.152439
222.059999704	2.152439
224.028999805	2.152439
226.037999868	2.152439
228.037999868	2.152439
230.029999733	2.152439
232.029999733	2.152439
234.029999733	2.152439
236.029999733	2.113126
238.029999733	2.213762
240.03099966	1.963835
242.031999826	2.305435
244.029999733	1.838269
246.029999733	1.838269
248.029999733	1.838269
250.029999733	1.838269
252.037999868	0.007735
254.029999733	0.384878
256.037999868	0.384878
258.032999754	0.384878
260.037999868	0.723572
262.028999805	0.740689
264.03099966	0.734874
266.029999733	0.941477
268.040999889	1.022246
270.03099966	1.071355
272.285999775	1.21476
274.281999826	1.21476
276.287999868	1.21476
278.280999899	1.21476
280.290999651	1.21476
282.283999681	1.21476
284.292999983	1.21476
286.283999681	1.21476
288.291999578	1.21476
290.280999899	1.21476
292.20299983	1.21476
294.281999826	1.21476
296.282999754	1.21476
298.279999971	1.21476
300.29399991	1.21476
302.280999899	1.21476
304.288999796	1.21476
306.281999826	1.21476
308.284999847	1.21476
310.282999754	1.21476
312.283999681	0.031032
314.17999959	0.252585
316.287999868	0.371593
318.281999826	0.391061
320.281999826	0.391061
322.290999651	0.418102
324.286999702	0.418102
326.281999826	0.307213
328.282999754	0.307213
330.289999723	0.420547
332.282999754	0.420364
334.289999723	0.420364
336.284999847	0.420364
338.281999826	0.37945
340.286999702	0.447325
342.282999754	0.488953
344.297999859	0.486254
346.280999899	0.486254
348.284999847	0.486254
350.281999826	0.544251
352.282999754	0.544251
354.282999754	0.544251
356.288999796	0.580801
358.281999826	0.580801
360.281999826	0.580801
362.280999899	0.580801
364.267999649	0.577541
366.282999754	0.578176
368.282999754	0.646934
370.287999868	0.646934
372.281999826	0.646934
374.279999971	0.646934
376.281999826	0.646934
378.287999868	0.605183
380.279999971	0.655944
382.289999723	0.655944
384.281999826	0.65738
386.287999868	0.760336
388.269999743	0.665075
390.291999578	0.665075
392.283999681	0.665075
394.297999859	0.76351
396.281999826	0.76351
398.281999826	0.789613
400.280999899	0.789613
402.291999578	0.796013
404.279999971	0.815767
406.281999826	0.944787
408.282999754	0.990552
410.279999971	1.035047
412.221999884	1.161708
414.279999971	1.161708
416.291999578	1.161708
418.281999826	1.161708
420.284999847	1.161708
422.280999899	1.161708
424.279999971	1.161708
426.279999971	1.161708
428.292999983	1.161708
430.279999971	0.796483
432.290999651	0.796483
434.280999899	0.796483
436.20299983	0.796483
438.282999754	0.796483
440.282999754	0.796483
442.289999723	0.796483
444.281999826	0.796483
446.282999754	0.796483
448.282999754	0.796483
450.289999723	0.796483
452.284999847	0.796483
454.290999651	0.796483
456.285999775	0.796483
458.284999847	0.796483
460.227999687	0.796483
462.292999983	0.796483
464.280999899	0.796483
466.289999723	0.796483
468.285999775	0.856555
470.318999767	1.120482
472.287999868	1.120482
474.283999681	1.120482
476.284999847	1.120482
478.290999651	1.120482
480.285999775	1.120482
482.282999754	1.120482
484.283999681	1.120482
486.282999754	1.120482
488.291999578	1.459023
490.284999847	1.893583
492.284999847	1.893583
494.281999826	1.893583
496.283999681	1.893583
498.279999971	1.893583
500.286999702	1.893583
502.281999826	1.893583
504.281999826	1.893583
506.286999702	1.893583
508.281999826	0.340515
510.289999723	0.762121
512.280999899	0.179534
514.287999868	1.523211
516.281999826	1.596047
518.280999899	1.596047
520.538999796	1.596047
522.529999733	1.596047
524.54799962	1.596047
526.53099966	1.596047
528.53399992	1.596047
530.529999733	1.596047
532.529999733	1.596047
534.531999588	1.944318
536.538999796	1.923748
538.53399992	1.923748
540.53099966	2.109524
542.531999588	1.989346
544.529999733	1.989346
546.538999796	1.989346
548.53399992	1.989346
550.539999723	1.989346
552.531999588	1.989346
554.561999798	1.989346
556.529999733	1.989346
558.53399992	1.989346
560.531999588	0.157832
562.561999798	0.239371
564.53099966	0.324273
566.531999588	0.728209
568.536000013	0.936873
570.540999889	1.215302
572.53399992	1.809333
574.529999733	1.925155
576.534999847	1.925155
578.53099966	1.925155
580.53399992	2.109634
582.532999754	0.385376
584.531999588	1.94969
586.53099966	1.94969
588.537999868	1.94969
590.53099966	1.94969
592.540999889	1.94969
594.532999754	0.657443
596.540999889	2.104561
598.540999889	2.104561
600.534999847	2.104561
602.53399992	2.316718
604.406999826	0.069602
606.536000013	2.32795
608.536000013	2.32795
610.538999796	2.32795
612.539999723	2.32795
614.532999754	2.32795
616.531999588	2.32795
618.529999733	2.32795
620.539999723	0.012027
623.250999689	0.071663
624.538999796	0.229947
626.531999588	0.430372
628.53099966	0.591131
630.529999733	0.738537
632.529999733	0.754364
634.539999723	0.78259
636.53399992	0.78259
638.53099966	0.78259
640.531999588	0.78259
642.529999733	0.78259
644.546999693	0.78259
646.529999733	0.78259
648.56099987	0.765866
650.53099966	0.765866
652.529999733	0.740378
654.529999733	0.740378
656.529999733	0.740378
658.531999588	0.740378
660.538999796	0.740378
662.53099966	0.740378
664.537999868	0.7399
666.528999805	0.7399
668.538999796	0.902386
670.532999754	0.902386
672.53099966	0.902386
674.54399991	1.100787
676.53099966	1.100787
678.531999588	1.100787
680.532999754	1.100787
682.531999588	1.05558
684.531999588	1.05558
686.531999588	1.141514
688.531999588	1.287928
690.53099966	1.287928
692.532999754	1.287928
694.540999889	1.287928
696.531999588	1.287928
698.534999847	1.287928
700.53399992	1.287928
702.532999754	1.287928
704.53399992	1.287928
706.531999588	1.287928
708.539999723	1.916678
710.53099966	1.916678
712.531999588	1.853584
714.531999588	0.1206
716.529999733	0.881102
718.532999754	0.881102
720.53099966	0.881102
722.53099966	0.881102
724.53099966	0.881102
726.539999723	0.881102
728.541999817	0.881102
730.53099966	0.881102
732.53099966	2.2772
734.53099966	2.2772
736.53099966	2.2772
738.539999723	2.2772
740.531999588	2.2772
742.539999723	2.2772
744.531999588	2.2772
746.540999889	2.2772
748.537999868	2.2772
750.541999817	2.2772
752.532999754	0.201497
754.534999847	0.473899
756.540999889	0.753535
758.532999754	0.854767
760.536000013	0.880714
762.541999817	0.880714
764.540999889	0.880714
766.53399992	0.880714
768.542999744	0.880714
770.79399991	0.880714
772.782999754	0.880714
774.801999807	0.880714
776.781999826	0.880714
778.782999754	1.049072
780.780999899	1.049072
782.78799963	1.049072
784.780999899	1.049072
786.705999851	1.049072
788.780999899	1.049072
790.788999796	1.049072
792.781999826	1.049072
794.780999899	1.049072
796.781999826	1.049072
798.781999826	1.049072
800.782999754	1.049072
802.780999899	1.049072
804.810999632	1.049072
806.781999826	1.049072
808.789999723	1.049072
810.780999899	1.049072
812.788999796	0.012108
815.696999788	0.073938
817.201999903	0.42664
818.780999899	0.503522
820.781999826	0.801068
822.785999775	0.887932
824.781999826	1.118898
826.782999754	2.383599
828.781999826	2.383599
830.785999775	1.985601
832.781999826	1.097884
834.669999838	1.097884
836.782999754	1.16992
838.822999716	1.16992
840.781999826	1.16992
842.790999651	1.16992
844.780999899	1.16992
846.782999754	1.16992
848.781999826	1.16992
850.790999651	1.16992
852.781999826	1.16992
854.792999983	1.16992
856.780999899	0.127211
858.78799963	0.204392
860.78799963	0.572604
862.784999847	0.688067
864.785999775	1.054262
866.791999817	1.275732
868.786999702	1.831713
870.782999754	1.877192
872.814999819	1.970499
874.782999754	3.215776
876.794999838	3.244478
878.781999826	0.628942
880.815999985	1.253359
882.731999636	1.253359
884.782999754	1.253359
886.78399992	1.253359
888.78399992	1.253359
890.799999952	1.253359
892.785999775	1.42511
894.784999847	1.497827
896.782999754	1.497827
898.782999754	1.497827
900.78399992	0.215028
902.784999847	0.552692
904.78399992	0.827081
906.7099998	1.121102
908.781999826	1.325578
910.789999723	1.525589
912.78399992	1.636035
914.78799963	1.988404
916.866999626	0.043074
918.780999899	0.097052
920.781999826	0.15581
922.782999754	0.61267
924.786999702	0.61267
926.790999651	0.61267
928.781999826	0.61267
930.766999722	0.61267
932.788999796	0.61267
934.782999754	0.61267
936.789999723	0.002333
939.048999786	0.022214
940.780999899	0.126752
942.781999826	0.301358
944.78399992	0.338182
946.781999826	0.335944
948.781999826	0.401245
950.781999826	0.415801
952.779999733	0.402796
954.788999796	0.407127
956.782999754	0.434967
958.782999754	0.405536
960.812999964	0.556131
962.789999723	0.556131
964.782999754	0.556131
966.789999723	0.556131
968.784999847	0.556131
970.782999754	0.532169
972.782999754	0.532169
974.790999651	0.615962
976.781999826	0.615962
978.758999825	0.632761
980.785999775	0.621883
982.785999775	0.60676
984.784999847	0.60676
986.784999847	0.60676
988.780999899	0.640304
990.78399992	0.67116
992.786999702	0.69031
994.781999826	0.682151
996.788999796	0.682151
998.784999847	0.698116
1000.79099965	0.679251
1002.7809999	0.687451
1004.78999972	0.720798
1006.78199983	0.720798
1008.78299975	0.720798
1010.78599977	0.720798
1012.78199983	0.797473
1014.78399992	0.797473
1016.78199983	0.797473
1018.78199983	0.797473
1020.78399992	0.999013
1023.03499985	0.99337
1025.03399992	0.99337
1027.03599977	1.078372
1029.03299975	1.142687
1031.03599977	1.142687
1033.03699994	1.176175
1035.03599977	1.151276
1037.04099989	1.151276
1039.03499985	1.151276
1041.05299997	1.151276
1043.03799987	0.0124
1045.03999996	0.330657
1047.03699994	0.483467
1049.03499985	0.483467
1051.03699994	0.72887
1053.03099966	1.057146
1055.03299975	1.057146
1057.03999996	1.057146
1059.03199983	1.057146
1061.04199982	1.057146
1063.03599977	1.057146
1065.03099966	1.057146
1067.04399967	1.262375
1069.03199983	1.262375
1071.03999996	1.489627
1073.02999973	1.489627
1075.03399992	1.489627
1077.03099966	0.539628
1079.04099989	0.539628
1081.03299975	0.542734
1083.03299975	0.542734
1085.04399967	0.542734
1087.03499985	0.542734
1089.03699994	0.542734
1091.03499985	1.606096
1093.03499985	1.606096
1095.03299975	1.606096
1097.04099989	1.606096
1099.03399992	1.606096
1101.03999996	1.606096
1103.03599977	1.606096
1105.0389998	1.606096
1107.03299975	1.606096
1109.03399992	1.65174
1111.03599977	1.872877
1113.03499985	1.872877
1115.03299975	1.872877
1117.03999996	1.718684
1119.03699994	1.718684
1121.03099966	2.062123
1123.03399992	2.062123
1125.03399992	2.062123
1127.0389998	2.062123
1129.03299975	2.062123
1131.03499985	2.062123
1133.03299975	2.062123
1135.03299975	2.062123
1137.03599977	2.062123
1139.05199957	2.466351
1141.03199983	0.257095
1143.05099964	2.332448
1145.03399992	1.363403
1147.03499985	1.363403
1149.03399992	1.363403
1151.03499985	1.363403
1153.0389998	1.363403
1155.03799987	1.363403
1157.03499985	1.363403
1159.03699994	1.363403
1161.04199982	1.363403
1163.03599977	0.28528
1165.03299975	0.583492
1167.03699994	0.997026
1169.04599977	1.01958
1171.03499985	1.142579
1173.04199982	1.142579
1175.03599977	2.22158
1177.03399992	2.22158
1179.03599977	2.22158
1181.04399967	2.22158
1183.03799987	2.22158
1185.03299975	2.22158
1187.03599977	2.22158
1189.03499985	2.22158
1191.03699994	2.22158
1193.03299975	2.22158
1194.97899985	0.016781
1198.18400002	0.448318
1199.0389998	0.654999
1201.03099966	1.010766
1203.03999996	1.010766
1205.03199983	1.010766
1207.04099989	1.010766
1209.03099966	1.010766
1211.04099989	1.010766
1213.03099966	1.010766
1215.03999996	1.010766
1217.0389998	1.010766
1219.03599977	1.010766
1221.03199983	1.010766
1223.03499985	1.010766
1225.03599977	1.010766
1227.03599977	1.010766
1229.03399992	1.010766
1231.03699994	1.010766
1233.04199982	1.010766
1235.0389998	0.071774
1237.03399992	0.062136
1239.04099989	0.219347
1241.05099964	0.312901
1243.03399992	0.334716
1245.03199983	0.450011
1247.03499985	0.459427
1249.03599977	0.478388
1251.03599977	0.502095
1253.04299974	0.572045
1255.03299975	0.572045
1257.03299975	0.572045
1259.03499985	0.688587
1261.03199983	0.688587
1263.03599977	0.688587
1265.03199983	0.688587
1267.03499985	0.703484
1269.03399992	0.703484
1271.04199982	0.703484
1273.28199983	0.712556
1275.28199983	0.712556
1277.28299975	0.712556
1279.28399968	0.712556
1281.25099969	0.712556
1283.28399968	0.712556
1285.29099965	0.712556
1287.28299975	0.712556
1289.28599977	0.712556
1291.28399968	0.732259
1293.28299975	0.732259
1295.28399968	0.732259
1297.28499985	0.732259
1299.28399968	0.732259
1301.28399968	0.732259
1303.28599977	0.732259
1305.25299978	0.732259
1307.28599977	0.732259
1309.28499985	0.732259
1311.28399968	0.732259
1313.28799987	0.732259
1315.27099967	0.00239
1317.85499978	0.050314
1319.31599975	0.220023
1321.28299975	0.309816
1323.28499985	0.286289
1325.28399968	0.384925
1327.28299975	0.384925
1329.28499985	0.433719
1331.2809999	0.448684
1333.28199983	0.448684
1335.29299998	0.448684
1337.2809999	0.448684
1339.28299975	0.44173
1341.28199983	0.41218
1343.2809999	0.496474
1345.28199983	0.550311
1347.28499985	0.550311
1349.2809999	0.560262
1351.2809999	0.560262
1353.27899981	0.560262
1355.28299975	0.579483
1357.28199983	0.579483
1359.2809999	0.579483
1361.28399968	0.579483
1363.2809999	0.610418
1365.28199983	0.610418
1367.28299975	0.610418
1369.28199983	0.704409
1371.28199983	0.704409
1373.28399968	0.705101
1375.28399968	0.705101
1377.25899982	0.705101
1379.28599977	0.705101
1381.28199983	0.705101
1383.29699993	0.823837
1385.28299975	0.888975
1387.28399968	1.100279
1389.28199983	1.080084
1391.28299975	1.062915
1393.28399968	1.121254
1395.28799987	1.121254
1397.28399968	1.312246
1399.28299975	1.184709
1401.19499969	1.156628
1403.28199983	1.280958
1405.28199983	1.42526
1407.28299975	1.42526
1409.28499985	1.376373
1411.28399968	1.376373
1413.28599977	1.609172
1415.28299975	1.590516
1417.28399968	1.733247
1419.28299975	1.551935
1421.2869997	1.551935
1423.28199983	1.551935
1425.25699997	1.740915
1427.28499985	2.098838
1429.28399968	2.098838
1431.28399968	2.098838
1433.28399968	2.098838
