0.0	0.020058
3.5039999485	0.041084
4.4439997673	0.026481
5.65199971199	0.085661
6.8039996624	0.101882
7.56199979782	0.116223
9.44499993324	0.012487
10.7389998436	0.0781
11.9559996128	0.116395
13.7639997005	0.026536
14.893999815	0.115677
17.6640000343	0.032472
20.7839999199	0.177619
21.6839997768	0.215455
22.515999794	0.272647
23.6039996147	0.166806
24.4139997959	0.215364
25.5039999485	0.014103
26.7619998455	0.252894
29.3159997463	0.206298
31.9689998627	0.265061
35.5939998627	0.030107
37.9469997883	0.411088
38.8880000114	0.308641
43.6939997673	0.158553
44.9369997978	0.482369
45.9739997387	0.411136
47.5719997883	0.135501
50.7419998646	0.053163
54.0839996338	0.372946
55.6159999371	0.48727
56.893999815	0.370988
58.1099998951	0.201007
59.8499999046	0.21647
61.9239997864	0.37393
63.6539998055	0.307027
66.9739997387	0.275089
68.0939998627	0.24002
68.9879996777	0.379906
69.8019998074	0.357634
70.1739997864	0.286475
71.0539999008	0.179895
73.0439996719	0.071739
75.0439996719	0.216294
77.0539999008	0.129856
79.1239995956	0.136544
81.7569999695	0.234135
84.3139998913	0.221359
86.5139997005	0.327512
87.5039999485	0.571711
89.0539999008	0.814226
91.0639998913	0.761617
93.0619997978	0.011404
95.0539999008	0.481255
97.0439996719	0.511762
99.0539999008	0.297075
101.053999901	0.142579
103.051999807	0.243059
105.803999662	0.529167
114.54399991	0.06506
119.042999744	0.032126
121.621999741	0.121739
122.963999748	0.140424
124.653999805	0.275634
126.593999863	0.065736
128.193999767	0.527746
129.313999891	0.21729
132.123999596	0.267905
133.63599968	0.601473
134.904000044	0.437391
136.323999643	0.586586
137.801999807	0.628526
139.163999796	0.434021
140.171999693	0.477796
141.537999868	0.214891
143.313999891	0.378422
145.303999901	0.311185
147.314999819	0.97239
149.313999891	0.867145
151.299999714	0.715463
153.765999794	0.667136
155.313999891	1.027452
157.313999891	0.557178
159.313999891	0.617036
161.313999891	0.577767
163.313999891	0.568958
165.321999788	1.342233
167.320999861	1.337918
169.313999891	1.336194
171.313999891	0.712655
173.313999891	0.331949
176.625	0.315147
177.981999874	0.803837
180.313999891	0.701259
182.154999733	1.013177
185.053999901	0.62436
188.553999901	0.727465
190.561999798	0.120256
193.313999891	0.056977
195.94299984	0.289619
197.561999798	0.627827
199.561999798	0.579298
201.541999817	0.43452
203.563999653	0.618252
205.553999901	0.642915
207.553999901	0.340956
209.53399992	0.867684
211.544999838	0.573135
214.03399992	0.343056
216.09499979	0.644631
218.313999891	0.137019
222.462999821	0.093009
226.637999773	0.153773
229.691999674	0.146302
235.54399991	0.147996
237.473999739	0.088089
238.002999783	0.354469
238.513999701	0.302385
239.544999838	0.493773
241.963999748	0.617808
243.024999857	0.421823
245.313999891	0.660076
245.873999834	0.630036
248.569999933	0.338138
249.152999878	0.880426
250.890999794	0.952691
252.613999844	0.036641
253.314999819	0.4706
255.763999701	0.646122
256.313999891	0.734197
258.330999851	1.063245
261.322999716	0.939531
262.313999891	1.421472
264.313999891	1.9362
266.313999891	0.025272
268.313999891	1.662
270.313999891	0.776458
272.306999683	0.997444
274.31099987	1.496134
276.313999891	0.801081
278.313999891	0.861693
280.304999828	1.062692
282.354999781	0.880962
284.433999777	0.539552
286.313999891	1.543734
288.313999891	0.906129
291.394999743	1.109552
293.026999712	0.623174
294.403999805	0.53805
296.313999891	0.744493
298.313999891	0.549569
300.313999891	0.729224
302.313999891	1.416882
304.313999891	1.086528
306.553999901	1.34233
308.553999901	1.336708
310.553999901	0.635052
312.553999901	1.352871
314.553999901	0.554832
316.553999901	1.341521
318.553999901	1.25463
320.523999691	1.598488
322.553999901	1.758075
324.54399991	0.002022
326.553999901	1.818809
328.553999901	0.77938
330.553999901	1.476304
332.553999901	1.033992
334.553999901	1.55367
336.579999685	0.340603
338.549999714	1.764242
340.54399991	0.469359
342.553999901	2.335978
344.481999874	1.908138
346.545999765	2.02552
348.554999828	2.024113
350.549999714	2.263877
352.553999901	0.033061
354.463999987	0.010583
356.561999798	1.388385
358.563999653	1.388385
360.553999901	0.301094
362.553999901	1.358933
364.553999901	1.013232
366.553999901	1.208719
368.541999817	1.305258
370.553999901	0.672102
372.553999901	0.825376
374.553999901	1.878108
376.531999588	0.152475
378.500999928	0.099737
380.553999901	0.027515
382.553999901	0.509854
384.561999798	0.496066
386.553999901	0.17596
388.553999901	0.217026
390.54399991	0.321981
392.49399972	0.010551
394.553999901	0.540197
396.553999901	0.514755
398.553999901	0.087528
400.553999901	0.686631
402.473999739	0.168696
404.553999901	0.636823
406.553999901	0.952241
408.553999901	0.772888
411.114999771	0.025081
412.888999939	0.772236
414.553999901	1.004941
416.473999739	0.779892
418.561999798	0.110085
420.554999828	0.52201
423.347999573	0.864471
424.623999834	0.211338
426.553999901	2.00381
428.553999901	2.243802
430.553999901	1.215897
432.541999817	1.41379
434.553999901	1.428471
436.553999901	1.439457
438.553999901	0.346264
440.563999653	1.175641
442.553999901	1.211614
444.553999901	1.10833
446.553999901	0.012069
448.554999828	0.432405
450.544999838	0.427905
452.554999828	0.261341
454.536000013	0.609637
456.600999832	0.373479
458.553999901	0.062739
460.553999901	0.884843
462.553999901	0.884843
464.511999846	0.43898
466.553999901	0.955814
468.553999901	0.153317
470.553999901	0.007928
472.553999901	0.67281
474.513999701	0.037654
476.553999901	1.626436
478.553999901	0.808478
480.553999901	0.808478
482.553999901	0.808478
484.553999901	0.808478
486.553999901	0.872899
488.552000046	0.964165
490.553999901	0.016961
492.554999828	0.017574
494.553999901	0.011847
496.553999901	0.110156
498.561999798	0.111024
500.553999901	0.38538
502.553999901	0.161005
504.553999901	0.500704
506.553999901	0.795288
508.561999798	0.281156
510.553999901	0.374001
512.523999691	0.444614
514.553999901	0.26813
516.552000046	0.598791
518.553999901	0.122259
520.553999901	0.729349
522.553999901	0.446709
524.54399991	0.739473
526.553999901	0.716821
528.693999767	0.27334
530.553999901	0.560878
532.544999838	0.653771
534.553999901	0.460571
536.555999756	0.753621
538.733999729	0.119838
540.553999901	0.671366
542.54799962	0.795096
544.54399991	0.180951
546.553999901	0.382139
548.553999901	0.629877
550.549999714	0.018341
552.553999901	0.105117
554.553999901	0.685991
556.803999662	0.970166
558.797999859	0.545898
560.573999882	0.295644
562.803999662	0.884887
564.803999662	0.514304
566.78399992	0.825314
570.057999849	0.002927
571.321999788	0.554946
572.790999651	0.809875
574.78799963	0.388864
576.797999859	0.315515
578.79399991	0.007401
580.79399991	0.375889
582.803999662	0.419606
584.803999662	0.692637
586.803999662	0.744082
588.803999662	0.698905
590.803999662	0.276964
592.803999662	0.012203
594.795999765	0.012288
596.803999662	0.613848
598.803999662	0.866062
600.811999798	0.382729
602.803999662	0.801472
604.803999662	0.877924
606.803999662	0.639062
608.803999662	0.927281
610.794999838	1.023264
612.79399991	0.768889
614.811999798	0.733273
616.79399991	0.573382
618.803999662	0.030017
620.803999662	0.614032
622.803999662	0.012316
624.803999662	0.487411
626.803999662	0.490327
628.803999662	0.471829
630.803999662	0.800522
632.803999662	0.653747
634.79399991	0.308051
636.803999662	1.042716
638.803999662	0.773182
640.803999662	0.699239
642.802999735	0.481053
644.803999662	0.700207
646.803999662	0.182115
648.803999662	0.186057
650.803999662	0.968009
652.79399991	0.767349
654.803999662	0.757445
656.803999662	0.755554
658.803999662	0.102144
660.803999662	0.0085
662.811999798	0.352554
664.803999662	1.34077
666.811999798	0.352852
668.803999662	0.802086
670.803999662	0.49514
672.804999828	0.706216
674.96999979	0.792072
677.804999828	0.298601
680.322999716	0.711498
684.343999863	0.782621
685.043999672	1.196321
685.85199976	0.777707
686.832999945	0.723127
688.803999662	0.609726
690.803999662	0.822895
692.803999662	1.565007
694.799999952	1.081769
696.803999662	0.841651
698.803999662	1.671797
700.79399991	1.132338
702.803999662	2.175352
704.792999983	2.022364
706.803999662	2.022364
708.803999662	2.022364
710.811999798	1.729939
712.803999662	2.093532
714.803999662	0.773806
716.804999828	1.862413
718.803999662	0.663719
721.172999859	2.219831
722.811999798	1.858729
724.803999662	0.614616
726.803999662	0.221314
728.804999828	1.885615
730.803999662	0.601094
732.803999662	0.37972
734.803999662	0.27586
736.803999662	1.890737
738.803999662	0.343364
740.803999662	0.460951
742.803999662	0.763491
744.803999662	1.019633
746.803999662	0.055331
748.803999662	1.859285
750.803999662	1.715803
752.795999765	1.715803
754.803999662	1.715803
756.811999798	1.715803
758.803999662	1.956898
760.803999662	1.571856
762.797999859	0.533857
764.803999662	0.557605
766.803999662	0.47389
768.789999723	0.007813
770.803999662	0.081682
772.79399991	0.01045
774.797999859	0.086279
776.803999662	0.554272
778.803999662	0.444978
780.803999662	0.079765
782.803999662	0.110599
784.799999952	0.94527
786.813999891	0.01294
788.803999662	0.48317
791.313999891	0.690083
793.312999964	2.131096
795.803999662	1.71871
797.803999662	0.567208
799.790999651	0.406375
801.794999838	0.468293
803.792000055	0.102009
805.79399991	0.014559
807.803999662	0.168099
809.803999662	0.070282
811.805999756	0.516641
813.803999662	0.497502
815.797999859	0.321454
817.803999662	0.14996
819.803999662	0.393007
821.803999662	0.537326
823.811999798	1.636107
825.803999662	0.570436
827.803999662	0.714213
830.051999807	0.714213
832.053999901	0.010575
834.053999901	0.764786
836.053999901	0.657931
838.053999901	0.766383
840.053999901	0.453875
842.053999901	0.691529
844.053999901	0.843253
846.583999872	0.376687
848.093999863	0.781829
850.053999901	0.691751
852.053999901	0.701977
854.053999901	0.855639
856.323999643	0.814753
858.313999891	0.691866
860.313999891	0.1514
862.313999891	0.851602
864.313999891	0.910297
866.313999891	0.765336
868.313999891	0.637941
870.313999891	0.274972
872.313999891	1.185285
874.313999891	1.205067
876.313999891	1.14605
878.321999788	1.763179
880.313999891	1.420297
882.323999643	0.791429
884.313999891	1.755142
886.313999891	1.286403
888.203999758	1.65475
890.313999891	2.360524
892.313999891	1.539971
894.313999891	2.199384
896.313999891	1.713329
898.313999891	1.798814
900.313999891	1.835879
902.313999891	1.5849
904.303999901	2.01084
906.553999901	0.000714
908.307999611	0.708523
911.703999996	0.145823
912.873999834	0.782019
914.313999891	0.918673
916.313999891	0.874321
918.313999891	0.994055
920.313999891	1.153183
922.313999891	0.832879
924.313999891	1.361291
926.313999891	1.154132
928.313999891	1.111697
930.321999788	0.927697
932.313999891	1.252301
934.313999891	1.147192
936.337999821	1.065616
938.313999891	0.824226
940.313999891	0.889672
942.313999891	0.024927
944.313999891	0.560341
946.313999891	1.165904
948.313999891	0.751333
950.313999891	1.249455
952.313999891	0.758831
954.430999756	0.652459
956.321999788	0.587387
958.53399992	0.02534
960.345999718	1.006583
962.683999777	0.145954
964.307999611	0.887219
966.313999891	1.061786
968.313999891	0.601433
970.303999901	0.932443
972.313999891	0.62548
974.313999891	0.940408
976.313999891	0.593381
978.313999891	1.04683
980.610999823	0.529153
982.303999901	0.646598
984.321999788	0.705858
986.313999891	1.465687
988.342999697	0.004196
990.304999828	0.648064
992.313999891	0.737819
994.313999891	0.943264
996.313999891	0.892667
998.313999891	1.021862
1000.31399989	1.051846
1002.31399989	1.306963
1004.31399989	1.494189
1006.31399989	0.977278
1008.31399989	1.489623
1010.32199979	1.497031
1012.31399989	1.655176
1014.31399989	1.85094
1016.31399989	1.912754
1018.31399989	1.292548
1020.31399989	2.33262
1022.31399989	1.761973
1024.31399989	1.043092
1026.31399989	0.398166
1028.31399989	0.690425
1030.31399989	0.013672
1032.31399989	1.065424
1034.31399989	1.044158
1036.31399989	1.391133
1038.31399989	1.64483
1040.31399989	0.0959
1042.31399989	1.863873
1044.31399989	1.573401
1046.31399989	1.602478
1048.31399989	1.411122
1050.31399989	1.513922
1052.31399989	2.24939
1054.31399989	1.694835
1056.31399989	2.003503
1058.31399989	0.428669
1060.31399989	1.712938
1062.31399989	1.681564
1064.31099987	1.889537
1066.31399989	1.889537
1068.31399989	1.514618
1070.31399989	1.774245
1072.31399989	1.646333
1074.31399989	1.646333
1076.31399989	0.01012
1078.31399989	2.628046
1080.31499982	0.813559
1082.31499982	0.056822
1084.3039999	1.416106
1086.3039999	0.488681
1088.31399989	1.565948
1090.31399989	1.585677
1092.31399989	1.338168
1094.31399989	1.288394
1096.31399989	0.782463
1098.31399989	0.782463
1100.29399991	0.021558
1102.31399989	1.298567
1104.31399989	1.163582
1106.5539999	1.114092
1108.56399965	1.297008
1110.5539999	0.526084
1112.5539999	1.708697
1114.5539999	1.657649
1116.5539999	0.994001
1118.48399973	1.386342
1120.5619998	1.386342
1122.54299974	1.586299
1124.5539999	1.958997
1126.5539999	2.152844
1128.5539999	0.836945
1130.54599977	1.477946
1132.5539999	0.007806
1134.5539999	0.631642
1136.5539999	1.196922
1138.55200005	2.154759
1140.5539999	1.472299
1142.4849999	2.107615
1144.5539999	1.030502
1146.5539999	1.845564
1148.5539999	0.00145
1150.5539999	0.614239
1152.4849999	0.010313
1154.5539999	1.326857
1156.5539999	1.506156
1158.5539999	1.779011
1160.5539999	2.041909
1162.5539999	0.448694
1164.5539999	1.542677
1166.46999979	2.411011
1168.5539999	2.094555
1170.5539999	2.094555
1172.5539999	2.094555
1174.39499974	2.095906
1176.5539999	2.095906
1178.56399965	0.077792
1180.5539999	1.640224
1182.5539999	1.464091
1184.5539999	1.464091
1186.56399965	1.147558
1188.5539999	1.902613
1190.49399972	1.902613
1192.5539999	1.404951
1194.5539999	1.959223
1196.55200005	1.194543
1198.54799962	1.176401
1200.55299997	1.382853
1202.5539999	1.382853
1204.5539999	1.34975
1206.5539999	1.644773
1208.54399991	1.204715
1210.5539999	0.996252
1212.5539999	0.996252
1214.55999994	1.88281
1216.5539999	1.346685
1218.5539999	1.420972
1220.5539999	0.151666
1222.5539999	1.2281
1224.5539999	1.2281
1226.5539999	1.201874
1228.5539999	1.050796
1230.5539999	1.554163
1232.5539999	1.319054
1234.56399965	0.868018
1236.5539999	1.296827
1238.48399973	1.276665
1240.5539999	1.150856
1242.56499982	1.303766
1244.5539999	0.002285
1246.5539999	0.885792
1248.50399995	0.009808
1250.5539999	1.448285
1252.5539999	1.978219
1254.5539999	0.655309
1256.5539999	0.451307
1258.5539999	0.220468
1260.54799962	0.384677
1262.52399969	1.238497
1264.5539999	0.027531
1266.5539999	1.55116
1268.5539999	1.55116
1270.5539999	1.55116
1272.5539999	1.55116
1274.5539999	0.079645
1276.5539999	0.99586
1278.5539999	0.99586
1280.56399965	0.99586
1282.5539999	1.64064
1284.5539999	1.5269
1286.5539999	1.412269
1288.5539999	0.934633
1290.5539999	1.515001
1292.5539999	0.086643
1294.5539999	1.325951
1296.57399988	1.456469
1298.5539999	1.174868
1300.5539999	1.249908
1303.32199979	1.039712
1305.3039999	1.607837
1307.31099987	1.793336
1309.31399989	1.748782
1311.3039999	0.986661
1313.33399987	0.240987
1315.30699968	1.596956
1317.31200004	1.335519
1319.31399989	0.988586
1321.31399989	1.240087
1323.31399989	1.59062
1325.31399989	1.849343
1327.31399989	0.478577
1329.31399989	1.650352
1331.31399989	1.650352
1333.81399989	1.601206
1336.32199979	1.809306
1338.3039999	1.363736
1340.56999993	1.056723
1342.625	0.588684
1345.0539999	0.77841
1347.52399969	0.744901
1349.31499982	0.986786
1352.0539999	0.156106
1354.17499971	1.202789
1355.9909997	0.763403
1358.5539999	0.908681
1360.80499983	0.704228
1363.31399989	0.693729
1365.31399989	1.469464
1367.31399989	0.984923
1369.31399989	0.181859
1371.31399989	0.32
1373.31399989	0.988652
1375.31499982	1.139155
1377.31399989	1.559839
1379.31399989	1.414182
1381.31399989	2.001331
1383.31399989	0.132339
1385.3039999	1.126307
1387.3039999	1.126307
1389.3039999	0.316186
1391.31399989	1.342392
1393.31399989	0.072275
1395.3039999	0.647827
1397.31399989	0.379775
1399.31399989	0.713447
1401.31399989	0.466921
1403.3039999	0.623475
1405.31399989	0.797172
1407.31399989	0.081364
1409.31399989	0.723667
1411.32299972	0.723667
1416.89499974	0.040343
1420.02399993	0.879727
1421.73499966	0.513585
1423.5849998	0.019827
1427.31399989	1.051121
1428.17399979	1.20542
1430.53499985	0.013036
1431.69999981	0.666789
1432.91299987	0.812705
1435.83399987	0.175657
1437.1239996	0.667017
1437.61399984	1.245112
1437.77399993	1.245112
1439.31399989	1.245112
1441.31399989	1.245112
1443.3039999	1.095956
1445.30699968	1.236189
1447.31399989	1.22957
1449.31399989	0.129288
1451.31399989	1.381408
1453.31399989	1.335509
1455.31399989	0.626881
1457.3039999	1.203363
1459.33799982	0.580904
1461.3039999	1.283439
1463.31399989	0.989807
1465.31399989	0.940273
1467.31399989	0.009378
1469.31399989	0.25062
1471.81399989	0.031416
1473.80399966	0.723353
1476.31399989	0.003987
1478.31399989	0.517958
1480.32399964	0.660657
1483.54399991	0.108439
1484.87399983	0.52091
1486.3039999	0.590731
1489.0539999	0.009056
1490.66799974	0.703931
1492.3039999	0.755348
1494.8349998	0.40631
1497.15499973	0.917763
1498.58599973	0.64726
1500.5539999	0.540127
1502.55499983	0.540127
1504.7559998	0.874843
1506.31999993	0.658786
1508.34399986	0.736035
1510.5539999	1.799518
1512.5539999	1.546417
1515.79200006	0.152195
1516.5539999	1.323806
1518.80399966	0.793085
1520.79299998	0.614188
1522.80299973	0.794666
1524.80399966	0.564009
1527.15299988	0.074364
1528.8119998	0.80033
1530.80399966	0.717869
1532.80399966	0.493193
1534.80399966	0.338614
1536.80399966	0.143247
1538.80399966	0.012906
1540.80399966	0.318748
1543.32199979	0.110364
1545.49399972	0.049621
1546.79399991	0.34136
1548.704	0.026658
1550.80399966	0.585061
1552.80399966	1.61794
1554.80399966	0.014475
1556.80399966	0.703277
1558.80399966	0.769343
1560.80499983	0.929618
1562.80399966	0.832647
1564.80399966	0.771936
1566.80399966	0.451192
1568.80399966	0.009613
1570.79299998	0.78332
1573.00499988	0.44586
1574.98399997	0.555178
1576.90400004	0.423411
1579.3039999	0.431934
1580.80399966	0.618327
1582.80399966	0.818565
1584.80399966	0.804263
1586.80399966	0.739228
1588.80399966	0.822301
1590.80399966	0.725706
1592.80399966	0.706747
1594.74399996	0.493372
1596.80399966	1.228688
1598.80399966	0.840297
1600.80399966	1.027182
1602.8119998	1.10043
1604.80399966	0.889924
1606.80399966	0.785634
1608.80399966	0.670787
1610.80399966	0.237294
1612.80399966	0.292433
1614.80399966	0.53889
1616.80399966	0.742179
1618.73399973	1.992816
1620.81399989	1.612863
1622.80399966	1.308865
1624.80399966	1.42641
1626.80399966	0.921613
1628.80399966	1.985539
1630.80399966	0.826845
1632.80399966	0.193529
1634.94400001	0.021764
1636.79399991	0.689029
1638.80399966	0.970052
1640.8119998	0.779907
1642.80499983	0.84578
1645.7249999	0.094954
1647.08399963	0.776024
1648.80399966	0.03874
1650.80399966	0.860209
1652.80399966	0.612199
1654.8119998	0.814909
1657.33599997	0.589336
1658.8119998	1.246136
1660.80399966	1.621699
1662.80399966	0.464364
1664.80399966	0.856176
1666.72399974	1.179994
1668.80399966	0.353651
1670.80399966	0.5272
1672.80399966	0.163574
1674.80399966	0.789154
1676.80399966	1.078276
1678.80399966	0.534985
1680.80399966	0.789896
1682.80399966	0.882289
1684.80399966	0.774697
1686.80399966	0.796057
1688.80399966	0.814308
1690.80399966	0.801611
1692.80399966	0.392694
1694.80499983	0.022488
1696.80399966	0.641681
1698.80399966	0.187788
1700.81399989	0.416471
1702.80399966	0.785562
1704.80399966	0.733683
1706.79399991	0.243624
1708.79399991	0.179273
1710.80399966	0.378204
1712.80399966	0.327006
1714.79399991	0.579445
1716.80399966	0.384369
1718.80399966	0.481036
1720.80399966	0.727735
1722.80399966	0.224679
1724.80399966	0.689974
1726.80399966	0.731996
1728.80399966	0.529462
1730.80499983	0.733981
1732.86499977	0.614166
1735.31200004	0.597371
1737.18499994	0.869801
1738.80399966	0.532121
1740.80399966	1.012003
1742.80399966	1.114418
1744.80399966	0.457823
1746.80399966	1.181036
1748.80399966	0.794884
1750.80399966	0.650076
1752.80399966	0.628417
1754.80399966	1.035876
1756.80399966	0.012287
1759.0539999	1.33798
1761.06399989	0.830549
1763.0539999	0.765763
1765.0539999	0.723136
1767.0539999	0.715279
1769.05499983	0.728816
1771.06399989	0.955402
1773.0539999	0.222246
1775.0539999	0.733514
1777.0539999	0.044597
1779.0539999	0.226955
1781.0539999	0.20135
1783.0539999	0.347761
1785.0539999	0.246168
1787.61099982	0.352413
1789.31399989	0.53124
1791.0539999	0.012954
1792.87399983	0.039206
1795.0539999	0.526459
1797.0539999	0.677647
1799.0539999	0.747061
1801.0539999	0.191208
1803.06499982	0.552836
1805.0539999	0.499906
1807.0539999	0.368925
1809.0539999	0.903365
1811.05499983	0.845692
1813.0539999	0.756308
1815.0539999	0.771685
1817.05499983	0.795741
1819.06399989	0.776122
1821.0539999	0.580352
1823.05499983	0.738296
1825.56499982	0.152728
1827.5539999	0.877765
1829.06299973	0.729553
1831.0539999	0.718771
1833.0539999	0.748836
1835.0539999	0.818781
1837.0539999	0.823402
1839.0539999	0.819931
1841.06399989	1.07416
1843.0539999	0.756503
1845.0539999	0.454278
1847.06399989	0.776831
1849.0539999	0.734295
1851.0539999	0.796137
1853.0539999	0.632853
1855.0539999	0.699948
1857.0539999	0.811268
1859.0539999	0.661669
1861.0539999	0.851185
1863.0539999	0.921909
1865.0539999	0.740156
1867.0539999	0.632596
1869.0539999	0.693011
1871.0539999	0.758955
1873.0539999	0.686516
1875.0539999	0.688835
1877.06399989	0.719405
1879.0539999	0.721177
1881.0539999	0.740098
1883.0539999	0.78486
1885.05499983	0.750563
1887.0539999	0.236191
1889.0539999	0.973676
1891.0539999	0.722425
1893.0539999	0.247137
1895.0539999	0.749984
1897.0539999	0.66864
1899.0539999	0.674153
1901.0539999	0.833308
1903.0539999	0.784396
1905.0539999	0.59052
1907.31499982	0.905907
1909.05499983	0.704466
1911.0539999	0.667079
1913.0539999	0.010654
1915.0539999	0.731392
1917.0539999	0.406946
1919.0539999	0.61791
1921.0539999	0.76137
1923.0539999	0.751611
1925.0539999	0.725143
1927.0539999	0.682959
1929.0539999	0.756991
1931.0539999	0.710336
1933.0539999	0.627931
1935.0539999	0.688202
1937.0539999	0.684611
1939.0539999	0.619984
1941.0539999	0.749047
1943.0539999	0.672615
1945.0539999	0.535691
1947.04399967	0.499892
1949.0539999	0.810648
1951.0539999	0.754371
1953.0539999	0.694871
1955.0539999	0.912443
1957.0539999	0.789047
1960.05499983	0.40782
1962.80399966	0.79576
1965.35399985	0.513032
1968.0539999	1.478682
1970.0539999	0.978927
1973.01999974	0.849329
1975.0539999	0.808389
1977.0539999	0.855311
1979.0539999	0.697551
1981.0539999	0.702422
1983.0539999	0.71623
1985.0539999	0.71934
1987.05499983	0.448968
1989.1619997	0.705549
1991.0539999	0.808698
1993.0539999	0.05638
1995.0539999	0.747026
1997.03499985	0.72239
1999.87499976	0.430422
2002.11499977	0.897304
2004.9349997	0.40081
2007.30499983	0.952231
2010.18099999	0.787921
2012.95499969	0.175058
2015.83200002	0.158011
2018.14499998	0.156606
2020.9139998	0.552635
2021.9519999	0.045725
2023.80399966	0.1897
2025.80399966	0.619341
2027.80399966	0.701711
2029.79399991	0.110017
2031.80399966	0.558955
2033.80399966	0.061764
2035.65399981	0.05915
2037.80399966	0.7559
2039.80399966	0.737195
2041.81399989	0.719162
2043.61499977	0.384493
2046.18499994	0.807251
2047.88599992	0.731137
2049.81699991	0.773073
2051.80399966	0.326653
2053.80399966	0.002332
2055.80399966	0.963784
2057.81499982	1.214315
2059.80399966	0.127023
2061.80399966	0.825517
2063.80399966	0.765954
2065.80399966	0.849176
2067.80399966	0.414092
2069.80399966	1.086106
2071.84399962	1.704968
2073.74399996	0.420245
2075.80399966	0.010706
2077.80399966	1.492838
2079.80399966	1.492838
2081.80399966	0.817738
2083.73099971	0.804814
2085.80499983	0.422036
2087.80399966	0.749124
2089.80399966	0.749124
2091.80399966	0.749124
2093.80399966	0.749124
2095.8429997	0.28982
2097.72299981	1.331715
2099.79499984	0.724406
2101.78799963	1.990666
2103.90899992	0.457728
2109.58199978	0.138685
2110.30499983	1.830421
2111.18499994	1.78033
2113.40899992	0.51919
2114.30499983	2.682227
2115.80399966	2.251106
2117.81499982	0.706528
2120.0849998	0.363254
2122.06399989	1.971679
2123.79200006	0.720517
2125.80399966	0.006475
2127.80499983	0.01044
2129.80399966	0.530366
2131.80399966	0.045014
2133.80399966	1.544154
2135.79399991	0.117733
2137.80399966	0.006532
2139.80399966	1.524021
2141.80399966	0.541886
2143.80399966	1.220802
2145.71799994	1.846003
2147.80399966	0.01384
2149.8119998	0.972314
2151.80499983	1.733673
2153.80499983	0.389127
2155.80399966	1.976381
2157.80399966	1.866707
2159.80399966	2.986687
2161.80399966	2.986687
2163.80399966	0.079375
2165.80399966	1.035738
2167.88499999	0.000816
2169.79899979	0.73432
2171.80399966	1.420122
2173.80399966	0.872746
2175.80399966	1.245563
2177.80399966	1.245563
2179.80499983	1.245563
2181.80399966	1.245563
2183.80399966	1.245563
2185.80399966	0.011505
2187.81299996	1.159164
2189.80499983	0.658414
2191.8119998	0.480667
2193.74399996	0.763734
2195.80399966	0.694802
2197.80399966	1.253159
2199.79399991	0.01059
2201.8039999	0.823265
2203.79399991	0.236497
2205.8119998	1.226207
2207.80399966	1.226207
2209.8119998	0.78523
2211.80399966	1.262979
2213.80399966	1.477856
2215.80399966	1.477856
2217.79899979	1.477856
2219.80399966	0.740143
2221.79899979	0.704759
2223.80499983	0.007893
2225.80399966	0.751122
2227.80299973	0.637748
2229.829	0.641012
2231.79599977	0.72818
2233.80399966	0.520364
2235.79099965	0.655793
2237.80399966	0.721109
2239.80399966	0.984981
2241.80199981	1.077511
2243.80599976	1.13016
2245.81599998	1.000064
2247.80399966	1.329979
2249.80399966	1.151363
2251.80099988	0.009917
2254.83399987	0.129327
2257.92199993	0.211123
2259.57499981	0.563638
2261.20499992	0.846547
2263.36299968	0.4015
2264.30499983	0.682121
2266.07200003	0.231009
2267.91199994	0.501346
2270.54499984	0.563656
2273.01499987	0.450722
2276.30499983	0.462139
2278.30799961	0.429752
2279.96399975	0.314894
2282.74399996	0.722468
2284.96399975	0.100317
2285.88800001	0.311137
2286.18999982	1.515349
2288.0619998	1.426357
2290.0539999	0.486693
2292.0539999	0.285877
2294.0539999	0.154739
2296.0539999	0.010912
2298.05499983	0.676639
2300.78499985	0.788922
2302.89699984	0.703548
2304.88499999	0.649211
2307.7249999	0.162496
2309.29799986	0.896806
2310.11899972	0.494126
2313.61599994	0.446313
2315.88800001	0.49671
2318.85899973	0.017909
2321.72000003	0.038841
2323.06599975	0.117508
2323.99399972	0.405277
2324.96899986	0.48284
2326.04899979	0.393155
2328.04899979	0.261402
2330.0539999	0.361611
2332.05299997	0.425675
2334.1099999	0.324754
2336.76499987	0.505838
2342.00699973	0.360349
2344.61199975	0.034583
2346.68099999	0.18119
2348.30499983	0.770362
2349.96099997	0.051621
2351.13199973	0.379263
2351.85899973	0.422693
2352.63799977	0.479608
2354.0539999	0.386307
2356.09399986	0.673586
2358.0539999	0.697525
2361.04299974	0.3754
2364.14199972	0.432271
2368.9349997	0.406578
2372.01600003	0.01424
2374.14400005	0.49794
2374.88599992	0.308966
2376.12199974	0.347465
2376.96199989	0.467262
2378.58199978	0.423381
2379.80599976	0.22257
2380.65399981	0.710976
2382.02599978	0.403864
2384.04399967	0.566771
2385.9519999	0.232173
2389.19199991	0.465746
2391.61199975	0.02174
2392.9139998	0.666634
2394.0539999	0.533942
2396.05499983	0.100883
2398.0539999	0.644084
2400.02399993	0.786316
2402.0539999	0.698678
2404.0539999	0.670699
2406.0539999	0.728767
2408.0539999	0.690945
2410.0539999	0.664121
2412.06299973	0.683811
2414.0539999	0.653352
2416.0539999	0.592648
2418.05499983	0.675024
2420.0539999	0.039869
2422.0619998	0.719805
2424.04399967	0.712208
2426.0539999	0.742092
2428.0539999	0.719655
2430.09199977	0.718281
2432.0539999	0.694498
2434.0539999	0.687164
2436.0539999	0.748156
2438.0539999	0.718492
2440.05199981	0.484258
2442.5539999	0.698226
2444.57399988	0.663167
2447.3039999	0.510812
2449.31699991	0.717526
2452.0539999	0.561881
2454.3039999	0.868558
2456.3039999	0.906596
2458.80399966	0.788357
2460.80399966	0.409277
2462.80399966	0.035478
2464.80399966	0.503994
2467.54999971	0.205826
2469.56399965	1.030101
2471.81399989	0.738974
2473.79699993	0.898517
2475.80399966	1.141102
2477.80399966	0.03652
2481.05699992	0.52144
2483.0539999	0.283346
2485.04899979	0.28605
2487.0599997	0.447754
2489.04799986	0.481681
2491.0619998	0.497168
2493.04799986	0.055539
2495.04899979	0.10505
2499.89999962	0.071133
2501.0139997	0.425212
2502.68399978	0.486345
2505.29699993	0.401327
2507.29799986	0.754232
2509.5539999	0.70591
2511.55499983	0.797497
2515.30499983	0.913379
2521.48199987	0.694449
2525.36599994	1.021405
2526.89499974	0.756787
2528.94499993	0.906546
2531.07499981	0.849405
2533.13399982	1.087309
2535.79799986	0.242077
2536.68799996	0.117787
2537.11199999	1.030851
2538.09999967	1.373832
2541.3039999	0.161565
2543.09999967	0.028191
2543.94499993	0.452125
2545.32799983	0.582195
2547.15399981	0.679138
2547.65699983	0.619777
2549.29699993	0.428061
2551.29999971	0.533076
2553.29699993	0.722149
2555.30199981	0.669127
2557.29699993	0.07264
2559.29799986	0.603944
2561.30199981	0.471107
2563.82399988	0.248134
2565.30099988	0.541032
2567.29799986	0.321463
2569.29699993	0.893907
2571.29699993	0.129102
2573.30199981	0.710407
2577.14499998	0.005872
2579.96799994	0.554566
2581.66999984	0.666151
2582.69799972	0.836369
2583.82499981	0.534057
2585.5539999	0.756352
2587.54799962	0.464596
2589.54699969	0.582949
2591.54099989	1.624164
2593.54799962	0.607431
2595.54699969	1.514344
2597.54999971	0.011102
2599.54799962	0.849826
2601.5539999	1.683144
2604.3039999	0.014801
2605.54499984	1.996638
2607.55699992	1.996638
2609.54399991	1.996638
2613.79099965	0.431592
2615.3039999	0.806237
2615.93399978	1.851645
2617.54699969	0.499857
2619.55299997	0.537104
2621.55299997	1.4927
2623.5619998	1.4927
2626.86399984	0.422186
2630.85499978	0.151048
2637.17499971	0.222166
2639.89099979	0.198635
2641.59799981	0.420315
2642.65799975	0.551879
2643.74299979	0.590984
2645.83099985	0.418693
2647.3039999	0.356974
2648.46399999	0.012157
2649.12599993	0.654287
2650.88399959	0.457929
2652.01099968	0.416188
2653.4139998	0.616147
2654.17499971	0.743486
2655.53299999	0.48417
2657.7579999	0.311879
2659.54799962	0.310838
2661.55299997	0.778218
2663.50099993	0.015162
2669.1619997	0.399019
2673.66499996	0.010168
2675.67699981	0.590578
2678.07299995	0.401042
2679.67999983	0.191904
2680.66699982	0.370239
2681.30899978	0.451943
2681.91699982	0.790717
2682.90999985	0.584477
2683.83799982	0.561895
2685.54999971	0.338446
2687.54899979	0.796856
2689.54999971	0.615802
2691.55899978	1.344785
2693.54399991	0.474944
2695.5539999	1.230929
2697.55699992	1.53893
2699.53399992	0.082386
2701.5539999	0.629154
2703.46599984	0.129434
2705.54699969	0.791772
2707.55699992	1.837107
2709.55699992	1.182264
2711.54699969	0.717909
2713.55699992	0.543015
2715.55099964	0.28854
2717.55699992	0.624052
2719.54699969	1.065069
2721.47399974	0.011999
2723.55699992	0.396075
2725.54699969	0.506228
2727.54699969	0.329197
2729.55099964	0.295962
2731.55699992	0.71861
2733.55200005	0.228183
2735.55999994	0.712533
2737.55299997	0.74923
2739.54899979	0.389831
2741.54699969	0.779324
2743.54799962	0.663972
2745.56899977	0.068588
2747.55499983	0.434399
2749.54999971	0.013441
2751.58399987	0.603734
2753.54699969	0.593888
2755.55699992	0.473908
2757.66400003	0.305423
2759.54699969	0.463514
2761.55200005	0.598599
2763.55299997	0.686899
2765.5619998	0.197323
2767.55799985	0.527889
2769.55699992	0.369728
2771.55299997	0.149764
2773.54699969	0.556339
2775.54699969	0.747981
2777.61499977	0.043546
2779.54999971	0.415933
2781.54799962	0.889115
2783.54699969	0.385353
2785.54699969	0.172948
2787.5539999	0.750893
2789.5539999	0.005421
2791.55799985	0.937305
2793.54699969	0.01205
2795.77899981	0.610072
2797.55200005	0.287029
2799.54699969	1.476728
2801.55599976	0.022536
2803.55799985	0.492705
2805.55499983	1.238117
2807.5539999	0.906386
2809.55200005	0.498925
2811.55099964	0.038719
2813.64299965	0.373105
2815.55699992	0.01645
2817.54699969	0.135203
2819.56999993	0.481364
2821.55200005	0.024052
2823.54899979	0.572739
2825.54699969	0.12776
2827.5619998	0.826516
2829.57899976	0.687457
2831.54699969	0.445927
2833.55699992	0.111727
2835.80399966	0.389274
2837.80099988	0.755196
2839.79299998	0.545261
2841.82099986	0.080675
2843.796	0.76502
2845.80099988	0.582187
2847.80699968	0.822909
2849.80699968	0.468153
2851.80399966	0.479296
2853.80799985	0.146435
2855.80299973	0.222078
2857.79799986	0.167771
2859.79699993	0.458787
2862.04799986	0.504148
2865.3039999	0.209865
2867.29799986	1.132461
2869.3039999	1.008574
2871.3039999	1.338334
2873.29999971	0.481527
2875.3429997	0.601683
2877.3039999	0.96736
2879.31399989	1.132002
2881.3039999	0.379989
2883.3039999	0.805724
2885.3039999	1.052641
2887.58199978	0.330668
2890.3039999	0.012065
2891.30799961	1.308896
2893.3039999	1.013672
2895.30499983	1.336147
2897.31399989	0.78463
2899.3039999	1.133759
2901.30499983	0.664747
2903.3039999	0.839786
2905.43399978	0.889298
2907.33699989	0.102353
2913.75099969	0.000581
2917.85099983	0.485116
2918.82199979	0.566095
2920.56699967	0.214495
2923.81399989	0.040436
2925.00399971	0.373661
2925.30199981	0.373661
2925.69399977	0.46152
2929.04499984	0.522851
2931.69799972	0.201376
2933.06599975	0.139708
2934.36199975	0.175368
2934.69399977	0.613393
2935.31799984	0.461412
2937.3099997	0.6338
2939.33699989	0.738915
2941.30499983	0.669676
2943.31999993	0.653866
2945.3039999	0.63673
2947.3039999	0.108036
2949.31499982	1.12435
2951.31399989	0.490471
2953.30499983	1.289909
2955.46399999	0.725332
2957.31299996	0.52316
2959.54499984	0.302119
2961.55499983	0.423707
2965.19399977	0.229293
2967.09999967	0.115605
2968.67899966	0.200327
2972.30699968	0.868013
2973.01899981	1.62982
2974.704	0.227776
2982.65699983	0.000259
2983.15699983	0.575871
2983.59399986	1.404308
2984.63199997	0.004712
2985.10299969	1.018166
2986.39999986	0.717358
2987.5539999	1.483379
2989.56399965	0.33589
2991.5539999	0.156763
2993.56399965	0.228449
2995.54799962	0.085151
2997.36199975	0.005353
2999.5539999	1.172087
3001.50399995	0.01014
3006.81499982	0.009413
3008.81299996	0.272339
3009.09299994	1.179237
3010.90799975	0.196104
3012.64899993	0.231407
3014.45199966	0.298668
3016.0619998	1.169785
3019.49499965	0.262484
3024.37499976	0.195502
3026.19499969	0.188928
3031.17399979	0.009141
3031.42699981	0.58442
3031.77699995	0.763694
3032.29399991	1.393494
3032.86199975	1.69424
3033.92199993	0.510457
3038.66499996	0.000481
3038.83599973	0.313121
3039.56799984	0.414056
3041.60399961	0.287055
3045.08399963	0.244389
3048.11299992	0.17878
3049.42400002	0.33708
3052.91199994	0.16352
3054.85199976	0.150042
3056.34099984	0.199683
3059.87199998	0.167648
3065.00299978	0.172438
3066.71899986	0.409052
3067.50399995	0.163373
3068.07499981	0.418475
3069.1329999	0.457013
3069.62299967	0.551156
3070.08299971	0.511095
3071.81399989	0.278567
3073.55999994	0.214946
3075.5539999	0.051263
3077.55099964	0.586363
3079.55899978	0.294232
3081.54299974	0.20702
3083.86999989	0.2045
3085.55699992	0.416912
3088.66099977	0.475803
3092.66699982	0.258095
3093.18599987	0.525824
3093.81799984	0.608012
3095.5539999	0.351678
3097.75499964	0.678565
3100.31499982	0.001153
3101.77600002	0.223196
3103.80299973	0.308063
3105.81799984	0.756843
3107.54799962	0.532091
3109.5539999	0.41258
3111.46399999	0.087805
3113.5539999	0.575232
3115.57199979	1.012166
3117.5619998	0.96959
3119.89399981	0.528157
3121.79499984	0.690821
3124.82399988	0.305884
3126.80299973	0.21333
3128.80399966	0.572291
3130.80399966	0.218239
3132.80399966	0.448537
3135.3039999	0.452164
3137.31200004	0.94399
3139.31200004	1.076957
3141.3039999	0.729233
3143.3039999	0.976579
3145.41299987	0.003672
3147.31200004	1.215599
3149.3039999	1.180664
3151.5539999	1.004488
3153.30499983	0.041099
3156.296	0.166983
3168.14599991	0.042845
3169.84199977	0.818287
3171.04399967	0.67265
3171.49399972	0.348902
3171.88499999	0.597839
3173.11399984	0.719964
3173.65799975	0.812596
3174.80399966	0.577454
3177.18299985	0.669109
3179.5539999	0.917041
3181.5539999	0.818571
3184.0539999	0.62198
3186.0619998	0.526177
3188.06399989	0.855634
3190.05499983	0.866236
3192.05799985	0.699107
3194.0679996	0.76002
3196.16999984	0.637484
3198.06499982	0.008954
3200.07499981	0.503982
3202.0619998	0.594782
3204.69899964	0.553748
3206.05699992	0.704121
3208.05299997	0.717732
3210.05299997	0.665096
3212.05199981	0.710126
3214.05699992	0.482027
3216.05699992	0.695532
3218.296	0.621981
3220.05699992	0.624906
3222.31699991	0.609549
3224.30799961	0.861909
3226.31499982	0.790074
3228.31799984	0.659402
3230.29999971	0.798303
3232.30099988	1.063369
3234.29999971	1.085276
3236.30199981	0.84242
3238.31399989	0.909451
3240.3039999	0.88813
3242.29699993	0.736787
3244.30599976	1.06261
3246.29699993	1.013817
3248.29699993	0.386742
3251.11499977	0.225543
3252.80199981	0.277566
3254.30199981	0.496679
3256.30099988	0.618428
3258.30699968	0.528815
3260.30599976	0.743713
3262.30099988	1.018411
3264.96399975	0.485526
3266.34699965	0.750599
3268.30599976	0.602963
3270.29899979	0.824985
3272.29999971	0.469765
3274.29899979	0.940312
3276.29899979	0.076366
3278.3039999	1.047641
3280.31200004	1.245929
3282.32499981	1.245929
3284.31599975	0.666258
3286.30499983	1.309985
3288.3039999	1.21558
3290.3099997	1.502109
3292.29799986	0.268017
3294.30599976	1.458254
3296.33799982	0.533133
3298.2889998	1.59492
3300.29699993	1.438722
3302.29799986	0.020541
3304.29899979	0.022115
3306.30099988	0.657875
3308.31899977	0.654697
3310.29899979	0.884374
3312.3039999	1.096324
3314.28999972	1.348853
3316.29299998	1.138216
3318.29999971	1.361939
3320.31599975	1.381299
3322.29799986	1.551919
3324.3039999	1.277833
3326.30499983	1.416436
3328.30899978	0.756471
3330.31099987	0.819513
3332.29899979	1.814501
3334.3039999	1.419526
3336.31599975	0.496805
3339.54899979	0.185432
3340.79299998	0.638249
3342.29899979	0.729696
3344.73499966	0.372052
3346.3039999	2.170971
3348.31099987	2.172412
3350.30299973	2.00673
3352.30199981	2.500791
3354.29899979	2.728882
3356.52199984	2.27898
3358.30499983	0.335669
3363.68399978	0.049199
3364.82299972	0.865135
3366.37399983	0.683851
3367.42400002	1.049961
3368.5539999	1.09207
3371.06299973	1.323633
3373.05499983	0.767944
3376.30499983	0.506606
3378.3039999	0.182232
3381.0539999	1.495288
3383.75899982	0.150691
3385.86299968	0.757164
3388.02799964	0.685281
3390.15099978	1.545875
3391.72399974	0.771409
3393.0539999	0.148785
3395.0539999	0.605997
3397.0539999	0.922839
3399.0539999	0.453531
3401.04399967	0.809373
3403.06399989	0.015619
3405.0539999	0.477403
3407.06499982	0.776042
3408.95399976	0.675014
3411.0539999	0.72087
3413.0539999	0.72087
3415.04899979	0.24379
3417.04899979	0.418098
3420.44699979	0.12742
3421.7719996	0.461058
3423.04799986	0.01123
3425.05199981	0.406702
3427.05199981	0.091364
3429.05299997	0.659314
3431.06399989	0.482191
3433.04399967	0.568568
3435.0539999	0.592436
3437.07399988	0.459796
3439.93099976	0.200673
3441.06699967	0.429968
3443.06399989	0.358595
3445.0539999	0.301779
3447.07200003	0.012725
3449.0539999	0.509068
3451.04499984	0.48022
3453.29199958	0.479801
3455.05499983	0.875173
3456.99399972	0.52565
3459.06399989	0.62397
3461.0539999	0.668469
3463.06399989	0.001634
3465.0539999	0.608048
3467.0539999	0.198353
3469.0539999	1.150673
3471.05499983	0.541843
3473.87299991	0.815512
3476.67499971	0.342071
3478.29699993	1.167741
3479.1869998	0.730385
3481.0539999	0.968644
3483.07200003	0.486394
3485.0539999	0.81883
3487.0539999	0.753379
3489.0539999	0.819604
3491.0539999	0.580877
3493.0619998	0.832431
3495.06499982	0.79564
3497.0539999	0.876668
3499.0539999	0.72864
3501.05299997	0.719958
3503.0539999	0.732777
3505.0539999	0.856225
3507.06399989	0.743927
3509.0539999	0.722528
3511.0539999	0.739626
3513.10399985	0.69802
3515.0539999	0.236361
3517.0539999	0.630331
3519.05499983	0.757703
3521.0539999	0.599182
3523.0539999	0.783135
3525.06399989	0.407318
3527.0539999	0.606839
3529.0619998	0.672903
3531.31200004	0.7629
3533.3039999	0.924468
3535.31399989	0.862031
3537.30199981	1.302444
3539.30199981	1.445838
