0.0	1.792792
0.108999967575	1.859657
0.836000204086	1.454688
1.42800021172	1.887025
2.44499993324	0.923496
3.66000008583	1.006912
5.12300014496	1.537947
5.48600029945	1.746829
5.77100014687	1.861849
5.84400010109	1.759807
5.89300012589	1.759807
7.42600011826	1.93232
9.48500013351	1.979844
11.4230000973	1.727572
13.4210000038	1.331761
15.4370000362	1.761009
17.4260001183	1.652845
19.4230000973	0.953657
21.4150002003	1.754415
23.4140002728	1.428408
25.4230000973	1.602102
27.4280002117	1.949265
29.4180002213	1.681619
31.4210000038	1.56286
33.4240000248	1.063532
35.4120001793	1.921699
37.4160001278	1.921699
39.4240000248	1.800349
41.4190001488	1.369606
43.4190001488	1.616303
45.4190001488	1.664425
47.4160001278	1.819428
49.4250001907	1.709555
51.4220001698	1.624211
53.4160001278	1.094863
55.4170002937	1.719766
57.4180002213	1.53877
59.4130001068	1.901444
61.4210000038	1.910637
63.4250001907	1.924881
65.4200000763	1.901513
67.4160001278	1.861492
69.4200000763	1.720282
71.4210000038	1.531439
73.4170002937	1.703709
75.4230000973	1.238048
77.4160001278	1.543568
79.4190001488	1.992185
81.4220001698	1.948842
83.4250001907	1.576713
85.4210000038	1.811853
87.4160001278	1.877167
89.4150002003	1.974974
91.4190001488	1.703669
93.4160001278	1.819288
95.4220001698	1.628621
97.4220001698	1.852573
99.4270000458	1.821667
101.420000076	1.697414
103.424000025	0.320065
105.417000294	1.907626
107.418000221	1.411357
109.418000221	1.338155
111.420000076	1.751625
113.414000273	1.675403
115.426000118	1.852463
117.412000179	1.520129
119.419000149	1.357656
121.414000273	1.806514
123.4150002	1.851505
125.4150002	1.925825
127.425000191	1.877238
129.4150002	1.49309
131.419000149	1.681161
133.424000025	1.155508
135.413000107	1.876606
137.425000191	1.216864
139.417000294	1.668662
141.420000076	1.16793
143.423000097	1.882628
145.420000076	1.676826
147.425000191	1.76467
149.417000294	1.417896
151.424000025	1.280969
153.424000025	1.47274
155.424000025	1.79221
157.42200017	1.116163
159.427000046	1.925412
161.419000149	1.57953
163.424000025	1.497222
165.419000149	1.686859
167.4150002	1.696272
169.421000004	1.738953
171.4150002	1.696687
173.417000294	1.479718
175.414000273	1.219781
177.421000004	1.710392
179.417000294	1.753111
181.4150002	1.5337
183.663000107	1.62557
185.417000294	1.889152
187.420000076	1.932881
189.667000055	1.700275
191.426000118	1.381167
193.667999983	1.742823
195.671000242	1.126364
197.502000332	1.753925
199.674000263	1.918299
201.666000128	1.696169
203.663000107	1.787381
205.669000149	1.951689
207.667999983	1.752505
209.67200017	1.927422
211.678000212	1.901041
213.671000242	1.796772
215.677000046	0.933794
217.664000034	1.832262
219.677000046	1.76252
221.494000196	1.728429
223.678000212	1.969754
225.6650002	1.862592
227.676000118	1.7332
229.666000128	1.645482
231.677000046	1.730143
233.666000128	1.684325
235.667999983	1.855721
237.670000315	1.504163
239.671000242	1.70137
241.673000336	1.568674
243.667000055	1.938791
245.494000196	1.645319
247.667999983	1.296772
249.669000149	1.946371
251.673000336	1.875
253.677000046	1.121413
255.667999983	1.756034
257.667999983	1.362064
259.670000315	1.291477
261.670000315	1.497718
263.67200017	1.885492
265.679000139	1.839653
267.673000336	1.90228
269.507000208	1.539876
271.667999983	1.21979
273.67200017	1.374824
275.669000149	1.783354
277.6650002	1.877411
279.667999983	2.011145
281.679000139	1.337504
283.664000034	1.233958
285.664000034	1.877583
287.667999983	1.380347
289.674000263	1.737421
291.666000128	1.885318
293.671000242	1.615044
295.666000128	1.572936
297.666000128	1.193274
299.673000336	1.516261
301.670000315	1.188135
303.667999983	1.479229
305.670000315	1.13822
307.676000118	1.347354
309.6650002	1.634745
311.675000191	1.933893
313.675000191	1.742823
315.663000107	1.160248
317.671000242	1.755691
319.670000315	1.916609
321.674000263	1.666967
323.664000034	1.626559
325.677000046	1.195391
327.667999983	1.775332
329.677000046	1.871404
331.666000128	1.938384
333.67200017	1.717406
335.673000336	1.318397
337.676000118	1.658021
339.6650002	1.720293
341.679000139	1.760219
343.669000149	1.052031
345.670000315	1.837661
347.677000046	1.696791
349.669000149	1.084096
351.673000336	1.763037
353.67200017	0.975674
355.670000315	1.115122
357.671000242	1.589259
359.669000149	1.160065
361.678000212	1.708113
363.67200017	1.66455
365.664000034	1.768251
367.667999983	1.908148
369.669000149	1.828456
371.67200017	1.757688
373.669000149	1.711764
375.676000118	1.744373
377.677000046	1.785287
379.670000315	1.176675
381.674000263	1.785485
383.669000149	1.717009
385.667999983	1.982043
387.666000128	1.917628
389.674000263	1.776658
391.669000149	1.958264
393.675000191	1.923583
395.667999983	1.77729
397.664000034	1.581322
399.664000034	1.744809
401.667999983	1.898569
403.673000336	1.899074
405.674000263	1.778368
407.6650002	0.977024
409.667999983	1.813245
411.667999983	1.680651
413.667999983	0.252295
415.667000055	1.710867
417.667000055	1.691669
419.670000315	2.002868
421.667999983	1.744421
423.669000149	1.682929
425.667999983	1.903858
427.6650002	1.780265
429.669000149	1.66358
431.675000191	1.908099
433.670000315	1.616396
435.937000275	1.91165
437.690000296	1.711139
439.918000221	1.405165
441.678000212	1.755651
443.919000149	1.7817
445.917000055	1.111957
447.927000046	1.614782
449.917000055	1.857774
451.92200017	1.660365
453.918000221	1.652801
455.928000212	0.863127
457.918000221	1.74423
459.926000118	0.900079
461.919000149	1.73954
463.9150002	1.856494
465.924000025	1.856494
467.918000221	1.732865
469.917000055	1.714419
471.921000242	1.860809
473.926000118	1.766659
475.918000221	1.871413
477.919000149	1.901829
479.918000221	1.888338
481.927000046	1.714351
483.913000345	1.494329
485.920000076	1.797974
487.928000212	1.780833
489.914000273	1.883581
491.921000242	1.914666
493.921000242	1.914666
495.920000076	1.821946
497.920000076	1.032897
499.9150002	1.497645
501.9150002	1.205023
503.9150002	1.0505
506.336000204	1.371474
507.891000271	1.706105
509.9150002	1.928434
511.927000046	1.391229
513.917000055	1.265364
515.9150002	1.210494
517.914000273	1.273582
519.914000273	1.540718
521.916000128	1.003516
523.914000273	1.761503
525.923000097	1.58028
527.930000305	1.368818
529.924999952	1.754087
531.92200017	2.008629
533.930000305	1.468613
535.919000149	0.987442
537.929000378	1.367956
539.917000055	1.847989
541.918000221	1.416169
543.924999952	1.533388
545.92200017	1.515594
547.924999952	1.327711
549.919000149	1.902654
551.919000149	1.831253
553.917000055	1.756133
555.923000097	1.452134
557.918000221	1.962785
559.944000006	1.583677
561.926000118	1.575088
563.928000212	1.144103
565.92200017	1.25481
567.923000097	1.814975
569.921000242	1.891476
571.923000097	1.383917
573.921000242	1.195465
575.924000025	1.891305
577.927000046	1.741006
579.930000305	1.021885
581.923000097	1.302732
583.924999952	1.332654
585.923000097	1.935606
587.918000221	1.857787
589.923000097	1.649457
591.9150002	1.292155
593.931000233	1.85348
595.921000242	1.917297
597.923000097	1.171795
599.920000076	1.350746
601.916000128	1.969947
603.919000149	0.96718
605.924000025	1.786777
607.920000076	1.634415
609.921000242	1.26674
611.927000046	1.699098
613.918000221	1.905235
615.9150002	1.4647
617.921000242	1.204759
619.924999952	1.898628
621.929000378	1.882771
623.918000221	1.787432
625.924000025	1.653808
627.924000025	1.953296
629.920000076	1.727287
631.917000055	1.708764
633.930000305	0.99067
635.926000118	1.844842
637.931000233	1.386407
639.92200017	1.724062
641.919000149	1.959609
643.921000242	1.574471
645.929000378	1.311882
648.17200017	1.45546
649.924000025	1.810505
651.928000212	0.747567
654.180000067	1.725531
656.169000387	1.068272
658.178000212	1.25418
660.170000315	1.995093
662.178000212	1.140752
664.170000315	1.223595
666.170000315	1.249508
668.011000156	1.501303
670.177000284	1.123845
672.169000387	1.891833
674.17200017	1.941372
676.167000055	1.862838
678.167999983	1.71591
680.176000118	1.384496
682.174000263	1.705135
684.174000263	1.768829
686.180000067	1.707129
688.166000128	1.568206
690.169000387	0.849462
692.010000229	1.794432
694.169000387	1.475059
696.173000097	1.145512
698.177000284	1.349289
700.173000097	1.456425
702.167000055	1.681126
704.174000263	1.280701
706.167999983	1.874083
708.167000055	1.617445
710.179000139	1.712908
712.167000055	1.778268
714.173000097	1.440994
716.008000135	1.617969
718.17200017	1.849215
720.178000212	1.230673
722.176000118	1.840667
724.167999983	1.693838
726.174000263	1.770745
728.17200017	1.774207
730.180999994	1.427773
732.166000128	1.847131
734.179000139	1.901513
736.173000097	1.630278
738.173000097	1.61425
740.179000139	1.754513
742.179000139	1.570694
744.171000242	1.884797
746.171000242	1.700404
748.167000055	1.684427
750.180000067	1.735068
752.167999983	1.811205
754.170000315	1.075056
756.173000097	1.637882
758.167999983	1.815329
760.177000284	1.680042
762.167000055	1.05861
764.179000139	1.762987
766.171000242	1.503646
768.175000191	1.100549
770.18200016	1.886758
772.167999983	1.913732
774.17200017	1.74234
776.180999994	1.873651
778.17200017	1.000333
780.177000284	1.763544
782.180000067	1.747207
784.178000212	1.680144
786.174000263	1.99169
788.169000387	1.753631
790.174000263	1.135943
792.169000387	1.493646
794.179000139	1.91976
796.180000067	1.230294
798.176000118	1.632753
800.175000191	1.350997
802.176000118	0.923257
804.179000139	1.927008
806.166000128	1.901559
808.171000242	1.768799
810.180000067	0.981396
812.167999983	1.846487
814.184000015	1.308272
816.167000055	1.73112
818.178000212	1.937654
820.17200017	1.264069
822.170000315	1.759726
824.167000055	1.281302
826.17200017	1.904406
828.180000067	1.799641
830.167000055	1.01724
832.178000212	1.74347
834.170000315	1.860508
836.178000212	1.974003
838.167000055	1.422812
840.169000387	1.858936
842.18200016	1.786096
844.167000055	1.253346
846.173000097	1.774699
848.179000139	1.747821
850.180999994	1.982593
852.170000315	1.632105
854.173000097	1.031428
856.169000387	1.81983
858.17200017	1.771348
860.177000284	1.769248
862.167000055	1.054275
864.173000097	0.996169
866.176000118	1.646722
868.175000191	1.929851
870.176000118	1.778168
872.170000315	1.355827
874.178000212	1.202447
876.169000387	1.924909
878.171000242	1.215055
880.175000191	1.985535
882.169000387	1.233558
884.167000055	1.767803
886.167999983	1.357023
888.175000191	1.758935
890.171000242	1.786131
892.175000191	1.154426
894.177000284	1.933834
896.178000212	1.807439
898.175000191	1.507884
900.418000221	1.890451
902.417000294	1.039685
904.207000256	1.681925
906.417000294	1.573236
908.428000212	1.760466
910.430000305	1.277288
912.425000191	1.359283
914.431000233	1.592326
916.425000191	1.207478
918.429000139	1.616658
920.419000149	1.717593
922.426000118	1.465361
924.42200017	1.973154
926.426000118	1.7838
928.418000221	1.670993
930.425000191	1.92936
932.42200017	1.800246
934.427000046	1.800969
936.420000076	1.11337
938.426000118	1.921397
940.430000305	1.707181
942.42200017	1.770245
944.426000118	1.894639
946.426000118	1.691154
948.431000233	1.85348
950.42200017	1.710867
952.426000118	1.605571
954.428000212	1.971398
956.425000191	1.714644
958.430000305	1.207791
960.42200017	1.194096
962.427000046	1.833134
964.429000139	1.728995
966.427000046	1.357232
968.417000294	1.228562
970.424000025	1.757515
972.425000191	1.887098
974.416000128	1.08242
976.417000294	1.72771
978.417000294	1.926467
980.417000294	1.723872
982.416000128	1.872394
984.417000294	1.589548
986.417000294	1.914156
988.417000294	1.678292
990.417000294	1.885738
992.416000128	1.944015
994.416000128	1.857618
996.419000149	1.258386
998.417000294	1.258386
1000.42700005	1.779831
1002.41700029	1.647985
1004.85600019	1.029878
1006.71400023	1.471738
1008.85700035	1.191674
1010.85600019	1.411561
1012.85600019	1.411561
1014.85600019	1.765257
1016.85500026	1.392578
1018.85700035	1.277619
1020.85900021	1.940492
1022.85500026	1.940492
1024.85600019	1.504077
1026.85700035	1.99534
1028.85500026	1.219951
1030.86200023	1.154065
1032.85700035	1.555963
1034.85600019	1.902223
1036.85500026	1.567244
1038.85600019	1.774398
1040.85700035	1.283529
1042.85700035	1.675684
1044.85600019	1.996767
1046.85600019	1.123779
1048.85600019	1.343539
1050.85700035	1.424866
1052.85600019	1.775854
1054.85700035	1.80922
1056.85700035	1.900452
1058.85800028	1.814818
1060.40300012	0.982503
1062.34800005	1.278535
1064.85600019	1.480286
1066.4940002	1.907452
1068.85900021	1.354535
1070.85700035	1.220452
1072.85600019	1.903808
1074.86100006	1.373505
1076.85800028	1.751038
1078.85900021	1.265776
1080.49000025	1.794819
1082.85600019	1.630757
1084.85500026	1.678923
1086.86000013	1.74714
1088.85600019	1.400098
1090.85700035	1.152678
1092.85600019	1.973345
1094.85700035	1.480537
1096.85900021	1.254903
1098.85600019	1.853407
1100.85700035	1.754415
1102.85700035	1.746809
1104.85600019	1.681033
1106.85600019	1.888461
1108.85600019	1.473408
1110.85600019	1.416867
1112.85600019	1.948539
1114.85700035	1.956982
1116.85700035	1.945219
1118.85500026	1.701683
1120.85600019	1.859252
1122.85700035	1.885861
1124.85600019	1.879415
1126.86000013	1.180647
1128.85600019	1.27067
1130.86000013	1.883484
1132.85700035	1.27519
1134.85600019	2.032075
1136.85700035	1.262096
1138.85600019	1.293046
1140.86200023	1.59729
1142.85700035	1.899661
1144.85600019	1.389552
1146.85600019	1.220921
1148.85700035	1.425654
1150.85700035	1.98192
1152.85700035	1.969343
1154.86200023	1.772773
1156.85700035	1.281263
1158.85700035	1.676803
1160.85700035	1.842136
1162.85700035	1.452539
1164.85600019	1.31062
1166.85600019	1.716178
1168.85700035	1.917497
1170.85600019	1.17555
1172.85800028	1.726983
1174.85800028	1.98394
1176.85800028	1.754649
1178.85700035	1.42338
1180.85600019	1.39732
1182.85500026	1.74748
1184.85700035	1.834508
1186.85600019	1.664118
1188.85600019	1.570352
1190.85800028	1.986333
1192.85700035	1.902449
1194.85600019	1.642346
1196.85700035	1.299201
1198.85700035	1.909404
1200.85700035	1.287062
1202.85800028	1.897784
1204.85600019	1.908206
1206.85900021	1.774198
1208.85700035	1.168363
1210.85700035	1.087557
1212.86100006	1.321895
1214.85600019	1.196609
1216.86100006	1.974974
1218.85800028	1.580656
1220.85800028	1.986824
1222.85700035	1.136646
1224.85700035	1.183598
1226.85700035	1.676468
1228.85700035	1.977832
1230.85700035	1.54527
1232.85700035	1.277563
1234.85800028	1.637772
1236.86000013	1.624978
1238.85700035	1.548364
1240.85700035	1.977345
1242.85700035	1.97899
1244.86200023	1.552713
1246.85700035	1.764137
1248.85800028	1.569421
1250.85600019	1.762559
1252.85700035	1.706988
1254.85600019	1.79875
1256.85700035	1.933192
1258.86000013	1.364335
1260.85800028	1.918293
1262.85700035	1.817602
1264.85700035	1.101996
1266.85700035	1.271885
1268.85800028	1.860644
1270.85700035	1.65439
1272.85600019	1.145952
1274.86300015	1.61634
1276.85700035	1.774267
1278.85800028	1.266943
1285.85800028	1.344348
1286.99500012	1.816742
1288.20800018	1.141044
1289.3380003	1.690053
1290.41800022	1.922817
1291.50300026	1.440649
1345.87200022	1.78187
