0.0	0.067764
0.109999895096	0.60366
0.18499994278	0.673976
0.253999948502	0.761366
0.364000082016	1.92634
0.463999986649	2.789173
0.592000007629	2.889533
0.723999977112	2.889533
1.49500012398	3.662275
3.49500012398	2.669332
5.61500000954	0.612983
7.49500012398	1.021017
9.50499987602	2.615116
11.495000124	2.161138
13.4939997196	1.423791
15.495000124	2.386942
17.4939997196	0.654422
19.4939997196	1.165342
21.4939997196	1.526633
23.495000124	2.458821
25.495000124	1.892684
27.495000124	1.023921
29.4939997196	1.689418
31.4939997196	2.926926
33.495000124	2.646316
35.495000124	1.665688
37.4939997196	1.561883
39.4939997196	3.133048
41.495000124	1.020747
43.4939997196	2.571689
45.504999876	2.455335
47.495000124	1.506709
49.495000124	2.437856
51.4939997196	0.916325
53.495000124	1.028951
55.495000124	2.235399
57.495000124	1.381796
59.4939997196	1.499273
61.495000124	2.321488
63.4939997196	2.115808
65.4939997196	0.896627
67.501999855	0.498839
69.495000124	1.445484
71.495000124	0.904058
73.4939997196	1.390814
75.495000124	0.050978
78.0150001049	0.238095
82.0619997978	0.185248
84.751999855	0.357756
87.8329999447	0.284936
91.1039998531	0.099363
93.8359999657	0.180626
95.2939999104	0.12304
97.6449999809	0.137671
98.9739997387	0.752289
99.2339997292	0.602406
99.5939998627	1.0288
99.9549996853	0.956926
101.754999876	0.981493
103.49399972	0.441504
105.504999876	0.487597
107.495000124	1.264741
109.49399972	0.950693
111.495000124	0.943327
113.763999939	1.421023
115.49399972	1.210348
117.743999958	1.514437
119.743999958	1.006595
121.743999958	2.399302
123.743999958	1.004063
126.353999853	0.187266
127.78399992	0.372329
129.694999933	0.454693
131.775000095	0.460776
134.323999882	0.484462
135.752999783	0.55043
137.684999943	0.481572
140.128000021	0.459659
141.743999958	0.617208
144.255000114	0.431395
145.735000134	0.768279
147.754999876	1.004682
149.743999958	1.128215
151.744999886	1.226803
153.681999922	0.956438
155.744999886	1.011032
157.754999876	1.012469
159.744999886	0.872246
161.744999886	1.579397
163.744999886	1.067095
165.775000095	0.71279
167.744999886	1.067926
169.744999886	2.352592
171.763999939	1.008924
173.743999958	0.642671
175.744999886	1.355069
177.581999779	1.464016
179.744999886	1.299783
181.743999958	2.463742
183.743999958	1.762192
185.743999958	1.122128
189.314999819	1.186974
190.093999863	1.308503
192.063999891	2.031879
193.756000042	1.261825
195.744999886	0.605971
197.744999886	0.912549
199.754999876	1.702087
201.5849998	2.186188
203.924000025	0.947263
205.59499979	2.861243
207.744999886	3.20064
209.743999958	2.351674
211.744999886	2.95587
213.744999886	1.919274
215.744999886	1.193432
217.744999886	1.870611
219.754999876	1.474603
221.744999886	1.657659
223.744999886	0.999044
225.608999968	0.903985
227.744999886	0.369685
229.743999958	0.873962
231.887000084	0.696175
233.744999886	0.891533
235.743999958	0.476927
237.744999886	0.477645
239.743999958	0.685488
241.775000095	0.772376
244.744999886	0.9484
248.840999842	0.346973
249.49399972	0.445911
249.77699995	0.666872
251.744999886	0.186877
254.744999886	0.190525
260.680000067	0.542654
262.03399992	0.526441
265.243999958	0.426744
267.503999949	0.779845
269.023999929	0.500421
270.39199996	0.762626
271.53399992	0.836474
271.89199996	0.939744
272.191999912	0.521053
273.743999958	0.748706
276.303999901	0.643033
277.843999863	0.845364
279.743999958	0.835201
281.983999968	0.922078
283.754999876	1.031312
285.754999876	0.894802
287.743999958	0.82534
289.744999886	1.23952
291.775000095	1.253401
293.744999886	1.053279
295.763999939	1.136417
297.743999958	0.882469
299.743999958	0.951639
301.743999958	0.825943
303.763999939	1.608416
305.744999886	0.507149
307.754999876	1.167789
309.775000095	2.021456
311.743999958	1.196725
313.743999958	0.46122
315.743999958	1.004643
317.754999876	0.295222
319.763999939	0.614875
321.743999958	0.336707
323.744999886	0.672656
325.744999886	0.326163
327.754999876	1.013905
329.743999958	0.977834
331.743999958	1.55081
333.99399972	1.244848
335.994999886	1.246891
337.744999886	1.657494
339.754999876	1.386744
341.744999886	1.973943
343.763999939	1.494896
345.743999958	0.90855
347.744999886	0.744254
349.744999886	1.840914
351.744999886	1.500065
353.743999958	2.039396
355.763999939	2.095338
357.744999886	0.925056
359.743999958	0.935007
361.775000095	2.401211
364.003999949	1.541809
365.99399972	1.573037
367.996000051	0.961914
369.842999697	2.758831
371.99399972	2.332281
373.994999886	2.626137
375.99399972	2.487939
377.994999886	1.551884
379.99399972	1.906768
381.99399972	2.429746
383.994999886	2.170872
386.003999949	3.109472
388.003999949	0.392757
390.003999949	2.632022
391.99399972	1.00761
393.994999886	2.557434
395.994999886	1.602388
398.015000105	3.708585
400.015000105	1.984993
401.99399972	2.930757
403.994999886	1.797379
406.003999949	2.116498
407.99399972	1.145339
409.996000051	2.515565
412.016000032	3.008234
414.003999949	2.928192
415.99399972	1.465147
418.015000105	2.76046
419.994999886	2.221131
421.994999886	2.456473
423.994999886	2.461338
425.99399972	2.455099
427.99399972	2.61314
429.99399972	2.797875
432.015000105	2.842284
434.003999949	2.597491
435.99399972	2.568813
437.994999886	1.625216
440.015000105	2.256179
442.015000105	1.567446
443.994999886	2.649628
446.015000105	1.931679
447.99399972	2.067196
449.99399972	2.053313
451.99399972	1.798635
454.003999949	2.079713
456.004999876	1.057041
458.003999949	1.865493
459.99399972	0.770014
462.015000105	1.666243
463.99399972	1.878076
466.003999949	0.480984
467.99399972	0.916016
469.99399972	1.417668
471.99399972	1.064749
473.99399972	0.739327
475.994999886	0.365118
477.99399972	0.809328
480.015000105	1.098316
481.99399972	0.8832
484.003999949	0.948114
485.99399972	1.144881
487.994999886	1.919067
489.88499999	0.840421
491.99399972	0.317169
493.99399972	0.929812
495.994999886	0.661622
498.093999863	0.991354
499.99399972	1.137734
502.003999949	1.226119
504.016000032	1.238352
505.994999886	0.929464
508.003999949	1.148692
510.015000105	0.908464
511.99399972	1.064805
513.994999886	1.179313
515.994999886	1.170712
517.99399972	0.628117
520.003999949	0.919052
521.994999886	0.74167
523.99399972	0.687383
525.99399972	1.536799
528.003999949	1.713155
529.994999886	1.407787
532.015000105	1.56644
534.015000105	1.924513
536.015000105	1.210982
538.003999949	1.141952
539.99399972	0.830708
542.003999949	1.259859
543.994999886	1.774023
545.994999886	2.262227
547.99399972	1.421653
550.003999949	1.884562
552.015000105	1.413788
553.99399972	2.544527
556.003999949	1.750737
558.003999949	3.038825
559.99399972	3.249463
561.99399972	1.308055
564.015000105	2.792506
565.994999886	2.811778
567.99399972	2.736271
570.015000105	3.072611
571.99399972	3.072611
573.99399972	3.583499
576.003999949	2.033512
577.994999886	2.034954
579.99399972	2.965569
581.994999886	1.500899
583.99399972	2.296344
585.994999886	2.692759
588.015000105	3.368243
590.003999949	2.646233
592.003999949	0.026989
593.99399972	1.82325
596.015000105	2.973695
598.015000105	3.152486
599.99399972	3.421386
601.994999886	3.048794
604.015000105	2.57706
606.015000105	2.973527
607.994999886	3.038809
609.99399972	2.464896
612.015000105	2.800688
614.243999958	1.229206
616.253999949	0.770664
618.243999958	2.850955
620.255000114	1.942206
622.255000114	1.723569
624.073999882	1.77398
626.253999949	2.568274
628.243999958	2.669137
630.243999958	2.022805
632.243999958	2.383876
634.243999958	2.226309
636.243999958	3.233451
638.243999958	3.406035
640.243999958	1.57418
642.255000114	2.909574
644.255000114	3.04656
646.243999958	2.723321
648.069999933	3.673064
650.243999958	2.865278
652.255000114	2.439769
654.243999958	2.700735
656.243999958	2.404459
658.243999958	1.787685
660.255000114	2.731804
662.243999958	2.271683
664.255000114	3.305412
666.243999958	2.722658
668.255000114	2.596226
670.243999958	3.391549
672.059999943	3.372402
674.243999958	2.027052
676.243999958	1.93523
678.255000114	2.776314
680.243999958	3.000285
682.243999958	2.602086
684.255000114	2.617279
686.243999958	2.807041
688.255000114	2.444962
690.243999958	3.171885
692.255000114	2.392972
694.255000114	1.379526
696.073999882	2.882022
698.243999958	2.488501
700.243999958	1.985255
702.243999958	2.370501
704.243999958	1.475349
706.243999958	1.982652
708.255000114	2.687187
710.243999958	2.209728
712.243999958	1.337998
714.243999958	1.825341
716.255000114	2.647006
718.255000114	1.275492
720.243999958	2.916159
722.255000114	1.658768
724.255000114	1.423676
726.255000114	2.249992
728.255000114	2.728296
730.243999958	2.492988
732.255000114	3.38222
734.255000114	2.540068
736.255000114	2.399506
738.255000114	2.399506
740.243999958	2.346929
742.243999958	2.346929
744.253999949	1.250706
746.253999949	2.433977
749.015000105	2.963444
751.003999949	2.478969
752.994999886	1.253837
755.015000105	2.583286
757.743999958	2.661865
759.743999958	2.16094
761.744999886	1.367529
763.744999886	0.860724
765.744999886	1.400369
767.744999886	2.564023
769.743999958	2.912695
771.743999958	1.230979
773.743999958	2.169158
775.775000095	0.857274
777.754999876	2.439762
779.743999958	2.273013
781.743999958	3.242842
783.743999958	2.428704
785.743999958	3.1487
787.744999886	3.377005
789.744999886	3.029543
791.744999886	1.595695
793.753999949	2.817159
795.763999939	2.732155
797.753999949	1.219317
799.743999958	1.263984
801.754999876	0.726176
803.763999939	0.69895
805.743999958	1.138919
807.763999939	0.465219
809.744999886	0.660909
811.743999958	0.57687
813.744999886	2.038518
815.763999939	2.482566
817.743999958	2.708062
819.744999886	1.333508
821.744999886	3.249852
823.743999958	2.733906
825.751999855	2.075175
827.775000095	2.997439
829.743999958	1.508728
831.744999886	1.963529
834.015000105	2.866311
836.003999949	2.734423
837.743999958	1.354564
839.743999958	1.656793
841.753999949	2.433734
843.99399972	3.397052
846.003999949	3.686574
848.003999949	2.678381
849.99399972	3.386335
852.015000105	3.561205
854.003999949	2.887807
856.003999949	2.608103
858.015000105	1.632856
860.015000105	2.75525
861.994999886	2.573893
863.99399972	2.559542
866.003999949	2.161072
868.015000105	3.293441
870.015000105	2.584982
872.015000105	2.786906
874.003999949	2.311833
876.015000105	2.375031
877.99399972	2.419176
879.99399972	2.106555
881.99399972	0.930939
883.853999853	0.9425
885.99399972	0.783076
888.003999949	0.660381
889.996000051	0.85285
892.864000082	1.031758
894.003999949	1.504051
896.003999949	2.176569
897.994999886	2.179876
899.86199975	0.181323
902.003999949	0.905325
903.99399972	2.814513
906.003999949	3.052588
907.99399972	2.037125
910.113999844	0.883542
912.003999949	1.715347
914.016000032	1.562963
916.003999949	2.112127
917.994999886	3.07771
919.99399972	1.533833
922.015000105	0.590252
923.994999886	2.477817
925.99399972	2.976133
927.99399972	2.290719
929.99399972	2.846182
931.99399972	2.541755
934.003999949	1.664369
935.996000051	2.495915
938.003999949	2.842028
940.113999844	2.765273
942.003999949	2.144889
944.016000032	1.203275
946.003999949	1.363928
947.994999886	2.922515
949.99399972	2.955461
951.994999886	2.92089
953.994999886	0.693943
956.003999949	0.867987
958.015000105	1.06156
959.994999886	1.124823
962.003999949	1.536554
964.003999949	1.741177
965.99399972	2.905316
968.015000105	2.284845
969.99399972	2.022469
971.99399972	0.650337
973.99399972	1.495625
976.003999949	2.11719
978.003999949	1.871472
980.015000105	2.519448
982.015000105	1.006283
984.015000105	1.747076
986.015000105	2.220527
987.994999886	1.944551
989.99399972	0.903204
991.994999886	1.126675
993.99399972	1.592576
995.99399972	0.976253
998.003999949	0.496163
1000.00399995	1.923256
1002.00399995	1.224635
1004.0150001	2.09916
1006.00399995	0.236065
1007.99499989	1.087778
1010.00399995	1.25256
1011.99399972	1.191269
1013.99399972	0.939847
1015.99499989	0.775543
1017.99499989	1.619617
1019.99499989	0.895509
1021.99499989	0.645408
1023.99499989	0.953218
1026.00399995	1.745027
1028.00399995	1.025108
1029.99399972	2.174061
1032.0150001	2.390911
1034.0150001	3.364503
1035.99499989	2.201306
1037.99399972	2.797726
1040.0150001	1.074804
1042.0150001	0.796612
1043.99399972	2.151996
1046.00399995	1.395193
1048.0150001	1.386328
1049.99399972	2.81667
1051.99399972	2.219206
1054.00199986	1.014938
1056.00399995	0.026653
1057.99399972	0.340574
1060.00399995	0.253689
1062.24399996	0.841229
1063.99399972	1.059946
1066.71399975	0.634014
1068.32700014	0.584332
1070.00399995	1.375195
1071.99399972	2.245512
1074.0150001	1.810418
1075.99399972	0.712789
1077.99399972	1.595528
1079.99399972	2.079748
1082.0150001	2.933867
1084.00399995	2.409204
1086.00399995	2.08232
1088.0150001	1.519182
1090.00399995	1.888771
1092.00399995	1.112043
1094.24399996	0.566383
1096.25399995	0.38606
1098.25500011	1.325856
1100.24399996	1.047881
1102.25500011	0.593084
1104.25399995	1.999806
1106.24399996	2.233009
1108.25399995	1.152976
1110.25500011	1.845408
1112.25500011	2.308594
1114.24399996	1.763055
1116.25500011	1.25036
1118.25500011	1.25036
1120.09399986	2.876559
1122.24399996	1.353752
1124.25500011	0.695625
1126.25500011	1.646665
1128.24399996	1.735508
1130.25500011	1.336951
1132.25500011	2.505167
1134.24399996	0.938165
1136.25500011	1.059161
1138.24399996	1.059161
1140.22999978	1.294294
1142.24399996	1.135818
1144.11399984	1.510918
1146.25500011	1.214869
1148.25500011	0.675986
1150.25500011	1.895064
1152.24399996	1.31068
1154.24399996	1.145902
1156.25199986	1.994012
1158.25500011	1.308778
1160.24399996	2.443265
1162.25500011	1.190757
1164.25500011	1.695249
1166.25500011	2.069304
1168.08800006	2.320717
1170.25500011	1.978229
1172.24399996	1.070689
1174.25500011	0.671536
1176.25500011	0.700318
1178.25500011	0.37188
1180.82399988	0.023585
1182.65399981	0.48888
1184.79799986	0.485497
1188.85399985	0.514703
1189.77399993	0.77713
1190.49399972	1.037005
1192.16400003	0.830172
1194.25500011	0.787254
1196.24399996	1.054453
1198.26499987	1.190279
1200.24199986	1.320136
1202.25099969	1.257128
1204.25500011	2.354035
1206.24399996	2.115612
1208.24399996	1.937105
1210.25500011	1.356308
1212.25500011	2.018869
1214.25500011	0.791648
1216.25399995	1.481485
1218.25500011	2.735473
1220.25399995	2.090343
1222.25500011	0.616738
1224.24399996	2.208732
1226.25399995	2.30325
1228.25500011	1.81608
1230.25500011	0.54837
1232.25500011	0.62808
1234.25500011	0.52619
1236.24399996	0.316765
1238.24399996	0.320737
1240.25399995	0.255471
1242.24399996	0.359488
1244.24399996	0.361708
1246.24399996	0.317815
1248.25600004	0.25878
1250.25500011	0.446627
1252.25399995	0.432267
1254.25500011	0.295288
1256.25500011	1.027301
1258.25500011	0.819451
1260.25500011	0.863323
1262.24399996	0.540815
1264.24199986	0.31908
1266.26199985	0.420595
1268.25500011	0.965823
1270.24499989	0.948093
1272.25500011	0.637167
1274.25399995	1.023648
1276.25399995	0.743617
1278.24399996	1.703306
1280.25500011	1.846497
1282.24399996	0.962584
1284.50199986	0.295131
1286.25500011	1.412731
1288.24399996	1.570489
1290.24399996	0.746412
1292.24399996	0.708033
1294.25500011	0.353743
1296.24399996	0.475578
1298.24399996	0.686486
1300.25500011	1.225662
1302.29500008	1.262116
1304.24399996	0.717457
1306.24399996	1.262122
1308.25500011	1.951595
1310.25500011	1.716372
1312.25399995	0.661627
1314.25500011	0.704773
1316.25500011	1.405818
1318.24399996	1.445631
1320.25500011	2.069172
1322.24399996	2.406262
1324.25399995	2.578901
1326.25500011	0.802519
1328.25500011	1.057167
1330.25500011	1.359377
1332.51600003	1.037037
1334.51499987	1.474312
1336.24399996	2.422112
1338.25500011	1.97133
1340.25500011	0.723486
1342.50199986	2.006461
1344.50499988	2.074606
1346.51499987	1.125698
1348.50499988	2.381247
1350.35399985	1.049149
1352.49399972	1.88007
1354.49399972	0.627748
1356.51499987	1.697187
1358.49399972	1.953158
1360.50499988	1.317941
1362.50499988	2.036437
1364.51499987	1.901522
1366.49399972	1.128177
1368.50499988	0.720487
1370.49699998	1.196361
1372.49399972	0.844209
1374.57899976	1.266889
1376.50499988	1.320175
1378.51499987	2.652766
1380.49399972	1.451028
1382.49399972	2.95828
1384.50499988	1.298536
1386.50499988	1.86364
1388.49399972	2.902525
1390.50499988	2.280831
1392.50499988	1.234556
1394.49399972	3.079324
1396.50499988	3.232096
1398.34399986	2.493985
1400.50499988	2.493985
1402.53500009	1.236137
1404.49399972	1.555985
1406.50499988	1.047352
1408.50499988	1.483143
1410.53500009	1.754435
1412.50499988	1.347231
1414.50399995	0.914652
1416.50499988	1.73709
1418.49399972	2.153977
1420.50499988	1.996035
1422.38400006	2.162067
1424.50499988	1.082985
1426.51499987	2.380373
1428.53500009	2.169199
1430.49399972	3.150028
1432.50499988	1.856543
1434.50499988	2.609652
1436.49399972	2.957662
1438.50499988	2.379676
1440.48999977	2.336066
1442.49399972	2.087746
1444.49399972	1.845707
1446.49399972	1.590371
1448.49500012	3.223776
1450.50399995	3.872665
1452.50499988	3.292616
1454.49399972	1.960903
1456.50499988	2.747365
1458.49399972	3.56389
1460.50499988	2.60318
1462.50399995	2.686778
1464.49399972	1.345536
1466.50499988	3.177511
1468.49399972	3.459707
1470.49399972	1.430803
1472.50499988	3.540248
1474.50399995	2.039678
1476.53500009	1.931593
1478.50499988	1.14037
1480.50499988	2.411047
1482.49399972	2.411047
1484.50499988	1.453336
1486.50499988	1.781533
1488.49399972	3.320157
1490.51499987	2.894115
1492.51499987	1.070553
1494.4139998	0.730687
1496.50399995	0.789659
1499.4139998	0.387312
1501.42400002	1.365111
1504.72399998	0.017205
1507.07599998	0.365215
1508.01399994	0.466158
1508.67399979	0.270216
1510.53500009	0.918525
1512.49399972	1.255497
1514.49399972	0.773051
1516.53500009	0.762826
1518.50399995	1.129948
1520.49399972	0.934169
1522.50499988	0.708767
1524.50499988	1.347038
1526.50499988	0.67459
1528.51499987	1.491275
1530.50499988	1.960044
1532.51499987	1.707913
1534.50499988	1.458076
1536.49399972	1.810142
1538.53500009	1.293503
1540.53500009	1.190505
1543.28399992	0.627717
1544.50499988	1.457263
1546.51499987	1.286026
1548.50499988	0.013107
1550.50499988	0.287982
1552.50399995	0.352041
1554.93399978	0.114607
1556.99399972	0.250585
1558.86400008	0.284407
1561.09500003	0.183592
1563.82099986	0.588579
1565.90400004	0.526422
1567.42499995	0.732833
1569.03499985	0.177159
1570.75399995	0.34137
1572.51499987	0.488159
1574.50399995	0.329526
1576.50399995	0.350998
1578.51499987	0.142739
1580.50499988	0.242949
1582.53500009	0.472305
1584.52599978	0.653324
1586.50499988	0.252171
1588.51499987	0.391678
1590.49500012	0.232127
1592.49399972	0.333944
1594.76399994	0.518352
1596.75399995	0.700023
1598.76399994	0.8985
1600.75399995	0.839738
1602.75399995	0.750312
1604.75499988	0.038646
1606.75499988	0.751848
1608.74399996	1.066168
1610.75600004	0.993373
1612.75399995	1.243567
1614.75499988	0.965834
1616.75399995	0.496569
1618.75399995	0.600039
1620.75399995	0.987176
1622.75399995	0.876409
1624.75499988	0.453763
1626.74399996	0.520514
1628.76399994	0.285093
1630.75499988	0.638063
1632.76399994	0.209197
1635.10599995	0.900582
1636.75399995	0.645378
1638.7750001	0.853781
1640.76399994	0.617326
1642.7750001	0.267216
1644.7750001	1.070908
1648.44400001	0.055502
1649.9139998	0.394404
1651.96399999	0.177416
1654.09399986	0.306122
1655.15799975	0.565268
1656.74399996	0.552839
1658.74399996	0.166473
1660.75399995	0.1641
1662.67399979	0.224715
1664.74399996	0.6518
1666.75399995	0.411223
1668.75499988	0.771768
1670.61399984	0.46038
1672.63399982	0.759856
1674.75499988	0.688728
1676.7750001	0.414641
1678.75499988	0.589956
1680.76199985	0.368922
1682.76399994	0.593037
1684.75499988	0.338782
1686.75499988	0.824331
1688.75499988	0.469199
1690.75499988	0.493419
1693.28399992	0.345543
1694.94400001	0.621923
1698.13399982	0.238803
1699.17399979	0.22704
1700.75499988	0.396281
1702.75499988	0.413999
1704.75399995	0.336248
1706.82999992	0.374277
1708.75399995	0.330169
1710.75399995	0.316527
1712.75399995	0.579216
1714.75399995	0.749442
1716.75499988	0.535249
1718.75499988	0.726207
1720.75499988	0.418505
1722.75499988	0.444631
1724.75499988	0.358954
1726.75499988	0.626639
1728.75499988	1.123609
1730.75399995	0.487064
1732.75399995	0.34661
1734.75399995	0.267671
1736.92400002	0.451098
1738.75399995	0.311143
1740.74599981	0.330578
1742.75499988	0.342699
1744.75399995	0.2341
1746.75399995	0.220354
1748.76499987	0.32664
1750.75499988	0.504239
1752.75399995	0.219277
1754.75399995	0.419265
1756.75399995	0.209515
1759.01699996	0.346925
1760.75399995	0.510841
1762.75499988	0.554704
1764.75399995	0.8211
1766.76399994	1.031882
1768.74399996	1.375765
1770.75399995	1.69318
1772.74399996	0.408519
1774.75499988	1.699191
1776.75399995	0.607917
1778.75499988	0.577327
1780.75499988	0.767132
1782.75499988	1.020745
1784.75499988	0.49963
1786.75399995	1.031147
1788.76399994	0.9837
1790.7750001	0.836236
1792.75499988	0.234898
1794.7750001	1.291984
1796.75399995	1.703079
1798.75499988	1.816714
1800.74000001	0.893969
1802.75499988	0.623621
1804.74399996	0.681377
1806.75499988	0.630909
1808.75399995	0.692407
1810.75499988	1.538637
1812.75499988	1.46038
1814.75399995	0.599495
1816.75499988	0.651429
1818.77600002	1.029956
1820.75399995	1.936251
1822.7750001	1.158483
1824.75499988	1.39296
1826.75499988	0.825453
1828.7750001	0.892954
1831.00399995	1.349919
1833.00399995	0.22085
1835.00399995	0.417496
1836.74399996	0.744862
1838.74399996	0.332964
1840.74399996	0.108129
1843.07399988	0.321426
1844.99399972	0.325308
1847.0150001	0.574995
1849.0150001	1.050381
1850.99399972	0.811847
1853.00399995	1.272033
1855.00399995	1.497357
1857.0150001	1.58428
1859.00399995	0.649913
1861.00399995	1.750238
1863.00499988	1.205855
1865.0150001	1.575036
1867.00399995	0.780279
1868.93399978	0.478127
1871.00399995	0.728835
1873.00399995	0.792156
1875.12400007	0.280399
1877.00399995	1.003015
1879.00399995	0.869113
1881.00399995	1.424171
1883.0150001	1.316172
1885.00399995	2.032351
1887.00399995	0.838538
1889.0150001	0.687678
1891.00399995	0.36896
1892.95399976	0.548246
1895.00399995	0.565802
1897.0150001	0.374859
1899.18499994	0.305709
1901.00399995	0.271686
1903.01200008	0.431898
1906.24399996	0.262413
1908.13399982	0.273314
1908.87399983	0.197959
1912.25399995	0.424697
1914.63399982	0.339945
1916.204	0.372515
1917.79100013	0.248606
1919.42400002	1.064445
1920.99399972	0.989928
1923.00499988	0.709783
1925.0150001	0.661323
1927.00399995	0.365173
1929.00399995	0.73528
1931.00399995	0.269032
1933.00399995	0.749256
1935.00399995	0.525812
1937.0150001	0.608064
1939.0150001	0.542732
1941.01399994	0.351545
1943.00399995	0.482202
1945.00399995	0.214524
1946.92499995	0.216145
1949.00399995	0.235469
1951.00399995	0.25899
1953.00399995	0.285832
1955.00399995	0.20073
1957.0150001	0.410969
1959.00399995	0.917375
1961.08399987	0.128231
1963.00399995	0.103458
1964.99499989	0.25552
1967.00399995	0.307055
1969.00399995	0.428781
1971.00399995	0.531403
1973.00399995	0.674696
1975.00399995	0.55631
1977.00399995	0.484316
1979.00399995	0.51978
1980.99499989	0.59141
1983.0150001	0.499953
1985.0150001	0.424727
1987.00399995	0.321312
1988.93399978	0.388426
1991.00399995	0.404689
1993.00399995	0.476087
1995.00399995	0.772748
1997.704	0.196084
2000.81099987	0.421575
2001.22399998	0.483672
2003.81500006	0.56675
2005.7889998	1.01719
2008.92400002	0.379542
2012.55699992	0.200967
2017.16400003	0.262941
2019.64400005	0.21735
2022.4349997	0.468813
2023.21399975	0.40079
2024.19199991	0.426015
2025.04399991	0.403944
2026.53500009	0.207105
2028.06499982	0.292876
2029.23399973	0.4451
2030.78399992	0.276427
2032.37399983	0.357928
2034.53200006	0.590171
2035.39399981	0.746146
2036.99399972	0.417577
2039.00399995	0.118807
2041.89399981	0.14962
2046.0079999	0.44778
2047.06399989	0.420321
2048.28199983	0.367474
2049.64400005	0.513563
2051.00399995	0.431474
2053.00399995	0.440579
2054.99399972	0.577227
2056.99399972	0.269934
2059.94400001	0.111091
2060.99799991	0.128369
2071.25500011	0.33542
2074.15399981	0.714366
2074.98799992	0.746336
2077.08399987	0.568451
2078.93399978	0.730949
2079.8039999	0.60932
2080.65499997	0.544515
2081.62400007	0.9866
2082.56499982	0.925472
2086.2249999	0.600506
2087.44499993	0.556234
2087.9139998	0.823596
2088.10399985	0.650432
2089.0150001	0.926903
2091.0150001	0.922046
2093.00399995	1.023477
2095.25500011	0.392922
2097.25500011	0.531706
2099.19699979	0.832382
2101.25399995	0.492235
2103.25399995	1.045535
2105.25500011	0.74822
2107.25399995	0.265363
2109.09399986	0.27545
2111.10399985	0.657992
2113.25500011	1.004446
2115.27499986	0.54245
2117.25500011	0.43376
2119.25500011	0.343692
2121.25500011	1.104333
2123.25399995	1.3386
2125.25399995	0.866635
2127.0539999	0.31573
2129.25399995	0.393673
2131.25399995	0.731128
2133.13399982	0.222426
2135.25500011	0.530577
2137.25500011	0.509262
2139.25500011	0.397651
2142.39399981	0.311183
2143.92199993	0.584361
2146.39399981	0.572052
2147.77200007	0.657753
2149.25500011	0.363201
2151.25399995	0.888205
2153.25399995	0.7168
2155.46399999	0.342349
2159.39999986	0.448661
2161.42400002	0.481714
2163.33500004	0.26183
2166.21399975	0.765028
2166.63399982	0.546571
2167.07200003	0.778709
2169.25600004	0.936222
2171.36599994	0.532553
2173.25399995	0.45474
2175.25500011	0.671215
2177.25399995	0.08974
2179.25500011	0.201048
2181.25500011	0.54304
2183.25399995	0.475542
2185.25399995	0.352576
2187.25500011	1.021828
2189.25399995	0.736268
2191.25500011	0.641998
2193.25399995	1.182406
2195.25500011	0.667905
2197.26499987	0.470143
2199.25399995	0.49722
2201.25500011	0.674813
2203.25500011	0.573256
2205.25500011	0.477314
2209.37399983	0.19092
2212.79499984	0.308198
2216.7579999	0.23629
2218.47399974	0.246037
2218.76599979	0.585561
2219.08399987	0.531436
2220.34399986	0.225116
2222.11399984	0.340933
2225.56399989	0.592923
2227.73399973	0.290855
2229.51399994	0.340393
2230.68199992	0.658592
2231.87399983	0.463373
2233.25399995	0.447997
2235.25399995	0.586642
2237.25399995	0.560679
2239.25500011	0.420137
2241.25500011	0.534606
2243.25399995	0.335673
2245.25500011	0.591374
2247.25399995	0.454298
2250.19399977	0.560473
2251.75399995	0.736587
2253.477	0.233326
2255.51399994	0.331839
2258.5619998	0.255376
2259.829	0.57678
2261.25399995	0.648843
2263.25399995	0.428944
2265.25399995	0.572798
2267.25399995	0.280794
2269.26499987	0.407688
2271.25500011	0.292956
2273.25399995	0.229836
2276.31399989	0.121435
2277.77699995	0.284515
2279.44400001	0.21822
2281.25299978	0.252714
2283.25399995	0.57464
2285.26499987	0.685856
2287.25399995	0.230833
2289.26499987	0.550493
2291.24099994	0.338586
2294.204	0.212888
2298.25399995	0.205852
2300.36400008	0.309105
2301.77399993	0.294545
2304.49399972	0.146451
2306.12400007	0.212783
2308.09399986	0.30672
2309.4349997	0.280195
2309.7190001	0.65384
2311.25399995	0.560796
2313.25500011	0.567522
2315.26499987	1.093775
2317.25399995	0.415628
2319.26399994	0.266454
2321.4139998	0.204391
2323.44400001	0.553363
2325.25399995	0.250255
2327.27499986	0.437803
2329.25399995	0.47648
2332.73500013	0.222926
2335.75199986	0.340077
2337.60399985	0.269668
2341.03399992	0.221916
2344.19599986	0.132665
2345.63399982	0.199949
2346.57399988	0.300404
2347.55499983	0.223148
2348.12400007	0.221531
2349.27399993	0.163844
2351.50399995	0.197543
2353.50399995	0.395479
2355.50399995	0.321776
2357.50499988	0.479505
2359.50499988	0.333349
2361.50499988	0.366699
2363.48399997	0.3342
2365.50499988	0.21702
2367.50499988	0.172503
2369.50399995	0.200897
2371.50399995	0.232537
2373.50499988	0.402921
2375.50399995	0.587887
2377.50399995	0.493035
2379.88499999	0.195409
2384.47399974	0.307669
2388.86599994	0.50244
2390.02199984	0.552955
2391.05599999	0.588312
2391.36400008	0.430053
2391.69399977	0.343883
2393.51499987	0.343245
2395.50499988	0.175869
2397.32399988	0.35504
2401.59399986	0.109425
2407.02399993	0.243289
2409.84499979	0.203313
2411.35399985	0.199998
2411.97799993	0.378183
2414.09399986	0.178316
2415.59399986	0.446491
2416.57399988	0.403596
2418.73399973	0.431823
2419.93599987	0.56624
2420.61399984	0.95445
2421.89399981	1.165389
2423.50499988	0.802135
2425.50499988	1.070498
2427.50399995	0.829821
2429.51499987	0.363227
2431.51499987	0.289178
2433.50499988	0.240799
2435.58899999	0.206897
2437.90400004	0.306623
2439.50399995	0.941895
2441.51499987	0.458284
2443.50399995	0.542281
2445.50399995	0.43983
2447.50399995	0.545325
2449.53399992	0.188172
2451.42400002	0.207575
2454.68400002	0.221285
2456.76299977	0.781934
2457.59399986	1.080929
2459.45399976	0.514918
2461.50399995	0.516732
2463.50399995	0.565297
2465.50499988	0.678923
2467.50399995	0.40423
2469.50399995	0.553474
2471.50499988	0.271095
2476.97500014	0.465708
2479.45399976	0.468715
2481.31399989	0.21468
2483.35399985	0.499926
2484.42400002	0.248165
2487.16400003	0.278763
2489.04399991	0.218
2489.93399978	0.563528
2490.50199986	0.730163
2491.53500009	0.376629
2493.51499987	0.551919
2495.50399995	0.785403
2497.52399993	0.487417
2499.50499988	0.545919
2501.51499987	0.23428
2503.76999974	0.578328
2505.50499988	0.65457
2507.421	0.559359
2509.50399995	0.625082
2511.50499988	0.743152
2513.50499988	1.501665
2515.51399994	1.848283
2517.50499988	1.668112
2519.50399995	1.91474
2521.50399995	1.005698
2523.50399995	0.879823
2525.50399995	1.878576
2527.50399995	0.999442
2529.50399995	2.339557
2531.50399995	0.928258
2533.50399995	0.836049
2535.50399995	0.650343
2537.49500012	0.495863
2539.50399995	1.025484
2541.50399995	1.236107
2543.50399995	1.376472
2545.50199986	1.037155
2547.50399995	0.721072
2549.50499988	0.416019
2551.5150001	0.300655
2553.50499988	0.430771
2555.50499988	1.165134
2557.5059998	0.745832
2559.50399995	1.28072
2561.50399995	1.344195
2563.75499988	1.38386
2565.75399995	1.409322
2567.51499987	0.623962
2569.50499988	1.068041
2571.52399993	1.593375
2573.53500009	1.515418
2575.50399995	2.052401
2577.50399995	2.422094
2579.50399995	1.284003
2581.50099993	1.478121
2583.50399995	1.385302
2585.53500009	1.133188
2587.50499988	1.151857
2589.53500009	0.382836
2591.50399995	1.641829
2593.50399995	0.939591
2595.51499987	1.508208
2597.75399995	1.447587
2599.75399995	1.07435
2601.75399995	0.839085
2603.58399987	0.268616
2606.64400005	0.568009
2608.51399994	1.090184
2610.10199976	1.1502
2614.82999992	0.126965
2617.67199993	0.132456
2619.05999994	0.345192
2619.82199979	0.559651
2620.79399991	0.242688
2621.57399988	0.772867
2624.08399987	0.135709
2625.59399986	0.326811
2627.76399994	0.959955
2629.76399994	1.098646
2631.77600002	1.503679
2633.64499998	0.556982
2635.76399994	0.241572
2637.76499987	0.518606
2640.24499989	0.436471
2642.08099985	0.823754
2645.75399995	0.699632
2647.15499973	1.247038
2649.18499994	0.319035
2653.11399984	0.491922
2656.75499988	0.699557
2662.84399986	0.15841
2664.92499995	0.35952
2666.24899983	0.187235
2668.18400002	0.318037
2668.57399988	0.197331
2669.24399996	0.10069
2669.77399993	0.300261
2670.60399985	0.414994
2671.09399986	0.477337
2671.79799986	0.604373
2673.75399995	0.681464
2675.76399994	0.770895
2677.76399994	1.066405
2679.76399994	0.669078
2681.75299978	0.763602
2683.75499988	1.839997
2686.02399993	0.522299
2687.82499981	0.526879
2691.39899993	0.252804
2692.8579998	0.173717
2694.36199975	0.405585
2697.13399982	0.314351
2699.17399979	0.197052
2700.90199995	0.4128
2703.01099968	0.35831
2704.09500003	1.234203
2705.75699997	1.069505
2707.74699974	0.663912
2709.96700001	0.231755
2711.74999976	0.539162
2714.74000001	0.322274
2716.02999973	0.642104
2717.74999976	0.348951
2719.75399995	0.551634
2721.8349998	0.46898
2730.90400004	0.084223
2732.16799998	0.315169
2733.34599972	0.408816
2733.62800002	0.408816
2734.05599999	0.366026
2734.40799999	0.336234
2737.22799993	0.217501
2744.54099989	0.106505
2747.83999991	0.37662
2749.77999997	0.204611
2751.24000001	0.384982
2756.44400001	0.485262
2756.83399987	0.613953
2757.64400005	0.563383
2758.50399995	0.916869
2759.18400002	1.195562
2760.26399994	0.394468
2762.68400002	0.385084
2766.16400003	0.181594
2767.44099998	0.596166
2768.10399985	0.547655
2769.13399982	0.489393
2770.13599992	0.718192
2773.11399984	0.285812
2774.87799978	0.605687
2775.67399979	0.178444
2776.95399976	0.663865
2777.74599981	0.270785
2779.75399995	0.513196
2781.75399995	0.556303
2783.74399996	0.753807
2785.74899983	0.241841
2787.74699974	0.621235
2789.75299978	0.682236
2794.2579999	0.047278
2801.97799993	0.068761
2803.84800005	0.123867
2805.13399982	0.176611
2805.89199996	0.219777
2807.18400002	0.156914
2808.33899975	0.131369
2809.56999993	0.190808
2810.46399999	0.30393
2811.88499999	0.437809
2812.4519999	0.5507
2813.75399995	0.312369
2815.75600004	0.153249
2817.75199986	0.222922
2819.75399995	0.400193
2822.00399995	0.331649
2824.01399994	0.738249
2826.01399994	0.309486
2828.01399994	0.306582
2830.0150001	0.803855
2831.7750001	0.29291
2834.00499988	0.687686
2835.75499988	0.650084
2837.7579999	1.260926
2839.76199985	1.310598
2841.75399995	0.798494
2843.78299999	1.5561
2846.00499988	0.873267
2848.01600003	0.73171
2850.0150001	0.958284
2852.0150001	0.386756
2854.00399995	0.274196
2856.00499988	0.168748
2858.00499988	0.970419
2860.02199984	0.241292
2861.97399974	0.510034
2863.79499984	0.603853
2866.0059998	0.518126
2867.99399972	0.384078
2870.00399995	0.692091
2872.62400007	0.244471
2875.15399981	0.230007
2878.74399996	0.230421
2879.4139998	0.259764
2880.05200005	0.316656
2881.9059999	0.184163
2884.00399995	0.258045
2886.00199986	0.434862
2888.00099993	0.968819
2890.0150001	0.76377
2892.00099993	1.07932
2894.00499988	0.622511
2896.0150001	1.072236
2899.14599991	0.448323
2904.37399983	0.193593
2905.69399977	0.977767
2906.98399997	0.239138
2910.65899968	0.305905
2912.16400003	0.649027
2914.67399979	0.495215
2917.33799982	0.174489
2921.78399992	0.130121
2925.15699983	0.06005
2926.4139998	0.255621
2928.13199997	0.458601
2929.24399996	0.299552
2929.67199993	0.373554
2930.08099985	0.420642
2930.79399991	0.403387
2931.32399988	0.433723
2932.00399995	0.434147
2934.00399995	0.548765
2936.00499988	0.437005
2938.01600003	0.556447
2940.68000007	0.3986
2944.74399996	0.270434
2950.61899972	0.178461
2954.21399975	0.153868
2955.29899979	0.318281
2956.67900014	0.087326
2959.36400008	0.539988
2962.13399982	0.190823
2963.66400003	0.18112
2964.84399986	0.247924
2965.22399998	0.327966
2965.98399997	0.240294
2966.56399989	0.555261
2966.86400008	0.337041
2968.00399995	0.652567
2970.0150001	0.468539
2972.00399995	0.187266
2974.01099968	0.1101
2978.26300001	0.245825
2984.74399996	0.344557
2986.10800004	0.398271
2987.87499976	0.236364
2989.93099976	0.169605
2993.43299985	0.238715
2993.96299982	0.439329
2995.42999983	0.300701
2996.32599974	0.276191
2997.75299978	0.181443
2999.34299994	0.180208
3000.41499996	0.208208
3003.48399997	0.385854
3006.03900003	0.588612
3007.57500005	0.604741
3009.3039999	0.865751
3011.4369998	0.517415
3012.06399989	0.724408
3012.60399985	0.762419
3014.01399994	0.920386
3016.00699997	0.514529
3018.16799998	0.246552
3020.00399995	0.550433
3022.01399994	0.328624
3024.01399994	0.477954
3026.00499988	0.260008
3029.06499982	0.303447
3032.29399991	0.464814
3033.51499987	0.780621
3034.00399995	0.966816
3036.00499988	0.763596
3038.0150001	0.46954
3040.0150001	0.558691
3042.0150001	0.372157
3044.29399991	0.196655
3046.33099985	0.550025
3048.00399995	0.596752
3050.01399994	0.367307
3052.15399981	0.18975
3055.5539999	0.094722
3056.96099997	0.377477
3058.14400005	0.517944
3060.0150001	0.734046
3062.00299978	0.260873
3065.40099978	0.087184
3066.86400008	0.46391
3068.00499988	0.476885
3070.0150001	0.359885
3072.0150001	0.669927
3074.00399995	0.478597
3076.0150001	0.569448
3078.00399995	0.44956
3080.00399995	0.275304
3082.00399995	0.167737
3084.00399995	0.166675
3086.00399995	0.294405
3088.00399995	0.268855
3090.00399995	0.411967
3092.00399995	0.325458
3094.0150001	0.252855
3096.25399995	0.146708
3098.25399995	0.311961
3100.25399995	0.326382
3102.25399995	0.487832
3104.26499987	0.202593
3106.26499987	0.269879
3108.27499986	0.16061
3110.26499987	0.222021
3112.22999978	0.371011
3114.25399995	0.135514
3116.25399995	0.301165
3118.26499987	0.498274
3120.25399995	0.258756
3122.26399994	0.614491
3124.25399995	0.462425
3126.26499987	0.565715
3128.25399995	0.739777
3130.25399995	0.772985
3132.26399994	0.374446
3134.26499987	0.322594
3136.14199972	0.617027
3138.26499987	0.479202
3140.26499987	1.147332
3142.27499986	0.406187
3144.09500003	0.341508
3148.54999995	0.699412
3152.15799975	0.519399
3153.8349998	1.01693
3155.83299994	1.172484
3158.27499986	0.659359
3161.62400007	0.441167
3163.7750001	0.44051
3166.03399992	1.000727
3166.6329999	1.137671
3167.16400003	0.648833
3168.10500002	1.084825
3169.37399983	0.942672
3170.25399995	0.871506
3172.25399995	0.874693
3174.25500011	0.544701
3176.26499987	1.670669
3178.26499987	1.429504
3180.26499987	0.542171
3182.25399995	1.01045
3184.16899991	1.186093
3186.26499987	0.901128
3188.26499987	0.845251
3190.25399995	0.731488
3192.26499987	0.709872
3194.63499975	0.193134
3196.14400005	0.302961
3198.24999976	0.533276
3200.25399995	0.651463
3202.25399995	0.852235
3204.22399998	0.353497
3206.25399995	0.952214
3208.125	1.437255
3210.26499987	0.951503
3212.25399995	0.583079
3214.27499986	0.675193
3216.26499987	0.975311
3218.25399995	0.333438
3222.23499966	0.155425
3224.62400007	0.188692
3237.54599977	0.037747
3238.63499975	0.097887
3240.20499992	0.076883
3241.94499993	0.005958
3242.85599995	0.104158
3243.89399981	0.234285
3244.43199992	0.211727
3245.28199983	0.133208
3245.99699998	0.147202
3254.60800004	0.142089
3255.80499983	0.22437
3257.12199974	0.034944
3259.51300001	0.061423
3260.11399984	0.059226
3262.45499992	0.131116
3263.06499982	0.147701
3268.41799974	0.088061
3269.51799989	0.095742
3272.47799993	0.306203
3273.02599978	0.254078
3274.44999981	0.208385
3276.11399984	0.117946
3277.57999992	0.148515
3284.02599978	0.103823
3284.30499983	0.29311
3284.64400005	0.212966
3285.31399989	0.200029
3286.79399991	0.184375
3287.7190001	0.368505
3290.74899983	0.117554
3292.1389997	0.19723
3293.61899972	0.174309
3295.26699972	0.451777
3296.14199972	0.605411
3296.75999999	0.475023
3298.16499996	0.293085
3301.52999973	0.638992
3302.63199997	0.570045
3304.07399988	0.991878
3305.78299999	0.792224
3307.34399986	1.198071
3308.48199987	0.580253
3310.07200003	0.18271
3314.61599994	0.020128
3315.69599986	0.254002
3316.11599994	0.565108
3317.23600006	0.312812
3318.75600004	0.257128
3321.67299986	0.45828
3325.17499995	0.190291
3330.65399981	0.10674
3333.08399987	0.046401
3334.29399991	0.172022
3335.50399995	0.321484
3337.64499998	0.682878
3338.87399983	0.623166
3340.48399997	0.573652
3342.15399981	0.179917
3343.79399991	0.299723
3345.29399991	0.198477
3347.73399973	0.157225
3349.13399982	0.257203
3350.43900013	0.234943
3351.51200008	0.210833
3353.29399991	0.440138
3354.75399995	0.617746
3356.75199986	0.391901
3358.74300003	0.347946
3360.7750001	0.380247
3362.76399994	0.334517
3364.76399994	0.397625
3366.76399994	0.53588
3368.75399995	0.785798
3370.75399995	0.834517
3372.76399994	0.623567
3374.76399994	0.791362
3376.75399995	1.32688
3378.7750001	0.896363
3380.76399994	0.465282
3382.76399994	1.827834
3384.76399994	1.714169
3387.00499988	1.306166
3389.0150001	0.57325
3391.00299978	0.347639
