0.0	0.159922
3.85199999809	0.552467
3.992000103	0.616235
4.12300014496	0.618838
4.27799987793	0.633236
4.34400010109	0.633236
4.53600001335	0.63946
4.67100000381	0.581218
5.3220000267	0.596406
7.22499990463	0.606963
10.5429999828	0.563289
12.1000001431	0.564928
14.3010001183	0.503302
15.2179999352	0.628526
18.3669998646	0.618164
20.3150000572	0.629029
23.4809999466	0.392639
25.4960000515	0.657253
27.0980000496	0.063763
29.3380000591	0.631732
30.5870001316	0.615235
32.4680001736	0.67345
34.5499999523	0.642207
35.7899999619	0.594642
37.2190001011	0.262323
39.2179999352	0.610442
41.1160001755	0.485925
43.2259998322	0.61649
45.2249999046	0.538971
47.2259998322	0.704702
49.2190001011	0.601675
51.125	0.583561
53.2200000286	0.651152
55.2249999046	0.544506
57.2249999046	0.596631
59.2270002365	0.698915
61.2170000076	0.616592
63.0520000458	0.602795
65.2249999046	0.614066
67.2209999561	0.614681
70.2949998379	0.611861
72.0990002155	0.6517
73.6689999104	0.636738
75.1360001564	0.730848
77.2259998322	0.687574
79.2270002365	0.614836
81.2259998322	0.666304
83.2270002365	0.580143
85.2290000916	0.626267
87.2249999046	0.601624
89.2229998112	0.631831
91.2200000286	0.628427
93.2249999046	0.661634
95.2259998322	0.647659
97.2249999046	0.432379
99.1349999905	0.698531
101.220999956	0.629185
103.220000029	0.610794
105.21600008	0.572156
107.225999832	0.615707
109.224999905	0.699291
111.220999956	0.676941
113.213999987	0.61232
115.828000069	0.636975
118.213999987	0.625856
119.340000153	0.668391
121.220999956	0.617578
123.125999928	0.652392
125.223999977	0.624902
127.224999905	0.562194
129.224999905	0.573136
131.220999956	0.632438
133.217999935	0.634942
135.227000237	0.600744
137.228000164	0.655817
139.224999905	0.233147
141.224999905	0.543171
143.224999905	0.598476
145.223999977	0.591424
147.217000008	0.583997
149.221999884	0.624371
151.224999905	0.632135
153.217999935	0.62174
155.222999811	0.589088
157.223999977	0.574375
159.217999935	0.391295
161.217999935	0.499717
163.224999905	0.527029
165.224999905	0.621947
167.220999956	0.657971
169.220000029	0.626507
171.217000008	0.687601
173.223999977	0.639444
175.222999811	0.64889
177.217999935	0.619197
179.220999956	0.668384
181.224999905	0.648089
183.225999832	0.595415
185.219000101	0.610712
187.221999884	0.649768
189.222999811	0.578865
191.220000029	0.635234
193.217999935	0.654657
195.214999914	0.631858
197.221999884	0.614552
199.227000237	0.569394
201.214999914	0.626385
203.221999884	0.64009
205.220000029	0.612371
207.221999884	0.365287
209.213999987	0.616065
211.221999884	0.603163
213.221999884	0.65668
215.217999935	0.4999
217.220000029	0.569753
219.223999977	0.694817
221.222999811	0.592221
223.368999958	0.646069
225.219000101	0.607654
227.222999811	0.655013
229.214999914	0.661131
231.221999884	0.649079
233.220999956	0.646218
235.470000029	0.6055
237.468000174	0.603823
239.47300005	0.62757
241.467000246	0.552302
243.470999956	0.602079
245.464999914	0.625203
247.470000029	0.608886
249.47300005	0.62509
251.720000029	0.647629
253.463999987	0.569791
255.461999893	0.683624
257.445999861	0.659145
259.537999868	0.511294
261.465999842	0.58455
263.472000122	0.531036
265.280999899	0.659328
267.248000145	0.596265
269.561000109	0.605083
271.461999893	0.563751
273.470000029	0.568947
275.469000101	0.630063
277.472000122	0.682682
279.467000246	0.550331
281.470999956	0.65672
284.019999981	0.353804
285.729000092	0.63966
287.398000002	0.616665
289.464999914	0.5592
291.468000174	0.766666
293.463999987	0.410871
295.464999914	0.701431
297.741999865	0.621244
299.406999826	0.553888
303.065000057	0.572336
303.76699996	0.490464
305.460999966	0.60709
307.368000031	0.666622
309.468000174	0.607898
311.464999914	0.598532
313.460000038	0.625632
315.457999945	0.600017
317.461999893	0.66638
319.473999977	0.659333
321.460000038	0.641569
323.468000174	0.561468
325.390999794	0.615129
327.464999914	0.688305
329.868999958	0.572191
332.470999956	0.60034
334.16899991	0.59491
335.604000092	0.599285
337.459000111	0.657957
339.464999914	0.695819
341.465999842	0.539606
343.461999893	0.581936
345.357000113	0.661844
347.464999914	0.632612
349.404999971	0.565243
351.469000101	0.697175
353.463999987	0.659041
355.462999821	0.667951
357.469000101	0.614293
359.609999895	0.591637
361.625999928	0.278555
363.381999969	0.642795
365.463999987	0.55986
367.465999842	0.593785
369.460000038	0.624209
371.459000111	0.581121
373.459000111	0.688181
375.459000111	0.561937
377.462999821	0.596003
379.589999914	0.602153
381.381999969	0.634368
383.464999914	0.51855
385.464999914	0.15624
387.457000017	0.597988
389.464999914	0.352419
391.464999914	0.497475
393.730000019	0.335495
396.557999849	0.497327
397.963999987	0.305645
399.424999952	0.204839
401.464999914	0.162955
403.457999945	0.400177
405.464999914	0.45695
407.457999945	0.371904
409.460999966	0.189942
411.459000111	0.454518
413.400000095	0.520354
415.552000046	0.306655
417.462999821	0.398833
419.462999821	0.350291
421.460999966	0.515279
423.47300005	0.640058
425.461999893	0.606116
427.457999945	0.592299
429.465999842	0.692933
431.463999987	0.573746
433.462999821	0.618386
435.463999987	0.576488
437.460999966	0.479566
439.465999842	0.68429
441.459000111	0.577771
443.467000246	0.615768
445.464999914	0.710305
447.459000111	0.536167
449.459000111	0.636038
451.469000101	0.559555
453.469000101	0.638415
455.459000111	0.555754
457.467000246	0.620115
459.470000029	0.632577
461.470000029	0.595259
463.460000038	0.562171
465.470999956	0.638831
467.461999893	0.641344
469.460000038	0.643943
471.457999945	0.63087
473.467000246	0.676868
475.45600009	0.412237
477.469000101	0.258726
479.462999821	0.395329
481.709000111	0.642871
483.720000029	0.52366
485.71600008	0.553521
487.708000183	0.574603
489.705999851	0.614569
491.717999935	0.598605
493.717999935	0.453505
495.717000008	0.011498
497.628000021	0.566134
499.715000153	0.571191
501.712000132	0.563551
503.710999966	0.600628
505.837000132	0.632651
507.761999846	0.642883
509.605999947	0.613055
511.71600008	0.631918
513.709000111	0.461348
515.71600008	0.61509
517.713000059	0.021438
519.713999987	0.558382
521.625999928	0.595896
523.71600008	0.662756
525.709000111	0.641246
527.715000153	0.524583
529.708000183	0.57001
531.717000008	0.659363
533.713000059	0.602378
535.71600008	0.020574
537.713999987	0.633241
539.717999935	0.689304
541.713999987	0.54122
543.713000059	0.56531
545.71600008	0.551689
547.705999851	0.564737
549.713000059	0.618149
551.708000183	0.55504
553.708000183	0.557781
555.709000111	0.677464
557.708000183	0.695234
559.713000059	0.625675
561.717999935	0.5332
563.715000153	0.657326
565.71600008	0.586637
567.709000111	0.614492
569.624000072	0.603937
571.717999935	0.652243
573.713000059	0.625452
575.717000008	0.556452
577.71600008	0.521056
579.712000132	0.688058
581.710999966	0.360912
583.717000008	0.652141
585.715000153	0.670023
587.71600008	0.594354
589.712000132	0.612112
591.717000008	0.556613
593.616000175	0.679301
595.717000008	0.618321
598.165999889	0.527684
599.710999966	0.548775
603.365999937	0.119184
604.379000187	0.66775
605.709000111	0.550524
607.718999863	0.58352
609.71600008	0.513044
611.71600008	0.578337
613.625999928	0.548015
615.712000132	0.628095
617.618000031	0.614973
619.708000183	0.610233
621.70299983	0.563972
624.184000015	0.639032
626.167999983	0.577302
627.700999975	0.635856
629.708000183	0.538837
631.709000111	0.587728
633.708000183	0.616007
635.717999935	0.682548
637.707000256	0.5476
639.717000008	0.474018
641.686999798	0.423812
643.71600008	0.559764
645.717999935	0.63837
647.700999975	0.62201
649.71600008	0.560267
651.717999935	0.67252
654.154000044	0.456073
657.323000193	0.60978
660.437000036	0.527146
662.638000011	0.63668
663.82400012	0.62425
664.838000059	0.620786
665.715000153	0.635286
667.708000183	0.455847
669.710000038	0.624564
671.717999935	0.52836
673.710999966	0.646396
675.717000008	0.712445
677.71600008	0.610481
679.725999832	0.590195
681.715000153	0.600429
683.717000008	0.598825
685.707000256	0.649724
687.713999987	0.644476
689.69900012	0.652329
691.710000038	0.544744
693.712000132	0.529926
695.707000256	0.018092
697.704999924	0.571479
699.700999975	0.595695
702.169999838	0.637198
705.001999855	0.577237
706.632999897	0.594173
707.700999975	0.586378
709.705999851	0.284543
711.701999903	0.632986
713.69900012	0.572868
715.69900012	0.648994
717.701999903	0.596364
719.707000256	0.657208
721.701999903	0.617156
723.955000162	0.447061
725.958999872	0.663877
727.875000238	0.554031
729.961999893	0.527955
733.289000034	0.639659
735.478999853	0.678687
737.212000132	0.271088
738.68599987	0.657476
740.23300004	0.587202
742.023000002	0.668451
743.953999996	0.636185
745.957999945	0.589576
747.958999872	0.631236
750.728000164	0.596369
753.445999861	0.617986
755.304000139	0.570203
756.552999973	0.591817
757.750999928	0.576397
759.952000141	0.66519
761.95600009	0.594234
763.957000017	0.643635
765.957000017	0.659028
767.95600009	0.672029
769.948000193	0.58866
771.950000048	0.417969
773.955000162	0.417969
775.868000031	0.531284
777.960999966	0.602777
779.950999975	0.646583
781.95600009	0.500185
783.945999861	0.603913
785.95600009	0.697512
787.95600009	0.680581
789.952000141	0.608956
791.957000017	0.626602
793.948000193	0.581191
795.950000048	0.60633
797.95600009	0.633372
799.861000061	0.674594
801.957999945	0.664917
803.948000193	0.56292
805.872999907	0.644925
807.957000017	0.57937
809.944999933	0.613269
811.957999945	0.611572
813.947000027	0.650858
815.952000141	0.54029
817.94900012	0.685563
819.961999893	0.568206
821.952000141	0.519478
823.867000103	0.522488
825.950000048	0.601514
827.958999872	0.604837
829.950000048	0.651991
831.957999945	0.565871
833.950999975	0.665013
835.961999893	0.547278
837.957000017	0.550851
839.952000141	0.554416
841.94900012	0.626362
843.94900012	0.631742
845.950999975	0.617455
847.857000113	0.702264
849.955000162	0.623165
851.953999996	0.584154
853.941999912	0.599255
855.950000048	0.685052
857.95600009	0.612126
859.955000162	0.604454
861.955000162	0.561912
863.955000162	0.611796
865.95600009	0.605893
867.950000048	0.641705
869.953000069	0.640346
871.861999989	0.638541
873.953999996	0.644381
875.95600009	0.641507
877.95600009	0.640353
879.955000162	0.647039
881.955000162	0.19661
883.948000193	0.635095
885.95600009	0.646612
887.948000193	0.553635
889.948000193	0.468367
891.952000141	0.616695
894.03399992	0.564007
895.94900012	0.589851
897.952000141	0.582215
899.944999933	0.648846
901.955000162	0.22937
904.488000154	0.406062
905.957999945	0.634723
907.955000162	0.629857
909.955000162	0.488382
911.950999975	0.65844
913.953000069	0.646827
915.952000141	0.601835
917.948000193	0.632477
919.948000193	0.596143
921.95600009	0.436228
923.953000069	0.666053
925.948000193	0.648631
927.953999996	0.606822
929.953999996	0.593731
931.950999975	0.671947
933.94900012	0.623557
935.94900012	0.586676
937.95600009	0.680636
939.952000141	0.658638
941.952000141	0.635673
943.948000193	0.639735
946.198999882	0.603584
948.953000069	0.553927
951.549000025	0.665479
953.549000025	0.6677
954.729000092	0.602198
955.940999985	0.623217
957.953999996	0.620217
959.963000059	0.556611
961.953999996	0.642185
963.953999996	0.621986
965.94900012	0.619078
967.950000048	0.627758
970.197999954	0.632136
971.948000193	0.603492
974.203999996	0.564889
976.208000183	0.465784
978.192000151	0.635493
980.200999975	0.642919
982.206999779	0.596505
984.192000151	0.623779
986.197999954	0.391298
988.201999903	0.564874
990.198999882	0.643932
993.118000031	0.636638
995.937000036	0.609707
997.976000071	0.607848
998.940999985	0.608947
1000.76099992	0.601127
1003.92400002	0.638744
1007.88300014	0.584936
1010.66299987	0.609624
1012.46199989	0.673375
1013.70499992	0.612015
1016.11299992	0.642921
1018.38400006	0.5584
1019.80000019	0.633664
1020.375	0.611038
1021.06700015	0.630624
1022.14599991	0.677514
1024.19799995	0.431707
1026.19400001	0.600331
1028.19300008	0.52035
1030.19899988	0.625621
1032.19700003	0.654089
1034.19899988	0.625663
1036.19799995	0.593091
1038.19300008	0.601364
1040.19700003	0.681124
1042.20099998	0.610278
1044.19799995	0.638746
1046.19400001	0.590928
1048.19200015	0.597416
1050.19400001	0.65214
1052.19799995	0.672817
1054.19099998	0.55358
1056.19000006	0.530721
1058.19099998	0.506351
1060.19099998	0.559158
1062.19899988	0.542607
1064.20099998	0.123299
1066.19200015	0.613184
1068.19799995	0.521662
1070.19300008	0.662156
1072.2019999	0.617244
1074.204	0.722741
1076.204	0.556014
1078.19500017	0.628335
1080.19799995	0.592096
1082.19500017	0.568988
1084.2019999	0.571674
1086.19500017	0.635773
1088.19799995	0.674767
1090.19000006	0.673245
1092.19799995	0.539069
1094.19799995	0.70526
1096.19799995	0.606532
1098.19300008	0.679292
1100.19400001	0.506137
1102.18900013	0.587524
1104.19200015	0.448371
1106.19099998	0.574355
1108.58500004	0.622908
1111.1730001	0.681753
1113.45300007	0.563755
1116.48600006	0.573158
1118.26400018	0.513137
1120.99000001	0.536501
1122.33800006	0.645199
1123.37299991	0.598801
1124.3499999	0.510116
1126.19799995	0.697696
1128.19899988	0.618677
1130.19500017	0.580135
1132.19200015	0.545002
1134.19099998	0.441757
1136.19799995	0.611663
1138.19899988	0.627258
1140.19500017	0.613237
1142.2019999	0.716986
1144.19899988	0.638513
1146.19500017	0.289628
1148.19400001	0.245147
1150.19300008	0.627552
1152.19799995	0.650501
1154.30000019	0.621937
1156.41400003	0.638989
1158.20000005	0.609366
1160.19700003	0.571643
1162.19799995	0.397844
1164.19400001	0.639986
1166.19799995	0.671196
1168.19400001	0.583404
1170.2019999	0.692028
1172.19400001	0.615352
1174.19799995	0.609981
1176.19700003	0.620705
1178.19500017	0.684432
1180.1960001	0.671253
1182.19799995	0.612268
1184.19799995	0.567959
1186.19799995	0.652329
1188.19799995	0.622986
1190.18700004	0.664947
1192.18900013	0.606029
1194.18299985	0.572391
1196.19099998	0.629986
1198.19500017	0.673018
1200.18400002	0.612295
1205.48900008	0.587066
1206.13700008	0.594722
1206.70800018	0.634335
1208.19700003	0.730184
1210.20000005	0.624611
1212.19799995	0.499302
1214.2110002	0.626372
1216.44499993	0.610889
1218.44499993	0.673284
1220.43200016	0.384897
1222.35500026	0.559714
1224.45000005	0.681629
1226.44400001	0.679516
1228.44000006	0.65552
1230.45100021	0.585347
1232.44000006	0.56963
1234.44000006	0.608048
1236.44400001	0.588498
1238.26600003	0.607705
1240.44000006	0.639913
1242.43899989	0.044647
1244.44800019	0.64849
1246.41300011	0.668179
1248.80500007	0.556961
1251.273	0.559113
1254.08400011	0.570615
1256.58000016	0.57645
1257.53999996	0.611359
1258.70499992	0.550019
1260.44699979	0.463601
1262.44900012	0.635417
1264.44400001	0.387634
1266.44699979	0.581993
1268.43700004	0.609299
1270.35399985	0.583901
1272.44400001	0.657031
1274.45300007	0.652913
1276.43899989	0.623842
1278.44599986	0.629889
1280.44900012	0.69897
1282.44300008	0.527906
1284.45100021	0.545271
1286.43300009	0.497737
1288.43000007	0.591986
1290.43899989	0.606581
1292.44800019	0.63675
1294.36100006	0.583532
1296.44800019	0.639903
1298.43000007	0.634416
1300.44699979	0.451694
1302.95099998	0.574241
1305.55200005	0.626152
1307.57399988	0.606767
1308.85600019	0.615062
1310.44800019	0.334809
1312.44699979	0.649424
1314.44900012	0.630697
1316.44800019	0.605896
1318.36000013	0.641217
1320.36800003	0.5807
1322.398	0.619552
1324.44000006	0.465027
1326.43899989	0.643435
1328.43700004	0.669269
1330.43400002	0.599224
1332.43899989	0.662599
1334.43099999	0.656228
1336.43099999	0.58432
1338.43600011	0.565565
1340.43400002	0.513355
1342.33900023	0.730136
1344.43400002	0.633939
1346.43799996	0.58446
1348.43000007	0.538911
1350.43899989	0.609917
1352.43000007	0.589066
1354.43799996	0.518987
1356.43799996	0.628824
1358.44400001	0.62569
1360.43799996	0.596468
1362.43899989	0.628649
1364.43899989	0.613172
1366.43000007	0.698552
1368.43600011	0.616703
1370.43400002	0.590177
1372.44000006	0.500252
1374.43600011	0.631018
1376.43400002	0.60246
1378.43600011	0.498689
1380.43600011	0.560987
1382.43799996	0.598871
1384.44599986	0.581532
1386.44000006	0.535686
1388.43799996	0.700129
1390.43099999	0.658689
1392.43099999	0.48731
1395.36100006	0.487829
1399.02800012	0.691499
1402.53600001	0.636676
1405.89400005	0.459275
1407.6789999	0.588799
1408.83500004	0.599898
1409.70599985	0.658492
1410.45300007	0.522424
1411.34700012	0.664688
1412.96000004	0.631089
1414.43099999	0.634053
1416.43799996	0.612508
1418.42700005	0.581428
1420.44000006	0.615706
1422.44199991	0.702113
1424.43799996	0.5991
1426.43200016	0.634253
1428.43799996	0.415749
1430.43600011	0.312774
1432.43700004	0.605847
1434.43099999	0.512249
1436.43200016	0.410185
1438.42499995	0.5678
1440.43799996	0.595944
1442.43899989	0.622117
1444.43799996	0.461231
1446.44400001	0.018931
1448.43000007	0.458746
1450.43000007	0.569495
1452.43500018	0.588044
1454.43799996	0.663256
1456.43500018	0.683158
1458.68799996	0.699034
1460.68799996	0.072333
1462.68900013	0.411609
1464.68400002	0.62926
1466.68499994	0.582527
1468.67799997	0.480707
1470.68400002	0.610384
1472.6789999	0.644863
1474.68400002	0.595372
1476.58299994	0.657968
1478.68599987	0.127577
1480.6869998	0.554504
1482.8440001	0.610873
1484.61499977	0.570902
1486.68400002	0.617448
1488.68400002	0.653469
1490.68400002	0.22925
1492.68099999	0.576653
1494.67799997	0.414807
1496.68400002	0.711137
1498.68499994	0.479434
1501.15600014	0.530502
1506.15300012	0.623648
1507.18700004	0.568735
1508.28900003	0.612502
1510.58899999	0.597168
1511.02099991	0.685177
1512.68300009	0.617901
1514.68400002	0.680339
1516.68499994	0.630288
1518.68300009	0.587559
1520.68599987	0.588753
1522.61399984	0.593798
1524.58100009	0.637377
1526.68000007	0.670358
1528.68499994	0.639694
1530.68400002	0.635024
1532.68599987	0.572706
1534.68099999	0.610823
1536.68599987	0.582652
1538.67799997	0.569662
1540.68499994	0.627595
1542.68599987	0.665613
1544.68199992	0.635322
1546.68400002	0.656299
1548.57799983	0.729571
1550.68599987	0.578074
1553.727	0.641551
1555.40799999	0.616695
1556.67600012	0.577556
1558.67700005	0.581059
1560.67799997	0.602209
1562.68599987	0.610814
1564.67500019	0.544816
1566.68099999	0.597063
1568.68000007	0.613084
1570.68599987	0.68519
1572.58299994	0.562883
1574.68400002	0.617813
1576.68099999	0.585271
1578.67500019	0.56154
1580.68000007	0.038719
1582.68000007	0.567793
1584.68199992	0.623445
1586.68400002	0.63996
1588.68099999	0.616597
1590.67799997	0.605986
1592.67500019	0.606056
1594.68199992	0.637952
1596.58500004	0.633711
1598.68300009	0.569883
1600.68400002	0.606634
1602.67799997	0.626834
1604.6789999	0.157546
1606.67400002	0.620681
1608.67799997	0.584332
1610.67500019	0.403825
1612.68799996	0.623955
1614.68000007	0.66611
1616.68000007	0.68773
1618.67200017	0.66541
1620.6789999	0.640465
1622.67200017	0.567403
1624.90100002	0.640059
1626.92499995	0.601433
1628.68300009	0.673191
1630.67400002	0.595694
1632.84899998	0.56588
1634.87099981	0.601978
1636.67600012	0.578234
1638.69000006	0.635377
1640.75699997	0.685629
1642.64100003	0.671983
1644.67500019	0.656415
1646.68000007	0.738278
1648.68099999	0.5595
1650.68000007	0.632656
1652.68099999	0.655203
1654.67200017	0.585602
1657.09399986	0.592691
1660.80599999	0.64605
1662.74800014	0.568441
1663.9829998	0.610978
1664.69799995	0.648777
1666.67500019	0.588028
1668.68000007	0.683095
1670.68199992	0.661672
1672.68400002	0.577529
1674.6789999	0.653359
1676.68000007	0.679664
1678.67200017	0.622888
1680.67400002	0.528042
1682.6789999	0.542728
1684.68000007	0.573111
1686.68900013	0.550921
1688.6789999	0.684837
1690.68000007	0.581175
1692.6730001	0.671559
1694.68000007	0.59709
1696.67799997	0.423117
1698.67400002	0.571642
1700.9230001	0.606123
1702.921	0.511359
1704.92199993	0.640956
1706.92499995	0.234732
1708.921	0.648139
1710.93000007	0.571926
1712.93000007	0.57869
1714.92599988	0.587059
1716.92799997	0.518927
1718.93000007	0.634566
1720.93000007	0.670263
1722.92400002	0.613712
1724.92499995	0.635353
1726.92599988	0.60283
1728.94000006	0.593862
1730.93200016	0.441194
1732.75300002	0.50459
1736.56999993	0.439015
1740.93600011	0.549911
1742.20599985	0.604728
1743.33399987	0.416138
1744.72900009	0.683341
1746.3440001	0.554212
1747.95099998	0.454043
1749.3210001	0.636318
1751.31500006	0.256241
1753.69000006	0.255631
1754.98900008	0.206756
1756.92699981	0.572741
1758.92599988	0.305832
1760.92799997	0.572854
1762.92400002	0.557172
1764.74099994	0.057993
1766.92400002	0.553933
1768.92699981	0.588791
1770.93900013	0.491644
1772.92699981	0.592333
1774.82000017	0.575749
1776.92400002	0.495307
1778.9289999	0.550768
1780.92799997	0.502926
1782.92599988	0.688271
1784.93100023	0.4594
1786.921	0.495307
1788.9289999	0.512773
1790.92799997	0.554937
1792.92699981	0.672842
1794.93400002	0.610865
1796.93400002	0.319446
1798.92799997	0.732931
1800.9230001	0.577416
1802.91899991	0.625969
1805.73699999	0.614694
1806.92699981	0.607624
1808.93100023	0.647475
1810.93200016	0.613189
1812.92199993	0.593519
1814.91899991	0.639122
1816.92499995	0.276639
1818.92799997	0.584001
1820.921	0.583865
1822.92000008	0.554576
1824.88899994	0.571237
1826.92599988	0.55143
1829.98399997	0.593384
1833.32300019	0.364235
1834.58800006	0.485202
1836.43400002	0.378568
1837.05100012	0.644771
1840.82200003	0.535295
1843.82700014	0.013615
1844.35800004	0.643989
1845.69100022	0.567932
1847.51600003	0.469856
1848.92000008	0.649207
1850.9289999	0.545203
1852.91799998	0.649175
1854.92400002	0.620585
1856.92699981	0.450115
1858.93000007	0.658411
1860.92799997	0.647932
1862.92699981	0.646046
1864.92000008	0.67822
1866.92499995	0.63399
1868.92699981	0.597639
1870.93799996	0.308154
1873.03799987	0.574305
1874.92400002	0.335653
1876.91899991	0.31408
1878.92799997	0.106065
1880.97799993	0.384862
1882.92699981	0.38832
1884.92499995	0.655468
1886.9230001	0.579086
1888.92000008	0.601042
1890.93300009	0.433632
1892.9289999	0.688551
1894.93200016	0.320178
1896.92699981	0.384865
1898.921	0.639686
1900.93700004	0.559001
1902.92599988	0.585719
1904.96599984	0.508779
1906.92000008	0.612845
1908.93000007	0.668894
1910.9230001	0.450623
1912.88699985	0.350554
1914.91600013	0.367291
1916.921	0.490345
1918.91700006	0.270523
1920.9289999	0.328344
1922.96300006	0.439242
1925.19700003	0.391063
1926.921	0.413486
1928.92199993	0.51882
1930.9230001	0.370216
1932.91099977	0.650951
1934.93000007	0.564842
1936.92699981	0.645356
1938.91700006	0.587397
1940.92499995	0.648554
1942.92699981	0.411116
1944.92499995	0.594288
1946.92699981	0.70666
1948.92799997	0.616623
1951.17900014	0.4076
1953.16999984	0.52299
1955.17900014	0.635
1957.19200015	0.695878
1959.18000007	0.069132
1961.16100001	0.555093
1963.16999984	0.419742
1965.17400002	0.595412
1967.1960001	0.639489
1969.18099999	0.18429
1971.16999984	0.282192
1973.18299985	0.382977
1975.17400002	0.540441
1977.17100024	0.142913
1979.18099999	0.394977
1981.18199992	0.610916
1983.16499996	0.644878
1985.16599989	0.442397
1987.17100024	0.61349
1989.18000007	0.630288
1991.16499996	0.61972
1993.16999984	0.611944
1995.14199996	0.38515
1997.35700011	0.42968
1999.36400008	0.610636
2001.16699982	0.585059
2003.16199994	0.629241
2005.16999984	0.658593
2007.16400003	0.367158
2009.16300011	0.648087
2010.98399997	0.609392
2013.16100001	0.557083
2015.17799997	0.652098
2017.17400002	0.652098
2019.06900001	0.598516
2021.16400003	0.598938
2023.16400003	0.56332
2025.16999984	0.65232
2027.16899991	0.578467
2029.16899991	0.118746
2031.17100024	0.637277
2033.16999984	0.629035
2035.17100024	0.603007
2037.16100001	0.540875
2039.17200017	0.608536
2041.16499996	0.661697
2043.07799983	0.521595
2045.16300011	0.628216
2047.16699982	0.617129
2049.17400002	0.662493
2051.16599989	0.679819
2053.17200017	0.649251
2055.07399988	0.597359
2057.61100006	0.602501
2059.16199994	0.55128
2061.16400003	0.542419
2063.17400002	0.592525
2065.15200019	0.589068
2067.71500015	0.559917
2069.6309998	0.506559
2071.16400003	0.493223
2073.16999984	0.446548
2075.16899991	0.385145
2077.16100001	0.619219
2079.16199994	0.599512
2081.16300011	0.594815
2083.16999984	0.611856
2085.16999984	0.573667
2087.16899991	0.616228
2089.16999984	0.414249
2091.079	0.623775
2093.16899991	0.562086
2095.16999984	0.610385
2097.17100024	0.58621
2099.16999984	0.614668
2101.16799998	0.417208
2103.17400002	0.442098
2106.37800002	0.603571
2107.45499992	0.646412
2109.16999984	0.522969
2111.16499996	0.546312
2113.16699982	0.515416
2115.16100001	0.679326
2117.16899991	0.652003
2119.16999984	0.659347
2121.17100024	0.585714
2123.17200017	0.388779
2125.16999984	0.649428
2127.16999984	0.591484
2129.16999984	0.571961
2131.16400003	0.145654
2133.17100024	0.583903
2135.15799999	0.468964
2137.16999984	0.559124
2139.51999998	0.469555
2141.2249999	0.590251
2143.16699982	0.6353
2145.17799997	0.670651
2147.16100001	0.398584
2149.17200017	0.650482
2151.16999984	0.626347
2153.16899991	0.644797
2155.16499996	0.642452
2157.16999984	0.619888
2159.17100024	0.671979
2161.16100001	0.659599
2163.15600014	0.579942
2165.16300011	0.588414
2167.24800014	0.328924
2170.07399988	0.609098
2172.77399993	0.563749
2173.73799992	0.66993
2175.16400003	0.67305
2177.16999984	0.602393
2179.16999984	0.646184
2181.16599989	0.612399
2183.16899991	0.588444
2185.16100001	0.562196
2187.41900015	0.6033
2189.16400003	0.5853
2191.16799998	0.622748
2193.41900015	0.49586
2195.41499996	0.267415
2197.41100025	0.64913
2199.42299986	0.40999
2201.41499996	0.60155
2203.41900015	0.601969
2205.41700006	0.659277
2207.41100025	0.623756
2209.41900015	0.607331
2211.6309998	0.558947
2213.91099977	0.627654
2215.41900015	0.613984
2217.42000008	0.611125
2219.41900015	0.342
2221.41700006	0.585884
2223.41400003	0.592465
2225.42199993	0.650283
2227.42799997	0.627734
2229.42299986	0.563445
2231.41499996	0.634971
2233.40999985	0.623661
2235.40799999	0.686457
2237.41900015	0.583053
2239.41900015	0.593147
2241.41700006	0.696108
2243.41499996	0.623469
2245.41400003	0.636952
2247.41100025	0.604256
2249.42000008	0.67863
2251.40899992	0.012203
2253.41100025	0.505133
2255.40999985	0.651889
2257.40499997	0.567954
2259.41900015	0.244305
2261.41799998	0.602572
2263.41100025	0.536003
2265.41100025	0.68182
2267.41900015	0.601324
2269.41900015	0.556445
2271.41700006	0.581894
2273.41799998	0.638742
2275.41400003	0.581938
2277.41900015	0.449899
2279.40999985	0.625405
2281.41700006	0.640798
2283.40999985	0.668838
2285.41700006	0.640344
2287.40400004	0.559433
2289.41799998	0.593507
2291.40400004	0.609378
2293.34200001	0.650726
2295.28900003	0.588063
2297.42000008	0.597266
2299.41400003	0.60685
2301.41499996	0.65334
2303.41100025	0.628543
2305.41799998	0.67612
2307.40300012	0.727478
2309.40400004	0.574281
2311.40699983	0.609315
2313.40300012	0.6382
2315.40499997	0.523522
2317.40899992	0.544208
2319.41400003	0.594661
2321.40699983	0.621755
2323.41100025	0.626448
2325.41900015	0.594044
2328.66299987	0.649562
2332.08000016	0.605426
2334.79399991	0.464178
2335.42700005	0.529129
2336.65900016	0.530057
2337.67500019	0.622604
2339.40999985	0.646385
2341.40999985	0.564575
2343.41100025	0.599202
2345.40400004	0.600798
2347.41100025	0.598235
2349.4059999	0.051707
2351.40999985	0.624366
2353.40300012	0.527394
2355.40899992	0.685794
2357.40499997	0.529428
2359.40400004	0.608171
2361.40199995	0.569401
2363.41100025	0.718755
2365.40899992	0.60356
2367.40499997	0.45294
2369.40799999	0.490479
2371.41100025	0.601553
2373.40300012	0.595075
2375.41300011	0.619411
2377.41100025	0.566096
2379.41200018	0.66345
2381.40999985	0.290861
2383.40400004	0.537452
2385.40400004	0.611377
2387.40400004	0.509048
2389.43799996	0.557755
2391.40799999	0.608638
2393.41400003	0.604727
2395.40999985	0.652133
2397.40300012	0.584146
2399.40400004	0.569691
2401.40699983	0.566403
2403.421	0.11785
2407.23699999	0.691959
2408.26099992	0.500975
2409.87399983	0.596831
2411.41400003	0.696062
2413.40100002	0.589928
2415.40899992	0.608685
2417.41100025	0.54597
2419.40400004	0.608977
2421.4059999	0.635518
2423.40499997	0.650672
2425.40999985	0.566799
2427.40400004	0.580961
2429.40400004	0.557069
2431.40400004	0.5631
2433.41100025	0.337948
2435.40499997	0.681188
2437.65200019	0.566346
2439.66100001	0.623056
2441.57599998	0.581759
2443.66199994	0.622522
2445.65600014	0.638718
2447.43700004	0.546749
2449.66100001	0.643859
2451.59399986	0.630693
2453.65499997	0.604865
2455.66199994	0.636203
2457.66400003	0.531602
2459.66299987	0.57456
2461.66100001	0.610649
2463.65700006	0.586769
2465.56699991	0.596808
2467.65499997	0.618638
2469.67200017	0.638692
2471.65700006	0.588728
2473.66299987	0.624893
2475.65600014	0.623439
2477.65799999	0.62383
2479.65400004	0.017567
2481.66000009	0.610471
2483.65499997	0.603728
2485.65400004	0.530469
2487.65300012	0.330622
2489.56900001	0.612792
2491.65700006	0.161554
2494.25399995	0.574324
2495.84899998	0.673954
2497.82999992	0.563108
2499.65300012	0.627088
2501.65600014	0.628573
2503.66100001	0.667566
2505.66000009	0.606442
2507.64699984	0.475273
2509.66100001	0.627664
2511.65400004	0.656471
2513.64699984	0.416687
2515.66100001	0.599604
2517.65400004	0.638927
2519.66199994	0.637776
2521.66100001	0.637377
2523.65100002	0.52313
2525.66100001	0.371179
2527.66000009	0.578582
2529.65300012	0.596105
2531.65200019	0.373669
2533.65300012	0.49963
2535.65100002	0.61537
2537.63500023	0.369346
2539.66100001	0.528443
2541.65300012	0.600802
2543.64899993	0.576898
2545.65799999	0.605592
2547.65100002	0.706452
2549.65700006	0.628286
2551.65499997	0.520666
2553.66400003	0.582872
2555.65700006	0.572368
2557.64999986	0.645625
2559.66100001	0.547437
2561.64400005	0.462884
2563.65100002	0.542634
2565.64400005	0.542634
2567.65600014	0.612316
2569.64699984	0.618096
2571.648	0.652205
2573.64300013	0.568351
2575.65200019	0.580538
2577.64400005	0.663755
2579.64999986	0.487223
2581.65200019	0.664992
2583.64699984	0.604083
2585.55500007	0.591915
2587.65200019	0.548235
2589.64400005	0.630544
2591.64400005	0.390969
2593.65100002	0.368804
2595.64599991	0.630531
2597.64899993	0.613637
2599.64999986	0.614158
2601.64300013	0.610712
2603.64499998	0.598556
2605.65300012	0.651346
2607.65300012	0.642829
2611.39300013	0.661693
2612.03200006	0.635271
2613.85100007	0.061789
2615.65200019	0.58748
2617.65300012	0.548468
2619.65400004	0.329586
2621.65400004	0.5979
2623.64300013	0.653022
2625.64300013	0.529187
2627.65200019	0.639868
2629.65100002	0.617484
2631.66000009	0.595055
2633.64300013	0.591638
2635.65100002	0.641974
2637.64999986	0.015799
2639.65200019	0.608642
2641.65200019	0.586112
2643.65200019	0.262551
2645.64999986	0.517997
2647.65100002	0.600456
2649.64499998	0.5976
2651.65300012	0.507235
2653.65100002	0.663501
2655.66000009	0.601426
2657.64599991	0.605459
2659.65200019	0.603005
2661.65300012	0.584283
2663.64599991	0.782018
2665.65300012	0.608108
2667.64599991	0.688818
2669.64300013	0.614198
2671.65100002	0.553081
2673.64499998	0.649652
2675.64599991	0.04298
2677.79399991	0.011187
2680.023	0.589142
2681.90299988	0.674626
2683.89900017	0.415364
2685.89300013	0.542358
2687.90100002	0.531579
2689.89300013	0.56874
2691.89300013	0.589787
2693.89300013	0.635839
2695.80800009	0.638056
2697.90100002	0.605648
2699.90799999	0.325632
2702.01399994	0.658389
2708.64999986	0.590102
2710.14100003	0.621743
2710.84300017	0.595818
2711.21399999	0.629105
2711.74500012	0.659455
2713.9000001	0.590748
2715.90100002	0.599899
2717.90100002	0.532853
2719.80500007	0.626207
2721.90100002	0.603192
2723.89900017	0.663187
2725.90100002	0.573589
2727.89499998	0.670313
2729.9000001	0.641491
2731.90299988	0.529012
2733.89600015	0.6269
2735.9000001	0.633293
2737.89100003	0.608313
2739.89900017	0.709514
2741.90499997	0.599019
2743.80200005	0.577302
2745.90199995	0.616525
2747.9000001	0.641535
2749.9000001	0.571063
2751.90299988	0.329158
2753.89600015	0.665367
2755.89199996	0.580447
2757.89300013	0.60093
2759.89300013	0.628167
2761.89700007	0.641357
2763.89400005	0.651958
2765.89600015	0.650571
2767.79899979	0.6645
2769.89499998	0.647608
2771.89400005	0.427725
2773.89300013	0.702766
2775.88899994	0.590896
2777.9000001	0.595324
2779.88999987	0.600932
2781.89900017	0.60216
2783.88800001	0.586457
2785.89700007	0.623772
2787.89300013	0.631122
2789.898	0.562289
2791.80999994	0.59306
2793.88800001	0.61189
2795.89900017	0.584727
2797.89400005	0.675933
2799.89700007	0.596882
2801.89300013	0.676244
2803.89600015	0.617054
2805.89700007	0.660687
2807.88999987	0.574158
2809.89100003	0.65807
2811.89100003	0.608087
2813.89700007	0.51169
2815.95099998	0.589432
2817.88999987	0.617392
2820.52900004	0.667624
2823.31500006	0.632145
2825.18400002	0.5684
2826.26400018	0.58228
2827.898	0.595293
2829.89700007	0.668486
2831.89499998	0.474812
2833.89199996	0.482214
2835.93100023	0.473972
2837.99000001	0.549358
2839.80500007	0.627773
2841.89499998	0.675724
2843.88800001	0.531421
2845.87899995	0.60032
2847.89100003	0.587164
2849.88699985	0.606525
2851.89600015	0.456828
2853.88999987	0.549435
2855.898	0.589531
2857.89700007	0.629681
2859.89199996	0.603723
2861.89300013	0.601426
2863.88899994	0.646077
2865.89199996	0.621124
2867.88899994	0.429083
2869.88400006	0.598473
2872.079	0.597031
2874.68900013	0.629656
2876.6730001	0.64137
2877.88400006	0.553208
2879.88999987	0.524597
2881.89300013	0.481302
2883.89100003	0.609311
2885.89300013	0.629921
2887.88599992	0.52062
2889.89400005	0.620887
2891.89300013	0.545616
2893.88899994	0.672511
2895.88400006	0.632408
2897.89400005	0.146443
2899.88400006	0.632437
2901.89199996	0.631357
2903.88999987	0.071865
2905.89400005	0.628676
2907.89100003	0.668186
2909.88999987	0.628332
2911.88599992	0.662265
2913.88899994	0.53274
2915.88499999	0.66662
2917.88400006	0.470723
2919.89100003	0.634246
2922.15200019	0.588219
2924.14499998	0.565113
2926.13800001	0.54708
2928.14199996	0.679236
2930.14400005	0.581832
2932.14299989	0.530402
2934.14199996	0.668899
2936.1400001	0.631222
2938.14400005	0.473778
2940.14199996	0.51103
2942.14700007	0.60539
2944.14299989	0.674779
2946.14199996	0.655215
2948.13900018	0.589734
2950.14299989	0.603429
2952.14299989	0.530835
2954.14299989	0.617429
2956.14199996	0.449195
2958.14199996	0.42102
2960.14400005	0.654174
2962.01900005	0.474762
2964.53299999	0.409463
2966.13400006	0.311313
2968.14199996	0.64104
2970.13600016	0.466003
2972.14499998	0.608817
2974.14400005	0.646049
2976.14299989	0.577092
2978.3499999	0.631635
2980.64599991	0.594742
2983.19799995	0.216671
2985.73399997	0.600363
2987.42700005	0.580684
2988.57499981	0.63423
2990.14299989	0.703174
2992.13600016	0.573232
2994.14199996	0.649783
2996.13400006	0.574696
2998.51099992	0.197501
3001.04200006	0.623403
3003.56500006	0.599423
3006.3269999	0.151105
3007.9829998	0.636877
3008.77799988	0.636465
3010.14299989	0.49885
3012.14400005	0.661282
3014.13499999	0.606846
3016.14299989	0.603253
3018.13700008	0.523425
3020.13700008	0.59826
3022.14400005	0.322545
3024.14299989	0.517033
3027.18700004	0.610908
3028.41400003	0.641225
3030.14299989	0.587598
3032.14400005	0.669682
3034.13700008	0.497226
3036.14299989	0.582166
3038.14299989	0.626317
3040.13800001	0.632821
3042.13900018	0.475637
3044.14400005	0.274952
3046.14299989	0.601571
3048.14299989	0.171905
3050.14400005	0.636323
3052.07200003	0.632893
3054.1400001	0.624683
3056.13499999	0.721683
3058.14299989	0.696394
3060.13800001	0.569922
3062.14299989	0.656907
3064.1400001	0.579816
3066.14499998	0.68834
3068.13600016	0.413225
3070.13600016	0.650113
3072.13900018	0.629789
3074.14100003	0.344935
3076.14400005	0.610175
3078.14499998	0.532439
3080.13700008	0.664644
3082.13600016	0.653929
3084.14199996	0.561139
3086.13900018	0.632996
3088.1329999	0.581797
3090.14199996	0.613304
3092.14100003	0.547298
3094.14100003	0.088246
3096.14100003	0.114999
3098.13900018	0.665698
3100.13600016	0.566899
3102.47399998	0.546901
3104.1960001	0.626872
3106.13600016	0.597062
3108.1329999	0.53769
3110.12999988	0.541119
3112.12800002	0.486206
3114.12699986	0.518477
3116.12899995	0.553898
3118.14100003	0.60116
3120.1400001	0.528699
3122.14599991	0.658285
3124.12100005	0.635271
3126.13100004	0.433123
3128.13900018	0.55777
3130.1329999	0.506506
3132.13499999	0.526681
3134.12899995	0.673284
3136.13700008	0.597845
3138.13700008	0.660409
3140.13600016	0.558771
3142.14100003	0.578445
3144.13100004	0.062329
3146.14100003	0.618864
3148.921	0.587582
3150.13199997	0.592635
3152.1400001	0.658053
3154.13600016	0.659416
3156.13499999	0.701034
3158.13100004	0.614997
3160.13900018	0.660833
3162.1400001	0.568618
3164.13700008	0.648164
3166.13199997	0.582016
3168.13900018	0.617557
3170.38999987	0.618078
3172.38899994	0.616377
3174.39099979	0.570865
3176.38100004	0.635796
3178.38499999	0.448888
3180.38599992	0.481465
3182.21600008	0.611635
3184.37900019	0.65878
3186.38700008	0.678886
3188.39199996	0.514739
3190.57900023	0.604569
3192.15899992	0.541262
3194.39300013	0.633101
3196.23799992	0.636731
3199.01200008	0.651416
3201.45900011	0.607568
3202.54500008	0.612874
3204.37800002	0.576557
3207.64899993	0.647565
3210.66999984	0.565582
3213.23200011	0.605092
3214.91799998	0.424179
3217.50400019	0.688431
3220.01300001	0.602893
3221.56200004	0.398484
3223.046	0.574326
3224.80000019	0.321983
3225.19700003	0.492787
3226.37600017	0.34173
3228.3829999	0.640737
3230.375	0.548859
3232.375	0.552545
3234.375	0.55812
3236.37800002	0.652897
3238.28999996	0.654413
3240.38400006	0.571665
3242.37900019	0.590849
3244.37800002	0.596834
3246.39400005	0.568316
3248.375	0.57628
3250.3829999	0.565936
3252.38400006	0.615733
3254.375	0.634299
3256.37800002	0.6135
3258.43000007	0.714083
3260.38700008	0.568112
3262.28999996	0.668399
3264.42700005	0.296759
3266.38100004	0.5006
3269.1730001	0.578677
3270.73799992	0.52612
3272.38400006	0.687136
3274.38700008	0.54878
3276.3829999	0.56634
3278.27999997	0.495594
3280.37900019	0.395653
3282.38400006	0.450926
3284.375	0.581526
3286.29100013	0.641816
3288.38100004	0.676208
3290.37800002	0.621235
3292.38100004	0.608364
3294.375	0.5934
3296.38400006	0.493763
3298.38599992	0.633827
3300.37800002	0.531597
3302.38400006	0.628089
3304.375	0.557045
3307.51899981	0.1407
3308.37399983	0.592713
3310.375	0.606619
3312.375	0.677336
3314.38499999	0.565855
3316.375	0.510317
3318.38700008	0.617895
3320.38100004	0.680653
3322.375	0.637604
3324.39500022	0.599624
3326.3829999	0.534909
3328.3829999	0.577994
3330.33100009	0.533737
3332.38400006	0.484597
3334.37800002	0.633632
3336.37399983	0.554572
3338.3829999	0.013239
3340.38700008	0.544038
3342.38199997	0.607009
3344.37900019	0.56165
3346.37399983	0.673595
3349.82000017	0.612632
3353.82700014	0.676447
3355.13800001	0.617014
3355.60500002	0.618721
3356.48300004	0.531946
3358.375	0.695739
3360.3829999	0.564331
3362.3829999	0.595476
3364.37900019	0.609244
3366.37399983	0.640412
3368.37800002	0.623916
3370.38000011	0.519157
3372.37800002	0.50371
3374.38400006	0.528274
3376.38100004	0.616845
3378.3829999	0.644402
3380.37399983	0.643033
3382.37299991	0.56929
3384.37800002	0.559096
3386.38100004	0.652964
3388.37800002	0.623317
3390.3829999	0.518738
3392.37399983	0.539084
3394.38000011	0.670106
3396.37900019	0.589738
3398.37800002	0.654639
3400.37399983	0.652938
3402.38100004	0.647725
3404.37800002	0.635246
3406.36999989	0.5693
3408.37900019	0.636969
3410.38199997	0.614036
3412.38000011	0.567292
3414.62899995	0.507514
3416.6309998	0.611929
3418.62100005	0.649105
3420.62700009	0.594696
3422.62899995	0.633492
3424.63199997	0.679755
3426.62700009	0.554712
3428.62199998	0.60769
3430.62299991	0.53405
3432.6329999	0.570176
3434.63199997	0.608462
3436.62999988	0.524043
3438.62400007	0.610932
3440.94299984	0.677008
3443.36899996	0.509563
3445.49699998	0.399852
3446.69799995	0.417519
3448.62899995	0.631474
3450.62800002	0.641656
3452.6309998	0.627234
3454.62899995	0.653339
3456.6309998	0.54852
3458.62700009	0.665526
3460.62899995	0.608472
3462.63199997	0.595114
3464.63199997	0.657299
3466.6170001	0.617876
3468.61800003	0.650253
3470.6309998	0.622279
3472.6329999	0.615885
3474.62899995	0.622497
3476.62599993	0.442512
3478.61800003	0.678679
3480.62999988	0.381903
3482.6170001	0.612495
3484.62700009	0.628053
3486.62700009	0.63274
3488.6309998	0.672678
3490.62100005	0.622835
3492.62100005	0.583085
3494.62899995	0.629329
3496.62700009	0.697192
3498.62000012	0.609292
3500.62700009	0.557025
3502.62000012	0.619794
3504.62899995	0.480875
3506.62599993	0.532098
3508.62899995	0.481043
3510.62700009	0.601253
3512.6170001	0.599968
3514.61800003	0.452709
3516.61600018	0.549784
3518.61600018	0.552949
3520.61600018	0.563857
3522.62800002	0.562436
3524.62400007	0.628174
3526.62199998	0.570957
3528.61600018	0.580428
3530.62400007	0.619796
3532.62299991	0.571507
3534.62400007	0.568143
3536.62100005	0.527258
3538.625	0.590578
3540.62400007	0.622137
3542.62400007	0.654104
3544.625	0.591464
3546.60000014	0.643627
3548.6170001	0.629404
3550.625	0.6756
3552.61800003	0.611881
3554.62199998	0.628668
3556.625	0.580093
3558.62400007	0.602355
3560.6170001	0.633206
3562.62299991	0.577439
3564.62400007	0.618973
3566.61600018	0.596656
3568.62400007	0.576621
3570.62000012	0.580548
3572.6170001	0.656796
3574.62299991	0.696233
3576.62400007	0.532672
3578.62800002	0.630077
3580.6170001	0.597692
3582.62400007	0.569068
3584.62599993	0.639078
3586.62199998	0.603992
3588.62400007	0.67151
3590.62000012	0.585394
3592.62400007	0.461464
3594.62400007	0.582696
3596.6170001	0.61375
3598.62700009	0.731783
3600.61800003	0.402717
3602.6190002	0.58413
3604.66100001	0.664315
3608.54299998	0.597799
3609.06500006	0.644359
3610.6190002	0.572658
3612.61800003	0.576643
3614.62299991	0.615786
3616.62400007	0.595929
3618.62400007	0.326657
3620.62299991	0.523683
3622.62100005	0.64702
3624.625	0.613311
3626.62299991	0.463859
3628.62400007	0.641478
3630.64400005	0.586667
3632.625	0.708013
3634.6190002	0.590995
3636.62599993	0.615973
3638.62400007	0.62226
3640.62199998	0.577419
3642.62400007	0.643322
3644.6329999	0.508939
3646.62299991	0.587494
3648.62199998	0.591796
3650.61600018	0.627179
3652.6170001	0.64754
3654.61600018	0.560625
3656.62899995	0.603411
3658.86500001	0.618823
3660.77799988	0.549035
3662.87299991	0.620674
3664.87199998	0.591899
3666.86899996	0.557476
3668.87299991	0.6379
3670.86800003	0.622933
3672.87299991	0.636937
3674.87399983	0.551794
3676.87600017	0.588815
3678.86999989	0.665059
3680.66899991	0.661727
3682.87299991	0.579248
3684.77399993	0.622016
3686.87600017	0.607037
3688.87299991	0.606205
3690.86599994	0.617282
3692.86599994	0.671925
3694.87299991	0.439542
3696.86999989	0.398265
3698.86599994	0.616797
3700.86899996	0.570475
3702.86899996	0.662025
3704.87399983	0.67293
3706.87800002	0.646003
3708.78800011	0.602199
3710.84200001	0.573499
3712.86500001	0.656051
3714.87500024	0.632145
3716.87399983	0.629096
3718.87099981	0.611535
3720.86599994	0.01797
3722.87299991	0.590585
3724.8670001	0.015997
3727.49300003	0.549417
3730.08699989	0.636074
3732.73900008	0.635826
3734.796	0.61434
3736.0539999	0.637807
3738.05599999	0.474925
3739.96599984	0.638012
3740.8670001	0.676827
3742.87800002	0.346107
3744.86599994	0.582536
3746.86599994	0.576323
3748.87199998	0.645297
3750.86999989	0.637482
3752.86899996	0.606111
3754.86999989	0.657454
3756.77799988	0.636601
3758.87399983	0.649871
3760.86199999	0.564455
3762.87099981	0.614485
3764.8670001	0.636423
3766.87299991	0.594196
3768.87500024	0.662531
3770.85900021	0.621983
3772.87299991	0.492095
3774.87500024	0.677118
3776.8670001	0.544598
3778.87800002	0.36667
3780.77799988	0.655899
3782.86899996	0.642265
3784.86899996	0.595084
3786.86800003	0.623209
3788.86000013	0.612014
3790.86400008	0.638393
3792.86299992	0.657911
3794.87299991	0.641494
3796.86599994	0.559303
3798.8670001	0.609895
3800.86299992	0.664182
3802.86199999	0.567749
3804.77999997	0.603298
3806.87399983	0.60697
3808.86800003	0.124927
3810.86000013	0.649875
3812.86199999	0.590562
3814.87099981	0.625192
3816.8670001	0.488563
3818.86100006	0.231836
3820.86299992	0.612218
3822.86599994	0.601133
3824.86299992	0.591246
3826.86800003	0.545895
3828.85900021	0.581042
3830.8670001	0.553208
3832.86500001	0.624021
3834.86199999	0.6372
3836.86100006	0.643171
3838.86899996	0.680674
3840.85900021	0.646616
3842.8670001	0.628666
3844.86299992	0.570784
3847.01399994	0.659681
3849.33800006	0.587999
3851.80999994	0.537857
3853.12300014	0.62954
3854.86599994	0.616458
3856.85499978	0.54945
3858.86000013	0.589496
3860.86000013	0.300569
3862.86400008	0.615439
3864.86500001	0.624827
3866.86000013	0.59197
3869.05699992	0.607303
3870.86500001	0.570836
3872.85900021	0.73835
3874.85700011	0.573584
3876.86000013	0.639869
3878.86400008	0.602714
3880.86100006	0.497129
3882.86299992	0.514721
3884.86500001	0.660196
3886.86199999	0.701931
3888.85600019	0.254865
3890.85700011	0.616298
3892.86400008	0.651194
3894.86000013	0.653414
3896.85700011	0.572821
3898.86599994	0.625894
3901.11500025	0.209846
3903.10599995	0.577422
3905.13100004	0.613379
3909.19300008	0.646065
3910.04999995	0.583675
3911.39400005	0.617405
3913.03999996	0.656303
3915.02800012	0.607657
3917.11199999	0.582661
3919.11399984	0.611879
3921.11500025	0.652478
3923.12300014	0.625012
3925.11500025	0.638794
3927.11600018	0.61228
3929.10599995	0.584818
3931.10599995	0.477552
3933.11199999	0.566521
3935.11500025	0.645713
3937.11199999	0.204622
3939.02900004	0.616506
3941.11199999	0.124277
3943.11399984	0.597674
3945.11800003	0.596122
3947.11500025	0.615929
3949.11399984	0.550072
3951.11500025	0.5749
3953.06599998	0.444776
3955.10899997	0.572326
3957.10700011	0.611421
3959.11199999	0.68834
3961.11500025	0.606262
3963.02099991	0.612469
3965.10599995	0.514271
3967.11099982	0.51499
3969.10599995	0.621646
3971.11099982	0.603113
3973.11399984	0.627197
3975.1099999	0.645364
3977.11099982	0.574083
3979.11199999	0.576089
3981.10599995	0.45675
3982.95500016	0.518852
3985.31799984	0.560056
3987.01100016	0.644898
3989.11099982	0.552727
3991.10800004	0.611769
3993.11500025	0.639221
3995.10700011	0.650786
3997.18700004	0.629438
3999.11500025	0.646557
4001.10899997	0.624176
4003.10899997	0.608004
4005.11399984	0.584302
4007.11500025	0.631153
4009.10599995	0.555876
4011.01100016	0.708137
4013.10800004	0.637835
4015.36899996	0.60316
4017.40699983	0.623924
4019.26199985	0.586982
4021.93499994	0.677989
4025.03500009	0.66637
4027.296	0.613588
4028.10700011	0.637716
4030.39500022	0.691012
4032.61199999	0.68295
4034.71899986	0.568419
4036.86199999	0.613846
4039.0250001	0.602709
4041.00800014	0.591794
4042.67400002	0.646214
4043.69100022	0.600753
4045.10599995	0.591233
4047.11399984	0.673064
4049.10700011	0.479163
4051.1099999	0.651259
4053.53399992	0.62395
4055.83099985	0.61572
4057.76199985	0.305702
4059.10400009	0.673635
4061.10899997	0.619381
4063.11299992	0.584374
4065.10500002	0.657496
4067.11299992	0.608648
4069.10700011	0.693963
4071.10899997	0.591285
4073.11099982	0.654516
4075.11399984	0.61949
4077.10500002	0.614576
4079.11500025	0.694204
4081.11099982	0.66126
4083.10599995	0.634019
4085.11299992	0.540686
4087.11299992	0.588532
4089.10700011	0.651133
4091.43400002	0.650501
4093.91899991	0.651016
4095.10500002	0.578286
4097.73100019	0.604813
4101.25900006	0.62797
4104.22599983	0.579343
4104.52400017	0.647841
4105.2190001	0.605289
4107.10500002	0.675943
4109.10899997	0.632622
4111.10800004	0.606125
4113.1099999	0.539045
4115.102	0.570941
4117.11199999	0.623378
4119.11299992	0.539571
4121.11099982	0.609723
4123.11099982	0.641769
4125.10599995	0.59298
4127.10500002	0.620296
4129.10700011	0.56837
4131.1099999	0.593844
4133.10800004	0.500506
4135.10299993	0.629197
4137.11199999	0.695895
4139.11099982	0.642177
4141.10400009	0.657142
4143.10899997	0.594794
4145.35299993	0.532795
4147.12899995	0.636194
4149.35700011	0.669964
4151.36000013	0.528984
4154.48699999	0.578703
4157.93799996	0.621459
4159.52199984	0.600909
4160.46700025	0.591211
4161.398	0.620904
4163.34800005	0.617996
4166.07399988	0.613251
4167.14499998	0.587516
4169.32999992	0.591647
4171.36000013	0.622009
4173.35299993	0.640399
4175.35700011	0.654568
4177.25100017	0.539587
4179.34700012	0.589874
4181.35500026	0.609809
4183.35500026	0.626169
4185.35600019	0.608838
4187.34899998	0.606003
4189.35700011	0.4603
4191.35700011	0.512364
4193.35500026	0.645563
4195.35600019	0.585706
4197.35600019	0.612581
4199.35500026	0.598214
4201.35600019	0.586698
4203.35099983	0.686786
4205.3499999	0.614731
4207.38700008	0.614731
4209.34800005	0.479922
4211.35500026	0.629408
4213.35700011	0.312647
4215.35600019	0.615117
4217.35500026	0.601528
4219.35500026	0.613122
4221.35800004	0.573774
4223.35600019	0.651107
4225.34800005	0.586831
4227.34899998	0.662046
4229.35500026	0.417923
4231.2190001	0.570038
4233.35399985	0.55884
4235.35500026	0.55062
