0.0	0.658891
0.236000299454	1.050644
0.341000080109	1.050644
0.44000005722	1.050644
0.571000099182	1.050644
0.69000005722	1.050644
0.836000204086	1.050644
0.945000171661	1.050644
1.49900007248	1.050644
3.40100026131	1.050644
5.50500011444	1.050644
7.50800037384	1.050644
9.50500011444	1.050644
11.5000002384	1.050644
13.503000021	1.050644
15.5000002384	1.050644
17.503000021	1.050644
19.5000002384	1.050644
21.5000002384	1.050644
23.4960000515	1.050644
25.5050001144	1.050644
27.4050002098	1.050644
29.5039999485	1.050644
31.5320003033	1.050644
33.498000145	1.050644
35.4990000725	1.050644
37.5050001144	0.588072
39.4990000725	0.588072
41.4940001965	0.588072
43.498000145	0.648668
45.4970002174	0.648668
47.4940001965	0.678492
49.5039999485	0.678492
51.4380002022	0.704032
53.4960000515	0.704032
55.5000002384	0.704032
57.5010001659	0.718413
59.5069999695	0.718413
61.4930002689	0.735137
63.4940001965	0.735137
65.5010001659	0.735137
67.498000145	0.697751
69.498000145	0.697751
71.4930002689	0.316889
73.503000021	0.325515
75.4380002022	0.755198
77.5010001659	0.755198
79.5000002384	0.755198
81.5069999695	0.195739
83.5090003014	0.337477
85.5000002384	0.740899
87.5069999695	0.740899
89.4960000515	0.740899
91.4990000725	0.767604
93.5000002384	0.210574
95.498000145	0.743347
97.5069999695	0.743347
99.4390001297	0.770123
101.512000084	0.770123
103.497000217	0.770123
105.492000341	0.754712
107.497000217	0.754712
109.503000021	0.781869
111.496000051	0.781869
113.503999949	0.781869
115.492000341	0.792368
