0.0	2.196966
0.543000221252	1.722433
0.787000179291	1.722433
1.03000020981	1.722433
1.37300014496	1.023335
1.63300013542	1.023335
1.89800024033	1.023335
2.49400019646	1.801574
2.91600036621	2.194688
3.85500001907	2.317405
5.94600009918	2.231075
7.99100017548	2.237359
10.0070002079	1.971629
11.992000103	2.298782
14.0010001659	1.975444
15.9990000725	2.173645
17.9930002689	1.929451
19.9930002689	1.444068
22.0130002499	1.426523
23.9990000725	1.426523
26.0140001774	1.426523
28.0	2.37845
30.0060002804	1.878254
32.003000021	0.035998
34.0	0.14956
36.0090003014	2.199171
38.0090003014	1.447696
40.0070002079	1.748646
42.0070002079	2.309067
44.0080001354	2.0659
45.9930002689	2.113249
48.0140001774	2.290278
50.0080001354	0.312014
52.0140001774	1.815115
54.0120003223	2.321943
56.0090003014	2.02015
58.003000021	1.241037
59.9930002689	1.809162
62.0070002079	2.04923
64.0060002804	2.323073
66.0	2.2379
68.0070002079	0.28056
70.0080001354	2.298727
71.992000103	2.249349
74.0100002289	0.638541
75.992000103	0.653797
77.9620001316	2.255767
79.9940001965	2.077034
82.0120003223	1.827052
84.0060002804	1.908183
86.0050003529	0.373053
88.0070002079	2.364868
90.0090003014	1.631074
92.0020000935	2.013387
94.0130002499	1.667248
96.0150001049	1.965996
98.0150001049	2.214358
100.016000032	1.324112
102.020000219	2.096579
104.00600028	2.315803
105.994000196	0.091934
108.00600028	2.367096
109.992000103	2.010854
112.009000301	1.388093
114.009000301	2.026636
116.007000208	1.271831
118.007000208	1.051923
120.010000229	2.061416
121.990000248	0.641173
124.018000126	2.335075
125.992000103	1.383846
128.00600028	2.330382
130.01300025	2.062179
132.011000156	2.292075
134.007000208	0.263413
135.994000196	0.404085
138.004000425	2.006898
139.991000175	2.307603
142.010000229	2.333388
143.993000269	1.99906
146.01300025	2.130582
148.003000021	2.009331
179.494000196	2.309546
181.496000051	0.966593
183.605000257	1.039092
