0.0	1.056505
1.50800013542	0.643322
2.29200005531	0.826317
2.82899999619	1.328245
3.56500005722	1.327664
4.79999995232	1.268605
5.67999982834	0.853373
6.75300002098	0.279819
7.76799988747	0.992282
8.69200015068	0.562974
10.0930001736	1.09179
11.9119999409	0.839707
14.220000267	0.378661
15.3130002022	0.985826
17.3119997978	0.085951
18.2079999447	1.239654
19.114000082	0.977187
20.7170000076	1.239358
22.7050001621	0.686669
24.7170000076	1.092497
26.7090001106	0.476754
28.8090000153	0.005934
30.7090001106	1.43604
32.6180000305	1.078644
34.7290000916	0.246603
36.7970001698	1.461025
38.7290000916	1.231583
40.7490000725	0.720086
42.7490000725	1.699494
44.7570002079	0.827311
46.745000124	0.910584
48.7939999104	1.21578
50.8970000744	1.21578
52.7090001106	0.02675
54.7179999352	0.991884
56.745000124	0.869898
58.7090001106	0.049568
60.8090000153	0.187892
62.7090001106	1.102607
64.7170000076	0.545783
66.8970000744	0.253944
68.8090000153	0.190435
70.7290000916	1.088
72.7369999886	0.052837
74.7290000916	0.554757
76.7090001106	0.378543
78.7490000725	1.052058
80.7130000591	0.830164
82.7090001106	0.93567
84.7290000916	0.706804
86.7100000381	1.109731
92.2369999886	0.272694
93.6970000267	0.464774
95.2170000076	0.081703
96.3010001183	0.609639
97.7290000916	0.574849
98.7170000076	0.427681
100.799000025	0.610627
102.749000072	0.775444
104.709000111	0.573387
106.889000177	0.555593
108.729000092	0.697732
110.709000111	0.819039
112.737999916	0.133598
114.709000111	0.771564
116.717000008	1.070067
118.717000008	0.790184
120.710000038	0.063898
122.709000111	0.911854
124.736999989	1.083845
126.736999989	0.75349
128.753000021	1.052649
130.889000177	1.104804
132.717000008	0.873064
135.049000025	1.210272
136.736999989	0.946622
138.729000092	0.024401
140.736999989	1.141107
142.729000092	1.080888
144.709000111	0.111164
146.717000008	0.344631
148.717000008	0.006182
150.717000008	0.547921
152.709000111	0.122157
154.749000072	0.317928
156.737999916	0.010457
158.73300004	0.853933
160.985000134	0.215341
162.781000137	0.47152
164.921000004	0.425744
168.717000008	0.250725
170.429000139	0.635187
172.05700016	0.748801
173.257000208	0.748678
174.969000101	0.296587
176.777000189	0.672741
179.005000114	0.479425
180.985000134	0.053327
182.969000101	0.171609
184.976999998	0.166841
187.937000036	0.676995
189.481000185	0.614076
190.94900012	0.616241
192.962000132	0.52479
194.897000074	0.016837
197.077000141	0.230632
198.969000101	1.086324
200.805000067	1.106946
202.969000101	1.093116
204.969000101	1.233066
206.976999998	0.598374
208.976999998	1.063011
211.149000168	0.252623
213.137000084	1.306712
214.969000101	1.421286
216.976999998	0.921491
219.233999968	0.723869
220.996999979	0.834301
223.009000063	0.502165
224.837000132	0.296173
227.217000008	0.074098
228.94900012	0.506244
230.969000101	0.139082
232.996999979	0.673705
234.917000055	0.352556
237.001000166	0.153054
238.957000017	0.9396
241.017000198	0.083754
242.985000134	0.968333
244.976999998	0.128181
246.969000101	0.383935
248.981000185	1.224433
250.969000101	1.431603
252.993000031	0.963604
255.006000042	0.585759
257.041000128	0.091189
258.976999998	0.076864
261.029000044	1.130278
262.957000017	0.179433
264.976999998	1.033903
266.977999926	0.8256
269.025000095	0.100918
270.969000101	1.103877
272.969000101	1.294352
275.149000168	1.284574
276.969000101	0.872022
278.976999998	1.114471
280.996999979	0.729856
283.009000063	0.846157
284.976999998	0.163454
286.981000185	1.367698
288.965000153	0.941743
291.077000141	1.401839
292.985000134	0.017194
294.969000101	0.147608
296.969000101	0.293201
299.017000198	0.754369
300.985000134	0.566456
302.976999998	1.070618
304.985000134	0.901346
307.193000078	0.570358
308.993000031	1.004385
311.042000055	0.883152
312.976999998	1.090983
314.96600008	1.1094
318.976999998	0.035298
319.877000093	0.062245
320.985000134	0.918424
323.094000101	0.144572
325.149000168	0.282066
326.976999998	0.859604
328.989000082	0.740251
330.94900012	0.53464
332.985000134	0.541548
334.985000134	0.666703
336.958999872	0.354206
338.967000008	0.482543
343.698999882	0.423468
347.309000015	0.209569
349.815999985	0.334868
352.679999828	0.271969
356.109000206	0.23322
359.836000204	0.334271
361.911999941	0.308471
363.413000107	0.396997
365.025000095	0.219914
367.338000059	0.152233
368.446000099	0.19062
369.150000095	0.411512
370.078000069	0.29084
372.205000162	0.418056
373.870000124	0.349454
376.202000141	0.170966
377.75	0.14652
379.118999958	0.471185
380.638999939	0.455831
381.426000118	0.849025
382.181999922	0.605254
383.414000034	0.523066
384.961000204	0.072305
387.262000084	0.789586
388.982000113	0.006404
391.287999868	0.383207
393.319000006	0.91907
395.218999863	0.281084
397.15899992	0.907692
399.226999998	0.724066
401.218999863	1.049563
403.218999863	0.039315
405.218999863	0.847352
407.058000088	0.269592
409.207000017	0.482492
411.231999874	0.003761
413.217999935	0.503374
415.218999863	0.599001
417.226000071	0.417147
419.217999935	0.553008
421.578000069	0.184175
423.565999985	0.393189
425.493999958	0.42591
427.217999935	0.804947
