0.0	0.538332
0.213000059128	0.54506
0.386999845505	0.54506
0.584000110626	0.46439
0.80999994278	0.627523
1.03399991989	0.583289
1.27699995041	0.663726
1.45600008965	0.663726
1.93899989128	0.477379
3.99599981308	0.565309
6.01399993896	0.555029
7.8259999752	0.458049
9.90499997139	0.294819
11.8139998913	0.04911
13.8109998703	0.059403
15.8549997807	0.011022
17.8880000114	0.289549
19.9589998722	0.614003
21.7879998684	0.614003
23.8459999561	0.614003
25.9279999733	0.043968
28.0090000629	0.008887
29.8159999847	0.417209
31.876999855	0.437976
34.0669999123	0.441823
35.7860000134	0.319744
37.8589997292	0.140479
39.9429998398	0.472528
42.0450000763	0.579819
43.8869998455	0.112484
45.9589998722	0.035364
47.9679999352	0.381287
49.9429998398	0.034375
51.9059998989	0.302645
53.9259998798	0.128576
55.9959998131	0.20482
57.8080000877	0.475945
59.885999918	0.006152
61.9559998512	0.163038
64.0169999599	0.29037
65.8369998932	0.396977
67.9159998894	0.538181
70.0059998035	0.478792
72.1519999504	0.376936
74.0029997826	0.376936
76.0669999123	0.075336
78.0559999943	0.480843
79.8729999065	0.447614
82.0	0.447614
84.0279998779	0.161261
85.8869998455	0.020908
87.9059998989	0.095635
89.9789998531	0.459935
92.3079998493	0.136809
94.75	0.353406
96.7269997597	0.356641
98.882999897	0.468873
101.121999979	0.477798
102.764999866	0.244036
104.724999905	0.479055
106.648999929	0.379538
108.731999874	0.021049
110.861000061	0.451468
112.737999916	0.072913
114.816999912	0.348948
116.626999855	0.475468
118.705999851	0.028331
120.78399992	0.427966
122.963999748	0.047401
124.785000086	0.304158
126.727999926	0.329977
128.960999966	0.134
130.897000074	0.561898
132.785000086	0.082289
134.822999954	0.229221
136.826999903	0.12287
138.90899992	0.087863
140.72699976	0.456543
142.819999695	0.46314
144.857999802	0.235247
146.91899991	0.331258
148.738999844	0.458273
151.878000021	0.504559
153.357999802	0.0184
154.697999954	0.345165
157.346999884	0.442901
159.622999907	0.459615
161.426999807	0.170598
163.477999926	0.305915
165.365999937	0.057348
167.382999897	0.482459
169.351999998	0.569124
171.457000017	0.22171
173.368999958	0.225145
175.278999805	0.060648
177.417999983	0.13503
179.461999893	0.047454
181.309000015	0.183286
183.582999945	0.052198
186.464999914	0.254215
188.11899972	0.328364
189.914999723	0.30693
191.743999958	0.035739
193.613999844	0.319134
195.665999889	0.005436
197.480000019	0.289423
199.913999796	0.316204
201.661000013	0.23504
203.855999947	0.245485
206.565000057	0.225945
208.461999893	0.014536
209.55099988	0.290112
211.41899991	0.312022
213.91899991	0.282278
215.944999933	0.216408
217.974999905	0.254128
219.638000011	0.036854
221.598999739	0.075318
223.347999811	0.141319
226.606999874	0.091923
229.410999775	0.212659
231.769999981	0.149837
232.737999916	0.024825
234.161000013	0.147019
235.801999807	0.035662
237.907999754	0.226926
239.447999954	0.505825
241.47300005	0.595888
243.365999937	0.463588
245.417999983	0.186772
247.494999886	0.533997
249.587999821	0.340917
251.411999702	0.595239
253.481999874	0.432068
255.652999878	0.027755
257.358999729	0.067366
259.427999735	0.135119
262.07799983	0.238002
263.640000105	0.401354
265.688999891	0.462801
267.453999996	0.480441
269.517999887	0.466082
271.587999821	0.161627
273.47300005	0.476765
275.521999836	0.460858
277.509000063	0.460858
279.57799983	0.190259
281.657999992	0.234908
283.528000116	0.181392
285.789000034	0.336551
287.665999889	0.047023
289.480999947	0.247846
291.537999868	0.320359
293.61899972	0.238721
295.450999737	0.351004
297.478999853	0.426065
299.569000006	0.229328
301.388999939	0.151238
303.45600009	0.007098
305.624000072	0.451954
307.60800004	0.368859
309.438999891	0.22607
311.525999784	0.01529
313.615999937	0.051722
315.680000067	0.114372
317.854999781	0.455845
319.569000006	0.139304
321.648000002	0.315742
323.865999937	0.225929
325.498999834	0.026155
327.578999758	0.062639
329.667999744	0.476735
331.497999907	0.035774
333.689999819	0.184989
335.731999874	0.385093
337.483999729	0.502356
339.547999859	0.102278
341.608999968	0.42334
343.766999722	0.453701
345.57799983	0.185302
347.556999922	0.352699
350.519999981	0.144089
353.157999992	0.360016
354.805999994	0.231105
356.44299984	0.255778
358.298999786	0.370813
360.008000135	0.342019
362.401000023	0.326256
364.465999842	0.12609
366.06099987	0.2407
368.083999872	0.355129
369.52699995	0.447702
371.588999987	0.549478
373.65899992	0.031715
375.475999832	0.070648
377.536999941	0.379307
379.617999792	0.28465
381.688999891	0.108657
383.499999762	0.069047
385.578999758	0.287884
387.644999981	0.509431
389.718999863	0.45129
391.549999952	0.225918
393.715999842	0.322394
395.549000025	0.19503
397.536999941	0.538498
399.608999968	0.018172
401.689999819	0.112342
403.536999941	0.479374
405.572999954	0.198377
409.510999918	0.219929
410.499999762	0.481087
411.562999725	0.307893
413.61899972	0.027307
415.689999819	0.408064
417.764999866	0.413613
419.57799983	0.585773
421.670999765	0.00608
423.646999836	0.295102
425.651999712	0.231343
427.61899972	0.426405
429.512000084	0.524654
431.518999815	0.457903
433.630999804	0.264536
435.674999952	0.00582
438.177000046	0.448736
440.345000029	0.417294
441.79399991	0.148328
443.705999851	0.361361
445.789999962	0.32838
447.801999807	0.514716
449.66899991	0.458058
451.749000072	0.500353
453.921999931	0.166571
455.764999866	0.480686
457.720000029	0.44905
459.799999952	0.029563
461.600000143	0.439025
463.769999981	0.319802
465.797999859	0.072437
467.809999943	0.573031
469.61899972	0.478536
471.689999819	0.068316
473.770999908	0.300736
475.624000072	0.26339
477.659999847	0.154319
479.718999863	0.47938
481.774999857	0.560236
483.612999916	0.058257
485.671999931	0.246414
487.757999897	0.441379
489.82799983	0.110046
491.664999962	0.580455
493.708999872	0.336427
495.765999794	0.181143
497.84800005	0.100164
499.638999939	0.123557
501.730000019	0.178295
503.874999762	0.476988
505.923999786	0.416216
507.689999819	0.469968
509.760999918	0.520165
511.838999748	0.166646
513.728999853	0.307835
515.753999949	0.478577
517.819999695	0.256237
519.666999817	0.211788
521.701999903	0.048464
523.756999969	0.172097
525.809000015	0.066378
527.90199995	0.450528
529.65899992	0.042926
531.75	0.458845
533.821999788	0.379049
535.638000011	0.46877
537.843999863	0.457652
539.779999733	0.081128
541.878999949	0.076185
543.688999891	0.323961
546.086999893	0.035464
547.845999956	0.408521
549.669999838	0.420335
551.75999999	0.105614
553.653999805	0.367028
555.689999819	0.015965
557.737999916	0.329198
559.809999943	0.063135
561.88499999	0.248959
563.939999819	0.474752
565.749000072	0.021948
567.845999956	0.401909
569.910999775	0.183038
571.730000019	0.459342
573.780999899	0.568763
575.971999884	0.112583
578.013999939	0.485144
579.684999943	0.303213
581.829999924	0.477825
583.968999863	0.431544
585.720000029	0.090992
587.776000023	0.4528
589.861000061	0.488002
591.906999826	0.534533
593.795999765	0.217868
595.843999863	0.123869
597.899999857	0.033
599.712000132	0.049262
602.770999908	0.151692
603.878000021	0.243523
605.690999746	0.210879
607.790999889	0.428554
609.853999853	0.463703
611.924999952	0.046398
613.739999771	0.442398
615.785000086	0.553393
617.953999996	0.269159
619.960000038	0.478741
621.773000002	0.444731
623.889999866	0.284493
625.939999819	0.359261
627.796999931	0.05502
629.849999905	0.037469
631.924999952	0.158341
633.755999804	0.223002
635.833999872	0.484467
637.869999886	0.440742
639.930999756	0.362133
642.002999783	0.228039
645.211999893	0.022882
646.029000044	0.442855
647.960999966	0.419044
649.770999908	0.499316
651.870999813	0.460708
654.014999866	0.083772
656.045000076	0.355217
657.886999846	0.346127
659.881999969	0.479062
661.960000038	0.162081
663.770999908	0.309194
667.818999767	0.437985
670.145999908	0.002201
670.904000044	0.478947
672.112999916	0.35465
673.870999813	0.590737
675.861000061	0.259308
677.779999733	0.360475
679.849999905	0.078872
681.921000004	0.175589
683.970999956	0.345643
685.814999819	0.052079
687.842999935	0.567915
690.547999859	0.477882
692.025999784	0.478679
693.932999849	0.113476
695.977999926	0.41194
697.861000061	0.372587
700.06099987	0.464204
701.871999979	0.464204
703.96999979	0.36028
706.023999929	0.455506
707.861000061	0.340373
711.130999804	0.190062
711.878000021	0.433615
714.030999899	0.289437
715.864000082	0.440326
717.920000076	0.31495
720.0	0.473949
723.244999886	0.27834
724.681999922	0.252664
726.111999989	0.28791
728.05099988	0.4484
730.046999931	0.150595
731.921999931	0.480127
734.075999737	0.164782
738.218999863	0.314845
739.099999666	0.454171
740.099999666	0.453841
742.002999783	0.096515
744.070999861	0.477463
745.881000042	0.477463
748.01699996	0.465535
749.985999823	0.534874
752.101999998	0.065453
753.948999882	0.34665
755.992000103	0.576946
758.082000017	0.021882
759.881999969	0.519763
761.994999886	0.018529
764.06400013	0.446172
766.265999794	0.475284
767.920000076	0.481166
769.960000038	0.495332
772.030999899	0.546671
774.218999863	0.479367
775.926999807	0.479367
778.105999947	0.088013
780.051999807	0.564254
782.131999731	0.464508
783.922999859	0.464508
786.09499979	0.464508
788.145999908	0.464508
789.91899991	0.597041
791.980999947	0.597041
794.070999861	0.637972
796.203999758	0.637972
797.989000082	0.359463
800.030999899	0.510863
802.101999998	0.510863
803.921000004	0.594357
805.990999937	0.415421
808.049999952	0.415421
810.121999979	0.366062
811.953000069	0.366062
814.011999846	0.087493
816.210999727	0.107037
818.266999722	0.355883
819.977999926	0.355883
822.069000006	0.355883
824.187999725	0.526907
826.032000065	0.526907
828.089999914	0.526907
830.112999916	0.526907
832.162999868	0.542113
834.034999847	0.542113
836.082000017	0.542113
838.131999731	0.542113
840.198999882	0.542113
842.010999918	0.583274
844.105000019	0.583274
846.14199996	0.583274
847.982999802	0.583274
850.06400013	0.583274
852.131999731	0.594208
853.965999842	0.594208
855.993000031	0.559473
858.217000008	0.559473
860.162999868	0.093607
861.980999947	0.574082
864.141000032	0.574082
866.171999693	0.621296
868.23300004	0.596873
870.013000011	0.596873
872.086999893	0.50484
874.172999859	0.50484
876.230999947	0.50484
878.062999725	0.284416
880.121999979	0.198016
882.191999912	0.198016
884.001999855	0.019069
886.082999945	0.123107
888.152999878	0.286828
890.241999865	0.536651
892.051999807	0.568074
894.249000072	0.568074
896.289000034	0.568074
898.001999855	0.480694
900.06799984	0.442324
902.144999981	0.181053
904.217999935	0.477535
906.032000065	0.180467
908.173999786	0.013761
910.172999859	0.203582
912.241999865	0.244538
914.30099988	0.007081
916.154999733	0.079346
918.194999933	0.053487
920.222999811	0.458598
922.051999807	0.480049
924.132999897	0.17028
926.194000006	0.073795
928.07799983	0.350713
930.048000097	0.447539
932.128999949	0.259284
934.197000027	0.248837
936.032999992	0.331913
938.128000021	0.451734
940.461999893	0.146102
942.23300004	0.548493
944.093999863	0.483141
946.260999918	0.470854
948.110999823	0.293759
950.292999983	0.464222
952.112999916	0.624773
954.898000002	0.405177
956.913999796	0.480953
958.346999884	0.479179
960.15199995	0.452692
962.230999947	0.100178
964.142999887	0.239763
966.133999825	0.150993
969.06400013	0.05333
970.088000059	0.434982
972.082999945	0.02444
974.153999805	0.023743
976.172999859	0.335087
978.062999725	0.390642
980.150999784	0.447791
982.22699976	0.155585
984.345000029	0.182751
986.195999861	0.297553
988.458999872	0.377373
990.240999937	0.516282
992.332999945	0.463881
994.195999861	0.487704
996.223999977	0.211585
998.292999983	0.481061
1000.12299991	0.447519
1002.19300008	0.133695
1004.26799989	0.168417
1006.09499979	0.474969
1008.18400002	0.432576
1010.24499989	0.476369
1012.32399988	0.036076
1014.15299988	0.331031
1016.34100008	0.474231
1018.3579998	0.4812
1020.36100006	0.197792
1022.19400001	0.10734
1024.2809999	0.363216
1026.14999986	0.284771
1028.18499994	0.481817
1030.20399976	0.370848
1032.55099988	0.151893
1034.74499989	0.332902
1036.42599988	0.40871
1038.21300006	0.394817
1040.28199983	0.494502
1042.36399984	0.140664
1044.15899992	0.204759
1046.84200001	0.402218
1049.75399995	0.477273
1051.33299994	0.242184
1052.75200009	0.480531
1054.86599994	0.481965
1056.45799994	0.186064
1058.62799978	0.479883
1060.4059999	0.295743
1062.54699993	0.378683
1065.27799988	0.084138
1067.10599995	0.381103
1068.32299995	0.480675
1070.36399984	0.484741
1072.44699979	0.530095
1074.3579998	0.438678
1076.3440001	0.321333
1078.41099977	0.514296
1080.25	0.462661
1082.30299973	0.479721
1084.49499989	0.475582
1086.54299974	0.406553
1088.38400006	0.317276
1090.37399983	0.457353
1092.46399999	0.153643
1095.61799979	0.117991
1096.85599995	0.475228
1098.44399977	0.310303
1100.30999994	0.386647
1102.57099986	0.477064
1104.40399981	0.016294
1106.22599983	0.161963
1110.30099988	0.112517
1111.12899995	0.479291
1112.43400002	0.447212
1114.45099974	0.293723
1117.28999996	0.473556
1118.37499976	0.332435
1120.44399977	0.521495
1122.26399994	0.474039
1124.33399987	0.086042
1126.48799992	0.528104
1128.53499985	0.264863
1130.30799985	0.452504
1132.36399984	0.454237
1134.477	0.393963
1137.625	0.412405
1138.32299995	0.399803
1140.45300007	0.367502
1142.4849999	0.11687
1144.31099987	0.237403
1146.37399983	0.497956
1148.45499992	0.422124
1151.02999997	0.455183
1152.329	0.236033
1154.29999971	0.468717
1156.50399995	0.191012
1158.29099989	0.366755
1160.48699975	0.135105
1162.48399973	0.53883
1164.37800002	0.047852
1166.91799998	0.479557
1168.26499987	0.138529
1170.5389998	0.027194
1172.34599996	0.180378
1174.42199993	0.174625
1176.49499989	0.073526
1178.30500007	0.300939
1180.37800002	0.483474
1182.45700002	0.575792
1184.50399995	0.606444
1186.31399989	0.606444
1188.38400006	0.222911
1190.46499991	0.157719
1192.53399992	0.486389
1194.36100006	0.122133
1196.40699983	0.321478
1198.49499989	0.1432
1200.66599989	0.480626
1202.37599993	0.092294
1204.51999998	0.462765
1207.18899989	0.43752
1208.40100002	0.347628
1210.99799991	0.151623
1212.32999992	0.45292
1214.58500004	0.461081
1216.40100002	0.376547
1219.06999993	0.381664
1220.53600001	0.464406
1222.61399984	0.340355
1224.42400002	0.127169
1226.44899988	0.150889
1228.67599988	0.046351
1230.33899975	0.608821
1233.35599971	0.092883
1234.71099973	0.453343
1236.58500004	0.295202
1238.45899987	0.501195
1240.55499983	0.367308
1242.54400015	0.076932
1244.35499978	0.115493
1246.50900006	0.18355
1248.4599998	0.232167
1250.58799982	0.525562
1252.38499999	0.470792
1254.45600009	0.367312
1257.02999997	0.479461
1258.82299995	0.442071
1261.36599994	0.474718
1262.49499989	0.016435
1264.48399973	0.45451
1267.46199989	0.050115
1268.91700006	0.479447
1270.52099991	0.305411
1272.59899974	0.06941
1274.42699981	0.263916
1276.40699983	0.459797
1279.62299991	0.474543
1280.39499974	0.476806
1282.4679997	0.460521
1285.02599978	0.471116
1286.64699984	0.461712
1288.48000002	0.456307
1290.55599976	0.270399
1292.59499979	0.585634
1294.44499993	0.216881
1296.51499987	0.38199
1298.59799981	0.339485
1300.64499998	0.445065
1302.45499992	0.479998
1304.52399969	0.142203
1306.70499992	0.006766
1308.54799986	0.526569
1310.50499988	0.257045
1312.58699989	0.052566
1315.36000013	0.062915
1316.46699977	0.393268
1318.63499975	0.437566
1320.75	0.021691
1322.66699982	0.388482
1324.4749999	0.177793
1326.55599976	0.402142
1328.66799974	0.15069
1330.46299982	0.24937
1332.50999999	0.53873
1334.61699986	0.16064
1336.42799973	0.023211
1338.49699998	0.088923
1340.56500006	0.457524
1342.6309998	0.015153
1344.45499992	0.515498
1346.52599978	0.001856
1348.69199967	0.257148
1350.6960001	0.546827
1352.5059998	0.14022
1354.58999991	0.244028
1356.68399978	0.036162
1358.62100005	0.040923
1360.53600001	0.007093
1362.60599995	0.328562
1364.72099996	0.456623
1366.50900006	0.4674
1368.58500004	0.490734
1370.63800001	0.483511
1372.6960001	0.503773
1374.53999972	0.59826
1376.59599972	0.344065
1378.67099977	0.256256
1380.75499988	0.552273
1382.57599998	0.059843
1384.64599991	0.344735
1386.78600001	0.300635
1388.53699994	0.384268
1390.69499993	0.436874
1392.66599989	0.107085
1394.73600006	0.162583
1396.62999988	0.437783
1398.66499996	0.528865
1400.6960001	0.30849
1402.76699972	0.463961
1404.625	0.453436
1406.66400003	0.390544
1408.71799994	0.424
1410.5619998	0.476216
1412.61999989	0.547455
1414.70599985	0.155612
1416.54799986	0.385769
1418.74499989	0.458898
1421.20799994	0.321794
1422.85399985	0.269297
1424.68000007	0.205555
1426.7349999	0.088038
1428.9920001	0.292732
1430.56599998	0.452086
1432.64699984	0.219255
1434.6960001	0.090477
1436.75699997	0.303587
1438.60899997	0.214883
1440.68399978	0.451571
1443.10100007	0.478737
1444.93899989	0.452856
1446.648	0.473571
1448.70799971	0.442795
1450.71700001	0.541262
1452.57999969	0.469737
1454.69199967	0.193925
1457.23099995	0.614701
1458.55099988	0.455337
1460.59299994	0.380965
1464.36100006	0.202408
1465.85099983	0.373956
1467.29399991	0.483645
1468.93199968	0.393304
1470.70599985	0.529177
1472.77099991	0.464755
1474.7099998	0.159717
1476.704	0.397389
1478.75	0.470646
1480.84200001	0.01234
1482.64699984	0.408937
1484.75	0.165897
1486.79699993	0.403841
1488.60800004	0.437878
1490.68299985	0.472569
1492.7579999	0.289332
1494.9059999	0.600527
1496.6329999	0.468199
1498.72699976	0.292993
1500.92299986	0.301679
1502.83699989	0.080429
1504.69400001	0.08822
1506.74299979	0.305149
1508.773	0.37127
1510.91499972	0.235164
1512.6869998	0.126886
1514.65199971	0.012249
1516.86799979	0.294024
1518.6869998	0.17351
1521.75300002	0.473811
1524.88800001	0.401405
1525.85499978	0.480519
1527.35499978	0.215043
1528.92000008	0.477982
1530.87699986	0.474097
1532.66400003	0.491282
1534.88599992	0.060695
1536.78699994	0.472837
1538.95200014	0.203978
1540.79599977	0.419585
1542.65899992	0.118957
1544.90999985	0.242108
1546.73600006	0.484233
1548.79699993	0.481685
1550.78900003	0.407073
1553.50900006	0.229859
1555.79200006	0.406798
1556.773	0.481413
1558.84800005	0.467003
1560.9059999	0.481545
1562.72000003	0.479966
1567.28199983	0.060147
1567.97899985	0.479218
1569.13800001	0.197893
1570.70899987	0.079699
1572.77600002	0.490553
1574.87199998	0.467254
1576.92799997	0.30651
1578.71700001	0.06021
1580.75099993	0.545695
1582.86699986	0.005938
1584.69799995	0.582654
1586.88100004	0.582654
1588.92699981	0.033401
1590.91700006	0.59174
1592.72799993	0.484593
1594.99899983	0.173034
1596.86799979	0.336121
1598.96399975	0.430727
1600.80299973	0.399441
1602.86100006	0.475808
1604.96499991	0.488636
1606.74499989	0.427003
1610.66100001	0.195766
1611.68000007	0.110142
1612.93700004	0.179762
1614.76499987	0.572421
1617.20599985	0.478508
1618.89899993	0.31232
1620.96299982	0.476958
1622.78799987	0.458582
1625.36699986	0.602666
1627.51599979	0.402663
1629.1159997	0.242641
1630.91299987	0.479004
1632.90400004	0.401875
1634.96799994	0.014463
1636.90100002	0.013757
1638.9289999	0.553191
1641.27899981	0.372876
1643.7639997	0.327904
1645.125	0.098422
1646.898	0.332118
1648.79799986	0.329478
1650.9829998	0.332112
1652.85999966	0.462162
1654.93600011	0.026995
1657.13700008	0.478599
1659.19499993	0.486652
1661.19300008	0.164384
1662.80599999	0.477892
1664.79799986	0.234159
1666.95499992	0.485768
1669.00299978	0.165999
1671.03799987	0.120398
1672.8579998	0.320785
1674.94599986	0.483871
1676.80299973	0.230146
1678.83599973	0.138305
1680.90799975	0.234508
1682.96799994	0.489143
1685.03799987	0.40424
1686.84899998	0.473999
1689.50099993	0.321584
1691.25899982	0.434852
1693.06799984	0.199307
1694.89299989	0.478658
1696.94899988	0.354601
1699.14100003	0.477806
1700.87599969	0.568006
1702.9289999	0.479319
1706.44699979	0.298195
1708.1329999	0.356839
1709.15700006	0.333935
1710.99000001	0.557343
1713.04900002	0.059648
1714.86799979	0.460588
1716.93799996	0.006574
1719.00800014	0.053943
1720.82799983	0.434762
1722.89899993	0.478631
1724.97399998	0.563824
1727.03999996	0.068533
1728.86299992	0.037415
1730.94899988	0.470766
1732.9289999	0.057531
1734.84599996	0.492942
1737.00399971	0.517677
1739.04900002	0.297132
1741.04999995	0.297887
1742.98599982	0.035784
1745.05599999	0.478911
1747.07799983	0.335719
1749.1159997	0.568762
1750.91899991	0.378745
1752.99799991	0.41815
1755.0599997	0.258079
1757.13800001	0.305297
1758.94999981	0.380184
1761.02999997	0.442626
1763.06500006	0.591602
1764.92999983	0.101822
1767.10400009	0.374825
1768.95300007	0.357187
1770.91799998	0.097051
1773.04199982	0.345901
1775.05899978	0.462907
1777.15299988	0.480623
1778.99499989	0.458651
1780.99799991	0.444106
1783.08599997	0.169223
1784.89899993	0.188753
1787.00999999	0.091522
1789.06900001	0.181564
1791.14100003	0.456934
1792.95499992	0.471911
1795.02999997	0.453438
1797.21899986	0.469744
1800.96899986	0.332269
1802.13999987	0.071261
1803.39399981	0.207987
1805.11899972	0.158412
1806.93400002	0.279618
1808.98900008	0.521564
1811.03399992	0.492458
1813.12899995	0.348414
1816.02999997	0.422918
1817.0769999	0.32075
1819.06900001	0.396865
1821.18199992	0.467496
1823.04199982	0.243291
1826.73999977	0.429065
1827.55200005	0.492843
1829.16100001	0.007449
1830.98900008	0.492799
1833.0619998	0.115986
1835.10100007	0.54386
1837.20599985	0.329464
1839.84299994	0.446365
1841.21999979	0.482016
1843.20000005	0.480057
1845.00800014	0.595021
1847.18199992	0.055041
1849.25600004	0.311837
1850.9920001	0.49319
1853.06900001	0.462016
1855.13999987	0.005861
1857.26499987	0.479629
1859.07499981	0.110547
1861.07099986	0.549638
1863.16899991	0.180731
1864.99799991	0.124788
1867.07899976	0.250172
1869.14199996	0.601911
1871.19899988	0.369077
1873.01899981	0.462372
1875.09399986	0.471533
1877.15899992	0.291262
1879.33899975	0.061639
1881.04900002	0.074196
1883.11299992	0.560311
1885.20899987	0.483835
1887.12199998	0.080363
1889.16899991	0.081964
1891.12000012	0.270491
1893.27599978	0.193292
1895.05899978	0.581872
1897.18400002	0.314681
1899.23399997	0.480395
1901.7019999	0.171863
1903.10899997	0.05881
1905.18899989	0.017729
1907.03999996	0.312823
1909.06900001	0.381793
1911.13899994	0.409005
1913.21999979	0.100936
1915.37199974	0.480671
1917.07799983	0.441306
1919.14999986	0.485392
1921.23200011	0.477321
1923.05299997	0.357061
1925.1099999	0.477598
1927.29499984	0.447941
1929.33799982	0.011825
1931.03499985	0.380445
1933.14999986	0.104709
1935.21899986	0.190737
1937.31899977	0.133271
1939.13999987	0.075912
1941.20000005	0.541252
1943.25999975	0.035628
1945.06900001	0.011318
1947.23799992	0.297786
1949.2809999	0.396504
1951.29099989	0.530683
1953.09899974	0.481758
1955.15199995	0.522962
1957.7019999	0.054895
1959.17099977	0.480495
1961.12999988	0.234115
1963.23000002	0.486299
1965.27699995	0.016285
1967.35099983	0.340645
1969.16100001	0.224546
1971.88599992	0.454295
1973.07399988	0.481774
1975.41999984	0.478014
1977.20000005	0.290645
1979.2809999	0.479991
1981.82099986	0.425691
1983.50999999	0.24676
1985.17700005	0.47987
1987.42400002	0.295408
1989.22199988	0.37351
1991.12299991	0.149203
1993.25999975	0.483501
1995.32999992	0.4716
1997.24499989	0.30052
1999.26900005	0.44826
2001.49899983	0.444842
2003.37499976	0.510851
2005.16000009	0.480437
2007.25600004	0.329087
2009.31399989	0.404577
2011.39899993	0.456827
2013.22599983	0.588459
2015.31099987	0.451001
2017.36399984	0.482062
2019.16999984	0.331677
2021.25	0.486775
2023.31999993	0.479906
2025.38999987	0.212197
2027.20599985	0.441179
2029.36100006	0.393554
2031.40899992	0.337884
2033.27999997	0.295619
2035.25	0.226143
2037.36299992	0.461849
2040.02599978	0.02913
2041.58599997	0.478322
2043.5769999	0.445824
2045.18199992	0.035559
2047.18999982	0.147156
2049.273	0.428585
2051.14799976	0.323932
2053.15499973	0.466468
2055.23599982	0.217778
2057.32099986	0.374672
2059.69499993	0.077435
2061.30799985	0.45961
2063.35899973	0.344318
2065.3499999	0.045046
2067.46399999	0.38392
2069.7249999	0.417462
2071.30999994	0.020028
2073.21199989	0.111841
2075.19400001	0.590931
2078.27899981	0.432307
2079.39299989	0.475825
2081.43400002	0.481081
