0.0	0.05523
0.195999860764	0.774
0.319000005722	1.715954
0.40499997139	1.715954
0.471999883652	1.715954
0.552000045776	1.715954
0.658999919891	1.715954
0.746000051498	1.715954
1.69299983978	2.257335
3.51900005341	4.189082
5.69199991226	4.189082
7.69299983978	4.189082
9.69199991226	4.189082
11.6919999123	4.189082
13.6919999123	4.189082
15.7039999962	4.189082
17.7039999962	4.189082
19.7039999962	4.189082
21.7039999962	4.189082
23.7060000896	4.189082
25.7089998722	3.662778
27.5190000534	3.662778
29.7089998722	3.662778
31.7089998722	3.662778
33.7089998722	5.296153
35.7099997997	5.07339
37.7019999027	5.464726
39.7099997997	4.8459
41.7089998722	5.672599
43.7089998722	5.672599
45.6959998608	1.854309
47.7039999962	4.645825
49.6949999332	4.645825
51.5439999104	4.645825
53.7000000477	5.52575
55.7009999752	4.195274
57.7119998932	6.221742
59.7099997997	5.879865
61.7109999657	0.911369
63.7089998722	4.75983
65.7819998264	0.428609
67.7009999752	0.911369
69.7019999027	0.911369
71.7099997997	1.524457
73.7019999027	2.243085
75.7009999752	2.243085
77.7019999027	2.243085
79.7019999027	2.659392
81.7019999027	4.358043
83.7030000687	4.834754
85.7019999027	2.641891
87.7030000687	4.363108
89.7019999027	4.03914
91.7009999752	2.903326
93.7109999657	4.703563
95.7119998932	4.164908
97.7179999352	4.164908
99.7009999752	5.642148
101.700999975	4.557246
103.700000048	4.557246
