0.0	0.533056
0.132999897003	0.526933
0.552000045776	0.536998
0.860999822617	0.561916
1.9319999218	0.49786
2.92199993134	0.493768
3.89799976349	0.535165
4.78799986839	0.520804
5.52899980545	0.480702
7.10199999809	0.510798
8.69900012016	0.545908
10.2720000744	0.503961
10.5969998837	0.534691
11.3929998875	0.535525
13.3699998856	0.522932
15.367000103	0.505028
17.3809998035	0.534316
19.3809998035	0.505057
21.6710000038	0.385564
23.521999836	0.515401
25.3680000305	0.499497
27.3830001354	0.565694
29.4030001163	0.542448
31.3580000401	0.505959
33.3919999599	0.332743
37.2019999027	0.341916
40.364000082	0.527677
42.4319999218	0.429738
43.7009999752	0.488521
44.8429999352	0.337254
46.4240000248	0.520313
47.5849997997	0.513678
49.4659998417	0.303
51.385999918	0.362076
53.8659999371	0.103075
55.3379998207	0.517825
57.3989999294	0.232163
59.5420000553	0.335421
61.3729999065	0.477292
63.368999958	0.427128
65.4169998169	0.450497
67.3740000725	0.388473
72.9809999466	0.11728
75.0300002098	0.318728
77.1579999924	0.445232
78.2089998722	0.280825
79.0249998569	0.304288
81.1549999714	0.383612
83.5469999313	0.523074
86.2710001469	0.412779
88.4309999943	0.526256
89.9630000591	0.524843
91.257999897	0.267048
92.7000000477	0.464172
94.0490000248	0.512233
96.0929999352	0.40154
98.5429999828	0.340167
99.9289999008	0.440791
101.36500001	0.394699
103.376999855	0.558297
105.371999979	0.485733
107.619999886	0.499261
109.617999792	0.512793
111.617999792	0.544937
113.630000114	0.531043
115.625999928	0.533671
117.611999989	0.510701
119.61500001	0.538212
121.61500001	0.48207
123.630000114	0.46902
125.624000072	0.062479
128.207000017	0.247882
131.388999939	0.175609
133.801999807	0.503091
134.918000221	0.51952
136.039000034	0.516619
137.61500001	0.527479
139.625999928	0.5484
141.624000072	0.539526
143.630000114	0.422309
145.635999918	0.466632
147.421000004	0.496976
149.620999813	0.546089
151.625	0.361102
153.615999937	0.524415
155.627000093	0.515854
159.161999941	0.199479
161.279999971	0.189353
163.351999998	0.156747
164.936999798	0.209279
166.444999933	0.090962
168.27699995	0.202764
169.987999916	0.280474
171.61500001	0.30076
173.620999813	0.531706
177.059000015	0.380137
180.488999844	0.401783
184.569999933	0.527235
187.363000154	0.344012
189.860999823	0.172709
192.407000065	0.160542
197.128999949	0.151694
199.311000109	0.156395
201.428999901	0.355932
202.25999999	0.513361
202.896999836	0.445451
203.729999781	0.485132
204.546999931	0.533882
205.836999893	0.497563
207.042999983	0.52094
208.328999996	0.434888
209.419000149	0.303975
210.443000078	0.564502
212.273999929	0.549807
213.625999928	0.499713
215.618999958	0.398871
219.42599988	0.184186
221.907000065	0.217805
224.502000093	0.206469
227.046000004	0.210683
229.34800005	0.241828
231.746999979	0.236597
233.718000174	0.237399
234.81400013	0.288787
236.788999796	0.498992
238.457000017	0.544985
