1208217
1140599
715722
698470
487713
1212359
1288410
486254
684927
1332582
718553
705106
1234611
889548
735629
1061471
462743
374620
434642
971412
1126459
1593658
1659353
1361771
1060643
620894
913281
640837
1137052
901408
1015139
974897
748550
979852
880762
697057
788975
677733
770583
890294
821159
944281
1124274
1430900
1389774
1045221
1323735
371111
795467
604207
540813
1402897
642055
1067210
884531
1124172
937157
1443898
1263394
1063846
725793
517193
796976
787077
1704743
776092
1272435
1044172
1015960
1092742
1234627
863126
976371
1109346
873332
681848
797180
823053
785657
803803
1079623
940705
669401
725171
840167
1142648
1346083
1141161
776798
871749
749736
1127279
1222040
991125
1143930
1490621
825988
916315
599099
1006055
770726
801386
369550
689026
565513
990868
1201085
1208878
774236
1183805
700561
812735
933038
942078
767878
611451
772403
707056
1538982
1041501
777229
1045291
1270124
916581
763481
635114
691160
981036
943703
1214292
1044686
654920
1119372
1239417
1136963
918610
494303
344242
394370
380324
445333
392060
280044
215842
394462
373909
424298
464380
211490
47084
