0.0	1.465741
0.163000106812	1.514579
0.342000007629	1.514579
0.71399974823	1.471879
1.19900012016	1.437662
1.77900004387	1.401158
2.59000015259	1.927759
2.94400000572	1.687196
3.27200007439	1.862507
3.96999979019	1.862907
5.72199988365	1.932691
7.72399997711	0.010494
9.72499990463	0.036492
11.7219998837	0.670682
13.7209999561	0.024582
15.7379999161	2.591941
17.7209999561	0.008693
19.7160000801	0.028734
21.7180001736	3.206668
23.7230000496	1.314995
25.7119998932	3.237106
27.7109999657	0.003138
29.7180001736	0.64044
31.7200000286	0.043027
33.7079999447	0.0082
35.7129998207	4.878038
37.7230000496	4.439911
39.7209999561	2.908712
41.7000000477	0.038729
43.7319998741	0.008911
45.7150001526	0.040827
47.7059998512	0.009275
49.7219998837	0.561879
51.7030000687	0.419458
53.7100000381	1.359724
55.7089998722	1.740467
57.7049999237	1.831482
59.7059998512	0.011256
61.7299997807	3.404435
63.7109999657	5.216438
65.7079999447	1.216175
67.6990001202	0.044783
69.9670000076	0.011683
71.7079999447	0.647988
73.6960000992	0.615183
75.7139997482	0.59489
77.9550001621	0.810979
79.7219998837	0.616084
81.9500000477	0.017956
83.6979999542	0.038491
85.9709999561	3.996537
87.9509999752	0.705011
89.9570000172	0.705011
91.9649999142	1.262111
93.9539997578	3.617745
95.9699997902	4.156331
97.9470000267	0.756681
99.9529998302	0.011368
101.832999945	4.106584
103.960999966	3.569711
105.958000183	4.13643
107.957000017	1.951245
109.955000162	3.277997
111.958000183	4.138045
113.944999933	0.00379
116.536000013	4.691623
117.945999861	4.691623
119.953999758	0.213273
121.957000017	0.322663
124.470000029	0.025081
126.072999954	0.860187
127.980999947	0.944615
129.983999968	1.372179
131.976999998	1.253914
133.983999968	0.025557
135.98300004	1.499308
137.988999844	0.737259
139.957000017	1.572707
141.967000008	1.921549
143.968999863	2.245921
145.953999758	2.852432
147.943000078	0.039394
149.958000183	2.72247
151.95299983	1.954286
153.950000048	2.812738
155.944000006	3.136592
157.950999975	3.333503
159.960999966	0.655988
161.964999914	0.392203
163.972999811	4.183027
165.964999914	0.035085
167.96600008	4.087539
169.971999884	2.974966
171.972999811	4.156883
173.832999945	0.68387
175.960999966	0.041802
177.958000183	0.007994
179.958000183	2.807046
181.96999979	1.735353
183.963000059	2.271528
185.958000183	0.326456
187.953999758	3.330885
189.950999975	0.106193
191.961999893	0.010644
193.953999758	0.011583
195.947000027	1.415477
197.951999903	0.023414
199.948999882	0.235394
201.950000048	0.618457
203.957000017	0.012127
205.958000183	0.263218
207.960000038	0.023443
209.948999882	0.520276
211.951999903	0.010217
213.947999954	0.031244
215.944000006	0.061851
217.944000006	0.853611
219.947999954	0.126872
221.955000162	0.756716
223.961999893	0.002824
225.970999956	2.636389
227.964999914	0.053139
229.985999823	0.956825
231.976000071	0.843045
233.983999968	4.626257
235.950999975	0.452743
237.951999903	0.044909
239.95600009	0.009713
241.960999966	0.161176
243.953999758	0.497302
245.950000048	0.021806
247.960000038	0.029442
249.955000162	0.065696
251.950000048	0.011822
253.955000162	2.064465
255.975000143	0.018262
257.967000008	0.137756
259.961999893	0.690981
261.95299983	0.083619
263.959000111	0.010778
265.948999882	0.041824
267.947000027	0.0118
269.96999979	1.016532
271.971999884	0.201497
273.955000162	0.039163
275.957000017	0.040016
277.96600008	0.101987
279.948999882	1.946433
281.947000027	0.010131
283.950999975	0.384731
285.940999985	0.054324
287.947000027	0.517642
289.95299983	0.285603
291.945999861	0.045625
293.968999863	0.581308
295.976000071	0.081732
297.998000145	0.147593
299.998000145	0.056771
301.987999916	0.019479
303.98300004	0.024207
305.958000183	0.012969
307.976000071	0.044427
309.96999979	0.143547
311.945999861	0.009872
313.95600009	0.024715
316.19900012	0.041956
317.961999893	0.703253
320.19299984	0.008293
321.947000027	0.007746
323.961999893	0.0058
326.203999996	0.064219
327.960000038	0.077604
329.947000027	0.225781
332.081999779	0.6724
334.215000153	0.142383
336.207000017	0.199187
338.223999977	0.015022
340.200999975	0.050612
342.220000029	0.011465
344.398000002	0.014642
346.13499999	0.120766
348.217999935	1.918169
350.217999935	0.059414
352.195000172	2.323331
354.208999872	2.251361
356.207000017	0.041944
358.223999977	0.208131
360.339999914	0.28294
362.19900012	0.71102
364.203000069	0.075371
366.204999924	1.512786
368.215000153	0.00912
370.196000099	0.299388
372.200999975	0.374443
374.191999912	0.047473
376.196000099	0.127472
378.265999794	0.011002
380.171999931	0.026172
382.191999912	0.031617
384.203000069	0.07438
386.19900012	0.012803
388.190000057	0.01585
390.197000027	0.727117
392.203000069	0.459506
394.19900012	0.038405
396.19299984	0.161079
398.358999968	0.013153
400.959000111	0.006778
402.702000141	1.074162
404.281999826	0.140758
406.233999968	0.732846
408.220000029	0.135879
410.217000008	0.011798
412.22300005	1.336656
414.219000101	0.633854
416.230000019	0.027797
418.230000019	0.005856
420.2099998	0.070975
422.219000101	0.032916
424.203000069	0.012672
426.224999905	0.023673
428.105000019	3.097172
430.208999872	0.016854
432.207000017	2.639737
434.203000069	2.071016
436.200000048	4.142891
438.228999853	4.814366
440.220999956	4.378217
442.200000048	4.27754
444.19900012	4.27754
446.207999945	4.62769
448.210999966	1.916416
450.20600009	1.916416
452.064999819	5.640919
454.211999893	0.329876
456.207000017	0.097353
458.195000172	0.029458
460.200000048	1.438829
462.193999767	0.804102
464.211999893	0.031363
466.195000172	4.391851
468.198000193	4.913085
470.20600009	4.765798
472.208999872	5.789773
474.191999912	0.001158
476.207000017	0.971647
478.195000172	3.478316
480.220999956	0.513381
482.204999924	0.013045
484.20600009	4.25152
486.195000172	4.857539
488.200999975	0.716081
490.215000153	5.584638
492.203000069	0.769628
494.201999903	0.067076
496.198000193	1.207436
498.203000069	5.392969
500.217000008	0.727501
502.947999954	0.043128
504.289999962	0.015513
506.2099998	0.010688
508.19900012	2.837407
510.212999821	0.789765
512.203000069	0.214687
514.200999975	2.525165
516.200000048	1.596676
518.195000172	0.0145
520.190999985	5.254697
522.188999891	4.700429
524.200999975	0.740995
526.217999935	5.297175
528.187999964	4.340298
530.200999975	0.827742
532.197000027	0.022154
534.203999996	0.750688
536.204999924	5.735031
538.204999924	5.679988
540.211999893	5.679988
542.222000122	5.679988
544.217999935	4.570118
546.217000008	0.213422
548.223999977	5.076794
550.207999945	6.522752
552.198000193	0.018244
554.230000019	0.674155
556.212999821	0.029774
558.20600009	0.716034
560.198000193	4.609637
562.201999903	4.254574
564.19900012	0.99138
566.467000008	1.085935
568.2099998	0.012958
570.193999767	0.089523
572.454000235	0.778855
574.203999996	0.073626
576.460000038	3.365551
578.449999809	0.59465
580.195000172	3.289027
582.443000078	0.021857
584.447999954	2.210039
586.191999912	2.614881
588.451999903	0.273793
590.45600009	0.040323
592.444999933	0.037759
594.440999985	0.664488
596.446000099	1.431332
598.446000099	0.030235
600.45299983	0.010883
602.444999933	1.068213
604.447000027	0.509061
606.457000017	0.013451
608.447999954	0.080497
610.446000099	0.412955
612.447999954	0.118015
614.444999933	0.718494
616.449999809	0.05861
618.454000235	0.104699
620.337999821	1.616512
622.444000006	1.931933
624.454000235	0.053088
626.45299983	0.156524
628.618999958	0.002716
630.350000143	0.013749
632.449999809	0.11942
634.444999933	0.035988
636.443000078	0.010906
638.428999901	0.01929
640.42200017	0.193767
642.289999962	0.153117
644.441999912	0.007228
646.450999975	0.121297
648.451999903	2.538706
650.460000038	2.127637
652.447000027	3.970084
654.438000202	3.579206
656.444999933	3.671166
658.444999933	0.125524
660.444000006	2.439875
662.441999912	0.008836
664.447999954	0.639652
666.443000078	0.025785
668.450999975	0.742835
670.447000027	0.1074
672.447999954	0.826442
674.443000078	1.172184
676.440000057	0.023315
678.43900013	0.723656
680.440000057	2.384848
682.448999882	0.009588
684.441999912	3.290989
686.460000038	1.573112
688.45600009	0.098303
690.455000162	0.098481
692.364000082	0.014339
694.45299983	0.020227
696.449999809	0.282723
698.448999882	0.387633
700.450999975	0.041567
702.455000162	0.016559
704.447999954	0.008267
706.447999954	1.201044
708.45299983	2.79407
710.446000099	0.01592
712.446000099	0.911529
714.440999985	2.502699
716.440999985	0.990236
718.444999933	0.115973
720.448999882	0.261784
722.447999954	3.084384
724.449999809	0.055658
726.448999882	1.543093
728.454000235	0.095025
730.470999956	0.289109
732.448999882	0.09197
734.454000235	0.807999
736.444999933	0.064168
738.444999933	0.844575
740.447000027	1.473766
742.440999985	0.011675
744.440999985	3.197079
746.446000099	0.018436
748.448999882	0.019488
750.454000235	0.031981
752.443000078	0.027951
754.451999903	2.984554
756.457000017	0.006902
758.457999945	0.0067
760.463000059	0.036696
762.448999882	3.430703
764.449999809	0.74633
766.451999903	0.057519
768.444000006	0.024399
770.454000235	0.015465
772.448999882	0.168389
774.459000111	0.723833
776.457000017	0.430397
778.450999975	0.131714
780.457000017	0.045189
782.447999954	0.795601
784.993000031	0.015943
786.441999912	0.212463
788.441999912	0.022674
790.443000078	0.02996
792.448999882	0.011323
794.454000235	0.102953
796.450999975	0.018244
798.57799983	2.515576
800.45600009	0.060136
802.444999933	2.346072
804.457999945	0.011563
806.449999809	0.021292
808.443000078	0.147759
810.446000099	0.133114
812.448999882	0.716961
814.444999933	0.021438
816.696000099	2.11207
818.691999912	0.10519
820.457999945	0.010394
822.689999819	0.727886
824.444000006	1.059888
826.440999985	0.011304
828.691999912	0.157795
830.440999985	2.06036
832.689999819	0.055403
834.695000172	0.089737
836.441999912	0.715855
838.69299984	4.121837
840.697000027	1.093777
842.694000006	0.105418
844.697000027	0.743416
846.688999891	0.034858
848.69299984	0.238403
850.556999922	0.764639
852.689999819	0.158952
854.690999985	0.061947
856.697999954	0.237253
858.700999975	0.083688
860.688999891	0.857205
862.690999985	0.008311
864.695000172	0.079307
866.703999996	0.01418
868.697999954	0.009839
870.710000038	0.758873
872.710999966	0.129535
874.56099987	0.765314
876.710999966	1.903816
878.73300004	4.72788
880.720000029	4.038737
882.740999937	5.321074
884.717000008	0.639541
886.712999821	0.032132
888.717000008	0.286779
890.720999956	2.38241
892.719000101	0.009651
894.711999893	0.006908
896.710000038	0.056939
898.618999958	0.557546
900.747999907	0.008065
902.715000153	4.602643
904.727999926	5.011984
906.734000206	2.829721
908.721999884	4.005591
910.710000038	2.186594
912.697999954	0.051765
914.69900012	0.167631
916.69900012	0.014249
918.697000027	0.016668
920.696000099	0.266323
922.552000046	0.757702
924.710999966	2.72928
926.690999985	0.284757
928.689999819	0.05121
930.689999819	0.163239
932.691999912	0.850107
934.69299984	0.237794
936.694000006	4.414815
938.736000061	0.32162
940.569999933	0.196392
942.694000006	0.008716
944.69299984	0.191918
946.551000118	0.760364
948.690999985	0.011925
950.690999985	1.280218
952.691999912	0.078706
954.696000099	0.607749
956.69900012	0.797632
958.696000099	0.125442
960.69299984	0.119366
962.910000086	0.53043
964.771000147	0.018595
966.69299984	0.007728
968.688999891	0.012062
970.691999912	0.802695
972.689999819	3.964733
974.695000172	3.728201
976.689999819	2.421097
978.689999819	0.054575
980.690999985	0.837688
982.690999985	0.018759
984.688999891	0.011753
986.69299984	0.02808
988.702000141	0.233199
990.690999985	0.077582
992.695000172	0.206145
995.371000051	0.123435
998.132999897	0.014364
1000.16799998	0.002726
1001.92199993	0.022527
1003.22300005	0.086286
1005.15100002	0.014909
1006.69299984	0.041661
1008.69500017	0.022562
1010.69199991	0.040782
1012.69099998	0.429312
1014.68899989	0.094782
1016.68899989	0.031486
1018.67800021	0.030602
1020.69400001	1.055998
1022.69099998	0.019706
1024.70099998	0.02225
1026.69400001	3.304242
1028.69099998	0.015709
1030.68999982	0.111637
1032.70000005	0.206425
1034.69199991	0.041775
1036.69400001	0.357587
1038.69099998	1.910646
1040.68999982	0.01134
1042.70300007	0.805107
1044.69099998	0.027357
1046.69199991	0.007529
1048.69700003	0.166039
1050.70099998	0.037067
1052.69199991	0.220794
1054.69500017	0.204894
1056.69700003	0.003134
1058.68899989	0.213198
1060.69199991	0.214681
1062.68999982	0.061975
1064.69299984	0.011501
1066.95900011	0.714164
1068.70000005	0.061963
1070.69400001	0.026864
1072.94400001	0.034361
1074.94300008	0.008534
1076.69099998	0.030185
1078.94499993	0.026003
1080.68899989	0.219277
1082.94700003	0.039868
1084.94599986	0.072335
1086.69900012	1.515741
1088.94499993	5.297165
1090.71199989	0.094809
1092.95299983	0.141019
1094.95600009	1.906131
1096.95000005	3.679932
1098.96700001	0.029178
1100.95000005	0.139556
1103.21700001	0.041299
1105.51100016	0.02016
1108.14100003	0.023004
1110.22000003	0.234449
1111.37899995	0.158075
1112.94700003	0.048202
1114.94700003	0.021512
1116.94899988	4.226088
1118.95399976	0.167934
1121.16100001	0.050612
1123.90700006	0.016899
1126.079	0.063831
1128.76300001	0.016341
1130.58500004	0.114234
1131.82099986	0.008952
1133.10599995	0.084345
1134.95900011	0.469793
1136.96099997	1.265867
1138.94499993	0.060044
1140.94899988	1.844187
1142.94899988	0.097759
1144.95500016	0.044308
1146.95299983	0.588928
1148.94799995	0.008917
1150.94099998	0.227406
1152.80600023	0.815038
1154.95000005	0.771043
1156.94599986	0.007871
1158.94300008	0.670711
1160.95000005	0.841843
1162.9519999	4.580502
1164.95399976	0.079184
1166.95399976	0.157299
1168.94799995	0.012999
1170.96000004	0.025158
1172.96199989	1.985485
1174.95600009	0.063685
1176.87000012	4.297614
1178.96700001	0.088296
1180.98000002	1.352338
1182.95600009	0.454935
1184.98599982	0.307916
1186.97600007	0.022572
1188.97199988	0.242021
1191.00199986	0.061548
1192.98300004	1.121917
1194.98399997	3.745487
1196.98599982	0.617687
1198.97799993	0.025526
1200.89499998	2.042755
1202.96499991	0.019723
1204.97600007	0.063096
1206.96700001	0.681849
1208.97299981	4.432953
1210.97199988	4.22742
1212.96999979	0.247999
1214.95099998	0.343914
1216.95600009	0.809172
1218.95600009	0.017586
1220.94599986	0.031791
1222.95900011	0.257037
1224.852	0.607083
1226.93900013	0.140158
1228.95299983	1.567278
1230.95000005	2.26151
1232.95500016	3.615745
1234.94700003	0.01814
1236.94400001	1.148711
1238.93900013	0.091796
1240.94400001	0.030085
1242.94200015	0.14575
1244.93900013	0.870969
1246.9519999	1.011718
1248.90499997	0.011211
1251.00399995	1.884838
1252.94400001	0.381832
1254.94099998	0.015955
1256.94000006	1.740448
1258.93900013	0.840741
1260.94599986	0.01677
1262.93900013	0.625938
1264.94000006	0.01509
1266.94300008	3.999925
1268.94300008	0.014036
1271.09699988	0.028487
1273.16899991	0.021337
1275.15499997	0.013498
1278.81500006	0.007146
1280.23399997	0.201794
1281.82499981	0.079666
1283.20700002	0.24825
1284.94400001	0.050609
1286.94200015	0.165822
1288.94200015	0.062091
1290.94000006	0.032694
1292.94200015	0.771318
1294.94000006	1.891214
1296.94099998	0.082972
1298.94000006	2.314724
1300.94300008	0.052705
1302.94099998	0.208584
1304.94899988	0.142666
1306.94000006	0.820501
1308.94499993	0.011674
1310.95800018	0.121037
1312.94200015	0.03211
1314.94899988	0.138042
1316.96300006	0.852222
1318.94099998	0.223801
1320.93799996	0.826696
1323.19299984	4.532946
1325.204	1.475834
1326.93900013	2.714724
1328.94400001	6.398535
1331.19500017	0.734078
1332.94300008	5.484354
1335.19399977	5.507491
1336.94300008	0.16533
1339.2099998	0.0985
1341.22000003	7.187548
1343.22099996	7.114637
1345.2249999	0.602501
1347.22000003	0.009263
1349.22599983	0.622411
1351.20099998	0.021026
1353.19299984	0.492639
1354.98099995	0.377873
1357.204	0.113146
1359.20000005	0.137289
1361.20300007	0.763909
1363.21199989	0.007151
1365.21299982	0.064236
1367.20000005	0.116122
1369.1960001	0.717928
1371.19700003	0.122508
1373.204	2.724599
1375.20499992	3.208726
1377.20000005	2.541331
1379.19099998	2.416609
1381.19099998	0.619195
1383.19299984	1.789634
1385.19299984	3.070749
1387.19399977	0.054886
1389.19399977	0.719066
1391.20099998	0.006617
1393.19199991	0.625823
1395.1960001	0.010704
1397.19299984	0.083563
1399.19299984	0.685365
1401.19399977	0.337424
1403.18799996	0.057174
1405.1960001	2.613143
1407.204	0.009394
1409.2019999	0.014951
1411.19399977	0.035332
1413.20000005	0.87154
1415.19399977	0.675265
1417.1960001	0.734693
1419.18899989	1.112439
1421.19199991	0.626736
1423.20000005	0.139896
1425.19399977	0.039123
1427.2099998	0.685815
1429.22000003	0.010639
1431.23600006	3.035972
1433.22599983	0.008719
1435.19199991	0.043833
1437.21199989	0.115772
1439.19800019	0.446879
1441.20099998	0.729382
1443.19399977	0.315758
1445.204	0.041927
1447.19800019	0.05435
1449.1960001	0.648777
1451.19099998	0.01054
1453.19099998	2.246815
1455.19299984	3.248823
1457.19199991	3.354049
1459.19199991	1.095939
1461.19399977	0.011097
1463.19199991	5.977296
1465.1960001	0.028703
1467.19900012	0.440504
1469.19199991	0.327957
1471.26699996	0.017762
1473.19399977	1.645479
1475.19099998	2.924055
1477.19000006	4.146247
1479.1960001	4.317792
1481.2019999	0.034484
1483.19299984	3.414808
1485.20099998	0.010592
1487.18899989	0.629686
1489.20300007	1.433033
1491.19299984	6.038358
1493.19800019	0.098074
1495.19299984	0.034028
1497.19099998	0.026535
1499.19299984	0.039983
1501.19299984	0.022567
1503.19099998	0.719247
1505.19800019	0.028662
1507.1960001	0.015614
1509.20300007	0.024499
1511.19099998	0.019576
1513.3900001	0.018407
1515.5480001	0.03587
1517.48899984	0.01402
1519.19099998	0.02547
1521.19199991	0.658107
1523.18799996	0.73852
1525.19500017	3.372045
1527.19500017	0.304089
1529.19199991	4.027404
1531.19099998	0.043192
1533.2019999	0.010351
1535.19000006	0.344083
1537.19099998	0.020479
1539.19199991	0.031715
1541.1960001	0.523195
1543.19099998	1.187898
1545.18799996	0.016459
1547.19199991	0.813059
1549.19299984	0.90236
1551.19099998	4.871413
1553.19199991	4.213825
1555.19000006	0.027569
1557.19099998	0.332725
1559.19199991	0.05262
1561.19099998	0.009378
1563.20300007	0.223804
1565.19800019	0.037799
1567.19399977	0.021013
1569.44300008	0.132622
1571.39100003	0.143226
1573.18700004	0.016332
1575.19199991	0.498474
1577.19800019	0.022755
1579.44199991	0.517798
1581.19800019	3.329315
1583.1960001	0.011339
1585.44499993	3.22741
1587.44000006	1.107773
1589.19299984	0.37527
1591.44099998	0.015957
1593.204	0.290665
1595.93700004	0.046495
1598.57200003	0.055694
1600.66000009	0.146413
1601.8499999	0.047049
1603.44099998	0.087022
1605.44799995	0.172423
1607.44700003	0.011858
1609.44799995	0.715079
1611.44700003	0.204468
1613.44700003	3.473631
1615.76799989	3.4797
1617.44000006	2.04024
1619.44000006	0.881698
1621.44000006	0.137621
1623.29100013	0.840989
1625.44000006	0.125744
1627.44000006	0.509948
1629.44400001	5.078467
1631.44000006	5.411959
1633.44000006	0.814066
1635.4380002	3.784106
1637.43900013	3.655003
1639.44000006	4.995352
1641.44199991	0.050421
1643.44300008	2.822134
1645.51800013	0.011818
1647.29799986	0.815531
1649.44400001	0.260046
1651.44000006	5.035137
1653.45299983	5.674134
1655.44199991	0.102279
1657.43900013	1.988221
1659.44099998	0.038189
1661.44000006	0.153701
1663.44400001	0.18539
1665.44999981	0.104649
1667.44000006	0.88049
1669.44000006	0.057356
1671.29400015	1.926513
1673.43900013	2.416225
1675.44000006	0.006815
1677.44400001	0.013722
1679.44099998	3.900688
1681.44099998	0.7585
1683.43700004	0.090907
1685.44300008	3.951462
1687.44400001	3.669275
1689.44000006	0.323913
1691.43900013	0.879074
1693.44000006	0.09468
1695.39599991	1.04729
1697.43900013	0.077984
1699.44199991	0.305108
1701.44000006	3.199664
1703.47900009	0.039775
1705.43900013	0.632834
1707.4380002	0.053931
1709.43900013	3.6981
1711.44000006	0.028382
1713.44300008	3.766738
1715.43900013	4.095535
1717.43900013	4.567609
1719.4380002	0.933681
1721.4380002	4.070394
1723.44000006	4.070394
1725.4380002	4.57339
1727.4380002	0.018235
1729.44099998	0.637377
1731.43900013	0.306242
1733.44199991	5.194653
1735.44499993	4.794731
1737.44999981	4.794731
1739.44000006	4.794731
1741.44400001	4.794731
1743.44199991	0.795614
1745.44899988	0.007085
1747.44199991	0.555316
1749.44000006	0.007236
1751.43900013	5.419784
1753.44499993	5.028201
1755.44300008	1.086298
1757.43900013	5.568013
1759.45299983	3.935314
1761.44199991	0.132341
1763.44700003	0.651581
1765.45799994	3.584037
1767.46000004	0.714535
1769.46499991	0.015639
1771.44899988	3.829127
1773.45500016	0.834178
1775.46200013	1.502866
1777.46599984	0.663133
1779.45600009	3.822035
1781.45700002	0.06884
1783.45700002	3.547932
1785.47099996	0.129706
1787.45099998	3.560393
1789.47099996	0.034676
1791.47000003	0.639182
1793.4519999	0.045786
1795.45900011	1.310912
1797.46099997	0.011782
1799.4519999	0.079835
1801.45700002	1.332787
1803.45900011	0.846901
1805.46099997	4.464845
1807.45700002	4.668966
1809.46099997	5.059709
1811.46200013	2.34055
1813.48099995	0.133372
1815.47099996	0.011536
1817.60700011	0.035463
1819.70000005	0.104855
1821.44700003	0.079521
1823.45099998	0.017078
1825.70899987	0.005572
1827.77200007	0.167605
1829.85899997	0.049736
1831.78699994	0.019914
1833.45799994	0.553086
1835.71600008	0.1058
1837.71199989	0.108681
1839.45799994	0.049908
1841.52199984	0.009219
1843.76899981	0.008292
1845.76899981	0.053007
1848.33799982	0.0466
1850.82599998	0.100854
1852.16600013	0.015984
1853.727	0.571171
1855.72099996	2.703733
1857.73600006	0.055643
1859.72999978	0.157637
1861.74099994	0.032165
1863.72399998	0.645425
1865.71199989	0.830568
1867.73799992	0.007202
1869.72300005	3.140711
1871.71399975	0.028142
1873.73500013	0.557441
1875.72399998	1.318797
1877.61899996	0.602956
1879.71199989	0.163989
1881.72999978	0.161886
1883.70599985	0.031151
1885.52600002	0.779817
1888.11599994	0.016383
1890.36600018	0.186224
1891.8599999	0.050969
1893.71399975	0.072836
1895.72799993	0.035651
1897.68199992	0.027592
1901.13199997	0.010956
1904.38100004	0.012249
1906.63800001	0.047785
1907.27999997	0.237292
1907.75200009	1.322482
1909.72300005	0.064434
1911.70499992	0.63541
1913.71800017	0.145835
1915.71399975	0.230299
1917.71500015	0.009157
1919.73799992	0.570043
1921.71099997	0.016186
1923.71399975	0.063166
1925.73199987	0.036785
1927.71000004	0.092711
1929.72300005	0.071901
1931.72600007	2.56009
1933.72399998	0.201174
1935.71199989	0.708112
1937.77799988	0.002153
1939.77900004	0.005635
1942.66799998	0.007675
1945.35899997	0.067754
1946.27000022	0.089829
1947.69500017	0.016112
1949.55699992	2.920197
1951.69400001	0.011748
1953.70599985	0.012671
1955.71299982	0.447751
1957.68999982	0.274539
1959.69099998	0.707061
1961.69900012	0.016868
1963.69400001	1.283604
1965.69299984	0.511867
1967.69799995	0.420581
1969.69099998	1.231194
1971.69099998	0.011646
1975.03600001	0.002765
1978.55699992	0.035828
1980.49799991	2.470401
1981.16999984	0.011663
1981.68700004	2.297235
1983.69299984	0.845989
1985.69299984	0.392881
1987.69700003	4.651105
1989.69099998	3.617469
1991.69299984	3.021585
1993.69299984	0.555373
1995.7249999	1.211202
1997.69700003	0.737967
1999.86800003	0.006592
2001.69099998	1.185592
2003.69400001	0.251989
2005.69099998	0.011025
2007.68899989	0.084232
2009.69199991	0.01158
2011.6960001	0.003164
2013.69400001	0.013452
2015.69500017	0.087997
2017.69400001	1.092212
2019.69299984	0.010234
2021.69299984	0.442964
2023.69099998	0.236931
2025.69299984	0.115505
2027.70099998	0.80428
2029.70099998	1.75198
2031.69400001	0.744402
2033.704	0.020834
2035.69099998	1.031491
2037.69400001	0.018449
2039.671	0.002465
2043.87000012	0.00237
2048.24399996	0.006304
2051.92499995	0.365162
2054.89400005	0.046046
2055.81299996	0.010331
2056.56299996	0.147984
2057.16600013	0.848921
2058.148	0.402636
2058.51999998	0.012825
2059.69700003	2.680291
2061.69799995	0.055623
2064.45099998	0.01427
2067.12300014	0.174838
2069.79100013	0.05413
2071.36999989	0.020071
2072.23500013	0.17719
2073.6960001	0.111471
2075.94499993	0.748147
2077.95000005	0.05422
2079.69900012	0.130246
2081.83899999	0.010647
2083.68899989	1.442622
2085.94499993	0.278725
2087.95099998	0.025079
2089.94700003	1.814832
2091.94400001	0.232142
2093.7750001	0.049638
2095.94200015	0.126911
2097.93499994	0.030452
2099.94200015	0.184814
2101.93799996	0.598949
2103.94200015	0.850932
2105.94300008	0.106474
2107.94899988	0.007583
2109.95000005	0.0614
2111.94099998	2.302652
2113.93900013	0.003039
2115.95099998	0.384399
2117.7980001	0.816514
2120.3039999	0.045683
2121.94200015	0.72877
2123.95000005	3.399287
2125.94300008	0.044197
2127.94499993	0.828168
2129.95000005	0.511951
2132.13799977	0.060299
2133.94700003	0.043047
2135.95600009	0.082105
2137.94400001	0.008693
2139.94599986	0.017712
2141.94200015	4.299331
2143.94499993	3.548738
2145.94499993	0.011582
2147.94400001	0.04807
2149.94099998	0.011043
2151.94200015	0.816898
2153.94400001	0.104669
2155.95600009	0.078916
2157.94599986	0.014742
2159.94499993	0.010936
2161.9519999	3.729324
2163.94300008	0.054374
2165.94700003	0.709504
2167.93400002	0.071004
2169.96700001	0.062409
2171.94599986	0.012668
2173.94000006	0.110926
2175.94400001	0.806026
2177.94099998	0.094535
2179.94599986	0.62184
2181.94000006	0.166056
2183.93900013	0.984731
2185.93700004	2.501802
2187.94700003	2.854375
2189.94099998	1.667056
2191.94400001	2.880136
2193.94099998	1.656715
2195.94200015	0.85337
2197.94000006	3.348581
2199.94000006	0.845882
2201.94400001	4.18496
2203.93900013	0.094334
2205.94000006	0.067384
2207.9519999	0.031931
2209.94099998	0.013855
2211.91800022	0.057557
2214.78699994	0.333054
2216.71199989	0.03979
2217.94000006	0.22398
2219.94499993	0.061489
2221.94300008	0.956128
2223.94300008	0.080693
2225.94200015	0.300895
2227.94300008	4.089432
2229.94099998	0.066682
2231.92000008	0.026158
2234.10800004	0.050192
2236.23900008	0.060194
2237.93700004	0.801325
2239.94300008	2.252501
2241.94300008	0.681493
2243.97400022	2.910483
2245.94000006	2.498214
2247.94099998	2.173473
2249.93900013	0.302704
2251.94000006	0.014696
2253.94000006	0.047754
2255.96199989	0.072809
2257.94099998	0.922039
2259.94200015	0.272516
2261.94200015	0.85144
2263.94000006	0.019453
2265.93900013	2.701255
2267.94099998	0.01366
2269.94300008	0.164965
2271.94899988	0.039912
2273.94099998	0.011388
2275.94000006	0.078803
2277.94000006	0.390392
2279.94099998	0.087331
2281.94099998	0.830619
2283.94099998	0.010169
2285.94099998	0.753388
2287.94000006	0.148023
2289.94000006	0.088668
2291.94099998	0.029755
2293.93900013	0.077328
2295.94400001	0.929977
2297.93600011	0.04059
2299.94400001	0.033008
2301.94099998	0.018073
2304.27000022	0.108595
2305.94400001	0.030189
2307.94499993	0.135708
2309.94599986	1.684729
2311.93900013	0.416426
2313.94599986	0.048112
2316.27399993	0.047972
2318.40700006	0.03048
2320.19000006	0.007632
2321.94200015	0.073755
2323.94000006	0.785653
2326.19500017	0.582522
2328.02699995	0.767766
2329.94200015	1.045394
2332.19199991	0.101673
2333.94099998	0.023117
2336.19000006	0.010642
2338.19299984	0.039403
2339.94200015	0.029552
2342.20099998	0.270272
2343.97199988	0.012486
2346.19099998	0.155561
