0.0	0.210292
0.131999969482	0.384297
0.496000051498	0.203235
1.03900003433	0.245143
1.52200007439	2.085926
1.91799998283	0.174205
2.21900010109	2.20414
2.58399987221	2.999236
3.03600001335	0.019287
3.47600007057	0.05021
5.69700026512	0.805574
7.69299983978	2.37168
9.69499993324	2.542276
11.6990001202	2.542276
13.7030000687	2.542276
15.6949999332	2.329886
17.6970002651	2.96003
19.6919999123	0.024944
21.7060000896	1.66193
23.5659999847	0.69951
25.7000000477	0.478505
27.6740000248	0.010704
29.6959998608	0.024164
31.6769998074	1.129796
33.7079999447	1.129796
35.7070000172	1.619503
37.7159998417	0.011238
39.6890001297	0.054395
41.6990001202	0.026972
43.6949999332	0.011411
45.6949999332	0.07821
47.5980000496	1.165965
49.7009999752	0.508909
51.6980001926	0.022729
53.6740000248	1.885501
55.5140001774	1.502391
57.6940000057	0.021634
59.6940000057	0.054396
61.6970002651	0.180529
63.6790001392	1.334822
65.7009999752	0.051346
67.7119998932	0.061115
69.7149999142	0.626302
71.5639998913	0.689607
73.7089998722	0.92158
75.6890001297	0.014061
77.6929998398	0.045546
79.6740000248	0.015423
81.6779999733	0.071418
83.6959998608	1.744495
85.6919999123	1.700651
87.6919999123	0.0143
89.6949999332	2.00509
91.6929998398	1.038027
93.6949999332	2.18329
95.5720000267	0.677239
97.6890001297	2.719696
99.6810002327	0.015274
101.69299984	2.222065
103.674000025	2.805134
