0.0	1.772157
0.0790002346039	5.22354
0.171000242233	5.98747
0.328000068665	0.288159
0.493000268936	6.580121
0.743000268936	3.431213
0.835000276566	4.96175
1.12900018692	2.761789
1.48000001907	0.593929
3.35800027847	0.18134
5.37500023842	3.725222
7.36800003052	1.778979
9.36200022697	2.253384
11.3580002785	5.433187
13.3550002575	3.412319
15.3490002155	3.917615
17.3560004234	5.166156
19.3550002575	2.485731
21.3640003204	1.067584
23.3550002575	5.644118
25.3580002785	5.644118
27.3560004234	4.068262
29.3560004234	1.891506
31.3580002785	2.941333
33.359000206	2.952395
35.3600001335	5.34554
37.3550002575	3.989979
39.357000351	4.049038
41.3580002785	6.548379
43.3550002575	7.222158
45.3560004234	5.238065
47.3550002575	3.868886
49.3510000706	1.939789
51.357000351	5.338596
53.3519999981	5.21731
55.365000248	2.192495
57.362000227	4.363244
59.3510000706	5.272697
61.3550002575	4.571762
63.3550002575	3.850898
65.35400033	5.074794
67.3530004025	5.074794
69.3550002575	5.074794
71.357000351	5.074794
73.362000227	2.919274
75.3800003529	4.800655
77.3550002575	4.790031
79.357000351	3.97845
81.3519999981	4.583285
83.3560004234	5.854104
85.35400033	4.172851
87.35400033	3.736651
89.3630001545	4.617109
91.3560004234	3.965479
93.3560004234	3.965479
95.3550002575	0.630135
97.3510000706	0.163597
99.35400033	1.319438
101.355000257	3.929744
103.35400033	5.419278
105.348000288	0.228447
107.353000402	0.323298
109.358000278	0.327536
111.355000257	0.999645
113.351999998	0.472261
115.353000402	0.234482
117.353000402	0.005528
119.353000402	0.09282
121.546000242	0.837651
123.446000338	3.874368
125.355000257	2.406148
127.356000423	2.53158
129.35400033	4.025777
131.351999998	3.14973
133.35400033	2.867977
135.360000134	3.650808
137.351000071	3.965645
139.351999998	1.47146
141.353000402	2.189838
143.357000351	1.660426
145.363000154	1.475784
147.358000278	3.8901
149.358000278	2.474888
151.363000154	0.15097
153.400000095	5.531091
155.357000351	1.505924
157.360000134	1.641915
159.348000288	0.14561
161.373000383	0.179756
163.35400033	0.315881
165.359000206	0.605742
167.351999998	0.005392
169.358000278	1.085087
171.358000278	3.888386
173.358000278	2.329286
175.357000351	1.176549
177.363000154	0.081152
179.359000206	3.114663
181.357000351	0.204693
183.361000299	3.778685
185.358000278	0.421048
187.357000351	5.660335
189.355000257	2.104991
191.366000175	0.559174
193.59700036	2.119713
195.60800004	1.073598
197.606000185	1.805813
199.607000113	6.655416
201.603000164	0.733016
203.609000206	2.174511
205.611000061	0.675786
207.606000185	1.728125
209.60800004	4.595343
211.606000185	0.660477
213.607000113	4.420564
215.605000257	5.43418
217.606000185	2.294899
219.613000393	1.154674
221.59700036	0.781669
223.612000465	0.176162
225.609000206	0.139975
227.60800004	4.701517
229.60400033	4.455917
231.612000465	0.093338
233.60800004	1.836666
235.60400033	6.641305
237.607000113	0.118065
239.609000206	0.16902
242.299000263	0.2974
247.001000404	0.919087
249.605000257	1.53
250.957000256	0.673782
251.26300025	3.576412
251.671000242	3.599464
253.609000206	0.100846
255.595000267	0.298331
257.606000185	0.117608
259.602000237	2.375607
261.605000257	3.781754
263.60800004	0.276365
265.613000393	1.570607
267.610000134	2.078016
269.601000309	1.674974
271.603000164	3.033041
273.606000185	0.142547
275.610000134	2.078184
277.596000433	0.005529
279.613000393	4.978122
281.606000185	6.713928
283.600000143	1.859458
285.60800004	0.056708
287.611000061	4.556205
289.60400033	3.34111
291.605000257	0.23733
293.605000257	0.530286
295.609000206	0.227001
297.609000206	0.650509
299.607000113	0.208834
301.601000309	0.837449
303.60800004	0.216127
305.601000309	0.032322
307.607000113	0.10375
309.603000164	0.177465
311.607000113	0.095909
313.603000164	0.678401
315.601000309	1.781301
317.609000206	1.626401
319.59400034	4.453118
321.60800004	4.391733
323.603000164	2.600452
325.602000237	7.194875
327.60400033	0.029946
329.60400033	5.911511
331.60400033	1.91788
333.601000309	1.523943
335.607000113	0.005047
337.60400033	0.450655
339.606000185	0.279752
341.599000216	0.735398
343.60400033	0.094888
345.60800004	0.241092
347.598000288	1.15086
349.605000257	0.159091
351.839000225	0.588358
353.601000309	0.422703
355.612000465	1.09223
357.603000164	0.359926
359.601000309	0.134542
361.59400034	3.085079
363.603000164	1.954822
365.605000257	4.40538
367.602000237	4.046238
369.60400033	4.815816
371.602000237	6.911765
373.60800004	5.287498
375.598000288	0.373131
377.603000164	0.050622
379.599000216	0.088099
381.598000288	4.865075
383.602000237	1.845584
385.60400033	0.560371
387.60400033	3.50874
390.194000244	0.336397
392.823000193	0.076427
395.343000174	0.219826
396.45600009	3.794666
398.248000145	0.198383
399.606000185	3.353476
401.603000164	5.703896
403.599000216	2.357366
405.601000309	4.680213
407.601000309	0.304733
409.605000257	3.017316
411.600000143	6.039541
413.606000185	4.935468
415.601000309	1.738977
417.592000008	4.576239
419.611000061	3.306978
421.603000164	0.144911
423.60400033	0.704675
425.600000143	0.236262
427.600000143	3.621293
429.605000257	1.955097
431.595000267	4.691374
433.616000175	2.598423
435.607000113	0.404757
437.598000288	0.280602
439.601000309	1.227465
441.60800004	0.005691
443.84800005	0.061278
445.794000149	0.005518
448.707000256	0.22206
451.268000364	0.060073
452.239000082	1.197455
453.853000402	3.119965
455.84800005	4.691482
457.84800005	2.822634
459.856000185	4.771418
461.851000071	7.085743
463.85400033	0.565524
465.643000126	1.731191
467.852000475	1.565551
469.851000071	0.186051
471.852000475	2.788149
473.85400033	0.898281
475.85400033	2.219873
477.851000071	0.104629
479.850000143	3.154632
481.855000257	0.141222
483.856000185	1.887438
485.847000122	0.305127
487.852000475	0.586855
489.852000475	1.863621
491.84800005	4.053441
493.850000143	6.756378
495.845000267	3.595444
497.851000071	5.20548
499.847000122	1.963468
501.846000195	4.840398
503.855000257	3.492632
505.85400033	1.866878
507.851000071	4.543433
509.846000195	0.059261
511.850000143	0.87977
513.851000071	1.530949
515.84800005	0.49511
517.859000206	0.318521
519.851000071	0.792225
521.853000402	1.444983
523.852000475	0.700701
525.84800005	3.114757
527.842000246	4.285464
529.84400034	2.022006
531.850000143	3.387238
533.84800005	3.144861
535.84400034	4.992937
537.852000475	1.683483
539.849000216	4.20898
541.842000246	6.293445
543.857000351	4.218544
545.843000174	2.188761
547.853000402	1.379573
549.856000185	4.998165
551.849000216	2.067219
553.849000216	4.984739
555.845000267	5.065366
557.849000216	5.073035
559.849000216	3.752915
561.851000071	4.316303
563.851000071	4.188357
565.84800005	6.528581
567.851000071	4.917514
569.855000257	5.796995
571.850000143	6.889324
573.851000071	6.086179
575.849000216	1.320304
577.847000122	1.02003
579.84800005	4.350634
581.851000071	4.812672
583.845000267	2.21017
585.858000278	4.977406
587.850000143	5.731901
589.859000206	1.462459
591.847000122	6.475642
593.847000122	4.816291
595.846000195	4.917576
597.85400033	5.375805
599.847000122	5.375805
601.849000216	6.018806
603.850000143	1.046207
605.845000267	5.864968
607.849000216	5.569433
609.84800005	3.432506
611.84800005	5.808457
613.841000319	5.139995
615.850000143	1.049598
617.84800005	5.201774
619.849000216	5.283116
621.853000402	2.849818
623.846000195	6.75052
625.842000246	2.943784
627.84800005	5.42847
629.84800005	2.013246
631.863000154	0.848708
633.851000071	1.935247
635.863000154	3.846408
637.870000124	0.156433
639.840000153	1.915482
641.84800005	4.023146
643.851000071	5.193812
645.851000071	5.84536
647.84800005	4.636401
649.870000124	1.576161
651.84400034	0.530451
653.842000246	5.69466
655.849000216	4.885423
657.846000195	1.456021
659.847000122	5.597227
661.843000174	0.105228
663.846000195	4.257578
665.846000195	4.257578
667.847000122	2.118983
669.845000267	0.869524
671.84800005	1.312578
673.847000122	2.641583
675.846000195	0.819863
677.860000372	5.929536
679.847000122	0.061122
681.84800005	3.243656
683.840000153	0.107373
685.846000195	5.076068
687.846000195	2.946322
690.098000288	0.273065
692.102000237	1.89272
694.104000092	0.049553
696.096000195	2.649297
698.093000412	1.947123
700.09700036	6.286006
702.096000195	2.076631
704.096000195	4.603461
706.096000195	5.101023
708.095000267	1.290036
710.100000381	0.267153
712.095000267	0.10743
714.103000164	1.870708
716.09700036	3.656504
718.096000195	4.932373
720.099000216	0.165136
722.093000412	0.842423
724.09700036	0.36331
726.09700036	1.917397
728.430000305	0.448297
730.601000309	2.660906
732.252000332	0.320744
734.109000206	0.370391
736.093000412	0.863142
738.106000185	3.914601
740.092000246	0.709567
742.099000216	0.53739
744.108000278	0.387454
746.09400034	1.216977
748.100000381	3.052387
750.092000246	4.194944
752.09400034	5.564652
754.092000246	6.283942
756.095000267	3.717127
758.09400034	2.897058
760.095000267	5.200448
762.096000195	4.386696
764.09100008	4.288156
766.107000113	4.788343
768.101000309	4.225375
770.09700036	3.014068
772.096000195	1.351714
774.098000288	0.513872
776.099000216	0.612645
778.088000059	0.091112
780.09400034	0.152715
782.098000288	2.76859
784.104000092	3.05798
786.096000195	3.630217
788.098000288	5.50855
790.09400034	5.546109
792.093000412	6.115888
794.092000246	4.918247
796.09400034	3.572881
798.101000309	5.797833
800.093000412	7.050734
802.09400034	6.444818
804.104000092	3.535443
807.184000015	3.766318
808.342000246	4.81109
810.096000195	3.517277
812.09400034	4.313327
814.092000246	2.901483
816.09400034	0.467329
818.096000195	3.733456
820.088000059	1.113285
822.092000246	5.352811
824.093000412	3.513497
826.098000288	4.982603
828.093000412	3.12178
830.093000412	2.060492
832.102000237	0.107498
834.089000225	0.103119
836.142000198	2.29221
839.021000385	0.116459
841.596000433	4.59646
843.15500021	1.793982
844.096000195	4.024828
846.093000412	1.773245
848.089000225	0.593667
850.093000412	3.75979
852.095000267	5.356389
854.09400034	0.061769
856.09400034	5.113275
858.092000246	0.369602
860.092000246	3.519051
862.089000225	1.214294
864.105000257	0.35274
866.098000288	0.052331
868.09400034	0.27001
870.579000235	0.225587
872.059000254	0.494781
874.09400034	2.046741
876.087000132	1.23868
878.09700036	1.230124
880.096000195	3.203225
882.096000195	5.309288
884.105000257	2.647194
886.089000225	6.271394
888.090000153	0.283278
890.086000204	0.040944
892.09100008	5.206354
894.092000246	2.42008
896.092000246	2.338597
898.092000246	3.113487
900.099000216	3.58892
902.09400034	2.265151
904.106000185	5.911661
906.09400034	2.477502
908.09100008	1.041726
910.090000153	2.409209
912.089000225	4.091886
914.099000216	3.964303
916.09400034	4.009737
918.09700036	2.724523
920.088000059	2.919396
922.09100008	5.132103
924.098000288	6.51382
926.090000153	6.093916
928.096000195	2.410463
930.092000246	3.861052
932.092000246	4.812166
934.106000185	4.993103
936.090000153	3.07485
938.095000267	7.85598
940.093000412	5.644532
942.09400034	2.129468
944.105000257	6.221952
946.342000246	4.749145
948.344000101	0.66975
950.344000101	1.219821
952.342000246	4.655182
954.341000319	4.690441
956.33700037	2.064869
958.338000298	4.463195
960.132000446	2.201165
962.345000267	0.114353
964.333000183	3.640957
966.341000319	0.795827
968.338000298	2.383827
970.343000174	0.290207
972.342000246	0.871239
974.360000134	2.293973
976.529000282	0.004597
978.607000113	1.336862
980.339000225	0.556423
982.344000101	0.559577
984.340000391	3.029759
986.338000298	4.29533
988.338000298	2.616145
990.370000124	3.170389
992.339000225	4.290833
994.345000267	2.241743
996.336000204	0.38664
998.341000319	1.43956
1000.33300018	0.186989
1002.34100032	5.352098
1004.3380003	3.811315
1006.3360002	2.13787
1008.34100032	5.858508
1010.3380003	4.938945
1012.3380003	3.885209
1014.33100009	2.936019
1016.34000039	0.725669
1018.3360002	1.989634
1020.33700037	2.985233
1022.37200046	0.139975
1024.3440001	3.662114
1026.3380003	0.863752
1028.33300018	0.005608
1030.33900023	0.067161
1032.18800044	0.109618
1034.3440001	5.331567
1036.3380003	2.903626
1038.34200025	3.522251
1040.33700037	3.810224
1042.34600019	3.115063
1044.3380003	4.247431
1046.33900023	1.822125
1048.3380003	4.115742
1050.33500028	7.370303
1052.33700037	6.14274
1054.33900023	6.139543
1056.33100009	2.840762
1058.3440001	4.390881
1060.3360002	1.585073
1062.3360002	1.966905
1064.3440001	0.836607
1066.3380003	3.162444
1068.3380003	5.445909
1070.33400011	5.018964
1072.3360002	3.527703
1074.33500028	6.086823
1076.33500028	6.086823
1078.33900023	5.32277
1080.33500028	4.278878
1082.33500028	5.083601
1084.33700037	5.083601
1086.33500028	4.367183
1088.34000039	5.063104
1090.33500028	3.175039
1092.33900023	3.175039
1094.34500027	3.175039
1096.33700037	3.969002
1098.32900023	3.969002
1100.33900023	3.969002
1102.33700037	5.848199
1104.34000039	5.394677
1106.34000039	0.260731
1108.33500028	6.319093
1110.3380003	2.806802
1112.33100009	0.186028
1114.3380003	3.415654
1116.3380003	3.415654
1118.33700037	4.913628
1120.34200025	0.054046
1122.33200026	5.842775
1124.33700037	6.346338
1126.33300018	2.255215
1128.33400011	1.79685
1130.33700037	1.493745
1132.33500028	5.264891
1134.34200025	1.821217
1136.33700037	2.005287
1138.33700037	4.66849
1140.33000016	2.935013
1142.34200025	5.16546
1144.3380003	4.612864
1146.35000014	0.663838
1148.33400011	4.961702
1150.3360002	3.267531
1152.33300018	1.824443
1154.33100009	3.881782
1156.33700037	6.468582
1158.33400011	3.396342
1160.34000039	6.537906
1162.33300018	1.87375
1164.33400011	4.524871
1166.33900023	0.128772
1168.32600021	0.629276
1170.33000016	1.297193
1172.33000016	3.675191
1174.33400011	5.687513
1176.33900023	1.676067
1178.33700037	1.522066
1180.33900023	5.574771
1182.32600021	4.644092
1184.3380003	7.205181
1186.33200026	2.049566
1188.33500028	2.776692
1190.3360002	1.032391
1192.34000039	1.565641
1194.5880003	0.336956
1196.58400011	4.373495
1198.5880003	5.019638
1200.59700036	5.008295
1202.58700013	0.004615
1204.58700013	1.89521
1206.5880003	0.389586
1208.57900023	3.146848
1210.58900023	1.949869
1212.57800031	1.413184
1214.38900018	1.670091
1216.58900023	1.174336
1218.5880003	0.285132
1220.38100028	0.353725
1223.66800046	0.818296
1227.12600017	1.250711
1229.22100019	4.206727
1230.3380003	1.089988
1231.0150001	4.671627
1232.59300041	0.881514
1234.58500028	0.137622
1236.58500028	0.00561
1238.40100026	1.384372
1240.59500027	1.415044
1242.58700013	0.655039
1244.72100019	0.579294
1246.5880003	0.08109
1248.58500028	3.630494
1250.5860002	2.717282
1252.59700036	3.307241
1254.60900021	5.785984
1256.73600006	1.231947
1258.5880003	0.962033
1260.58300018	0.954801
1262.58300018	1.870447
1264.58500028	2.259851
1266.58500028	3.353826
1268.57700038	2.519468
1270.5800004	0.073057
1272.57800031	0.082059
1274.58400011	2.700695
1276.5800004	0.934545
1278.58400011	2.305959
1280.58100033	3.945874
1282.5800004	0.741499
1284.57900023	0.068035
1286.58500028	3.975303
1288.57800031	1.369165
1290.5800004	0.17786
1292.57800031	4.584822
1294.58500028	1.367772
1296.5880003	1.622293
1298.58500028	3.706698
1300.5860002	3.803316
1302.58100033	0.004833
1304.5880003	0.295708
1306.58700013	2.002258
1308.58500028	0.103165
1310.57600021	2.047195
1312.58500028	0.732026
1314.58200026	4.044863
1316.58500028	4.851886
1318.5800004	2.071774
1320.59400034	5.030492
1322.57700038	3.284622
1324.57800031	0.994534
1326.58200026	1.702854
1328.58200026	0.353256
1330.58100033	0.414205
1333.17200041	0.129274
1335.51200008	0.185744
1336.57400012	0.135482
1338.57500005	3.62033
1340.57900023	1.537668
1342.59400034	3.83873
1344.57900023	1.549184
1346.58200026	1.118758
1348.57800031	0.764483
1350.57400012	3.059187
1352.5800004	0.784426
1354.57800031	3.729963
1356.57600021	3.311317
1358.58300018	2.934745
1360.58300018	2.690292
1362.57800031	3.853933
1364.58500028	0.04554
1366.57600021	1.780388
1368.58300018	3.624556
1370.5800004	4.347269
1372.5800004	0.76323
1374.58100033	0.492444
1376.5860002	0.004162
1378.58400011	4.445087
1380.57800031	2.200381
1382.58100033	4.937985
1384.58700013	0.419953
1386.5800004	0.12322
1388.59100008	0.356299
1390.57500005	1.670753
1392.57500005	0.465195
1394.57900023	0.338648
1396.57400012	2.359929
1398.58700013	2.14472
1400.57400012	4.543888
1402.5800004	0.397692
1404.57900023	4.084312
1406.58400011	2.245555
1408.5880003	0.915375
1410.57700038	2.077852
1412.5860002	4.595748
1414.58200026	1.062067
1416.59000015	0.576356
1418.58200026	3.628429
1420.58200026	0.261575
1422.58200026	0.181823
1424.58500028	5.504722
1426.58500028	4.956214
1428.60200024	5.626359
1430.57200027	0.109406
1432.57200027	3.595282
1434.57200027	5.586684
1436.57300019	0.054509
1438.83100009	5.761848
1440.82900023	0.805339
1442.82500029	4.532437
1444.82500029	1.204229
1446.87700033	0.962363
1448.83200002	2.98346
1450.82900023	1.027931
1452.8530004	1.618848
1454.83100009	1.624013
1456.82800031	2.526931
1458.82800031	4.248757
1460.83400011	4.317575
1462.83300018	3.891814
1464.83100009	2.992592
1466.82500029	2.386111
1468.83500028	0.449052
1470.83000016	0.056182
1472.82600021	3.49146
1474.82200027	1.520814
1476.82700014	0.826824
1478.82300019	1.8223
1480.82800031	3.468955
1482.82900023	1.963373
1484.82800031	0.711426
1486.82600021	0.238774
1488.83100009	4.38501
1490.83700037	3.643771
1492.90300012	2.088541
1494.82500029	5.797137
1496.84000015	0.786834
1498.83200002	0.973455
1500.82800031	0.434581
1502.83300018	2.144434
1504.82300019	4.543863
1506.83000016	5.208047
1508.82800031	1.049263
1510.83000016	0.041317
1512.82100034	1.127867
1514.85800028	2.591091
1516.82700014	2.228666
1518.83000016	0.688401
1520.83400011	0.212638
1522.82700014	5.376196
1524.83100009	4.288815
1526.82900023	1.938939
1528.85900021	0.855382
1530.83100009	0.386004
1532.84700012	5.534162
1534.82000041	0.389573
1536.83000016	1.398094
1538.82100034	4.866726
1540.82300019	1.403414
1542.82100034	0.309474
1544.83000016	4.156033
1546.82800031	0.680033
1548.82200027	2.129487
1550.82500029	2.670557
1552.82500029	1.172956
1554.83100009	5.363512
1556.83100009	1.847468
1558.83500028	0.256002
1560.83100009	1.919313
1562.82800031	0.086013
1564.82300019	0.698262
1566.82800031	4.461328
1568.82900023	3.308957
1570.82100034	0.155065
1572.83200002	0.774877
1574.9090004	0.318732
1576.81900024	3.067796
1578.82900023	0.404557
1580.82600021	3.173408
1582.84000015	5.017447
1584.82300019	4.986602
1586.83200002	0.103658
1588.82600021	6.01127
1590.82400012	4.952402
1592.82100034	1.488063
1594.82400012	2.730552
1596.83000016	5.365361
1598.82100034	3.674864
1600.83000016	4.393662
1602.83500028	1.616514
1604.83000016	0.993423
1606.88600016	2.303882
1608.82400012	3.289752
1610.85000014	2.17102
1612.82500029	3.280648
1614.82200027	5.38817
1616.82000041	4.254434
1618.82400012	1.470376
1620.82300019	3.492324
1622.81800032	1.726425
1624.82600021	0.070796
1626.81800032	5.650987
1628.82000041	0.112568
1630.82800031	0.061437
1632.81800032	2.242777
1634.82600021	0.678559
1636.82400012	0.703794
1638.82200027	0.796607
1640.82600021	4.840806
1642.82300019	4.105372
1644.82400012	0.881817
1646.82100034	3.094157
1648.82700014	2.895707
1650.83200002	4.023268
1652.82200027	3.468029
1654.81800032	4.576422
1656.83000016	1.78378
1658.82600021	3.471219
1660.82400012	2.963933
1662.82600021	3.950294
1664.82800031	3.139178
1666.82000041	1.735416
1668.83200002	0.135301
1670.82400012	3.444457
1672.82100034	3.592549
1674.82100034	2.121547
1676.82400012	1.950546
1678.82300019	3.905765
1680.83000016	2.354229
1682.82900023	2.763201
1684.82700014	0.632776
1686.82600021	4.403315
1688.82400012	5.892393
1690.83300018	1.655339
1692.82800031	1.011576
1694.83900023	1.547414
1697.06800032	5.336507
1699.07400012	3.448493
1701.06600022	2.874826
1703.0710001	2.574629
1705.08700013	2.581008
1707.06700015	3.933465
1708.87500024	3.583632
1711.0650003	3.398298
1713.07200003	2.585954
1715.07800031	0.085783
1717.06800032	2.865151
1719.07600045	3.8748
1721.07400012	2.989724
1723.11300039	3.988199
1725.07000017	3.567369
1727.09500027	4.181994
1729.07500005	2.404703
1731.07300019	1.596493
1732.8840003	1.915343
1735.08000016	0.511299
1737.07000017	3.895425
1739.1190002	2.092534
1741.07000017	3.416571
1743.06600022	1.729649
1745.09200025	3.849842
1747.0650003	0.89608
1749.07800031	1.821097
1751.06700015	4.674803
1753.06900024	0.972111
1755.07800031	1.02185
1757.07200003	1.634413
1759.06800032	1.342105
1761.0710001	4.320879
1763.07400012	3.856853
1765.07900023	0.12983
1767.0710001	1.413549
1769.07300019	0.321838
1771.07200003	0.560096
1773.08200026	1.982831
1775.07400012	0.995873
1777.06900024	3.938664
1779.07300019	3.711314
1780.9230001	0.026573
1783.07700038	2.193637
1785.10400009	1.562347
1787.0650003	0.080722
1789.07400012	2.29085
1791.07300019	0.281629
1793.17900014	0.148265
1794.96900034	0.406159
1797.07300019	0.137242
1799.62500024	1.209334
1802.12200022	0.828849
1803.07200003	2.517176
1805.32000017	2.238021
1807.09800029	0.73241
1809.07500005	2.558082
1811.09900022	1.975917
1813.09900022	0.891925
1815.0710001	1.363531
1817.07300019	0.257727
1819.08100033	1.484512
1821.07900023	2.267494
1823.07400012	0.770938
1825.07300019	3.281501
1827.07300019	2.206848
1829.06700015	1.489349
1833.59500027	0.435655
1836.8610003	0.176277
1838.38600016	0.358469
1838.99800014	2.053546
1839.81700039	3.839019
1841.06900024	2.234184
1843.08400035	2.456434
1845.06700015	1.073601
1847.07900023	3.71222
1849.08000016	4.392558
1851.07200003	0.572445
1853.0710001	3.772704
1855.06700015	1.07222
1857.07500005	3.495767
1859.09600019	3.152776
1861.06900024	3.648703
1863.06800032	2.600419
1865.0710001	2.984601
1867.09800029	4.015799
1869.06200027	3.641582
1871.07000017	3.929641
1873.06400013	0.209932
1875.07400012	4.346397
1877.07000017	2.297332
1879.0710001	5.811893
1881.07600045	5.839745
1883.06700015	3.877465
1885.09600019	2.092591
1887.08900023	1.864474
1889.07900023	0.300311
1891.0630002	3.571938
1893.08100033	5.701818
1895.0630002	4.563989
1897.08000016	3.070956
1899.07000017	1.308614
1901.07200003	1.420798
1903.0630002	5.44757
1905.06800032	4.319138
1907.07600045	4.097849
1909.07000017	0.454838
1911.07400012	1.592704
1913.07000017	1.451356
1915.0710001	0.893567
1917.07500005	0.651115
1919.06700015	1.008286
1921.09900022	0.051393
1923.07300019	5.646522
1925.07700038	4.695389
1927.07300019	3.33929
1929.06200027	2.461259
1931.0710001	5.921254
1933.17900014	3.286798
1935.08000016	3.859749
1937.06700015	4.202896
1939.07300019	0.992737
1941.07300019	2.268855
1943.32500029	4.226873
1945.31400013	0.022725
1947.32400036	5.195009
1949.31600046	5.964213
1951.32200027	0.1644
1953.32100034	3.678673
1955.31600046	0.452603
1957.32000017	0.004255
1959.31800032	1.797539
1961.31800032	0.543911
1963.32200027	3.311503
1965.32100034	0.760717
1967.3130002	2.957469
1969.3130002	0.05184
1971.32000017	5.041005
1973.32000017	3.405272
1975.31400013	4.097876
1977.31400013	4.254572
1979.5650003	0.443318
1981.34900022	3.820248
1983.32300019	0.640274
1985.1570003	1.88527
1987.11600041	1.953237
1989.32200027	3.744584
1991.31800032	1.654636
1993.3130002	0.588228
1995.31100011	0.505956
1997.31800032	1.895558
1999.32500029	0.052204
2001.31900024	0.534525
2003.31200004	3.146661
2005.32500029	3.343735
2007.32400036	4.683646
2009.31900024	1.472304
2011.34300017	1.667783
2013.31500006	5.216075
2015.32000017	3.591357
2017.32800007	1.789386
2019.31600046	2.908798
2021.33400011	5.117003
2023.32200027	5.244117
2025.32100034	2.469825
2027.32000017	4.644551
2029.3130002	3.057982
2031.30800033	3.057982
2033.31000018	3.057982
2035.32300019	3.057982
2037.31100011	2.784811
2039.31900024	4.422601
2041.32900023	2.394201
2043.31000018	4.261305
2045.32000017	2.894922
2047.32600021	2.834055
2049.31000018	3.358377
2051.31400013	3.669796
2053.33000016	6.290101
2055.31800032	5.871542
2057.30800033	3.207217
2059.32200027	7.588618
2061.31100011	7.630724
2063.33000016	1.942608
2065.32200027	1.24416
2067.31000018	3.037313
2069.35600042	5.41688
2071.31100011	2.677159
2073.31100011	2.459486
2075.31200004	3.613191
2077.31500006	5.295351
2079.31100011	4.034218
2081.32000017	3.755914
2083.31600046	1.746338
2085.31000018	4.014421
2087.34500027	4.164063
2089.32000017	0.847095
2091.3130002	2.532227
2093.31000018	1.258105
2095.31400013	3.137031
2097.31400013	4.839597
2099.32700014	2.726003
2101.31900024	1.50171
2103.31600046	3.411939
2105.32200027	3.411939
2107.31100011	3.802143
2109.31800032	4.673906
2111.32600021	4.535443
2113.31200004	5.605088
2115.31200004	5.627167
2117.32100034	5.225439
2119.32900023	4.982175
2121.3130002	4.944979
2123.30600023	2.673504
2125.30800033	2.867625
2127.31700039	3.08437
2129.32900023	4.808105
2131.31400013	3.353607
2133.31900024	3.353607
2135.33000016	3.353607
2137.31400013	3.6802
2139.31500006	2.933678
2141.31100011	3.14085
2143.3130002	5.474313
2145.31900024	5.474313
2147.30800033	5.137851
2149.3360002	5.609186
2151.30600023	2.865521
2153.32300019	5.61403
2155.3130002	2.818002
2157.31600046	0.473063
2159.31100011	1.898912
2161.30900025	3.142014
2163.31200004	3.142014
2165.31000018	4.783529
2167.31200004	4.783529
2169.30500031	4.101891
2171.31400013	3.753331
2173.32000017	5.008686
2175.30800033	2.456176
2177.31800032	3.32138
2179.30800033	1.242329
2181.32300019	3.365844
2183.31000018	4.22841
2185.31800032	3.766854
2187.33500028	5.049006
2189.56900024	4.482145
2191.31400013	5.485606
2193.32000017	5.549977
2195.55400014	3.427218
2197.55800033	3.808462
2199.55900025	2.194127
2201.55900025	2.896827
2203.37200046	4.491875
2205.56900024	1.291953
2207.56000018	0.197949
2209.57200027	1.724857
2211.5650003	1.384203
2213.5650003	0.267101
2215.56800008	0.628704
2217.56100035	3.185628
2219.65300035	2.3905
2221.56000018	0.311083
2223.55600047	2.054483
2225.56800008	5.104105
2227.56100035	2.69024
2229.55400014	4.703084
2231.55600047	2.844159
2233.57000017	3.528636
2235.57200027	0.055229
2237.56800008	5.141497
2239.55600047	5.247938
2241.57600021	4.282533
2243.56900024	4.282533
2245.5650003	5.669743
2247.57200027	5.561134
2249.55900025	4.28762
2251.55900025	5.414593
2253.55800033	3.829955
2255.59000015	3.829955
2257.56600022	4.67018
2259.56100035	4.155783
2261.56200027	6.793426
2263.7190001	4.00197
2265.56000018	3.188433
2267.55800033	3.188433
2269.56600022	1.462601
2271.5630002	3.6861
2273.56400037	1.631477
2275.56100035	3.111573
2277.55800033	6.324499
2279.56100035	4.003113
2281.55600047	4.480098
2283.56900024	2.87984
2285.56400037	2.996165
2287.55400014	2.996165
2289.59800029	3.969313
2291.5710001	0.041055
2293.55800033	3.382971
2295.55800033	2.45273
2297.57900023	4.621045
2299.55800033	2.485501
2301.56200027	4.647628
2303.57200027	4.419383
2305.5650003	5.372479
2307.5570004	5.097614
2309.56400037	4.603394
2311.55400014	1.646525
2313.5650003	5.503231
2315.55200005	2.428085
2317.56700015	4.601213
2319.57200027	1.948379
2321.56100035	4.119609
2323.56200027	3.2383
2325.56200027	3.534126
2327.56600022	1.40294
2329.5630002	4.312134
2331.5710001	3.244575
2333.61800027	0.97352
2335.55900025	0.981456
2337.55800033	3.038869
2339.58400011	3.068737
2341.55000019	3.002144
2343.57000017	2.933846
2345.57000017	3.852395
2347.5570004	1.664436
2349.55800033	2.670775
2351.55800033	3.126847
2353.5650003	5.060201
2355.56200027	4.465876
2357.55200005	1.592067
2359.55800033	5.053983
2361.55500007	2.551352
2363.56200027	5.426143
2365.57300019	5.426143
2367.56900024	5.426143
2369.55900025	5.559981
2371.5630002	4.564094
2373.55900025	1.576098
2375.56400037	4.486402
2377.55200005	4.226456
2379.57400012	0.373173
2381.5570004	4.090521
2383.55100012	5.391405
2385.56600022	5.151816
2387.55000019	0.626005
2389.55400014	0.626005
2391.58700013	0.04858
2393.56900024	1.424324
2395.56900024	0.788711
2397.56000018	2.632727
2399.89100027	1.578515
2401.5570004	0.41764
2403.57800031	0.698909
2405.54800034	0.043724
2407.56100035	3.44499
2409.58300018	1.867208
2411.55000019	0.66428
2413.5650003	3.415556
2415.5650003	0.218157
2417.55500007	2.667608
2419.57200027	4.270533
2421.55000019	4.270533
2423.57400012	4.036693
2425.5880003	3.083344
2427.55000019	3.083344
2429.54900026	3.963911
2431.57000017	5.048612
2433.55000019	0.301058
2435.56200027	5.887851
2437.55200005	5.887851
2439.55400014	3.768379
2441.6420002	4.189931
2443.55600047	5.671936
2445.80600023	1.146622
2447.80700016	2.58277
2449.81599998	3.169077
2451.80900025	4.577026
2453.82600021	1.764288
2455.80200028	1.375797
2457.60400033	1.997992
2459.80900025	3.517774
2461.81800032	0.564512
2463.81599998	3.102205
2465.83300018	2.627018
2467.82800031	1.620551
2469.81000018	4.727047
2471.79800034	0.442859
2473.81000018	5.642972
2475.8130002	3.14025
2477.79800034	0.004553
2479.81000018	1.3056
2481.67800021	2.883566
2483.79800034	1.700722
2485.83500028	4.605251
2487.81500006	2.979303
2489.81200027	1.89293
2491.80300021	1.905481
2493.80100036	0.84871
2495.80500031	2.266078
2497.80000019	1.112928
2499.80600023	2.417765
2501.80200028	4.79166
2503.81599998	5.810313
2505.80200028	1.960344
2507.80500031	3.188133
2509.80600023	5.34574
2511.80600023	0.132751
2513.81200027	0.848047
2515.81500006	2.171624
2517.80800009	2.217632
2519.80900025	4.552197
2521.81100011	1.487737
2523.82100034	1.852983
2525.80400038	4.589145
2527.80200028	4.432099
2529.83600044	4.159979
2531.80400038	2.487384
2533.80900025	3.425911
2535.80100036	0.940438
2537.80800009	1.7521
2539.80400038	0.373776
2541.79600024	0.434006
2543.80800009	4.479435
2545.81900024	2.507744
2547.80300021	5.28175
2549.79600024	2.539471
2551.79900026	1.898507
2553.79900026	3.161596
2555.80700016	2.231511
2557.80100036	3.227483
2559.79600024	3.118702
2561.79900026	4.854856
2563.80700016	4.887262
2565.80300021	3.187148
2567.80600023	1.530756
2569.80900025	3.799037
2571.80000019	1.004485
2573.79600024	5.155395
2575.79700041	4.154008
2577.80800009	2.9617
2579.80000019	3.665462
2581.79900026	3.724135
2583.81100011	2.737936
2585.80400038	2.587276
2587.80400038	2.197721
2589.80400038	5.646402
2591.80200028	5.863985
2593.81200027	5.863985
2595.80400038	4.81638
2597.80300021	1.624179
2599.82700014	1.236347
2601.80500031	1.852984
2603.81100011	5.100254
2605.80200028	3.382721
2607.79500008	1.096336
2609.81000018	3.928831
2611.81000018	2.233481
2613.79500008	5.037348
2615.79700041	3.42393
2617.80200028	5.932813
2619.80500031	1.269777
2621.81400013	5.916023
2623.81200027	1.305499
2625.80500031	2.976957
2627.81599998	3.567206
2629.80200028	5.328234
2631.80300021	4.539034
2633.81599998	5.444486
2635.80500031	3.198739
2637.80500031	0.05152
2639.80300021	5.607518
2641.81200027	4.235923
2643.79400015	3.383067
2645.81000018	0.904592
2647.80400038	0.904592
2649.79800034	1.808397
2651.80100036	3.738349
2653.79400015	3.15368
2655.79600024	3.19058
2657.84200025	3.594836
2659.79800034	1.478868
2661.81500006	4.977819
2663.79300022	4.977819
2665.80500031	1.915147
2667.81400013	3.19006
2669.80400038	0.360415
2671.84800005	2.105309
2673.80500031	2.142887
2675.80700016	3.835825
2677.80000019	4.447655
2679.79800034	3.913513
2681.80000019	1.33138
2683.80200028	3.996894
2685.80100036	0.248482
2687.80800009	4.828227
2689.80000019	5.091495
2692.04200029	2.784187
2693.80400038	4.862065
2695.80600023	3.812682
2698.05200028	4.479057
2700.05000019	0.304218
2702.0480001	4.335198
2704.0710001	5.489968
2706.05100012	6.509088
2708.05200028	6.509088
2710.05000019	6.509088
2712.05000019	6.509088
2714.05000019	6.509088
2716.04700017	1.758786
2718.05500007	2.408707
2720.05000019	2.062735
2722.05100012	6.503934
2724.0570004	5.828117
2726.05500007	1.924362
2728.05599999	4.717419
2730.0480001	6.226104
2732.05800033	6.226104
2734.05200028	6.226104
2736.05200028	6.226104
2738.04400039	0.031507
2740.04400039	1.266804
2742.0480001	2.671484
2744.04200029	4.272388
2746.04400039	3.601469
2748.04600024	1.123306
2750.0480001	2.150134
2752.04700017	3.55142
2754.12200022	2.519925
2756.04700017	4.14953
2758.06100035	0.135341
2760.04300022	1.962881
2762.06400013	4.416243
2764.05000019	5.017415
2766.10800028	4.575039
2768.04600024	2.034966
2770.06200027	1.523627
2772.05900025	1.107857
2774.68000007	0.096011
2777.49800014	2.09359
2779.91200018	2.22221
2781.63200021	0.673488
2784.11500025	2.246196
2786.26300025	2.673572
2787.41600013	0.07086
2788.0480001	4.022988
2790.0480001	0.083016
2792.04200029	1.613356
2794.04700017	5.028767
2796.05400014	2.813718
2798.0570004	1.160732
2800.04500031	3.503067
2802.04700017	3.509253
2804.05100012	3.630574
2806.05200028	2.692377
2808.0480001	3.111376
2810.0570004	0.965138
2812.04600024	3.687318
2814.05400014	4.939986
2816.04900026	4.829466
2818.04900026	0.062201
2820.05200028	5.340588
2822.06600022	0.562917
2824.0400002	3.156228
2826.0400002	0.992285
2828.0480001	2.268448
2830.04500031	4.936197
2832.04700017	2.673888
2834.05300021	0.041567
2836.03800035	0.556643
2838.04500031	0.030384
2840.06800032	0.13074
2842.05000019	0.141169
2844.0400002	1.839719
2846.04900026	3.041397
2848.04500031	3.309244
2850.05100012	2.228259
2852.05200028	1.476154
2854.04600024	4.070274
2856.05500007	3.941504
2858.05200028	4.950696
2860.04400039	4.633548
2862.03800035	3.179643
2864.04100037	1.576812
2866.04600024	1.565171
2868.0400002	3.489882
2870.03900027	0.107948
2872.04200029	1.350256
2874.0480001	1.687866
2876.05599999	1.521319
2878.04700017	4.749908
2880.03800035	2.342992
2882.04400039	6.540711
2884.04200029	5.103274
2886.05400014	1.701618
2888.03800035	1.028674
2890.06000042	0.197847
2892.04600024	0.146818
2894.04500031	0.206076
2896.07900023	0.292313
2898.06000042	0.392962
2900.17800021	1.832343
2902.04600024	1.841087
2904.85500026	0.060853
2906.0170002	2.482474
2908.04900026	3.344373
2910.05400014	1.624868
2912.05000019	1.100303
2914.04600024	3.681364
2916.04500031	2.099381
2918.04600024	0.285308
2920.09600019	4.017959
2922.04100037	1.116362
2924.05800033	1.272977
2926.08700013	3.347305
2928.03900027	2.666464
2930.05500007	3.8526
2932.05000019	2.979803
2934.04200029	2.971375
2936.05400014	0.820463
2938.05800033	3.078734
2940.04300022	1.343336
2942.06100035	0.857474
2944.06200027	1.005505
2946.29100013	0.827721
2948.29800034	3.752018
2950.29100013	5.71466
2952.08900023	2.728466
2954.29500008	5.55457
2956.29500008	2.658997
2958.29900026	0.062446
2960.28800011	3.376878
2962.29300022	5.316335
2964.29400015	3.670699
2966.28900027	2.99505
2968.2900002	4.251264
2970.31100011	4.43863
2972.29400015	1.931638
2974.29800034	2.95572
2976.12600017	0.448614
2978.30000043	1.51706
2980.29100013	3.863227
2982.28700018	0.104367
2984.28600025	0.25367
2986.28900027	1.453735
2988.28900027	1.434796
2990.29400015	3.517351
2992.28500032	4.386036
2994.28300023	4.386036
2996.29500008	5.447561
2998.30800033	1.616348
3000.46000028	4.175622
3002.28800011	5.147582
3004.30300021	0.732285
3006.2900002	4.671474
3008.28900027	1.863347
3010.29100013	1.664054
3012.29200029	4.054938
3014.30000043	1.37137
3016.29200029	5.759687
3018.29100013	1.401197
3020.29800034	4.413812
3022.28600025	1.059139
3024.29200029	3.746394
3026.29200029	2.543042
3028.29500008	1.337647
3030.29100013	3.061054
3032.28800011	4.071695
3034.28800011	1.59596
3036.29500008	1.360795
3038.3440001	0.024221
3040.30500031	0.46096
3042.28800011	5.251161
3044.29200029	1.978513
3046.29700041	2.163625
3048.29800034	0.48734
3050.31400013	5.081692
3052.28900027	2.864623
3054.29300022	4.226302
3056.29200029	3.845052
3058.29100013	4.561001
3060.29700041	4.456461
3062.28700018	5.687687
3064.28700018	2.026809
3066.30100036	5.762439
3068.2840004	2.828629
3070.28600025	1.516185
3072.38400006	3.676738
3074.29100013	0.592296
3076.28500032	0.319885
3078.28600025	3.392294
3080.2900002	3.285009
3082.2900002	6.395834
3084.29300022	3.180046
3086.28800011	6.7102
3088.2900002	1.645277
3090.29100013	1.246793
3092.29800034	0.198415
3094.29100013	0.956564
3096.29900026	1.57012
3098.31500006	4.852068
3100.28900027	5.312837
3102.29200029	4.347557
3104.29100013	3.404371
3106.29900026	4.885113
3108.28700018	0.112078
3110.31500006	2.724582
3112.29200029	0.425685
3114.28800011	0.03578
3116.29200029	0.296104
3118.2900002	2.660584
3120.29200029	1.927629
3122.2900002	0.12262
3124.29200029	6.72034
3126.29200029	4.725787
3128.2900002	4.69077
3130.29300022	6.116388
3132.28500032	0.914347
3134.30100036	0.830184
3136.29100013	1.485842
3138.2900002	0.436252
3140.29400015	3.96284
3142.28600025	4.306346
3144.28100038	0.342224
3146.29100013	5.120166
3148.29100013	1.418759
3150.28800011	3.149125
3152.28500032	3.149125
3154.32900023	6.41779
3156.28600025	6.744708
3158.28300023	5.367665
3160.29300022	4.780222
3162.28300023	1.596857
3164.29100013	4.287965
3166.28700018	4.287965
3168.28300023	5.114288
3170.28700018	6.055587
3172.2900002	4.172203
3174.28900027	2.138331
3176.28900027	5.504317
3178.29500008	5.504317
3180.29100013	5.309045
3182.2900002	4.422835
3184.28300023	4.630959
3186.29100013	3.927979
3188.29200029	0.139369
3190.2900002	5.140828
3192.54500031	5.540145
3194.53400016	4.703864
3196.54100037	5.084753
3198.5320003	0.048899
3200.53300023	6.059724
3202.53800035	3.151952
3204.53400016	5.10072
3206.33700037	2.04346
3208.53800035	3.633033
3210.53300023	5.368874
3212.54500031	5.368874
3214.53500009	6.399121
3216.53700018	6.224008
3218.53500009	4.147549
3220.53400016	6.174227
3222.53500009	6.174227
3224.5320003	4.684256
3226.53100014	4.673586
3228.53900027	4.915591
3230.34700012	4.022092
3232.53500009	4.022092
3234.5320003	2.132328
3236.53700018	2.132328
3238.53300023	3.196115
3240.53300023	3.196115
3242.53300023	3.196115
3244.5320003	5.636169
3246.53000021	0.063475
3248.53000021	5.559198
3250.53100014	4.476008
3252.53700018	4.476008
3254.5320003	5.370698
3256.5320003	4.228483
3258.53500009	4.248626
3260.53500009	3.488654
3262.5320003	5.353644
3264.53300023	2.107658
3266.53700018	0.190107
3268.53400016	1.976207
3270.53300023	3.171475
3272.54000044	4.942064
3274.53500009	4.141589
3276.53100014	4.98905
3278.5320003	2.52412
3280.53500009	1.56017
3282.53500009	5.757957
3284.55900025	0.663053
3286.52700019	0.282941
3288.53800035	1.803605
3290.53600001	1.48265
3292.53300023	6.224879
3294.53400016	0.039422
3296.53000021	0.004358
3298.53900027	2.103518
3300.54400015	4.008568
3302.5320003	4.945764
3304.55200005	4.520585
3306.53300023	2.476352
3308.53100014	1.84266
3310.54900026	3.031616
3312.53700018	1.914795
3314.53600001	4.265394
3316.53300023	1.16277
3318.53500009	0.039126
3320.53400016	4.264776
3322.52900028	4.024514
3324.53600001	0.572715
3326.53800035	3.13115
3328.54200029	4.283525
3330.52700019	5.634241
3332.52800012	5.365514
3334.53700018	4.00499
3336.52700019	1.629429
3338.53600001	4.262303
3340.53600001	3.430186
3342.53700018	3.030142
3344.53100014	0.333186
3346.52900028	1.593086
3348.53700018	1.992636
3350.53100014	6.001093
3352.5320003	0.072967
3354.53000021	0.09331
3356.53700018	4.000758
3358.5320003	3.204172
3360.53600001	2.945334
3362.55000019	4.252074
3364.53000021	1.826523
3366.53100014	3.273018
3368.53600001	5.367241
3370.53500009	2.54668
3372.53000021	2.14719
3374.53800035	4.137229
3376.52900028	1.301904
3378.53400016	3.752716
3380.53100014	0.05302
3382.53100014	5.73051
3384.52900028	2.003812
3386.53900027	4.385275
3388.53300023	4.393686
3390.52900028	4.199066
3392.53300023	5.307098
3394.52800012	4.045714
3396.53600001	6.819087
3398.56700015	4.19314
3400.52800012	6.125289
3402.53100014	3.559564
3404.54200029	2.051625
3406.52900028	3.185874
3408.58300018	3.185874
3410.53300023	0.875967
3412.53600001	1.684319
3414.5320003	3.114144
3416.53400016	3.060537
3418.53600001	1.689077
3420.52800012	0.122019
3422.52600026	3.435484
3424.53400016	0.136297
3426.53100014	0.015083
3428.53300023	0.078811
3430.54000044	0.112619
3432.55200005	0.261016
3434.52800012	3.995641
3436.53700018	1.526372
3438.53500009	0.472595
3443.92400026	0.278292
3446.48700023	2.874782
3447.45200038	3.914505
3448.33400011	3.944901
3448.93000031	2.589016
3450.78100038	0.080094
3452.7820003	1.338289
3454.78500032	3.048142
3456.77700019	4.342094
3458.78000045	5.772598
3460.77600002	5.001988
3462.77900028	5.815143
3464.80100036	5.467398
3466.78500032	4.990595
3468.80300021	4.971692
3470.78300023	6.090431
3472.80900025	4.782269
3474.78800035	4.261826
3476.77800012	4.577754
3478.7820003	4.877367
3480.78000045	4.820627
3482.77100015	4.959061
3484.7750001	3.272003
3486.77600002	5.164437
3488.78300023	5.583179
3490.77200031	1.618304
3492.78300023	5.916281
3494.77700019	2.024814
3496.7820003	4.334322
3498.78300023	3.60199
3500.84200025	0.055138
3502.79800034	4.338063
3504.78100038	3.348374
3506.78100038	5.703317
3508.77900028	4.713554
3510.78500032	2.427053
3512.77300024	1.004194
3514.78300023	1.771234
3516.77400017	1.963038
3518.7750001	0.152682
3520.78500032	4.117242
3522.82600021	5.428069
3524.7750001	5.14218
3526.78100038	3.065898
3528.77800012	4.517437
3530.87500024	1.660294
3532.78700018	4.147075
3534.78500032	3.313461
3536.77400017	4.642893
3538.78400016	2.088336
3540.7750001	2.693654
3542.77600002	2.716092
3544.7820003	5.711438
3546.78700018	6.582509
3548.78500032	5.390106
3550.7750001	1.916578
3552.77600002	1.826479
3554.77600002	2.968414
3556.77800012	0.108298
3558.77700019	5.358075
3560.78400016	5.358075
3562.7900002	5.024931
3564.77600002	7.280273
3566.78500032	4.847483
3568.77900028	0.83308
3570.78700018	4.046797
3572.77600002	5.639421
3574.77400017	7.689722
3576.77000022	7.689722
3578.77900028	7.689722
3580.77600002	4.573945
3582.77000022	2.367554
3584.79200006	2.876234
3586.77000022	5.218188
3588.77000022	3.893811
3590.77300024	4.092929
3592.7750001	2.305858
3594.80100036	1.072474
3596.77100015	1.318806
3598.77100015	3.752038
3600.78800035	4.595064
3602.78500032	3.549497
3604.77900028	1.126788
3606.7750001	0.113356
3608.78000045	1.705569
3610.77700019	0.004769
3612.77300024	2.8502
3614.7820003	1.11436
3616.78300023	0.326371
3618.77200031	0.230507
3620.77400017	3.343289
3622.77600002	1.065198
3624.78000045	1.423897
3626.77600002	1.292381
3628.77900028	3.181362
3630.80600023	3.755607
3632.77800012	0.332656
3634.80300021	0.25933
3636.7750001	0.0886
3638.78500032	0.060492
3640.77600002	1.358745
3642.77000022	4.674658
3644.78400016	4.578926
3646.78400016	1.872043
3648.77600002	3.990402
3650.78000045	3.14216
3652.78600025	3.944697
3654.77300024	1.317374
3656.77800012	2.79953
3658.7750001	4.354345
3660.77900028	0.41576
3662.77000022	2.141294
3664.77700019	1.284365
3666.7750001	0.666903
3668.77300024	1.089515
3670.77200031	5.182671
3672.77000022	3.385877
3674.77900028	1.891184
3676.77300024	5.927266
3678.77800012	2.607403
3680.77700019	0.027796
3682.78500032	1.219077
3684.77100015	1.783088
3686.78400016	1.16236
3688.77400017	0.108859
3690.7750001	5.274874
3692.87500024	3.548223
3695.02500033	2.873567
3697.03900027	2.893858
3699.03600025	3.168133
3700.82000041	4.862565
3703.02200031	5.431697
3705.02700019	3.629465
3707.02000046	1.333511
3709.02000046	3.690519
3711.02000046	5.509672
3713.02400017	5.153214
3715.03300023	6.276305
3717.02400017	3.157351
3719.02100039	0.989989
3721.02800035	2.141263
3723.02200031	0.518118
3724.82100034	2.024965
3727.02400017	0.044854
3729.02800035	3.915226
3731.02500033	5.945974
3733.04200029	2.560012
3735.03200006	0.309228
3737.03000021	0.055793
3739.02800035	1.37961
3741.02200031	0.06313
3743.01900005	0.172775
3745.01900005	1.459784
3747.02600026	2.53437
3749.03600025	5.016977
3751.02000046	4.140806
3753.02300024	6.197708
3755.02300024	1.958447
3757.02300024	0.465899
3759.02700019	4.38934
3761.02800035	1.059724
3763.03700018	0.046657
3765.03700018	0.05055
3767.03200006	0.063649
3769.04600024	5.000909
3771.02600026	3.858029
3773.0170002	4.185793
3775.08000016	1.877554
3777.02800035	3.20277
3779.02000046	5.972302
3781.01800013	0.526508
3783.02200031	0.109119
3785.02200031	5.174409
3787.02100039	4.44854
3789.02400017	2.980322
3791.02300024	5.987868
3793.02700019	5.601292
3795.02000046	6.388289
3797.02700019	4.767743
3799.02900028	1.382338
3801.02200031	5.029997
3803.0150001	1.824566
3805.01800013	2.593257
3807.02100039	0.385055
3809.02200031	0.809523
3811.02000046	3.842568
3814.6570003	1.814271
3817.06700015	0.930591
3818.59000015	4.014871
3819.25100017	0.437132
3821.0150001	6.892939
3823.01900005	0.901871
3825.01900005	5.864677
3827.03300023	0.183442
3829.05300021	0.298657
3831.02100039	0.005147
3833.02800035	0.410508
3835.03000021	0.004638
3837.02400017	0.578505
3839.02300024	0.167728
3841.02600026	0.819799
3843.02100039	0.283513
3845.02600026	0.080934
3847.03900027	1.129466
3849.02600026	1.46013
3851.02600026	3.113978
3853.02800035	3.412878
3855.01800013	2.185041
3857.0170002	4.008906
3859.02700019	0.932255
3861.01600003	0.140272
3863.02100039	0.237097
3865.01900005	0.835228
3867.03800035	1.141711
3869.02800035	3.873729
3871.02600026	2.801617
3873.02200031	4.311171
3875.02400017	1.573993
3877.02900028	1.551069
3879.01600003	1.279717
3881.02300024	5.735354
3883.01800013	2.993728
3885.02000046	2.698061
3887.02400017	2.974691
3889.01800013	3.521599
3891.02000046	3.420826
3893.01400018	3.035166
3895.03300023	3.131775
3897.02700019	1.989229
3899.02300024	1.497942
3901.03100014	2.78437
3903.02900028	4.7824
3905.07000017	0.979885
3907.0630002	0.52819
3909.02200031	0.083978
3911.0170002	0.178193
3913.02600026	0.045698
3915.02300024	3.491074
3917.0150001	1.607232
3919.01800013	2.309212
3921.02200031	2.637587
3923.0170002	3.256084
3925.01300025	0.980764
3927.01800013	3.066976
3929.01300025	1.826944
3931.03000021	4.840025
3933.01600003	1.56676
3935.01600003	0.205157
3937.03000021	1.673953
3939.02100039	0.996442
3941.2670002	0.240252
3943.0400002	0.146117
3945.26500034	2.039566
3947.26300025	0.045493
3949.26900029	0.318802
3951.27100015	2.977657
3953.27100015	0.567431
3955.06400013	1.898179
3957.27200007	0.050542
3959.27400017	1.708228
3961.27200007	2.050607
3963.28300023	2.449066
3965.27800012	0.049714
3967.26900029	3.067417
3969.27000022	3.735829
3971.2820003	4.161809
3973.2670002	3.171591
3975.26200032	1.906722
3977.2840004	1.075024
3979.26300025	3.353404
3981.26100039	5.093152
3983.26200032	4.906645
3985.27100015	1.203091
3987.27300024	5.112357
3989.26900029	2.155751
3991.26900029	3.458837
3993.26000047	0.029075
3995.27000022	4.961282
3997.26800036	4.620375
3999.28800011	1.842369
4001.27300024	0.074432
4003.11500025	0.37962
4005.28100038	3.145432
4007.27200007	4.395982
4009.26500034	5.295597
4011.26800036	6.399663
4013.26500034	0.135964
4015.27900028	3.435548
4017.26400018	0.117749
4019.26600027	1.704269
4021.26900029	0.581961
4023.26800036	3.911085
4025.27300024	4.675339
4027.26500034	0.165033
4029.26300025	3.520946
4031.30000043	2.804379
4033.26800036	1.156951
4035.27900028	4.536112
4037.2670002	3.415784
4039.27000022	5.337064
4041.26400018	1.86329
4043.27200007	5.096314
4045.25800014	4.70973
4047.27300024	5.964338
4049.26200032	5.95346
4051.26600027	6.238572
4053.29200029	7.293453
4055.16100025	1.22382
4057.25900006	1.197603
4059.25900006	0.479027
4061.27800012	4.710592
4063.27300024	6.502377
4065.26900029	3.105895
4067.27200007	4.60932
4069.27200007	5.856061
4071.27100015	4.742481
4073.26200032	1.643032
4075.26500034	1.665883
4077.25900006	3.865828
4079.26200032	1.871711
4081.26100039	5.251688
4083.26300025	1.8729
4085.26400018	2.622034
4087.26400018	3.005164
4089.2670002	4.49586
4091.26100039	4.652742
4093.27200007	3.160125
4095.26400018	2.467508
4097.26900029	1.521239
4099.26800036	2.139882
4101.26100039	0.251014
4126.25200033	1.683769
4126.32800007	1.99006
4126.56200027	0.382998
4126.90800047	4.039091
4127.26800036	3.08483
4127.53100014	4.017391
4127.84900022	2.824379
4128.24700022	5.957653
4128.67700028	7.640244
4129.00800014	5.588132
4131.02400017	5.25096
4133.25700021	4.090981
4135.25900006	3.155943
4137.26300025	3.057128
4139.25600004	6.549012
4141.25900006	3.938744
4143.26600027	6.25439
4145.2750001	3.67308
4147.26300025	3.868548
4149.25600004	4.857751
4151.25800014	5.565872
4153.26300025	5.427372
4155.0570004	1.866198
4157.26200032	0.173112
4159.25600004	2.988374
4161.26600027	6.235081
4163.25600004	0.005286
4165.25800014	4.995797
4167.26000047	6.061162
4169.25900006	3.719065
4171.25800014	4.898086
4173.26800036	7.194367
4175.25800014	4.98673
4177.25600004	3.87292
4179.25900006	2.086892
4181.26200032	5.963525
4183.26900029	1.512208
4185.25800014	1.895876
4187.26000047	3.692753
4189.2670002	3.692753
4191.26000047	3.692753
4193.25600004	2.70819
4195.26600027	4.752203
4197.26600027	6.339358
4199.26200032	4.30479
4201.26500034	6.583985
4203.26900029	4.136726
4205.26100039	3.030649
4207.26400018	3.333042
4209.2670002	4.912815
4211.3380003	5.354792
4213.25600004	3.209672
4215.26000047	1.152668
4217.25700021	1.980944
4219.31400013	6.232424
4221.26200032	1.06956
4223.25400019	6.226983
4225.27600026	2.6598
4227.25800014	2.757577
4229.25800014	5.673858
4231.26400018	5.857799
4233.29400015	6.970759
4235.25400019	3.945153
4237.29200029	4.467756
4239.25800014	1.881207
4241.25900006	3.477252
4243.25800014	5.33844
4245.25600004	5.101971
4247.25600004	1.781496
4249.25700021	3.830402
4251.25600004	5.915063
4253.25400019	0.021698
4255.25600004	2.161976
4257.25400019	2.492456
4259.25300026	1.853273
4261.25400019	4.436544
4263.25600004	0.093791
4265.25800014	0.056178
4267.25300026	0.055593
4269.27800012	3.634371
4271.25900006	2.100321
4273.25400019	3.01647
4275.25800014	3.301124
4277.25700021	4.718083
4279.25900006	3.709631
4281.25600004	6.88697
4283.25800014	2.223338
4285.25600004	2.223338
4287.29100013	2.223338
4289.27800012	0.832718
4291.26900029	0.196931
4293.2900002	0.062129
4295.26500034	1.077619
4297.25800014	0.004941
4299.26300025	4.567823
4301.25800014	4.759843
4303.25700021	0.581613
4305.25800014	0.95403
4307.25500011	0.54331
4309.25300026	2.203264
4311.25500011	0.00524
4313.25700021	0.06498
4315.25700021	1.278336
4317.25600004	5.213411
4319.25300026	0.387334
4321.25500011	0.079669
4323.25300026	1.990483
4325.25900006	0.03213
4327.25700021	2.749535
4329.25700021	3.131471
4331.25900006	5.904473
4333.25600004	5.22491
4335.25300026	1.003952
4337.25700021	3.733641
4339.25700021	3.986174
4341.25600004	1.587392
4343.28000021	2.581215
4345.25800014	1.800954
4347.25300026	1.947045
4349.25500011	2.093255
4351.25400019	0.473103
4353.2670002	0.368669
4355.26300025	0.496249
4357.26500034	1.539502
4359.25300026	0.935515
4361.26100039	1.784751
4363.25600004	0.059953
4365.27200007	0.140484
4367.25300026	1.942391
4369.26500034	3.491358
4371.26800036	1.732124
4373.25100017	3.933718
4375.26800036	3.879786
4377.25300026	4.860813
4379.25700021	0.25602
4381.25600004	4.281754
4383.50200033	4.693626
4385.33900023	3.736381
4387.50500035	3.86369
4389.50000024	0.093318
4391.50700021	1.70345
4393.51800013	0.404853
4395.51200008	0.125386
4397.50300026	0.724377
4399.51100016	2.271522
4401.5170002	1.174141
4403.28900027	4.03896
4405.50500035	3.306057
4407.50600028	3.076855
4409.30400014	1.874364
4411.5090003	2.554185
4413.50400019	1.121771
4415.50300026	0.088526
4417.50300026	0.319791
4419.53800035	0.165133
4421.50800037	0.92453
4423.50400019	3.08822
4425.50300026	3.272316
4427.51100016	1.448371
4429.50200033	1.865366
4431.5010004	4.180192
4433.3610003	2.906764
4435.50400019	4.828538
4437.50400019	0.693738
4439.49800014	0.719562
4441.52900028	1.22618
4443.50000024	2.951703
4445.50600028	0.544935
4447.5090003	4.232562
4449.50800037	5.643113
4451.5090003	2.501823
4453.50300026	4.761555
4455.5010004	0.142249
4457.50000024	1.604125
4459.51600027	0.059046
4461.50400019	0.030193
4463.5170002	0.005241
4465.50000024	2.472967
4467.5010004	0.035881
4469.50500035	0.071435
4471.50700021	2.090061
4473.50300026	0.005132
4475.51600027	0.26803
4477.50500035	0.005278
4479.50300026	0.345777
4481.50400019	0.094551
4483.50600028	0.091327
4485.50400019	1.254856
4487.50700021	0.392891
4489.50200033	0.910773
4491.50800037	1.846061
4493.50300026	3.766674
4495.50200033	2.576335
4497.50500035	4.805983
4499.50300026	1.174442
4501.50800037	1.611525
4503.51300025	0.808035
4505.5010004	1.323055
4507.50200033	0.124274
4509.50000024	3.323477
4511.5010004	1.79072
4513.5170002	2.255594
4515.43900013	0.004588
4517.50300026	0.153702
4519.5010004	0.776456
4521.50500035	4.975779
4523.50300026	1.492563
4525.50500035	0.974394
4527.5010004	2.672966
4529.50300026	3.421514
4531.50000024	4.557425
4533.49800014	4.141415
4535.52800012	1.569539
4537.50400019	1.956794
4539.49700022	3.235482
4541.50300026	0.684035
4543.49800014	6.610831
4545.49900007	4.622234
4547.50000024	0.937655
4549.49600005	4.45112
4551.49800014	5.745678
4553.50000024	5.745678
4555.50600028	5.342139
4557.52000022	4.008318
4559.51400018	1.819532
4561.50300026	3.946295
4563.50000024	5.732034
4565.50600028	0.767196
4567.50400019	2.659619
4569.50400019	1.193757
4571.49800014	2.688293
4573.49800014	5.759016
4575.50600028	5.759016
4577.49800014	4.072454
4579.5090003	4.676962
4581.49800014	5.942689
4583.50000024	1.922696
4585.50000024	3.689694
4587.49800014	4.634013
4589.50800037	0.058089
4591.49600005	5.26031
4593.49600005	5.416158
4595.50600028	3.004732
4597.49600005	2.134359
4599.49500012	5.447097
4601.49600005	4.326593
4603.49600005	6.259001
4605.49500012	4.899027
4607.49600005	1.427598
4609.49600005	4.525225
4611.49600005	4.525225
4613.49600005	4.952073
4615.49600005	2.627086
4617.49800014	1.50384
4619.53900027	2.218946
4621.49800014	2.841839
4623.51000023	2.857072
4625.50500035	3.875821
4627.4940002	3.875821
4629.5010004	4.51866
4631.50200033	4.118609
4633.74600029	4.406824
4635.74800038	0.085051
4637.7440002	4.340049
4639.74600029	1.851156
4641.77000022	3.19177
4643.7440002	3.955203
4645.76200032	3.170645
4647.75000024	0.40081
4649.74700022	5.279668
4651.75400019	1.143635
4653.7440002	2.341507
4655.7440002	2.341507
4657.74900031	0.180791
4659.75200009	1.599775
4661.76600027	2.903352
4663.75400019	3.528253
4665.74600029	0.310236
4667.75100017	5.396771
4669.74700022	1.78389
4671.75100017	4.727772
4673.75000024	3.428672
4675.74800038	4.188121
4677.7440002	3.115893
4679.75000024	1.708352
4681.74500036	2.708799
4683.74200034	2.840438
4685.74600029	0.155562
4687.7440002	3.133749
4689.74500036	1.660725
4691.74500036	5.367611
4693.74900031	2.792055
4695.74500036	1.66829
4697.74200034	4.572267
4699.7440002	4.206114
4701.7440002	3.664395
4703.79400015	5.042187
4705.74600029	3.673961
4707.74900031	0.105481
4709.74600029	3.71544
4711.74800038	2.178535
4713.76800013	0.049561
4715.74700022	0.040447
4717.74500036	2.278879
4719.74300027	0.55596
4721.74500036	2.355507
4723.75000024	0.946049
4725.75700021	6.19193
4727.74500036	3.898617
4729.76600027	7.10109
4731.74200034	0.802539
4733.74200034	1.479916
4735.74600029	1.884516
4737.74200034	1.795558
4739.75300026	0.822201
4741.74300027	3.324025
4743.74500036	5.631413
4745.74500036	1.735719
4747.74500036	0.448981
4749.74600029	2.921173
4751.7440002	5.125361
4753.75000024	3.297434
4755.74600029	1.428648
4757.7440002	1.221056
4759.74800038	2.616687
4761.74700022	0.489472
4763.74700022	3.418096
4765.74300027	1.432891
4767.74200034	0.899822
4769.74300027	1.6205
4771.74900031	3.319241
4773.74100018	2.950504
4775.74000025	1.675979
4777.75000024	0.251388
4779.74500036	1.862068
4781.74500036	0.456523
4783.74500036	2.673551
4785.74300027	3.648608
4787.74000025	2.854661
4789.77400017	2.981296
4791.74700022	1.977576
4793.74200034	0.034238
4795.7440002	1.507183
4797.74700022	0.108304
4799.74700022	0.0052
4801.7440002	0.900749
4803.74200034	4.0664
4805.74800038	0.139269
4807.8670001	3.119486
4809.74200034	0.086508
4811.74000025	1.303539
4813.74500036	1.382485
4815.74000025	0.491036
4817.75300026	1.390677
4819.74100018	3.355212
4821.75000024	0.996637
4823.74200034	4.842056
4825.75100017	3.202659
4827.74600029	6.136375
4829.74200034	3.1393
4831.75200009	5.971403
4833.74000025	1.490105
4835.75400019	0.24516
4837.74300027	1.205351
4839.74700022	0.192417
4841.74300027	4.200602
4843.74100018	3.735874
4845.74500036	4.051998
4847.75999999	3.39974
4849.74300027	3.657374
4851.74800038	3.68323
4853.74000025	2.707655
4855.74600029	4.471043
4857.75700021	4.200942
4860.00800014	1.37558
4861.74500036	4.28709
4863.76100039	6.06729
4865.74500036	1.423439
4867.74900031	3.017012
4869.7440002	0.031591
4871.75900006	1.787413
4873.74700022	1.464794
4875.74100018	1.805136
4877.74300027	3.615773
4879.74500036	0.912322
4881.75800014	4.340468
4884.01900005	0.248669
4885.99300027	2.168728
4887.98900032	0.335984
4889.99100018	0.005428
4891.99700022	0.060539
4893.98900032	2.175696
4895.99100018	0.103299
4897.99300027	5.013086
4899.9920001	0.303081
4901.99100018	2.556987
4903.78900027	2.085768
4905.9920001	2.692185
4907.99600029	0.662594
4909.99000025	0.507189
4911.99300027	0.72663
4913.99300027	7.379798
4915.98900032	3.664138
4917.9940002	5.620849
4919.99100018	5.216184
4921.9940002	1.236508
4923.9920001	5.946753
4925.9920001	0.889033
4927.82900023	0.035048
4929.99000025	0.085239
4931.99500012	1.930323
4933.9940002	3.80962
4935.9940002	5.073671
4937.99100018	0.797329
4939.98900032	0.00554
4942.00700021	0.956436
4943.99300027	0.190673
4945.98900032	3.216161
4947.98900032	4.030619
4949.99300027	0.444129
4951.81200027	0.048956
4953.99100018	5.533226
4955.99800014	2.668249
4957.98900032	5.068242
4960.01200032	4.868677
4961.99900007	2.099673
4963.9940002	4.798586
4965.99000025	2.547746
4967.98800039	4.675682
4969.9940002	0.482638
4971.99600029	1.727804
4973.99600029	0.265558
4975.84500027	5.218681
4977.98900032	0.370026
4980.06700015	0.058571
4981.98900032	1.115808
4983.99000025	4.757907
4985.99300027	1.519673
4987.98900032	2.094571
4989.99500012	1.166898
4991.99600029	2.551909
4993.98800039	0.373292
4996.00200033	1.723063
4997.99300027	0.123528
4999.99700022	0.059853
5001.99700022	1.293795
5003.98700023	1.08163
5005.99100018	0.039523
5007.9940002	0.294958
5010.10000038	0.029202
5011.98900032	0.506421
5013.98900032	0.169237
5015.99000025	1.387116
5017.98900032	0.183506
5019.99700022	0.087165
5021.9860003	0.339831
5023.99100018	4.466571
5026.00700021	4.362417
5027.99000025	0.382802
5030.00200033	3.725505
5031.98700023	1.007408
5033.98900032	0.139373
5035.98400021	0.005331
5037.9860003	3.534063
5039.9860003	0.525405
5041.99600029	3.791803
5043.95100021	0.155615
5045.98900032	4.044303
5047.98900032	1.750021
5049.98700023	0.698976
5051.98800039	0.583299
5053.99500012	0.059063
5055.98700023	1.904117
5057.99000025	2.968387
5059.99000025	4.542967
5061.99000025	4.080495
5063.99700022	5.720814
5065.99100018	3.727685
5067.98400021	3.465523
5069.98500037	0.060045
5071.98700023	6.368159
5073.99600029	5.402454
5076.28300023	4.038701
5077.9920001	1.125388
5079.98500037	2.738545
5081.98500037	1.514097
5083.98400021	0.674793
5086.03900027	1.57811
5087.98400021	0.394825
5090.00200033	0.162254
5091.98800039	0.240013
5093.99800014	0.703617
5095.98800039	0.205088
5097.98800039	0.065354
5100.05900025	0.363493
5101.9940002	1.484381
5103.98300028	2.58599
5105.98700023	2.412034
5107.98700023	0.061192
5109.99000025	0.552269
5111.98700023	0.827117
5113.98500037	3.154176
5115.9860003	1.034066
5117.9860003	0.191315
5119.98700023	0.503779
5121.98900032	1.552642
5123.9940002	0.427173
5125.98800039	0.294328
5127.98900032	2.423751
5129.9860003	1.491329
5131.9920001	2.976893
5134.25900006	4.770339
5136.26500034	5.229441
5138.24800014	6.010566
5140.24200034	6.024807
5142.24500036	4.721314
5144.2360003	0.125014
5146.23300028	0.421476
5148.2360003	0.201099
5150.28100038	3.400974
5152.23500013	3.51878
5154.23500013	3.617812
5156.2360003	2.14506
5158.24000001	3.216107
5160.24900031	3.277848
5162.23900008	0.659638
5164.23900008	3.012786
5166.23300028	0.405182
5168.24500036	1.529213
5170.23500013	3.819745
5172.24000001	0.001828
5174.24100018	0.465516
5176.23900008	3.856666
5178.24500036	0.711373
5180.23100019	4.386947
5182.23700023	2.198698
5184.24000001	4.606736
5186.23900008	0.159935
5188.23500013	2.253696
5190.23300028	0.033976
5192.23700023	4.116252
5194.24900031	2.046321
5196.23500013	1.408274
5198.25600004	0.785909
5200.24900031	5.146677
5202.23500013	3.16509
5204.25700021	0.02564
5206.23100019	2.022076
5208.23700023	3.943953
5210.23200011	2.958408
5212.23200011	2.606512
5214.24300027	3.037068
5216.23500013	0.811355
5218.24800014	0.381802
5220.23200011	0.21061
5222.23400021	4.363236
5224.23000026	0.959666
5226.23500013	2.554465
5228.23700023	0.749835
5230.23300028	1.875699
5232.23900008	5.308581
5234.23000026	2.803728
5236.23000026	0.031254
5238.23400021	1.902461
5240.24000001	1.972898
5242.23300028	5.831071
5244.24400043	0.668025
5246.23500013	0.376728
5248.23100019	1.96604
5250.23700023	1.701091
5252.23500013	3.98918
5254.23100019	2.793996
5256.23000026	0.092591
5258.23000026	1.591921
5260.23000026	0.852132
5262.23700023	3.818936
5264.23100019	2.77927
5266.23200011	3.385461
5268.2280004	0.054562
5270.23200011	4.949547
5272.23200011	5.181643
5274.23700023	2.098329
5276.23200011	3.893618
5278.23000026	0.066135
5280.23200011	0.259188
5282.22900033	0.397354
5284.23000026	4.668665
5286.23400021	3.787424
5288.23100019	4.413061
5290.23200011	0.028867
5292.23400021	5.121324
5294.22900033	4.783925
5296.23800015	2.541532
5298.23300028	2.343182
5300.2280004	2.274534
5302.2280004	5.58042
5304.22900033	2.003641
5306.24800014	3.266794
5308.2280004	1.692056
5310.23000026	4.93146
5312.2280004	2.245964
5314.22900033	5.496278
5316.23000026	0.722844
5318.23200011	6.006198
5320.23100019	4.044884
5322.22900033	0.055695
5324.23800015	0.225826
5326.24000001	0.102895
5328.2360003	0.003947
5330.23500013	1.807548
5332.22700024	0.296701
5334.25900006	0.226117
5336.23300028	0.243197
5338.23400021	0.347565
5340.23500013	0.005237
5342.23200011	1.209371
5344.23000026	0.37798
5346.23500013	1.407258
5348.23000026	2.91407
5350.23100019	5.095699
5352.23000026	2.667148
5354.25200033	5.303316
5356.22900033	4.543159
5358.2280004	0.017426
5360.2280004	0.09707
5362.22700024	0.156475
5364.22900033	1.700454
5366.23000026	0.962883
5368.22700024	3.887248
5370.23000026	0.126537
5372.2280004	0.274753
5374.23000026	1.651768
5376.22900033	0.024445
5378.23000026	1.974705
5380.23500013	0.373568
5382.23100019	4.193251
5384.23100019	0.214753
5386.48100019	0.63611
5388.4860003	0.229063
5390.48000002	0.215168
5392.48000002	0.005157
5394.48400044	0.600386
5396.59400034	0.818165
5399.72300005	0.801285
5401.17300034	0.221596
5402.31200004	1.593835
5404.48000002	2.189227
5407.36600018	4.220945
5409.02700019	0.340637
5410.47700024	0.048434
5412.48500037	5.543142
5414.47500014	0.275451
5416.47700024	0.707103
5418.47700024	1.946396
5420.48300028	0.10775
5422.27200007	1.823468
5424.47700024	0.110851
5426.47700024	2.560588
5428.47900009	0.019083
5430.48500037	2.749285
5432.48200011	1.990502
5434.47700024	0.667665
5436.48800015	0.409396
5438.47900009	0.885034
5440.47700024	3.115541
5442.47700024	2.610714
5444.47700024	0.230367
5446.34100032	0.21881
5448.48100019	1.925211
5450.47800016	1.301426
5452.47500014	0.062003
5454.48400044	6.374254
5456.47900009	2.236017
5458.47800016	4.246103
5460.48800015	3.915089
5462.47900009	1.383416
5464.49800014	4.775905
5466.47800016	3.075849
5468.47900009	2.380876
5470.47700024	1.88989
5472.47600031	6.349574
5474.47900009	2.368554
5476.48200011	0.881383
5478.47400022	2.908124
5480.48100019	0.170731
5482.47900009	1.51623
5484.47700024	3.08467
5486.47700024	2.936524
5488.47800016	0.969324
5490.47400022	2.505158
5492.48200011	2.218947
5494.48000002	6.110683
5496.49000025	4.853967
5498.47800016	0.367682
5500.47500014	2.200065
5502.48000002	3.347355
5504.47400022	4.47843
5506.49200034	1.196282
5508.48400044	3.398679
5510.47600031	0.49674
5512.48500037	0.691912
5514.47800016	1.497668
5516.4860003	4.657802
5518.47700024	4.854592
5520.47400022	1.369282
5522.47900009	3.4427
5524.48100019	0.756447
5526.48100019	0.059971
5528.47800016	0.028773
5530.47400022	1.720811
5532.48300028	0.447732
5534.47900009	1.912521
5536.47500014	1.696555
5538.47600031	0.134451
5540.48000002	1.199668
5542.47600031	3.044491
5544.47600031	7.495448
5546.47800016	3.829187
5548.47800016	5.017016
5550.47800016	3.327911
5552.47600031	3.918352
5554.47200012	3.791561
5556.48400044	1.872662
5558.47900009	5.043204
5560.47600031	4.063695
5562.48200011	2.866453
5564.47600031	1.600036
5566.47400022	2.048557
5568.47600031	2.94346
5570.47700024	4.123408
5572.47400022	3.768379
5574.47300029	3.768379
5576.48000002	3.768379
5578.4860003	7.00411
5580.47300029	5.399582
5582.47800016	6.901361
5584.47800016	2.387897
5586.47200012	2.447392
5588.47400022	4.71504
5590.47400022	4.400916
5592.47900009	4.400916
5594.47700024	0.408264
5596.47300029	0.371649
5598.47800016	4.394115
5600.47800016	3.292392
5602.47100019	1.870304
5604.47200012	4.165082
5606.47100019	2.369823
5608.51200008	0.951317
5610.5170002	2.713865
5612.47000027	0.073548
5614.47300029	2.726992
5616.47700024	3.759391
5618.47100019	5.033491
5620.47100019	6.682012
5622.4860003	6.682012
5624.47200012	6.682012
5626.47600031	3.516341
5628.47200012	3.516341
5630.47400022	3.997991
5632.47900009	3.997991
5634.47200012	5.601223
5636.48700023	5.545429
5638.72000003	5.110643
5640.72200012	7.163276
5642.72000003	1.759042
5644.73800015	4.213059
5646.72500038	4.213059
5648.72300005	4.213059
5650.72600031	4.213059
5652.51200008	4.213059
5654.72000003	5.872413
5656.72000003	4.995056
5658.72300005	6.549366
5660.72200012	6.593235
5662.73200035	4.384845
5664.72700024	5.320619
5666.72000003	5.589338
5668.72400045	0.747676
5670.72800016	0.498591
5672.72200012	2.493065
5674.73800015	0.134616
5676.72000003	2.014965
5678.72200012	3.857125
5680.75700021	3.857125
5682.75600028	3.857125
5684.72200012	0.268375
5686.72300005	0.284503
5688.7190001	0.957968
5690.72500038	4.882579
5692.73600006	1.992814
5694.72200012	1.484849
5696.72100019	6.268013
5698.72300005	0.205519
5700.72700024	2.799577
5702.72300005	1.090487
5704.72200012	1.513998
5706.72000003	1.888229
5708.72400045	1.275181
5710.72400045	5.416744
5712.75200009	7.384662
5714.72800016	1.483197
5716.72800016	6.359702
5718.73200035	2.086962
5720.72200012	5.945056
5722.71800017	4.451361
5724.58500028	0.278675
5726.72100019	0.224789
5728.72300005	0.160928
5730.72100019	0.700612
5732.72100019	5.328924
5734.72900033	6.271135
5736.72000003	0.035573
5738.72800016	0.915344
5740.71800017	0.161026
5742.72300005	4.146338
5744.72500038	4.0986
5746.72100019	0.936494
5748.7190001	1.908897
5750.71800017	4.043219
5752.71800017	0.684533
5754.72100019	1.025226
5756.7190001	1.116071
5758.72400045	0.129656
5760.72600031	0.874097
5762.7190001	1.530925
5764.72300005	2.593609
5766.72300005	3.694654
5768.72500038	3.453394
5770.72000003	0.043647
5772.72300005	3.879637
5774.71800017	5.044663
5776.72600031	4.65489
5778.72200012	2.608844
5780.72200012	1.021834
5782.72100019	0.634402
5784.72400045	0.09913
5786.72300005	0.149097
5788.72800016	1.320527
5790.72600031	0.004309
5792.72400045	2.045304
5794.72800016	4.937383
5796.72100019	2.866105
5798.71700025	3.32555
5800.72500038	0.070009
5802.72400045	4.244763
5804.73000026	0.674957
5806.71800017	0.169986
5808.72300005	3.056308
5810.72200012	0.300233
5812.72500038	0.158095
5814.7190001	4.064167
5816.72000003	3.797444
5818.73200035	0.190381
5826.17300034	2.558225
5826.79600024	3.64668
5827.84800005	0.917869
5828.85400033	5.39814
5830.00500035	0.298541
5830.88900018	3.660439
5832.71800017	3.751332
5834.7190001	0.561687
5836.71800017	1.887477
5838.7190001	0.961993
5840.72100019	1.814577
5842.72300005	0.162904
5844.71700025	0.442218
5846.72000003	2.800386
5848.71700025	3.541955
5850.72100019	3.23991
5852.72400045	0.607997
5854.71700025	1.660723
5856.72000003	4.955309
5858.72700024	0.381009
5860.72000003	1.044867
5862.71600032	2.713591
5864.71800017	5.503938
5866.72400045	6.108895
5868.72300005	0.290157
5870.72400045	5.019834
5872.71600032	1.916736
5874.71800017	0.706441
5876.72200012	0.059593
5878.73500013	0.203153
5880.71700025	0.335204
5882.72300005	0.10747
5884.96500039	3.267227
5886.96800017	3.529012
5888.97000027	2.356003
5890.97600007	1.620956
5892.99000025	2.835827
5894.97000027	2.112366
5896.97100019	0.6861
5898.96600032	3.923962
5900.96500039	5.431849
5902.97100019	0.128642
5904.96500039	1.688534
5906.96600032	0.142913
5908.96600032	0.120091
5910.97300029	1.592545
5913.00500035	0.119088
5915.31000018	0.559919
5917.94800043	1.452988
5920.49900007	0.144832
5921.93100023	0.493221
5922.77300024	0.286449
5924.99300027	0.413293
5926.7750001	4.47333
5928.97500014	2.93096
5930.97400022	4.212228
5932.98900032	5.559719
5934.96200013	4.222643
5936.97000027	6.048611
5938.96700025	4.427757
5940.97000027	1.982277
5942.96500039	0.068618
5944.97500014	3.978374
5946.97100019	5.506075
5948.96700025	0.392602
5950.96500039	3.42838
5952.96500039	0.633053
5954.96900034	4.591668
5956.97000027	0.081184
5958.99000025	2.826825
5960.96800017	1.955651
5962.96800017	1.41531
5964.96700025	0.548982
5966.97400022	0.830821
5968.96600032	0.31133
5970.96700025	6.472847
5973.56200027	1.686183
5975.26600027	5.674133
5976.96500039	5.291904
5978.96800017	0.808562
5980.96700025	0.317731
5982.97000027	0.066289
5984.97000027	0.231018
5986.96900034	0.032139
5988.96800017	0.179045
5990.97000027	1.232078
5992.97400022	0.121558
5994.97100019	0.297293
5996.97100019	0.626411
5998.96600032	4.423166
6000.97100019	5.815855
6002.96300006	2.094183
6004.96500039	0.834144
6006.96500039	5.585245
6008.96900034	2.717867
6010.96600032	5.209366
6012.97200036	0.158151
6014.96400046	5.046257
6016.96800017	0.475188
6018.96900034	0.414104
6020.96900034	1.952359
6022.97500014	1.437078
6024.97000027	0.048142
6026.97500014	4.711372
6028.96900034	4.954521
6030.96600032	6.412125
6032.96500039	3.500548
6034.96200013	5.247758
6036.98700023	1.822759
6038.97000027	3.471851
6040.96600032	5.195686
6042.96600032	7.29332
6044.96500039	3.78948
6046.96300006	1.641283
6048.96800017	0.091645
6050.96500039	3.928049
6052.97200036	6.717418
6054.96800017	6.201473
6056.96500039	2.399821
6058.96000004	4.831016
6060.97600007	4.364598
6062.96500039	1.717235
6064.96400046	1.717235
6066.96400046	3.579469
6068.96500039	0.256539
6070.96400046	3.521877
6072.9920001	3.644709
6074.97700024	1.468349
6076.96600032	4.548038
6078.9860003	3.704033
6080.96600032	3.411159
6082.96500039	4.941867
6084.96400046	3.35492
6086.96600032	5.384066
6088.96600032	5.384066
6090.96700025	3.645443
6092.96600032	4.706117
6094.96300006	5.558649
6096.96000004	3.904689
6098.96500039	0.215052
6100.96000004	5.762442
6102.96400046	3.921495
6104.96600032	4.862809
6106.96500039	0.874257
6108.96600032	5.712864
6110.96700025	5.477244
6112.99000025	6.574997
6114.96400046	5.585835
6116.96000004	5.924272
6118.96500039	1.825353
6120.96600032	4.094383
6122.95800018	5.991652
6124.96600032	5.338713
6126.96600032	3.884995
6128.96400046	2.911155
6130.96000004	1.308006
6132.9920001	4.297549
6135.20900035	4.401999
6137.20800018	2.233559
6139.21000028	3.45383
6141.20800018	0.212016
6143.21500015	4.638169
6145.22000027	0.939113
6147.02900028	1.27288
6149.21400023	6.039204
6151.20800018	0.665288
6153.20800018	5.392282
6155.20600033	3.118843
6157.20800018	3.86768
6159.21200037	4.973013
6161.20800018	5.585017
6163.21000028	5.668044
6165.21000028	4.954474
6167.20900035	4.954474
6169.21600008	4.954474
6171.00800014	4.171531
6173.2190001	3.445753
6175.2110002	0.990566
6177.21000028	0.053069
6179.21600008	4.105328
6181.21400023	0.5232
6183.20800018	3.570657
6185.2130003	1.747302
6187.22500038	0.486629
6189.2130003	0.64375
6191.21800017	1.264881
6193.20900035	4.107232
6195.20700026	4.189851
6197.20700026	1.024186
6199.20900035	4.360857
6201.20600033	1.079553
6203.21000028	4.76399
6205.2110002	1.534371
6207.2110002	0.6236
6209.21600008	1.407947
6211.21600008	5.219809
6213.21700025	1.291045
6215.20800018	1.444952
6217.21700025	0.080525
6219.11199999	1.455438
6221.20700026	2.977992
6223.21800017	5.105723
6225.22000027	3.458441
6227.22100019	3.839086
6229.21800017	1.117144
6231.21700025	0.373086
6233.20900035	0.914396
6235.20600033	0.235099
6237.21400023	4.632735
6239.20700026	4.748779
6241.21800017	2.80149
6243.21700025	1.555576
6245.20600033	1.742955
6247.21700025	0.004399
6249.20700026	0.13202
6251.20700026	0.071946
6253.2110002	0.083609
6255.2110002	3.343697
6257.21600008	2.741342
6259.20800018	3.993206
6261.24500036	0.171697
6263.22100019	0.027947
6265.21000028	0.034696
6267.20700026	1.426038
6269.22000027	0.272927
6271.20900035	2.705897
6273.20900035	2.693091
6275.20900035	1.401081
6277.2050004	5.455255
6279.20800018	4.08711
6281.20600033	3.742666
6283.22300005	0.780071
6285.2050004	4.237689
6287.20900035	5.222008
6289.22000027	4.65651
6291.20800018	3.972993
6293.22200012	0.041247
6295.20900035	0.036755
6297.2190001	4.246446
6299.20900035	0.089626
6301.2050004	0.461081
6303.20400047	1.583685
6305.21600008	0.257623
6307.2050004	0.54626
6309.20600033	0.27621
6311.2130003	3.593853
6313.75999999	3.153914
6315.20900035	0.031274
6317.22000027	1.149017
6319.21800017	0.032744
6321.5090003	1.079344
6323.49300027	1.215031
6326.60700011	0.60299
6328.75000024	0.378941
6330.95100021	2.28189
6332.45900011	0.808386
6333.97400022	0.285718
6335.29300022	5.452886
6337.20900035	0.004968
6339.2190001	0.278202
6341.2110002	0.104418
6343.20800018	0.064428
6345.20900035	4.351089
6347.88000011	0.051737
6349.47500014	4.334774
6351.20600033	1.653879
6353.23100019	5.399644
6355.20300007	3.51295
6357.21700025	0.057085
6359.20400047	2.505809
6361.22600031	5.577522
6363.20200014	0.080625
6365.20700026	0.37321
6367.2050004	0.053301
6369.20400047	2.578347
6371.20400047	0.500684
6373.21800017	4.251505
6375.20900035	0.005088
6377.20600033	4.054495
6379.2050004	3.475876
6381.20200014	2.423011
6383.20700026	1.716231
6385.45900011	0.07441
6387.45800018	5.102123
6389.45900011	2.687786
6391.45700026	3.518986
6393.45700026	4.469427
6395.46000028	2.986157
6397.45700026	3.753691
6399.45200038	1.796299
6401.25100017	5.919504
6403.45700026	0.326987
6405.47300029	0.814588
6407.45800018	6.303109
6409.46000028	0.295024
6411.45600009	5.243649
6413.46500039	4.342312
6415.46000028	4.797991
6417.45300031	0.034937
6419.45300031	0.075812
6421.45000029	1.42852
6423.46900034	2.692034
6425.27000022	1.82887
6427.45200038	0.022144
6429.45500016	0.431358
6431.45600009	1.468234
6433.45600009	0.421162
6435.47600031	2.036099
6437.45700026	0.659965
6439.46900034	3.447453
6441.45600009	0.906997
6443.45200038	3.223044
