0.0	1.065897
0.780999898911	0.004196
1.50300002098	0.187272
2.56599974632	0.37844
4.02600002289	1.116122
5.46600008011	1.123639
6.74399995804	1.188727
8.26699995995	1.180652
10.138999939	0.732285
12.5789999962	0.854462
14.4649999142	0.462137
17.5859999657	0.621478
19.6069998741	1.133304
20.6139998436	1.100048
22.4609999657	0.240302
25.0360000134	0.653118
27.243999958	0.432909
30.2200000286	0.184509
32.1749999523	0.787562
33.4749999046	1.111957
34.4329998493	0.962224
36.0489997864	1.131824
38.1649999619	0.982354
40.7649998665	0.024347
41.9889998436	1.005955
42.7149999142	0.719819
44.012999773	1.208472
45.25	0.515385
46.4749999046	1.029074
47.1849999428	1.061611
48.2379996777	1.068559
50.3489999771	0.325498
51.4900000095	0.996796
53.0980000496	1.148003
55.501999855	0.889378
56.7849998474	1.003764
58.2769999504	0.974193
59.9489998817	0.842503
61.9509999752	0.162225
63.9559998512	0.237647
66.4820001125	0.870296
69.6820001602	0.147532
72.6830000877	0.017477
74.7359998226	0.867455
76.9620001316	0.998298
79.2400000095	1.086482
81.9259998798	0.911068
84.254999876	0.29004
86.9809999466	0.583939
89.6500000954	0.484211
91.6729998589	0.981604
93.1959998608	0.509729
95.1999998093	1.036162
97.5639998913	0.595876
99.2889997959	1.081426
100.963000059	1.092658
102.346999884	1.107781
104.411999941	1.076146
106.197999716	1.130866
108.159999847	1.196008
109.917999744	1.181034
111.769999981	0.975689
113.564999819	1.196698
115.208999872	1.018564
117.186000109	0.471314
119.491999865	0.022656
121.690999985	1.04592
124.115999937	1.149407
126.507999897	0.395296
128.72300005	0.630061
131.296000004	0.004378
133.333999872	1.009958
135.264999866	1.120982
137.483999968	1.110189
138.825999975	0.331457
139.536000013	0.487967
139.836999893	0.977362
140.302999973	1.056167
142.200999975	1.133089
144.203999996	1.093153
146.203999996	0.583953
148.207999945	1.008076
150.207999945	0.915801
152.207000017	0.944603
154.203999996	1.087707
156.205999851	1.049137
158.200999975	0.840211
160.204999924	1.123619
162.146000147	0.114969
164.204999924	1.079974
166.398999929	1.036791
168.203000069	0.343313
170.208999872	0.707698
172.210000038	0.986018
174.205999851	1.087137
176.212999821	1.120839
178.200999975	1.051947
180.198999882	0.02763
182.208999872	1.024972
184.210000038	1.008899
186.087999821	0.90057
188.197999716	1.107032
190.198999882	0.537057
192.203999996	0.274827
194.211999893	0.971639
196.197999716	1.091644
198.210000038	0.907395
200.203999996	1.022623
202.198999882	0.956592
204.200999975	1.012482
206.204999924	0.930346
208.210000038	0.416139
210.148999929	0.063452
212.207000017	0.017665
214.199999809	1.013393
216.213999748	1.061156
218.204999924	0.930981
220.194999933	1.000835
222.203000069	0.937113
224.200999975	0.979307
226.210999966	1.045487
228.207000017	1.096536
230.200999975	0.972495
232.194999933	1.066471
234.207000017	0.929734
236.203999996	1.108199
238.213999748	1.039663
240.200999975	0.80569
242.211999893	0.945611
244.204999924	0.684458
246.199999809	1.046306
248.208999872	0.050468
250.204999924	1.131532
252.198999882	1.061835
254.207000017	0.788601
256.195999861	1.031541
258.200999975	1.083703
260.200999975	1.053285
262.211999893	1.055221
264.205999851	1.085539
266.200999975	1.023449
268.204999924	1.058738
270.204999924	1.097294
272.210999966	0.974647
274.205999851	0.913499
276.203000069	1.080642
278.210999966	1.124851
280.204999924	1.063106
282.208999872	1.015496
284.203999996	1.093613
286.382999897	1.047238
288.67599988	1.109863
290.628000021	1.06834
292.413999796	0.900956
294.207000017	0.481588
296.207000017	0.760309
298.207000017	1.177333
300.200999975	1.031463
302.203000069	1.04387
304.203999996	1.095273
306.216999769	1.026236
308.207999945	1.015643
310.200999975	0.934653
312.210999966	1.005525
314.202000141	1.022175
316.203000069	1.125931
318.627000093	1.008028
320.211999893	0.98078
322.205999851	0.966247
324.199999809	0.932007
326.571000099	0.904195
328.981999874	0.455396
330.987999916	1.054281
333.643999815	0.754931
334.997999907	1.028345
336.448999882	0.924538
338.252999783	0.933049
340.457999945	0.935466
342.463000059	1.132538
344.45299983	0.957568
346.463000059	1.000527
348.690999985	0.948775
350.585999966	1.153176
352.464999914	0.96241
