0.0	1.202377
0.715000152588	0.087667
1.32800006866	3.087554
1.5600001812	5.216562
2.33600020409	0.004635
2.79799985886	4.851028
3.23099994659	3.794275
3.84899997711	0.943123
4.22500014305	6.487674
4.7349998951	1.054873
5.93600010872	0.010466
7.92599987984	0.104322
9.94900012016	0.013067
11.9300000668	0.050195
13.9419999123	1.223177
15.9419999123	0.037989
17.9379999638	0.109814
19.9429998398	3.668941
21.9419999123	0.740842
23.9330000877	0.741226
26.1370000839	0.265854
27.9429998398	0.007114
29.9360001087	0.047911
31.9349999428	3.765827
33.9379999638	0.027509
37.2520000935	0.022213
39.2270002365	0.010282
40.2400000095	0.046743
41.9059998989	0.047389
43.9340000153	0.167339
59.753000021	0.015986
60.4330000877	0.008209
61.6190001965	0.065058
66.3259999752	0.324487
67.4960000515	0.303216
67.7369999886	0.361981
68.728000164	0.129649
71.2090001106	0.084265
73.260999918	0.013039
75.1570000648	0.321636
76.1800000668	0.008059
76.7569999695	0.755294
81.2059998512	0.024241
82.1419999599	0.023088
82.5650000572	0.32107
83.4099998474	0.126372
86.0400002003	0.105123
87.8270001411	0.432437
88.510999918	0.550481
91.8280000687	0.130797
92.4389998913	0.733743
97.9409999847	0.039622
101.671000004	0.165764
103.782999992	0.275757
104.993000031	0.430341
106.35800004	0.070631
108.609999895	0.023332
111.111999989	0.171222
114.499000072	0.259537
116.072999954	0.338765
116.856000185	0.715613
117.486000061	0.47573
118.043000221	0.775257
120.111999989	1.254867
120.924999952	1.643227
121.405999899	2.313531
121.913000107	2.57114
122.435000181	2.755309
123.088999987	3.199404
124.580000162	0.02066
131.140000105	0.141197
131.957999945	2.734476
144.609999895	0.00823
146.665999889	0.116996
150.051000118	0.18711
151.161000013	0.009242
153.342000008	0.133811
154.555000067	0.062227
156.420000076	0.07047
158.236999989	0.114387
159.243000269	0.190792
160.417999983	0.176978
162.332000017	0.346944
163.50999999	0.69492
164.301000118	1.124271
164.857000113	0.213735
165.453000069	1.632294
166.16899991	1.916358
167.967000008	1.707897
169.366999865	0.094812
170.448000193	0.040406
173.036999941	0.058463
188.832000017	0.751074
189.394000053	0.823508
189.865999937	0.999364
190.30700016	1.017052
191.278999805	1.763744
192.244000196	1.943906
193.163000107	2.785369
194.153000116	0.057635
194.444000006	3.589092
194.742999792	3.55328
195.062000036	3.636518
195.690000057	0.059989
197.700000048	4.311504
199.681999922	3.267835
201.681999922	3.963377
203.697000027	4.375431
205.683000088	1.524735
207.688000202	4.468291
209.688000202	0.010959
211.683000088	3.514456
213.680000067	4.098726
215.684999943	5.519383
217.697000027	5.519383
219.681999922	5.519383
221.694999933	5.519383
223.792000055	5.312583
225.934000015	5.546932
227.693000078	4.37638
229.694000006	4.37638
231.944999933	4.37638
233.94299984	5.594086
235.941999912	5.804433
237.934999943	3.432581
239.93200016	5.609638
241.948000193	5.609638
243.944999933	5.609638
245.94299984	5.609638
247.835000038	2.940105
249.936000109	5.227228
251.93200016	5.718747
253.953000069	5.718747
255.933000088	5.718747
257.933000088	5.718747
259.933000088	5.672462
261.945999861	2.6065
263.948000193	5.714958
265.940999985	5.714958
267.929000139	5.714958
269.934000015	5.398844
271.797999859	5.083919
273.93200016	4.97875
275.941999912	4.97875
277.937000036	4.97875
279.927999973	4.97875
281.93200016	4.97875
283.950999975	4.97875
285.934999943	4.97875
287.937999964	0.015693
289.934000015	1.635845
291.941999912	4.551731
293.941999912	4.359813
295.811000109	4.819945
297.940999985	4.819945
299.944999933	5.062778
301.953000069	5.062778
303.937999964	5.062778
305.944000006	5.062778
308.318000078	5.062778
309.933000088	3.559085
311.934999943	4.969103
313.931000233	4.69975
315.936000109	0.690942
317.933000088	2.097229
319.814999819	4.933466
321.934000015	4.745411
323.936000109	1.103807
325.952000141	5.223142
327.929000139	5.069488
329.929000139	5.069488
331.933000088	4.658548
333.944999933	0.004922
335.936000109	4.357249
337.93200016	2.818443
339.94299984	5.169971
341.93200016	5.673766
343.933000088	5.992801
345.934000015	5.967349
347.94900012	5.593255
349.936000109	2.380617
351.936000109	5.122588
353.934000015	5.657643
355.936000109	0.065526
357.950999975	0.283881
359.94299984	0.115172
361.94299984	0.108975
363.94299984	0.734314
365.94299984	5.346636
367.934000015	5.854608
369.934999943	0.936399
371.934999943	3.659014
373.944999933	0.055681
375.952000141	6.242891
377.947000265	3.040363
379.941999912	5.393747
381.937000036	5.477682
383.934999943	2.966013
385.934000015	2.304548
387.933000088	4.940964
389.936000109	5.838858
391.941999912	5.539058
393.934000015	6.09935
395.93200016	0.249866
397.93200016	0.011713
399.933000088	2.863357
401.933000088	0.011164
403.944000006	0.094045
405.947000265	5.316512
407.950000048	0.651667
409.940999985	0.028679
411.933000088	4.378448
413.934999943	0.011661
415.916000128	0.011956
417.940000057	0.630598
419.945999861	0.581212
421.94299984	0.013946
423.940000057	0.039297
425.93900013	0.043061
427.944000006	4.110106
429.94299984	0.051883
431.936000109	5.339894
433.940999985	0.136651
435.944999933	1.897117
437.933000088	5.648813
439.941999912	5.484777
441.944000006	5.491569
443.93200016	6.113326
445.934000015	1.180082
447.934000015	4.694082
449.94299984	6.23818
451.934999943	0.49535
453.933000088	1.70181
455.940999985	0.015308
457.929000139	5.784618
459.930000067	6.197317
461.931000233	5.899539
463.94299984	0.028615
465.931000233	0.015996
467.948000193	5.139035
469.941999912	5.605317
471.945999861	0.578518
473.945999861	6.327008
475.94299984	3.790641
478.201999903	0.452468
480.197999954	0.182945
482.182999849	0.038107
484.181999922	0.04509
486.184000015	0.118277
488.193000078	0.699111
490.184999943	0.04742
492.18900013	0.035192
494.184999943	0.330674
496.072000027	0.019972
499.167999983	0.125993
500.31099987	0.055665
502.838000059	0.001211
506.000999928	0.041806
511.772000074	0.639418
513.203000069	0.049074
514.205999851	1.014657
514.980999947	4.892292
515.707000256	0.188308
516.868999958	0.416005
518.181999922	0.012184
520.180000067	5.390618
522.180000067	5.354712
524.190999985	5.210181
526.193000078	5.210181
528.182999849	0.014995
530.195000172	5.110443
532.181999922	5.626917
534.181999922	5.229083
536.18599987	5.229083
538.180999994	5.229083
540.197999954	5.229083
542.177999973	5.229083
544.190999985	5.229083
546.217000008	3.23914
548.179000139	0.955778
550.188000202	1.474985
552.179000139	3.07768
554.192000151	2.937396
556.181999922	0.698076
558.192000151	3.912379
560.188000202	3.652562
562.18599987	4.451618
564.251000166	0.643591
566.18599987	0.368063
568.180000067	3.776365
570.18900013	1.886324
572.18599987	0.867802
574.192000151	3.280638
576.180999994	4.443161
578.179000139	1.717077
580.177999973	1.717077
582.179000139	4.303849
584.196000099	0.029535
586.180000067	4.529216
588.181999922	5.342638
590.197000027	5.50644
592.182999849	0.031576
594.192000151	5.306047
596.18900013	5.411327
598.200000048	6.020205
600.190000057	5.559721
602.180000067	5.955148
604.195000172	4.340095
606.182999849	5.667971
608.192000151	5.36684
610.18599987	3.684357
612.181999922	2.259683
614.190999985	5.61671
616.179000139	6.213457
618.193000078	6.082779
620.194000006	0.005164
622.180000067	2.703178
624.190999985	2.703178
626.190999985	2.703178
628.18599987	6.412096
630.180999994	4.335391
632.180999994	5.498265
634.190999985	5.857376
636.200999975	5.717592
638.182999849	5.944087
640.187000036	4.800818
642.188000202	4.800818
644.201999903	0.049291
646.180000067	5.405145
648.190000057	6.092559
650.180999994	5.188011
652.195000172	0.011971
654.196000099	0.161426
656.182999849	0.74656
658.184000015	0.147058
660.206999779	0.003071
662.193000078	0.069166
664.193000078	2.572011
666.182999849	0.726617
668.179000139	0.420225
670.192000151	0.14789
672.190000057	0.053675
674.177999973	0.423486
676.187000036	0.67651
678.180999994	0.013786
680.179000139	0.032272
682.223999977	0.465691
684.203000069	0.011898
686.192000151	2.012644
688.180000067	0.031294
690.193000078	0.663212
692.179000139	0.08341
694.212000132	0.390655
696.180000067	0.120399
698.194000006	0.050067
700.673000097	0.135804
702.913000107	0.089245
704.680000067	0.057694
706.190999985	3.50522
708.193000078	3.50522
710.177000046	3.50522
712.180999994	3.50522
714.180000067	3.50522
716.190999985	2.817846
718.200999975	3.83514
720.190999985	3.538639
722.184999943	3.538639
724.257999897	0.019394
726.441999912	0.028377
728.430000067	0.053289
730.190000057	2.122128
732.430000067	5.138804
734.437999964	4.682088
736.440000057	4.499706
