0.0	0.035644
0.55999994278	0.705052
0.883000135422	0.982668
1.13500022888	2.014006
1.38400006294	0.846566
1.63400006294	0.846566
1.8060002327	1.199427
1.92300009727	1.547718
2.11599993706	2.108672
3.88800001144	0.924477
5.88300013542	3.010023
7.88400006294	2.665585
9.65199995041	0.051251
11.6570000648	1.91845
13.6760001183	5.159053
15.9090001583	2.128467
18.1490001678	3.177557
19.9020001888	5.236322
22.1480000019	0.149544
24.1449999809	1.088473
25.9110000134	4.266243
27.9110000134	2.735022
29.8990001678	6.185487
32.1490001678	0.036809
33.9470000267	0.418088
35.9380002022	0.067876
37.8120000362	0.321017
40.1350002289	0.881245
41.9160001278	0.22849
44.1490001678	3.368332
45.9200000763	0.039396
48.1440000534	4.211016
50.1440000534	4.579025
51.9070000648	0.053599
53.970000267	0.19434
56.0250000954	0.048192
57.9210000038	1.031167
59.9289999008	0.001659
61.9090001583	0.098903
63.9510002136	0.042556
66.0700001717	0.10178
67.9570002556	4.084495
69.9520001411	4.021272
71.9400000572	0.002037
74.1370000839	0.766583
75.9690001011	4.87668
77.8500001431	0.43012
80.1470000744	0.034975
82.1470000744	0.054445
86.7110002041	2.246929
87.1480000019	0.115495
87.9200000763	5.53322
90.1480000019	5.065791
92.1470000744	0.003622
93.9100000858	0.077683
96.1410002708	0.251539
98.1440000534	0.004428
99.9190001488	0.158927
101.952000141	0.781125
103.904000044	0.163388
106.139000177	0.033676
107.952000141	0.025755
109.916000128	0.008467
112.137000084	1.390179
114.027000189	4.031225
115.911000013	4.031225
118.151000023	4.031225
119.912999868	4.031225
121.949000359	4.031225
124.137000084	4.031225
125.9150002	4.388403
128.149000168	0.089451
130.015000105	0.011392
131.909000158	1.641331
134.149000168	1.641331
135.967000008	4.260567
137.921000004	3.133624
140.146000147	1.902608
141.906000137	0.01539
143.960999966	0.004204
146.035000086	3.670837
148.148000002	3.670837
149.984999895	4.174849
151.890000105	3.825732
153.947999954	3.825732
155.944000006	0.00554
157.916000128	5.789228
160.144999981	0.015471
161.921000004	6.134877
163.907000065	6.134877
166.203999996	6.134877
167.914000273	6.134877
170.143000126	0.803383
172.009000063	3.588303
174.015000105	3.588303
175.969000101	5.401442
177.927000046	0.484546
180.140000105	0.017038
181.93200016	1.433135
183.895000219	5.683461
186.140000105	0.009013
187.904999971	3.26569
190.142000198	4.221964
191.957000256	3.682873
193.903000116	5.077597
196.139000177	0.017556
197.92200017	0.757339
199.901000261	4.725018
201.952000141	4.95805
204.058000088	3.73061
206.146000147	5.61611
207.911000013	4.609878
209.935000181	4.846443
211.901000261	2.104586
214.139000177	4.670295
215.909000158	2.580992
218.148000002	3.618229
220.067000151	3.377808
222.151000023	1.646662
224.139000177	4.151297
225.960000038	4.066122
228.068000078	2.225245
230.137000084	2.41836
231.9150002	2.41836
234.139000177	1.130118
236.166000128	4.566088
237.944999933	0.496492
240.010000229	0.081337
242.1650002	0.054805
244.394000292	0.323647
246.141000271	0.764798
248.395000219	0.008832
250.39199996	2.866578
252.192000151	0.076247
254.219000101	0.014697
256.2900002	0.023
258.18900013	1.755797
260.184999943	4.505202
262.184000015	0.170294
264.212000132	0.022372
266.397000313	2.156227
268.15199995	0.094742
270.149000168	2.934827
272.271000147	0.063801
274.171999931	0.040787
276.402000189	0.730142
278.159000158	0.500425
280.395000219	0.625473
282.400000095	0.040182
284.164000034	0.017028
286.399000168	2.980732
288.176000118	0.116248
290.184000015	0.016096
292.207999945	5.864925
294.298000097	5.251479
296.167999983	0.025036
298.394000292	0.030358
300.171999931	5.484522
302.402000189	4.973489
304.390000105	0.786776
306.178000212	0.027924
308.161000013	1.462214
310.162000179	5.036114
312.221000195	0.011491
314.214000225	1.457402
316.179000139	0.103277
318.389000177	0.858805
320.286000252	0.284706
322.166000128	0.184886
324.394000292	0.025717
326.170000076	0.640594
328.161000013	0.090445
330.391000032	0.484644
332.164000034	0.087708
334.230000257	0.20165
336.192000151	0.006925
338.1650002	0.014607
340.392999887	2.893383
342.203999996	0.69619
344.39199996	3.777328
346.391000032	4.630479
348.164000034	0.026406
350.404000044	2.851523
352.059999943	0.007797
354.200999975	0.20461
356.214000225	5.513482
358.173000336	0.295484
360.390000105	2.285435
362.299000025	1.947172
364.149000168	0.02103
366.140000105	5.963391
368.162000179	0.108414
370.19900012	0.006681
372.254000187	0.103277
374.176000118	3.201418
376.214000225	0.447243
378.187999964	3.459677
380.170000076	0.006435
382.39199996	3.088931
384.140000105	0.360204
386.215000153	0.058962
388.39199996	4.039665
390.184000015	2.573162
392.317000151	0.022654
394.664999962	0.001398
396.191000223	0.080807
398.194000244	0.012629
400.159000158	0.825562
402.208999872	0.041548
404.211000204	0.057947
406.141000271	0.238659
408.400000095	0.113165
410.160000086	1.202818
412.208999872	0.165427
414.404000044	0.031324
416.154000282	2.765009
418.402000189	1.770634
420.16899991	0.393622
422.159000158	0.011487
424.159000158	0.7896
426.157000303	0.00323
428.203999996	0.009284
430.396000147	0.016946
432.164000034	0.404861
434.403000116	0.566334
436.171000004	3.324464
438.147000074	2.936763
440.184000015	0.636875
442.203999996	4.091531
444.396000147	1.768906
446.340000153	4.582706
448.159000158	1.786781
450.389000177	2.669483
452.161000013	0.056946
454.392999887	0.039863
456.391000032	5.914382
458.235000134	0.081535
460.693000317	0.593222
462.935000181	0.02707
464.710000277	2.458517
466.284000158	1.742342
468.163000107	0.073193
470.392999887	3.395428
472.177000046	1.966771
474.391000032	4.187844
476.399000168	3.279098
478.160000086	4.570264
480.1650002	3.693404
482.396000147	0.015053
484.450000286	0.494836
486.526000261	5.007318
488.276000023	5.709356
490.161000013	0.019041
492.645000219	1.017547
494.464999914	5.713692
496.641000032	0.334653
498.424000025	5.872855
500.494000196	6.05975
502.40500021	6.05975
504.437000275	4.267871
506.423000097	0.088513
508.647000074	5.446959
510.417000055	4.343063
512.644000053	0.823691
514.573000193	0.021769
516.420000076	1.020672
518.644000053	0.015721
520.427000046	0.035313
522.418000221	2.321795
524.399000168	0.794624
526.39800024	0.030065
528.458000183	0.231083
530.433000088	0.099519
532.643000126	0.4617
534.647000074	0.854218
536.437000275	1.224277
538.4150002	0.01624
540.65199995	0.091679
542.421000242	3.604727
544.653000355	6.037081
546.413000345	2.788544
548.411000013	4.915875
550.650000095	0.058547
552.402000189	0.0022
554.644000053	1.834528
556.517000198	0.073586
558.451000214	7.012835
560.390000105	4.825653
562.417000055	6.390649
564.424000025	0.011429
566.648000002	2.77815
568.496999979	0.68071
570.662000179	2.521041
572.491000175	0.021382
574.448999882	0.020568
576.645000219	0.4849
578.411999941	0.070392
580.421000242	0.043593
582.645000219	6.005675
584.419000149	0.158473
586.651000023	3.449784
588.549000263	0.267389
590.407999992	1.602578
592.645000219	4.156724
594.420000076	5.216999
596.403000116	0.055509
598.647000074	0.202459
600.440000057	5.361456
602.654000282	0.0882
604.464999914	5.412834
606.421000242	0.561742
608.654000282	0.061181
610.420000076	0.209526
612.421000242	4.708118
614.641000032	0.972333
616.653000355	0.005512
618.650000095	0.016736
620.467000008	0.016652
622.416000128	0.374956
624.417000055	1.03041
626.424999952	0.639747
628.459000111	0.732039
630.654000282	0.825231
632.433000088	0.548279
634.645000219	0.050166
636.423000097	5.244602
638.424000025	5.049701
640.648999929	0.321966
642.443000078	0.540365
644.650000095	0.786114
646.53000021	0.124465
648.40500021	0.028794
650.395000219	0.268111
652.407999992	5.865151
654.45600009	2.898594
656.403000116	0.019626
658.396000147	0.040219
660.65500021	0.048117
662.499000072	7.425427
664.442000151	0.004774
666.648999929	3.673266
668.400000095	6.319241
670.656000137	2.271533
672.644000053	0.065964
674.641000032	0.157394
676.647000074	3.520887
678.435000181	0.081051
680.411999941	2.718913
682.463000059	0.786989
684.438000202	6.056873
686.653000355	0.445074
688.4150002	0.012692
690.410000086	2.423367
692.471000195	0.530165
694.445000172	6.935402
696.416000128	0.51254
698.647000074	0.00939
700.424000025	0.282043
702.550000191	0.825664
704.453000307	0.151004
706.407000065	0.445992
708.641000032	0.012908
710.474000216	0.043412
712.646000147	0.017467
714.47300005	0.699728
716.414000273	5.479457
718.644000053	0.553414
720.427999973	0.135739
722.411000013	0.011614
724.645000219	5.495009
726.424000025	0.391881
728.645000219	0.619637
730.424000025	0.116869
732.424000025	0.01287
734.65199995	4.896853
736.401000023	0.01712
738.654000282	0.066263
740.486000061	0.052449
742.680999994	6.531699
744.902000189	0.043992
746.648000002	6.776094
748.896000147	0.008808
750.900000095	0.838423
752.676000118	5.185885
754.601000071	0.892636
756.667999983	0.342816
758.83100009	0.0467
760.897000074	0.029173
762.671000004	1.879578
764.894000292	0.588295
766.897000074	0.790034
768.658000231	2.738933
770.904000044	4.955207
772.657000065	2.147604
774.874000072	2.312364
776.896000147	6.112701
778.528000116	1.559137
780.711000204	0.034104
782.778000116	1.304498
784.748000145	3.353263
786.717000246	3.353263
788.661000252	3.353263
790.899000168	0.033764
792.669000149	4.065481
794.663000107	1.941827
796.900000095	2.275054
798.663000107	4.067443
800.782000065	2.092464
802.726999998	2.092464
804.680000067	5.157871
806.654000282	0.432424
808.891000032	0.828099
810.675000191	2.609518
812.646000147	0.382276
814.673000097	0.13116
816.906000137	3.622165
818.704999924	0.278791
820.673000097	0.008688
822.903000116	2.56558
824.743000031	5.372867
826.518000126	0.718086
828.895000219	1.225536
830.648000002	3.713942
832.667999983	0.013922
834.728000164	1.458222
836.726999998	0.305412
838.899000168	1.811287
840.758000135	1.718584
842.732000113	1.718584
844.895000219	1.277938
846.667000055	1.701703
848.899000168	0.570582
850.726999998	2.021465
852.687000036	2.370707
854.903000116	2.370707
856.664000034	2.692337
858.973000288	0.943066
860.713000059	0.005295
862.688999891	0.50964
864.903000116	0.699384
866.671999931	3.075081
868.669000149	1.52255
870.701000214	3.221447
872.707999945	0.005865
874.646000147	1.35152
876.894000292	0.038856
878.664000034	3.801176
880.736999989	3.801176
882.671999931	3.801176
884.676000118	3.801176
886.893000126	3.801176
888.677000284	3.801176
890.658000231	3.801176
892.664000034	3.801176
894.743999958	1.618573
896.667000055	2.660617
898.650000095	0.137069
900.907000065	0.113645
902.864000082	3.436202
904.675000191	4.072027
906.895000219	5.650217
908.866000175	1.335154
910.896000147	2.256447
912.904999971	6.822713
914.671999931	0.048871
916.664999962	5.133821
918.906000137	3.618757
921.078000069	2.303421
922.644000053	0.41716
924.900000095	4.179887
926.69900012	6.882549
928.687000036	2.685175
930.666000128	5.450744
932.901000261	0.583894
934.909000158	0.110623
936.680999994	7.80079
938.906000137	1.183372
940.719000101	5.540687
942.907999992	0.836824
944.900000095	1.534156
946.661000252	2.1754
948.693000317	4.949238
950.860000134	4.949238
952.671000004	4.949238
954.906000137	4.139093
956.904000044	0.800694
958.656000137	0.628097
960.902000189	0.348604
962.65199995	0.102475
964.897000074	0.093915
966.713000059	5.598353
968.667000055	8.576547
970.74600029	0.258295
972.779000044	0.036679
974.656000137	7.344447
976.65500021	0.831357
978.667999983	2.03873
980.734000206	0.739293
982.704999924	0.195446
984.710000277	6.404343
986.656000137	0.076443
988.952000141	1.088823
990.927999973	0.016754
992.997000217	0.116625
994.949000359	0.805666
996.921000004	0.124324
998.941000223	1.662832
1000.96200013	1.583724
1002.90499997	0.440802
1004.921	0.47586
1006.91199994	0.180272
1008.93000007	0.15238
1010.90300012	0.014609
1012.90300012	0.004999
1014.91600013	4.762455
1016.96099997	3.176031
1018.89400029	5.428615
1020.91700029	5.519156
1022.93500018	0.282581
1025.06800008	6.013128
1026.94900036	6.072047
1029.14499998	2.969979
1030.9289999	5.690266
1032.95600009	0.061664
1035.1500001	3.02951
1036.9000001	4.338315
1038.98200011	0.016057
1041.01999998	1.124871
1042.93200016	1.260717
1044.98200011	3.081734
1046.921	0.143191
1048.92000008	0.111611
1050.94700003	0.087139
1053.03700018	0.500255
1055.05699992	0.112592
1056.92000008	0.088495
1058.92400002	0.254872
1061.15600014	0.231399
1062.91800022	0.060146
1065.15600014	0.005968
1067.15800023	0.470046
1068.921	0.239173
1071.02600026	2.37176
1072.90499997	0.207987
1075.148	0.638061
1077.08400011	0.02124
1078.93000007	2.16509
1081.14499998	2.3652
1083.09200001	6.054665
1084.9289999	5.61598
1087.14700007	2.038509
1088.93400025	3.720543
1091.15500021	0.854637
1092.91299987	6.175658
1094.99500012	0.008396
1097.13800025	0.096568
1098.9289999	0.050004
1100.92000008	0.012738
1103.1500001	0.077362
1104.92200017	0.266141
1107.15299988	4.965917
1109.15100002	2.792995
1110.95700026	0.529292
1113.15500021	3.727574
1114.93700004	0.629601
1117.16000009	4.320717
1119.15800023	0.170054
1120.96200013	6.550989
1122.95500016	1.183062
1124.92600012	0.664823
1126.9230001	3.390419
1129.14600015	0.082446
1130.92799997	0.019771
1132.90300012	0.012739
1134.91299987	0.085524
1136.95000029	1.126897
1139.15600014	3.310058
1140.92200017	3.554081
1142.91800022	0.014087
1145.148	0.038672
1146.93000007	4.720251
1149.148	2.080883
1151.15199995	0.421954
1152.97200012	0.222144
1155.14900017	3.12655
1156.91800022	4.85967
1158.92700005	2.121364
1161.1500001	3.242585
1163.03700018	7.267668
1165.15100002	7.267668
1167.15600014	1.834466
1168.94300008	8.211923
1171.15199995	8.211923
1173.1500001	0.006208
1175.06900024	0.117511
1177.14700007	1.6269
1178.9920001	0.107885
1180.94700003	1.542368
1182.95100021	4.25161
1184.91900015	4.552908
1186.87100005	0.057937
1188.9380002	0.024774
1191.15400028	0.108987
1193.15800023	5.64395
1194.90900016	0.433837
1197.1500001	3.752233
1198.91800022	8.777837
1200.95300007	0.010045
1203.15400028	1.758627
1204.99500012	0.047978
1207.14600015	3.14726
1209.15299988	0.034692
1210.95900011	7.966144
1213.15100002	3.486028
1214.92799997	4.599618
1216.96099997	1.292707
1218.99500012	0.030425
1220.92200017	5.453902
1223.15199995	2.908888
1225.07400012	0.063839
1226.91800022	1.343124
1229.1500001	0.016727
1231.00399995	0.739594
1232.90200019	0.732573
1234.92000008	2.652072
1236.91199994	4.032631
1239.2110002	4.032631
1241.16400003	0.009086
1243.16899991	2.662658
1245.40200019	0.800941
1247.20300007	0.05081
1249.14499998	2.781157
1251.27999997	0.002386
1253.17000008	4.558891
1255.4000001	2.588682
1257.15600014	4.268627
1259.18200016	4.432186
1261.22600007	5.446725
1263.16200018	0.238548
1265.22100019	1.851414
1267.17400026	4.61301
1269.40100002	3.434011
1271.18100023	0.012631
1273.04099989	1.766926
1275.21200013	0.042994
1277.25699997	1.176175
1279.18300009	0.014179
1281.40600014	0.02273
1283.18000007	4.906494
1285.16600013	3.205875
1287.4000001	1.492716
1289.1900003	0.031848
1291.39800024	2.016945
1293.27600002	0.844827
1295.18000007	5.632274
1297.23500013	1.744136
1299.15299988	5.611262
1301.40200019	0.189291
1303.39900017	0.014418
1305.30400014	6.785194
1307.41199994	0.830025
1309.18300009	0.056382
1311.1500001	0.012865
1313.40700006	0.975733
1315.21500015	9.034076
1317.40100002	0.862772
1319.39900017	0.092362
1321.02800012	0.810742
1323.4000001	0.084469
1325.19300008	0.112765
1327.40300012	0.091994
1329.1900003	1.865506
1331.17900014	0.691115
1333.39700031	0.07827
1335.20899987	0.026601
1337.29400015	2.990983
1339.39700031	0.220401
1341.17700005	0.015991
1343.15199995	0.544439
1345.24500012	0.85303
1347.26600027	0.052908
1349.40500021	3.143984
1351.17900014	5.413599
1353.17500019	4.47575
1355.18000007	4.47575
1357.19300008	4.47575
1359.41000009	0.478057
1361.41100001	3.292033
1363.15800023	1.738314
1365.21600008	0.083912
1367.14900017	0.522346
1369.16700006	1.677337
1371.22300005	0.025109
1373.1570003	5.286348
1375.2130003	0.005885
1377.15600014	0.0736
1379.36100006	0.481642
1381.24399996	0.011511
1383.19900012	0.032173
1385.80600023	0.09775
1387.40799999	2.026614
1389.20700002	0.035322
1391.40500021	0.058013
1393.16100001	0.614854
1395.41700006	0.143351
1397.41100001	0.029532
1399.22600007	0.082639
1401.17199993	0.178691
1403.40300012	0.03824
1405.15100002	0.948816
1407.41199994	0.088409
1409.16400003	0.274814
1411.40100002	0.885932
1413.22399998	0.011305
1415.17000008	3.75605
1417.18900013	2.447482
1419.23100019	0.023272
1421.18000007	3.010654
1423.39900017	2.786694
1425.18499994	3.502629
1427.40100002	0.056225
1429.19900012	0.045615
1431.17500019	3.872967
1433.40600014	0.406704
1435.17800021	1.922614
1437.41000009	1.123821
1439.2249999	0.022266
1441.17000008	6.550297
1443.41000009	2.633975
1445.352	0.290855
1447.39100003	3.715727
1449.40899992	0.025758
1451.18100023	0.006849
1453.19400024	0.050457
1455.40200019	0.703813
1457.44500017	0.079537
1459.41199994	0.011756
1461.2809999	4.961509
1463.23800015	0.026299
1465.23900008	0.005365
1467.15199995	2.654382
1469.17700005	2.908461
1471.41199994	0.126663
1473.18000007	0.014726
1475.30700016	0.827971
1477.17300034	0.186192
1479.2190001	0.014931
1481.40799999	0.015585
1483.17900014	0.127398
1485.21800017	0.669624
1487.44700003	5.885556
1489.18300009	2.080903
1491.19700027	0.020685
1493.43000007	0.019522
1495.41400027	2.614235
1497.40100002	0.03851
1499.40700006	0.456821
1501.6500001	0.08596
1503.42900014	2.405997
1505.4150002	2.184055
1507.42499995	0.056661
1509.46900034	0.08608
1511.44899988	0.074171
1513.37900019	0.350046
1515.44099998	0.450819
1517.50600028	1.547151
1519.43000007	0.004344
1521.65600014	6.751596
1523.65400028	0.78606
1525.48000002	0.030928
1527.31200004	0.780665
1529.49699998	0.086662
1531.41300035	0.130645
1533.2809999	0.044241
1535.71000028	0.461123
1538.15299988	0.133847
1539.40799999	1.096906
1541.47600007	2.758186
1543.45800018	0.006146
1545.45300031	3.936525
1547.46200013	3.936525
1549.66100025	0.032958
1551.40799999	2.176681
1553.51600003	0.33759
1555.66200018	1.164144
1557.4150002	1.164144
1559.65700006	1.164144
1561.42499995	1.790507
1563.42600012	2.453008
1565.40899992	3.042561
1567.42499995	3.042561
1569.41199994	3.367478
1571.66400003	4.145051
1573.4150002	4.091954
1575.40200019	4.091954
1577.65700006	4.091954
1579.41600013	4.002912
1581.42000008	4.507715
1583.43700027	0.029895
1585.41100001	1.521216
1587.44200015	1.759314
1589.65800023	2.159356
1591.66100025	3.692146
1593.42000008	4.263169
1595.64700007	4.263169
1597.50700021	3.793223
1599.40899992	3.793223
1601.41700006	3.461381
1603.46499991	3.461381
1605.43900013	0.451773
1607.45900011	3.916252
1609.42700005	5.146296
1611.41400027	0.200222
1613.41100001	6.048513
1615.40200019	5.875076
1617.41900015	0.028639
1619.4000001	0.014897
1621.41400027	2.514524
1623.72399998	0.320868
1625.45700002	0.307191
1627.42600012	0.262404
1629.42900014	3.304645
1631.41800022	6.51759
1633.45300031	6.945048
1635.41300035	6.945048
1637.71400023	6.945048
1639.41199994	4.876165
1641.42400002	6.962135
1643.40799999	6.094233
1645.45700002	6.908467
1647.41900015	2.848022
1649.45800018	4.895778
1651.41100001	2.408894
1653.43700027	4.743759
1655.40300012	6.534417
1657.44200015	6.617879
1659.41400027	0.073087
1661.43000007	6.65678
1663.41100001	0.255183
1665.53500009	3.613819
1667.49600005	3.613819
1669.41700006	0.058753
1671.41199994	0.832823
1673.41100001	0.04594
1675.43500018	2.917815
1677.40899992	5.723614
1679.41700006	0.046484
1681.50499988	2.617348
1683.42499995	2.617348
1685.42100024	0.012592
1687.41700006	0.525992
1689.41100001	2.431819
1691.4460001	2.671297
1693.4230001	5.651285
1695.41199994	2.2246
1697.40899992	0.039202
1699.43900013	0.037534
1701.41800022	5.980158
1703.42499995	0.012669
1705.41400027	0.041723
1707.41700006	0.444291
1709.43100023	0.40608
1711.41000009	3.69605
1713.45000029	7.604107
1715.46300006	7.604107
1717.48399997	7.604107
1719.41700006	7.604107
1721.42799997	7.604107
1723.48200011	7.604107
1725.40500021	2.895743
