0.0	1.076221
1.10699987411	1.64949
1.49699997902	0.344917
1.83500003815	1.000365
2.14800000191	2.678689
2.27100014687	2.678689
2.5490000248	2.961745
2.84400010109	3.181286
3.32299995422	0.735599
4.36899995804	0.052093
6.36199998856	2.202039
8.35600018501	3.362299
10.3659999371	0.049011
12.364000082	1.267984
14.3540000916	1.700005
16.3680000305	3.195101
18.361000061	0.1433
20.367000103	3.132436
22.3699998856	1.669544
24.368999958	3.092845
26.359000206	0.151623
28.3629999161	0.079131
30.3550000191	1.983059
32.3709998131	3.527111
34.361000061	0.827318
36.3570001125	3.405856
38.3570001125	3.666343
40.3659999371	3.022451
42.3600001335	3.270155
44.3629999161	0.776155
46.373000145	0.343501
48.3709998131	1.924905
51.2650001049	0.069517
52.3619999886	2.750565
54.3680000305	0.718053
56.3680000305	2.19359
58.3550000191	0.958701
60.3629999161	3.570338
62.3629999161	0.771029
64.3570001125	2.406758
66.3629999161	4.091972
68.3650000095	0.932181
70.3540000916	2.142603
72.368999958	0.789429
74.367000103	0.289688
76.3580000401	0.423254
78.373000145	0.559076
80.356000185	2.548228
82.368999958	0.296728
84.367000103	1.329965
86.3659999371	0.732366
88.3629999161	3.524079
90.356000185	3.056983
92.368999958	0.869593
94.3629999161	2.602514
96.3659999371	0.016593
98.373000145	3.269781
100.367000103	3.46861
102.360000134	0.205809
104.355000019	0.475384
