0.0	0.458345
2.83499979973	0.988568
3.67199993134	0.091932
4.48900008202	0.099019
5.20899987221	1.322849
6.47799992561	1.137697
7.23300004005	1.216242
8.30300021172	0.23451
9.5609998703	0.077234
10.8559999466	0.074576
11.8529999256	0.548847
13.1480000019	0.19058
16.5720000267	0.089494
18.7920000553	0.737803
20.2979998589	0.007577
21.4600000381	0.632059
22.3229999542	0.618164
23.1400001049	1.063682
24.0269999504	0.846942
26.2230000496	0.023029
28.1899998188	0.021786
30.2039999962	0.666162
32.2209999561	0.645054
34.3199999332	0.538512
37.2139999866	0.081421
38.6000001431	1.142922
40.2070000172	0.575852
42.0959999561	0.620753
44.1990001202	0.668588
46.2079999447	0.078691
48.2099997997	1.293758
50.2179999352	1.37614
52.2269997597	0.581719
54.2269997597	0.123726
56.1949999332	0.046616
58.1979999542	1.128396
60.2170000076	0.049374
62.2079999447	0.002609
64.2009999752	1.69805
66.0630002022	0.680548
68.2009999752	1.040802
70.2059998512	0.29744
72.2349998951	1.638916
74.2109997272	0.024622
76.993999958	0.089985
78.4240000248	0.074184
80.2099997997	0.03179
82.2039999962	0.050178
84.2170000076	0.562379
86.4070000648	0.44257
88.7739999294	0.108892
92.6879999638	0.021181
94.9639999866	0.044343
96.7459998131	0.246312
98.3510000706	0.693374
100.638000011	0.058853
103.832000017	0.628251
106.56400013	0.85148
108.345000029	1.035517
109.582000017	1.214776
113.250999928	0.108924
114.765999794	0.97264
116.586999893	0.047825
119.472000122	0.333147
122.046000004	0.568143
124.472000122	0.068391
128.151000023	0.109399
132.0	0.391607
133.693000078	0.515154
134.86500001	1.149644
136.089999914	0.763675
137.464999914	1.068928
139.887000084	0.042569
142.096999884	0.081982
144.065000057	0.704934
145.295000076	0.972091
146.217000008	0.67811
147.245999813	0.428526
148.61500001	0.133371
149.539999962	0.206399
150.397000074	0.279291
151.657000065	0.514424
152.65199995	0.247925
154.197999954	0.657041
156.197000027	0.031763
158.217000008	0.581551
160.194999933	0.139018
162.201999903	0.59251
164.21600008	1.246214
166.232000113	2.170537
168.212000132	0.059189
170.197999954	0.525771
172.200999975	0.013482
174.203999996	1.943302
176.212000132	2.213822
178.218999863	0.093238
180.213999987	0.929553
182.364000082	0.016247
184.204999924	1.176218
186.232000113	1.48857
188.200999975	1.025378
190.201999903	1.039
192.190999985	1.16242
194.359000206	0.096933
196.203999996	0.821439
198.212000132	0.942639
200.190999985	0.011828
202.223999977	0.456609
204.20299983	1.863757
206.20299983	0.00552
208.201999903	0.917852
210.2099998	2.168755
212.200000048	0.033527
214.207999945	0.91443
216.197000027	0.01872
218.244999886	0.019063
220.194999933	1.18675
222.2099998	0.816356
224.20299983	0.648207
226.455000162	1.150858
228.455000162	1.448856
230.519999981	0.634782
232.461999893	0.076722
234.440999985	0.718498
236.447999954	0.573515
238.466999769	1.265661
240.445999861	1.27394
242.45600009	1.131229
244.453999996	1.086419
246.449999809	0.04071
248.457000017	1.730838
250.641000032	0.147773
253.503000021	0.897735
255.937000036	0.212489
257.937999964	0.456833
259.164999962	0.289345
260.282999754	1.189126
262.44299984	0.936934
264.484999895	0.058119
266.460999966	0.022066
268.461999893	0.872575
270.447000027	1.204833
272.450999737	0.890889
274.44299984	1.801822
276.447000027	0.675867
278.453000069	1.983966
280.448999882	1.17882
282.447999954	0.628182
284.448999882	1.05919
286.458999872	0.011752
288.474999905	0.012343
290.447999954	0.130777
292.389999866	0.237959
294.445999861	0.043187
296.444000006	0.559731
298.752000093	0.547618
300.610999823	0.22751
303.667999983	0.110131
304.980999947	0.039726
306.453000069	0.571268
308.773999929	0.013543
310.890999794	0.540175
313.993999958	0.375843
317.878000021	0.011621
321.530999899	0.016458
324.472000122	0.03707
326.146999836	0.880424
327.775000095	0.147741
330.273000002	0.236847
332.159000158	0.530691
333.703999996	0.053248
335.411999941	1.038753
337.607000113	0.010666
339.197000027	0.03321
340.90899992	0.296618
342.819999933	0.802111
345.338999748	0.006211
347.773999929	0.255557
350.241999865	0.450438
351.740999937	0.223484
352.805999994	0.982654
353.81099987	1.30176
355.638000011	0.011405
356.697999954	1.810323
357.320999861	1.842779
358.452000141	1.715451
360.449999809	0.893991
362.45600009	1.293031
364.463999987	1.362643
366.453000069	0.242968
368.457999945	0.296615
370.447000027	0.999963
372.44299984	2.027159
374.448999882	0.245722
376.882999897	0.006031
378.463000059	0.034666
382.02699995	1.012761
384.20299983	0.016466
385.919000149	0.109892
387.649999857	0.148385
389.253000021	1.513961
392.332000017	0.027186
394.138000011	0.524583
395.997999907	0.241366
398.945999861	0.002236
401.208999872	0.179577
403.528000116	0.752595
405.109999895	0.393921
406.460000038	0.478356
408.748000145	0.218635
411.444999933	0.090621
413.313999891	0.818199
415.312000036	0.614946
417.700000048	0.14072
419.243999958	0.627379
420.743999958	0.016123
422.894999981	0.046265
424.378000021	1.270052
425.189999819	1.142351
426.46999979	0.89222
428.467999935	0.069172
430.465999842	0.059493
432.453000069	0.003258
434.45600009	0.032002
436.44299984	0.628256
438.457000017	0.084772
440.448999882	1.570668
442.45600009	0.318846
444.460999966	0.262639
447.023999929	0.047661
448.476000071	0.705314
450.453999996	0.046821
453.236000061	0.037462
456.002999783	0.111727
458.250999928	0.018024
460.542999983	0.695054
462.335999966	0.03017
464.487999916	0.002759
466.19900012	0.114296
468.255000114	0.050382
470.113999844	0.374272
472.332999945	0.39077
473.720000029	1.539712
474.940999985	0.655571
476.701999903	0.037135
478.484999895	0.024713
480.457999945	0.039758
482.453000069	0.576565
484.730000019	0.019733
486.717999935	0.287676
488.984999895	0.084147
490.887000084	0.091854
492.698999882	0.011439
494.697000027	1.25246
496.735000134	1.572807
498.71600008	0.094783
500.726999998	0.027852
502.697999954	0.188871
504.693000078	0.056848
506.648999929	0.00216
508.706999779	0.01217
510.717999935	0.102544
512.717000008	0.186188
514.714999914	0.474726
516.74000001	0.048588
518.698999882	0.362861
520.695000172	0.002154
522.703999996	1.135636
525.172999859	1.430137
526.71600008	1.158035
528.701999903	1.240582
530.719000101	0.018414
532.697999954	0.415351
534.697000027	0.044982
536.779999971	0.280091
538.723999977	0.06847
540.701999903	1.28051
542.700000048	0.561703
544.700000048	1.089635
546.697000027	0.675682
548.713999987	1.925433
550.730000019	0.075122
552.700999975	0.062926
554.723999977	3.031754
556.698999882	2.46384
558.703000069	0.373809
560.673999786	0.024944
562.711000204	0.953759
564.707999945	0.743288
566.719000101	0.035215
568.610999823	0.163019
570.697999954	2.078647
572.697000027	0.046265
574.701999903	2.068933
576.700000048	0.980727
578.717000008	0.67845
580.713999987	0.026231
582.705999851	0.822242
584.616999865	0.629853
586.698999882	0.296474
588.707999945	0.034997
590.713999987	0.970285
592.705999851	0.554878
594.703999996	1.063422
596.701999903	0.017134
598.726999998	0.09979
600.711000204	1.171903
602.697999954	1.147329
604.705999851	0.078588
606.703000069	1.159918
608.762999773	0.729405
611.745999813	0.499197
614.884000063	0.247907
616.263000011	0.866617
617.071000099	0.789918
618.703000069	0.281413
620.75	1.449578
622.700000048	1.10337
624.697999954	0.461648
626.713000059	0.033644
628.717999935	0.299681
630.697000027	0.042348
633.887000084	0.547613
636.397000074	0.03491
638.39199996	0.207033
639.514999866	0.759882
642.301999807	0.028094
645.951000214	0.430917
647.052999973	0.440563
648.913999796	0.688362
650.391000032	1.145213
652.427999973	0.829866
654.039999962	1.457052
656.285000086	0.931764
658.828999996	0.3557
663.445999861	0.66055
665.375	0.385179
667.286000013	0.86853
670.44299984	0.90798
671.673999786	0.57398
673.101999998	0.090382
676.5	0.252464
679.885999918	0.25927
682.504999876	0.541757
684.513000011	0.375706
685.065000057	0.276236
688.521999836	0.453664
690.677000046	0.02272
691.032000065	0.79896
692.351000071	1.010437
694.241999865	0.019793
696.013000011	1.173989
697.277999878	1.03786
698.413999796	0.046117
699.264999866	1.334208
700.631000042	0.134299
701.833999872	0.427907
703.920000076	0.388833
705.375	0.211904
707.46999979	0.725974
710.333999872	0.037733
711.813999891	0.833545
712.857999802	0.869072
714.717000008	0.985847
716.704999924	0.6029
718.701999903	1.358373
720.720000029	1.736514
722.703000069	1.509274
724.708999872	0.016533
726.726999998	0.486419
728.706999779	0.598719
730.96999979	1.187209
732.713999987	1.272737
734.945999861	1.691089
736.948999882	0.159384
738.954999924	2.707544
740.960999966	0.938382
742.898999929	0.64035
744.953000069	0.587135
746.948999882	1.595222
748.943000078	0.765935
751.328999996	0.49843
752.984999895	1.934136
754.960000038	2.119176
758.140000105	0.485672
759.171999931	0.521758
760.954999924	0.137611
763.003999949	0.774269
764.815999985	0.111919
766.952000141	0.89252
769.098999739	0.044656
770.959000111	0.885196
773.726999998	1.487888
775.428999901	0.786088
777.116999865	0.92391
778.869999886	0.018542
781.647000074	0.041192
783.90199995	0.617694
787.775000095	0.176718
790.098999739	0.781144
793.61500001	0.026641
796.49000001	0.835488
797.690999746	0.865995
798.704999924	0.203977
799.788000107	0.209881
801.364000082	0.40803
803.273999929	0.325156
804.689999819	1.02097
806.519999981	0.006641
809.529999971	1.076741
811.693000078	0.128899
814.497999907	0.130949
815.941999912	0.109387
818.098999739	0.482817
820.881999969	0.286849
822.188999891	0.035224
823.277999878	2.110446
824.791000128	1.21579
828.541999817	0.114281
830.085999966	0.395402
831.208999872	0.137692
832.914999723	0.798947
834.717000008	1.024118
836.837999821	1.289299
838.562999725	1.924948
842.569999933	0.687773
843.34800005	1.150593
844.429999828	0.441395
845.4150002	0.519487
846.970999956	0.783083
848.989000082	0.988397
850.957999945	1.518591
852.975000143	1.194616
855.151000023	0.049858
857.483999968	0.12141
859.244999886	1.099801
860.868000031	0.086707
862.873999834	0.906187
864.960999966	1.559776
866.959000111	0.003224
868.953999996	0.093889
870.959000111	0.017137
873.391000032	0.063001
875.615999937	0.010285
877.105999947	1.407847
878.967000008	1.078884
880.961999893	1.868757
882.960000038	0.118519
884.959000111	0.22437
887.342000008	0.043244
888.975000143	0.305146
890.977999926	0.13064
892.953999996	0.873737
894.948999882	1.073498
896.957999945	1.071499
898.953999996	0.453674
900.961999893	0.469327
902.947999954	0.22778
904.957000017	0.596359
906.897000074	0.614516
908.960999966	1.151658
910.941999912	0.026966
912.963999987	0.116556
914.943000078	1.43886
916.967999935	1.080548
918.965999842	0.562857
920.980000019	0.395724
922.981999874	0.560898
924.97300005	0.012829
926.944000006	0.004931
928.962999821	0.051891
930.960999966	0.017962
932.957999945	1.818603
934.957000017	2.313766
936.960000038	0.215941
939.061999798	0.01165
940.957000017	0.344566
942.959000111	0.927918
944.994999886	0.239274
946.976999998	0.416234
948.95600009	0.015554
950.964999914	0.821365
952.977999926	0.445877
954.957000017	0.061889
956.952000141	1.239771
958.960999966	1.901407
962.133999825	0.04362
963.64199996	0.875592
964.95600009	1.340876
966.960999966	1.133467
968.963999987	0.038633
970.951000214	1.072061
972.953999996	0.006579
974.953000069	0.596356
977.934000015	0.0012
979.201999903	0.161928
980.957000017	0.61755
983.217000008	1.091782
985.164000034	0.404101
987.207000017	0.048206
989.224999905	0.00995
991.213999987	0.483108
993.471000195	1.176599
995.20299983	1.996847
997.203999996	0.185819
999.2099998	1.794595
1001.21099973	2.029725
1003.05099988	0.761106
1005.30300021	1.39065
1007.22599983	1.096785
1009.89899993	0.016741
1011.94999981	0.668192
1013.8499999	0.784218
1015.204	0.234385
1017.23600006	0.718375
1019.20599985	0.910855
1021.19499993	1.063355
1023.22399998	0.026517
1025.20299983	0.903646
1027.20499992	0.197126
1029.20099998	1.11118
1031.04900002	0.02964
1033.21200013	0.485184
1035.20799994	0.510649
1037.20899987	0.445048
1039.22599983	1.656888
1041.21300006	1.66368
1043.2019999	1.46784
1045.20299983	0.279247
1047.21200013	1.541294
1049.23799992	0.22668
1051.20799994	1.274612
1053.2019999	1.187214
1055.21099973	1.930938
1057.20799994	0.926099
1059.24099994	1.765071
1061.2019999	2.089131
1063.20099998	2.350122
1065.21700001	0.632966
1067.21799994	0.420146
1069.20599985	0.047698
1071.20599985	0.588216
1073.2019999	0.023149
1075.69400001	1.08089
1077.2579999	0.810549
1079.20700002	0.679799
1082.72199988	0.107443
1086.27900004	0.984309
1088.43700004	0.66114
1091.06999993	1.137649
1093.01399994	1.56786
1093.79399991	0.810061
1094.54400015	1.237772
1095.15299988	1.267302
1097.2099998	0.839984
1099.21200013	0.832735
1101.23100019	0.5104
1103.23799992	0.775352
1105.20099998	0.232555
1107.21899986	1.533015
1109.20700002	1.076369
1111.31999993	0.128531
1113.59499979	0.233498
1115.57200003	0.472624
1117.1869998	0.539438
1119.1960001	0.760362
1121.25399995	1.544367
1123.204	0.545835
1125.28199983	0.867562
1127.21399999	0.630541
1129.21700001	0.042294
1131.20700002	0.842291
1133.21099973	1.30741
1135.20799994	0.861766
1137.22599983	1.302408
1139.21200013	1.715533
1141.19700003	0.010594
1143.1960001	0.018506
1145.32500005	0.002896
1147.204	0.285463
1149.23200011	0.199677
1151.21600008	0.669616
1154.10599995	1.096827
1155.87499976	0.48797
1158.80900002	0.751145
1161.33099985	0.01232
1162.99399996	0.489546
1163.93899989	0.815187
1165.55499983	0.650823
1167.21799994	0.12116
1169.22199988	0.968927
1171.20000005	0.62368
1173.19900012	0.659448
1175.21399999	0.265624
1177.19799995	0.030639
1180.18899989	0.009699
1182.67199993	0.252263
1184.02399993	0.329519
1185.23699999	0.977655
1187.20799994	2.081189
1189.21200013	0.002607
1191.20499992	0.611299
1193.25099993	0.12988
1195.22799993	1.82681
1197.21700001	0.929457
1199.56099987	1.258466
1203.87900019	0.032924
1205.80599999	0.002965
1207.32599998	0.068463
1209.34500003	0.296277
1210.9000001	0.624131
1211.97200012	0.179733
1213.23300004	0.06283
1215.22899985	0.217006
1217.20899987	0.102423
1219.20799994	0.014817
1221.20899987	0.180163
1223.43199992	0.486899
1225.20799994	0.294875
1227.51999998	0.815341
1229.22099996	0.13698
1231.4920001	0.101954
1233.8579998	0.194972
1240.204	0.2025
1243.12700009	0.413961
1246.91799998	0.029534
1249.37699986	1.11191
1250.35299993	1.47589
1252.273	0.315036
1255.5059998	0.891319
1258.31200004	0.028239
1260.87800002	0.812836
1263.11699986	0.606676
1266.54999995	0.032804
1267.90799999	1.35458
1269.03799987	0.025342
1270.58099985	0.387879
1271.03499985	0.022706
1271.5059998	0.049518
1272.63199997	0.00895
1273.69300008	0.297179
1274.90999985	0.171135
1276.25300002	1.191996
1277.91700006	1.184181
1279.58899999	1.119929
1280.97799993	0.826145
1282.22000003	1.69777
1283.48000002	0.478665
1285.3579998	0.543452
1287.74099994	0.519451
1289.44899988	0.050835
1291.49799991	0.030033
1293.45099974	0.016468
1295.46799994	0.544458
1297.46099997	1.75715
1299.47300005	0.037108
1301.72000003	0.239465
1303.9849999	0.092814
1305.75	0.890163
1307.454	0.77401
1309.36999989	1.611871
1311.46099997	0.059777
1313.45799994	0.414421
1315.45500016	0.02119
1317.4829998	0.766148
1319.46099997	0.542952
1321.45500016	0.56245
1323.477	0.715436
1325.45700002	0.197163
1327.46699977	1.766536
1329.45500016	0.324353
1331.46699977	0.040379
1333.58899999	0.381606
1335.45899987	0.247319
1337.45300007	2.037071
1339.46000004	0.144284
1341.45099974	0.048192
1343.45200014	0.280246
1345.45600009	0.046772
1347.97799993	1.480987
1349.36100006	1.274382
1351.46599984	1.810315
1353.53299999	0.213709
1355.45200014	0.736458
1357.46000004	1.927157
1359.46699977	0.454772
1361.46000004	1.709485
1363.46000004	1.890312
1365.49399996	0.070259
1367.48000002	0.583647
1369.49799991	0.117751
1371.48699999	0.968565
1373.44999981	0.024801
1375.45899987	1.243581
1377.45099974	0.019234
1379.45899987	0.610002
1382.45899987	0.415473
1385.16199994	0.434233
1388.14499998	0.05303
1391.20899987	1.0246
1393.35699987	0.111062
1394.898	1.500073
1397.16199994	0.988105
1398.33200002	0.075328
1399.03200006	0.227286
1399.78399992	0.018463
1401.48399997	0.219693
1403.46099997	1.117477
1405.44799995	0.098757
1407.45799994	1.912682
1409.50699973	0.26368
1411.46000004	0.557487
1413.47900009	1.888387
1415.46300006	0.593561
1417.454	0.401265
1419.46300006	0.795656
1421.55499983	0.936145
1423.46199989	0.032278
1425.52800012	0.395722
1427.65099978	0.066219
1429.81099987	1.035678
1432.18799996	0.067409
1433.80099988	0.142656
1435.46300006	0.244823
1437.46499991	0.729726
1439.52399993	0.007438
1441.46499991	0.931593
1443.45799994	0.628321
1445.4920001	0.030907
1447.45700002	0.604968
1449.45899987	0.620633
1451.46799994	1.403379
1453.47799993	0.616554
1455.46399999	0.067435
1457.4749999	2.032509
1459.45200014	2.873572
1461.46899986	0.080339
1463.8579998	0.229791
1465.45600009	0.434885
1467.45600009	0.536101
1469.477	0.995442
1471.46199989	0.417918
1473.46399999	0.187584
1475.47100019	0.330771
1478.51100016	0.920901
1481.79999995	0.185574
1483.91499972	0.111692
1485.83999991	1.026253
1488.47600007	0.423935
1490.13399982	0.016214
1491.4829998	0.729897
1492.80199981	0.457767
1493.79299998	0.795389
1495.727	0.066229
1497.71300006	0.040737
1499.7019999	0.070997
1501.70699978	0.75905
1503.71200013	0.386918
1505.72099996	0.032918
1507.72000003	0.534793
1509.71200013	1.157365
1511.70300007	0.437464
1513.7019999	0.0184
1515.70799994	0.165703
1517.72199988	0.075063
1519.73899984	0.524732
1521.71300006	0.022309
1523.71399999	0.608938
1525.71300006	1.230058
1527.7249999	1.774611
1529.71499991	0.784035
1531.70899987	0.935927
1533.71300006	1.385454
1538.24000001	0.110854
1541.51999998	0.631107
1542.94499993	1.078279
1543.69400001	1.067728
1544.98300004	0.048329
1545.68199992	0.021343
1547.71799994	1.328954
1549.71700001	1.540626
1551.71499991	0.370191
1553.5769999	0.041635
1555.70099998	1.367407
1557.704	1.083183
1559.99300003	0.604143
1564.16599989	0.248833
1566.81399989	0.899717
1568.09399986	1.057123
1569.4139998	0.015866
1570.86899996	0.160765
1574.59699988	0.890409
1576.57099986	0.875797
1578.28299975	0.243798
1579.07999992	0.034261
1579.68099999	1.145489
1581.72899985	0.326621
1583.73899984	0.023775
1585.73600006	1.097399
1587.72299981	1.054276
1589.72000003	0.590832
1591.73500013	0.544776
1593.7190001	0.339422
1595.71300006	0.890205
1597.71300006	0.703405
1599.71799994	2.183933
1601.71399999	0.419383
1603.7249999	0.797873
1606.57999992	0.835322
1607.68299985	1.047006
1609.73099995	1.304547
1611.72099996	1.227224
1613.8349998	0.247554
1615.73200011	0.88472
1617.7099998	0.661143
1619.71200013	1.052079
1621.70499992	0.0303
1623.72299981	1.023332
1625.70099998	0.611505
1627.88599992	1.299781
1629.72000003	1.112117
1631.99499989	0.527547
1633.73500013	1.319224
1635.73200011	0.324999
1637.7110002	0.014692
1639.71300006	0.480838
1641.71300006	1.237433
1643.73200011	1.256136
1646.15199995	0.116718
1648.55299997	0.270605
1649.71399999	1.304886
1652.16499996	1.122919
1653.7110002	1.648867
1655.71200013	0.031676
1657.72399998	0.318531
1659.71300006	1.630854
1661.70799994	1.913316
1663.71700001	0.954566
1665.71399999	0.234451
1667.7099998	0.062977
1669.91499972	0.681045
1671.73300004	1.832772
1673.73000002	0.023279
1675.73699999	0.591378
1677.73099995	0.00273
1679.88199997	0.230308
1682.94400001	0.504946
1687.36599994	0.587304
1690.97799993	0.011033
1693.9289999	0.111118
1698.57099986	0.059123
1702.102	0.42948
1703.89299989	0.114204
1705.48900008	0.438935
1707.20099998	0.074299
1709.27499986	0.430975
1711.90499997	0.058184
1712.7099998	1.113695
1715.11299992	1.105133
1716.16499996	0.43515
1718.40100002	1.401195
1720.36500001	0.011414
1722.21200013	0.667048
1723.625	1.29107
1724.8829999	0.914585
1726.23300004	1.007062
1727.73200011	0.559683
1728.95499992	0.002517
1729.727	0.617694
1731.10100007	0.209634
1732.29299998	0.147963
1734.51300001	0.056645
1736.52299976	0.213611
1738.14199996	0.897178
1739.70699978	0.297264
1740.97500014	0.599496
1742.18099999	0.754247
1743.96499991	0.021998
1745.96299982	0.204593
1747.96199989	1.048662
1749.80800009	0.46048
1751.98399997	0.016213
1753.96899986	1.165488
1755.8579998	1.211216
1757.97300005	0.53593
1759.954	1.103186
1762.21600008	1.826759
1763.97300005	0.05903
1765.98399997	0.054247
1767.96999979	0.287185
