0.0	0.697957
0.0939998626709	1.421599
0.155999898911	1.421599
0.322999715805	0.035217
0.531999826431	0.021123
0.623999834061	0.693376
0.837999820709	0.111305
1.26300001144	0.840265
1.61699986458	0.1038
3.3639998436	1.445043
5.37399983406	1.658397
7.21699976921	1.604219
9.20899987221	0.022687
11.3869996071	1.90856
13.3809998035	0.248545
15.3619997501	1.51157
17.3579998016	1.027802
19.3699998856	1.952524
21.3629996777	0.093431
23.3609998226	1.952452
25.3699998856	1.322805
27.3629996777	1.564707
29.371999979	2.022017
31.2199997902	0.862242
33.3619997501	0.34832
35.3689997196	1.741839
37.3639998436	0.024755
39.3699998856	1.020704
41.3679997921	1.494146
43.3619997501	1.902088
45.371999979	1.919323
47.384999752	0.020167
49.3699998856	1.419701
51.371999979	1.569169
53.3599998951	0.023981
55.3589999676	0.81558
57.3729999065	0.038915
59.3609998226	0.026479
61.3659996986	0.07697
63.3869996071	2.049816
65.3589999676	1.726926
67.3639998436	1.637263
69.3669998646	1.535259
71.3649997711	0.317594
73.3729999065	0.721415
75.3689997196	1.613512
77.3709998131	1.798426
79.3599998951	1.07916
81.3729999065	1.717699
83.376999855	0.050883
85.5039999485	0.446112
87.3729999065	0.080694
89.3729999065	1.834134
91.3689997196	2.095205
93.371999979	0.410472
95.3589999676	0.184182
97.3759999275	0.24036
99.3569998741	0.004914
101.364999771	0.705196
103.36899972	1.478123
105.370999813	0.481951
107.364999771	0.026533
109.369999886	0.06051
111.362999678	0.016432
113.364999771	0.246515
115.528999805	1.578845
117.365999699	0.137669
