0.0	0.053394
0.332999944687	1.149805
0.634999752045	1.103719
0.929999828339	1.071993
1.22699975967	1.123312
1.52199983597	1.138697
1.82499980927	1.013722
2.13599991798	1.105984
2.83599996567	1.081295
4.12800002098	1.096882
5.46899986267	0.994471
7.45299983025	1.037583
9.46599984169	1.122448
11.4729998112	0.956673
14.0759999752	0.992265
16.4919998646	1.046648
18.8819997311	1.161012
21.2649998665	0.167155
22.8349997997	0.125424
24.5279998779	1.02374
26.8569998741	0.998942
28.5059998035	1.111856
29.6769998074	1.055214
31.5720000267	1.131427
33.4659998417	1.054948
35.5869996548	1.173054
38.0579998493	1.052812
39.8259997368	1.183545
41.4739997387	0.933116
43.4689998627	1.004062
45.4689998627	0.681141
47.4669997692	1.087118
50.0939998627	1.022034
53.0789999962	1.203717
55.4279999733	1.047962
57.2079999447	1.129697
58.9629998207	1.123803
61.0920000076	1.172581
62.3680000305	1.214412
63.6199998856	0.934893
66.2189998627	1.094781
68.7430000305	1.051305
71.1809999943	0.879289
73.1840000153	1.191063
74.9079999924	0.974935
76.4879999161	1.184081
77.7099997997	1.090528
79.4689998627	1.101035
81.7179999352	0.523888
83.5149998665	1.069845
85.7129998207	1.214521
87.7169997692	1.145821
89.7139997482	0.947484
91.5489997864	0.978918
93.7049999237	1.046485
95.5039999485	1.106437
97.8059997559	0.550297
100.857999802	1.116143
104.263999939	0.575245
105.537999868	1.019642
107.913999796	0.402963
111.98699975	1.100428
115.805999756	1.174015
119.915999889	0.95653
122.290999651	1.10602
124.652999878	0.983912
127.06099987	0.076992
129.605999708	1.120695
130.936999798	0.491393
131.996000051	1.056196
133.516000032	0.901739
135.824999809	1.092834
137.595999956	1.044703
139.386999846	0.965546
142.687000036	1.052097
144.404999971	1.103413
146.424000025	0.953279
147.976999998	0.921985
149.363999844	0.966856
151.84499979	1.193652
153.909999847	1.017049
156.740999937	1.157873
159.338999748	1.025375
159.547999859	0.915664
160.019999981	0.964636
160.862999916	1.118275
161.868000031	1.143569
162.353999853	1.030514
162.750999928	1.162014
163.716999769	1.048315
165.710999966	1.233344
167.712999821	1.022858
169.714999676	1.147648
171.716999769	0.939894
173.7099998	1.077953
175.7099998	1.062425
177.7099998	1.103857
179.715999842	1.103857
181.717999935	1.06049
183.713999748	1.066578
185.708999872	1.132048
187.716999769	1.047772
189.707999945	1.10821
191.715999842	0.705619
193.713999748	0.972564
195.711999893	0.988456
197.707999945	1.182809
199.720999956	1.072659
201.703999996	0.544135
203.717999935	1.03226
205.716999769	0.994689
207.708999872	0.920108
209.713999748	1.083242
211.716999769	1.083242
213.711999893	1.00062
215.717999935	1.14827
217.707999945	1.103799
219.706999779	1.026142
221.713999748	1.062402
223.710999966	1.254445
225.708999872	0.933374
227.721999884	0.986519
229.715999842	1.053214
231.711999893	1.114067
233.712999821	1.091142
235.711999893	1.108809
237.715999842	1.108809
239.712999821	1.130806
241.707999945	1.144486
243.722999811	1.12398
245.717999935	0.914492
247.704999924	0.992538
249.719000101	1.050548
251.712999821	1.148003
253.707999945	1.041594
255.719000101	0.045501
257.711999893	1.066381
259.711999893	1.152204
261.707999945	1.139988
263.713999748	1.103818
265.720999956	0.964894
267.719000101	1.116485
269.716999769	1.06448
271.710999966	1.038612
273.719000101	1.102005
275.7099998	1.106216
277.707999945	1.041369
279.720000029	0.960526
281.714999676	1.119529
283.707999945	0.961745
285.716999769	1.117021
287.713999748	0.579045
289.713999748	0.872235
291.694999933	1.082126
296.351999998	0.867414
299.125999928	1.189783
301.663000107	0.642865
302.578999758	1.08579
304.967000008	1.221385
306.782999992	1.114233
310.288999796	1.201151
312.665999889	1.113593
314.43599987	1.014593
315.661999702	1.147593
316.660999775	1.067758
317.525999784	1.083027
318.376999855	0.901134
319.720000029	1.151729
321.717999935	0.413613
323.710999966	0.885825
325.838999987	1.184081
327.936999798	1.1752
329.7099998	0.954628
331.721999884	1.047538
334.37899971	0.843744
337.61899972	0.601888
341.705999851	1.101384
346.394999743	0.427708
347.337999821	0.889659
349.162999868	1.062099
351.180999994	1.142368
353.65199995	1.138502
355.328999996	1.213999
356.822999954	1.118131
357.983999968	0.616087
359.025999784	1.142735
360.007999897	1.168866
360.991999865	1.046032
362.875999928	0.548112
364.950999975	1.160616
369.023000002	1.046482
372.967999935	1.109108
376.07799983	0.904256
379.164000034	0.815453
383.330999851	0.28366
384.479000092	0.242843
386.89199996	1.236145
389.405999899	1.059371
391.730999708	1.154389
394.292000055	0.02114
396.638999939	0.96282
397.890999794	1.112441
399.011999846	0.902257
400.343999863	1.143828
401.927000046	0.821583
404.655999899	0.937098
406.987999916	1.177668
408.615999937	0.211678
410.027999878	1.089293
411.159999847	1.087581
412.84499979	0.770029
414.503999949	1.077964
416.838999987	1.12888
419.239000082	0.758454
421.967000008	1.145322
424.181999922	1.220179
426.322999716	0.390021
427.976999998	1.041722
430.114999771	1.167377
434.274999857	0.419288
435.602999687	0.47701
437.972999811	0.01876
439.773999929	1.066312
441.141999722	0.907605
443.012999773	0.783466
445.470999956	1.074754
447.428999901	1.058197
449.0	1.173311
450.855000019	0.982472
451.924999952	1.199021
454.653999805	1.061181
455.84800005	1.017421
457.319000006	1.181208
459.736999989	0.593967
464.463000059	0.018321
466.397999763	1.019037
467.56099987	0.655317
468.428999901	0.550194
470.602999687	0.486953
473.145999908	0.65761
475.282999754	1.077113
476.796999931	1.099215
478.552000046	0.20238
480.341999769	0.891583
482.447999954	0.817616
484.500999928	0.037752
485.277999878	1.020659
486.528999805	0.939797
488.551000118	0.383919
492.497999907	1.221806
494.83100009	0.793701
496.737999916	0.594132
498.167000055	0.59958
499.079999924	0.277767
500.712999821	0.540178
502.976999998	1.092424
506.106999874	1.099728
507.933999777	1.098432
509.98300004	0.982016
512.10199976	1.151968
513.721999884	0.929921
516.120999813	1.136797
517.796000004	1.08079
519.638999939	1.130011
521.727999926	0.934818
523.703999996	0.931905
525.99399972	0.252451
527.644999981	1.159713
528.455999851	1.152609
529.664000034	0.883228
531.484999895	0.225548
533.212999821	1.077192
534.631999969	0.214796
535.873999834	0.530587
537.429999828	0.905885
540.532999992	0.294796
544.273000002	1.116401
545.947999954	0.540521
547.977999926	1.106773
550.722999811	0.555363
552.388999939	1.061379
553.65199995	0.983569
557.335000038	0.590917
560.080999851	0.971467
561.894999981	0.109191
563.552000046	1.154191
565.95299983	0.663285
568.263000011	1.137554
569.929999828	1.03501
572.501999855	0.863229
574.065999746	0.534994
575.445999861	0.318713
576.306999683	1.12735
579.983999968	1.018308
582.357999802	1.144969
584.656999826	1.133854
586.45299983	1.010905
587.663000107	0.655396
588.906999826	1.038037
589.416999817	1.2444
592.906999826	0.691456
597.289999723	1.02388
598.118999958	0.952577
600.102999926	0.999385
601.872999907	1.157788
602.967999935	1.019801
604.454999924	1.155063
605.990999937	1.034463
608.644999981	1.071653
611.835999966	1.105137
614.123999834	0.790449
615.463999987	0.791785
618.072000027	1.125505
619.80099988	1.197843
621.339999914	1.130781
623.151000023	1.008491
624.997999907	1.104292
627.304999828	0.977552
629.121999741	1.238433
630.593999863	1.055349
633.597999811	0.142189
635.228999853	1.122501
635.754999638	0.987889
638.004999876	1.099529
639.30099988	1.030103
641.160999775	1.186794
642.832999945	0.394523
645.613999844	1.025881
647.363999844	1.180229
650.503999949	0.400402
653.401999712	1.105223
656.215999842	1.089325
658.700000048	1.155488
660.177999735	1.074576
662.161999702	1.025298
663.525999784	1.111245
665.22699976	0.905498
667.77699995	0.532166
668.314999819	1.209372
669.141999722	0.824339
671.68599987	0.872377
674.76699996	0.055377
678.034999847	1.246721
680.207999945	0.671024
681.303999901	0.020671
682.362999678	1.167214
685.032000065	1.027393
687.430999994	1.1155
690.097999811	1.04824
692.441999912	1.163103
694.193999767	0.973333
695.887000084	0.956239
697.721999884	0.727557
699.874999762	0.993197
702.058999777	1.164949
704.346999645	1.049755
706.634999752	0.909846
708.234999657	0.694845
709.984999895	0.911474
711.539999962	1.021319
713.062999964	0.967349
714.890999794	1.181729
718.141999722	0.91443
720.765999794	1.06727
721.652999878	1.188705
722.523999929	1.05455
724.37899971	1.086936
725.631000042	1.087037
727.401999712	1.186465
728.667999983	1.223386
729.880999804	1.091275
731.267999887	1.116594
733.004999876	1.142775
734.906999826	0.893014
736.631999969	0.471576
738.373999834	1.113633
739.611999989	1.040034
740.552999973	1.106165
742.277999878	1.07509
744.487999916	0.775276
746.218999863	0.950837
748.214999914	0.994843
750.109999895	0.231911
752.24000001	0.936995
754.759000063	0.159932
756.788999796	1.20571
758.208999872	0.933727
760.22300005	1.171749
762.220999956	1.085034
764.809999704	1.064121
767.065999746	0.687632
769.420999765	0.812707
771.207999945	1.175286
772.579999924	1.101273
774.218999863	1.049353
776.212999821	1.011045
778.265999794	0.918876
780.732999802	1.10856
784.309999704	1.096421
787.487999916	1.006971
790.075999975	1.125414
792.095999956	0.812818
793.486999989	1.132561
795.372999907	1.098767
797.862999916	0.092802
800.83100009	1.187839
803.276000023	0.879037
805.689999819	1.144267
808.263000011	0.066363
809.743000031	1.069703
810.602999687	0.974518
814.149999857	1.216548
816.017999887	1.11561
818.622999907	1.098905
821.864999771	1.169978
824.847000122	1.045169
825.757999897	0.550253
827.628999949	1.061635
829.794999838	0.185265
832.51699996	1.105299
834.644999981	1.00892
836.879999876	1.18478
838.593999863	0.02617
840.388999939	1.064527
842.15899992	1.094807
843.799999952	0.367616
845.91899991	0.874077
848.029999733	0.018989
850.116999865	0.404597
851.730999708	0.746707
854.620999813	0.026496
857.322999716	0.324678
858.851999998	0.86023
860.663000107	0.018415
861.805999756	0.100521
864.619999886	0.095738
867.961999893	0.99243
868.880999804	0.240272
869.572000027	0.271448
872.90899992	1.152783
875.280999899	0.342682
877.972999811	0.282234
880.088999987	0.546611
881.700999975	0.482228
882.170999765	0.050811
883.871999979	0.919361
885.621999741	1.168565
888.930999756	0.062262
890.397999763	0.968722
890.824999809	0.598986
892.747999907	1.077003
894.355999947	0.544867
899.639999866	0.434227
901.288999796	1.203717
903.057999849	0.366629
903.857999802	0.611861
905.773999929	0.533528
907.848999977	1.0536
909.56099987	0.91423
911.773000002	0.956007
912.561999798	1.13368
914.352999926	0.733668
915.789999723	1.115568
918.833999872	1.081618
921.231999874	0.656792
923.714999676	1.178564
927.155999899	0.051321
928.085999727	0.342155
929.701999903	0.516585
931.971999884	0.913642
933.809999704	0.938839
935.821999788	0.835581
937.633999825	1.208655
939.684000015	0.809312
941.460999966	1.094471
942.611999989	0.982897
943.881999731	0.49884
946.307999849	0.608752
949.434999704	0.399819
951.56099987	1.189017
953.915999889	0.542104
956.244999886	1.218867
958.102999926	0.103202
960.055000067	0.545722
962.512999773	1.11637
964.888000011	0.635841
967.324999809	1.179525
969.155999899	1.110855
971.039000034	1.127828
972.815999985	1.113752
975.750999928	0.832681
976.965999842	0.911946
978.396999836	0.483138
980.049999714	1.165499
980.600999832	1.099259
981.740999937	0.955277
982.771999836	1.117664
984.239000082	1.213816
984.460999966	1.246555
985.498999834	1.060807
988.307999849	1.106365
989.529999733	0.943601
990.377999783	0.96145
992.470999956	0.957879
994.467999935	1.075612
996.465999842	1.050631
998.723999977	1.173311
1000.33299994	1.099114
1002.47199988	0.582433
1004.46499991	0.961975
1006.47199988	0.996144
1008.46199989	1.196921
1010.46099997	1.035253
1012.47099996	0.921277
1014.46699977	1.042214
1016.46399999	0.301569
1018.47399974	0.958127
1020.47199988	0.977513
1023.42999983	1.123057
1024.55999994	1.031215
1026.46199989	1.15471
1028.46699977	1.112017
1030.77999997	1.112494
1032.73099971	0.830914
1034.39599991	0.810486
1036.46499991	1.0808
1038.46599984	0.973761
1040.46899986	0.890217
1042.47199988	1.149059
1044.46499991	0.893887
1046.47099996	1.096376
1048.46000004	1.161243
1050.47099996	1.194029
1052.47199988	1.069365
1054.46599984	1.098147
1056.46999979	0.973073
1058.47099996	1.06768
1060.46000004	0.98608
1062.46999979	1.215078
1064.47099996	1.103635
1066.48899984	1.013413
1069.09599996	0.417278
1070.46499991	1.007201
1072.47199988	1.09882
1074.46699977	1.146942
1076.47199988	1.027042
1078.48099995	1.07482
1080.46699977	1.004551
1082.46999979	1.214068
1084.46499991	1.10864
1086.46999979	1.077601
1088.46499991	1.09932
1090.46499991	1.088444
1092.46599984	1.07938
1094.477	0.917114
1096.47199988	1.166089
1098.46300006	0.987674
1100.46599984	0.982745
1102.47199988	1.021153
1104.46599984	0.978451
1106.46999979	1.034592
1108.46000004	0.973555
1110.47199988	0.942677
1112.47099996	1.137091
1114.47499967	1.067388
1116.47199988	1.172733
1118.47299981	1.113904
1120.47499967	0.833928
1122.47399974	0.962555
1124.47299981	1.027686
1126.46599984	1.02777
1128.46999979	1.1361
1130.47399974	0.98737
1132.47799993	0.868464
1134.477	0.808898
1136.46699977	1.022492
1138.47900009	1.129906
1140.47599983	1.03661
1142.70899987	1.126946
1144.72299981	0.94558
1146.71599984	1.159524
1148.71299982	1.023125
1150.71499968	1.061629
1152.61399984	1.091681
1154.58899999	1.17859
1156.7190001	0.983761
1158.50999975	1.181318
1160.7190001	1.085049
1162.71799994	1.052384
1164.727	1.168608
1166.72099996	1.168608
1168.71499968	1.099239
1170.72399998	1.076242
1172.7249999	0.851785
1174.71099997	1.07581
1176.72399998	1.111572
1178.60499978	1.064536
1181.55200005	1.010006
1184.52499986	1.031669
1186.99499965	1.207371
1189.46899986	1.02188
1191.50399995	1.082319
1193.35299993	1.083963
1195.1329999	1.058058
1196.59699988	1.117456
1198.31599998	1.176858
1200.34099984	1.089312
