0.0	3.355338
0.151999950409	1.361093
0.391999959946	1.361093
0.47400021553	1.361093
0.59500002861	1.361093
0.827000141144	0.02254
1.16200017929	0.02319
1.41100001335	4.046064
1.79600000381	4.83133
3.56300020218	0.018073
5.55900001526	2.429778
7.57699990273	5.500488
9.55500006676	0.01074
11.5570001602	6.78583
13.8070001602	6.830752
15.8110001087	0.073947
17.5630002022	6.607432
19.8080000877	6.721217
21.8090000153	6.575696
23.8130002022	0.434809
25.862000227	5.45135
27.853000164	6.193939
29.8159999847	1.661123
31.8060002327	3.865115
33.628000021	3.865115
35.6390001774	1.054363
37.8140001297	6.788293
39.8130002022	2.227513
41.8090000153	0.547369
43.8060002327	0.003792
45.8270001411	6.392313
47.8080000877	1.162694
49.625	0.825318
51.8080000877	0.022343
54.0640001297	2.735017
55.8060002327	2.265843
57.8100001812	1.561005
59.6740002632	1.091195
61.8200001717	0.813513
63.8140001297	6.406909
65.8060002327	6.822221
68.3050000668	6.822221
69.8070001602	1.182673
71.8070001602	0.078779
73.8060002327	3.027413
75.8070001602	1.454387
77.8060002327	0.236348
79.842000246	0.008938
81.8200001717	1.321903
83.6460001469	5.082429
85.8080000877	0.465245
87.8080000877	0.026195
89.8080000877	0.019936
91.8240001202	2.738959
93.8080000877	1.069825
95.8080000877	0.0145
97.8080000877	0.082396
99.8120000362	6.597369
101.822000265	7.052509
103.80700016	1.09851
105.808000088	6.911242
107.685000181	1.186875
109.811000109	6.873318
111.811000109	6.201027
113.808000088	0.338528
115.811000109	0.291321
117.808000088	1.079243
119.815999985	0.104229
121.832999945	0.066105
123.808000088	6.350587
125.80700016	2.704987
127.810000181	0.019576
130.008000135	6.849319
131.680000067	3.142838
133.81400013	0.65207
135.822000265	1.926612
137.809000015	0.601171
139.819000006	3.558244
141.826000214	4.099676
143.813000202	2.629609
145.808000088	6.344821
147.82400012	0.038876
149.859000206	0.029163
151.813000202	1.04878
153.81400013	0.72033
155.821000338	1.051212
158.112999916	1.165336
160.308000088	1.961741
162.06400013	4.467564
164.070000172	0.397376
166.067000151	0.953364
168.072000027	0.031644
170.068000078	0.286118
172.070000172	2.896558
174.105000019	0.147588
176.066000223	1.168118
178.56400013	0.297311
180.062000275	1.077577
182.083000183	0.192527
185.601000071	0.783093
187.315999985	0.976624
188.343000174	0.075777
190.06400013	1.988563
192.063000202	0.038415
194.06400013	0.046363
196.062000275	0.021494
198.075000048	2.481367
200.065000057	6.201909
202.568000078	0.111423
204.06400013	1.091047
206.06400013	0.40094
208.069000244	0.004011
210.096999884	1.676988
212.063000202	0.008564
214.065000057	1.088179
216.061000347	0.721668
218.06400013	3.06428
220.070000172	0.600814
222.065000057	0.050025
224.062000275	1.042926
226.101000309	0.004055
228.069000244	1.102597
230.063000202	0.23677
232.063000202	6.625478
234.080000162	5.614275
236.066000223	0.060669
238.068000078	5.50553
240.069000244	0.075977
242.063000202	0.207032
244.120000124	0.012642
246.100000143	2.965635
248.059999943	0.103274
250.06400013	3.339773
252.06400013	1.068472
254.059999943	0.037668
256.059999943	6.616652
258.06400013	5.181281
260.075999975	0.035573
262.325000286	1.023577
264.059999943	0.180575
266.065000057	0.033149
268.083000183	6.117187
270.077000141	0.818968
272.062000275	6.947237
274.06400013	2.117358
276.096999884	4.635844
278.063000202	6.777659
280.059999943	0.416539
282.061000347	2.74675
284.058000088	0.014102
286.059999943	5.898875
288.059000015	0.079493
290.08100009	6.125859
292.059999943	1.038327
294.06400013	0.013414
296.309000254	0.036597
298.312999964	1.287273
300.309000254	0.691576
302.312999964	0.480975
304.31400013	0.048953
306.100000143	1.894902
308.315999985	6.14384
310.309000254	0.069664
312.310000181	0.074432
314.19900012	1.086074
316.494000196	0.441271
318.34800005	0.070662
320.333000183	1.680183
322.095000029	1.732398
324.098000288	6.790027
326.309000254	0.361856
328.341000319	0.01764
330.495000124	2.669724
332.350000143	0.043766
334.310000181	1.07211
336.375	0.079099
338.243999958	3.292952
340.559000015	0.152253
342.595000029	0.021901
344.309000254	7.215211
347.248000145	4.908122
348.312000036	3.873807
350.335000038	5.589956
352.31400013	0.587357
354.309000254	0.029394
356.411000013	4.571978
358.810000181	2.375863
360.309000254	0.012812
362.141000271	1.072332
364.308000088	0.338329
366.309000254	0.060635
368.309000254	6.142673
370.312999964	3.143247
372.310000181	1.067265
374.309000254	6.173361
376.32400012	4.832436
378.378000259	0.051542
380.336999893	0.064065
382.33100009	2.022569
384.312000036	6.248249
386.309000254	1.077678
388.309000254	1.096664
390.310000181	0.023082
392.318000078	3.777096
394.395000219	0.029106
396.312000036	1.072898
398.308000088	6.889989
400.326000214	0.089887
402.311000109	0.009975
404.309000254	0.014039
406.309000254	0.010215
408.310000181	0.134473
410.247000217	0.02711
412.309000254	2.445751
414.310000181	0.890787
416.309000254	1.354756
418.311000109	2.767497
420.308000088	0.058397
422.309000254	2.267799
424.31400013	0.251713
426.310000181	6.7123
428.308000088	5.851322
430.318000078	5.587464
432.312000036	4.956439
434.30700016	1.0531
436.358000278	0.076612
438.327000141	0.073125
440.358000278	0.175125
442.310000181	0.032908
444.319000006	1.068728
446.321000099	6.677343
448.311000109	0.01161
450.308000088	3.416628
452.32400012	6.835531
454.458000183	5.526966
456.309000254	0.022377
458.309000254	5.389435
460.311000109	5.970967
462.309000254	5.030794
464.315000057	6.115661
466.318000078	0.357714
468.338000298	0.004298
470.315999985	0.043288
473.418000221	1.087543
475.380000114	0.009814
476.543000221	0.590966
478.317000151	3.223002
480.317000151	2.651628
482.315000057	1.007649
484.338000298	4.952744
486.322000265	5.924131
488.31400013	0.141137
490.315999985	2.464802
492.315000057	1.080928
494.315999985	2.776943
496.328000069	5.802757
498.318000078	6.281137
500.330000162	5.139244
502.366000175	3.23037
504.31400013	0.045815
506.317000151	2.36741
508.321000099	6.506939
510.315000057	4.14628
512.322000265	3.984441
514.317000151	0.418892
516.315999985	1.031431
518.315000057	1.574864
520.318000078	0.815667
522.315000057	0.292824
524.315000057	0.107523
526.318000078	1.080782
528.317000151	0.035027
530.315000057	1.458122
532.31400013	0.239453
534.310000181	0.058894
536.338000298	0.111351
538.334000111	0.233701
540.585000038	0.084802
542.589000225	0.455921
544.695000172	0.05397
546.571000099	0.253677
548.819000006	0.242612
550.631000042	0.003202
552.847000122	0.031403
554.572000027	5.627415
556.571000099	3.61035
558.566000223	0.057971
560.568000078	0.013743
562.566000223	2.353028
564.56400013	0.927825
567.070000172	0.093355
568.610000134	0.131258
570.567000151	1.013233
572.565000296	0.031098
574.561000109	1.041121
576.56400013	4.300037
578.566000223	0.056943
580.566000223	0.295221
582.563000202	4.481916
584.607000113	2.828529
586.56400013	0.581281
588.56400013	1.078387
590.566000223	0.075224
592.56400013	0.026183
594.607000113	4.217259
596.61500001	0.028956
598.815000057	0.11456
600.815999985	6.385125
602.81400013	3.148753
604.820000172	6.475334
606.811000109	0.286732
608.811000109	0.015869
610.810000181	0.431846
612.827000141	0.659369
615.062000275	0.861431
616.813000202	1.466837
618.818000078	0.068459
620.809000015	1.14907
622.812000036	0.109671
624.594000101	0.265605
626.847000122	1.082981
628.838000298	0.916797
630.832999945	0.127187
632.997000217	0.052999
634.809000015	0.012495
636.810000181	1.626552
638.809000015	0.016099
640.818000078	0.118862
642.81400013	0.260663
644.809000015	0.268608
646.84100008	1.042613
648.810000181	6.531044
650.810000181	6.531044
652.812000036	6.531044
655.295000076	0.090385
