0.0	1.350419
0.479000091553	1.821551
0.970999956131	0.021085
1.56200003624	0.012297
1.68000006676	0.507034
2.29100012779	1.219672
2.90999984741	0.971362
3.28599977493	2.150753
3.78299999237	0.104787
4.28399991989	0.198046
5.69199991226	0.221701
7.67100000381	0.02844
9.68300008774	1.571793
11.6600000858	0.853173
13.7150001526	0.925946
15.6689999104	0.596923
17.6679999828	0.31933
19.7150001526	0.274605
21.6649999619	0.011884
23.6640000343	1.147363
25.6619999409	1.102486
27.6900000572	1.868316
29.6790001392	2.193306
31.6800000668	0.013528
33.6699998379	0.344595
35.6670000553	1.837253
37.6809999943	2.446985
39.6859998703	0.082758
41.6740000248	0.630295
43.6640000343	0.274738
45.6719999313	1.151096
47.6809999943	1.413161
49.6699998379	1.162436
51.6809999943	0.751854
53.6879999638	0.024793
55.6740000248	0.569603
57.9289999008	0.359236
59.6749999523	1.663872
61.6959998608	2.185009
63.6820001602	2.163129
65.7259998322	2.055801
67.9200000763	1.499288
69.8420000076	0.838307
71.9430000782	0.06286
73.9210000038	0.116856
75.9179997444	0.600632
77.8169999123	0.389405
79.8510000706	0.664624
81.9249999523	0.705903
83.9289999008	0.04328
86.0150001049	0.521048
87.9609999657	0.099551
89.9279999733	0.56713
91.9529998302	0.418607
93.9270000458	0.443554
96.5320000648	0.011598
98.1889998913	0.186279
102.7099998	0.56302
109.592999935	0.578974
111.715000153	0.311573
113.472999811	0.025515
116.93599987	0.878381
118.410000086	1.273923
119.698000193	0.632453
122.237999916	1.20729
124.07799983	0.0567
125.951999903	0.312717
127.426000118	1.756603
129.587000132	0.375412
131.525999784	0.707786
132.450999975	0.604692
132.904000044	0.946416
133.842999935	0.483057
135.463999987	0.13971
137.299999952	0.071986
139.116999865	0.018563
140.755000114	0.639414
143.549000025	0.910995
146.882000208	1.265106
148.941999912	0.435983
150.474000216	1.183837
152.002000093	0.581814
157.221999884	0.012344
159.772000074	0.042577
161.320999861	1.148964
164.100999832	0.132966
165.522000074	0.983047
168.15199995	0.057144
171.349999905	0.763576
173.248999834	0.638255
174.568000078	0.661149
176.194000006	0.265665
179.963999987	0.950344
181.496999979	0.836213
182.578000069	0.191956
184.023999929	1.476012
185.184999943	1.632744
186.243999958	0.805489
187.234000206	2.142951
187.762000084	1.192617
188.268999815	1.185083
190.13499999	0.164114
192.52699995	0.768154
195.256000042	0.135891
198.852999926	0.042354
201.970000029	0.032588
204.866000175	0.059224
210.885999918	0.426791
213.880999804	0.070002
215.200000048	0.9638
215.80099988	0.568508
216.712999821	0.077822
217.653999805	1.306298
219.564999819	1.885814
221.387000084	1.24315
225.423000097	0.608614
227.741999865	0.745109
230.838999987	0.036217
233.055000067	0.045057
233.773000002	0.571514
234.700000048	0.03049
236.539999962	0.027835
237.268999815	1.121277
238.792999983	0.836403
240.143000126	0.776441
241.499000072	0.10638
243.30099988	0.109588
245.434999943	0.018779
247.059000015	2.60093
249.058000088	1.502032
249.389999866	1.41766
249.664999962	1.35115
249.990999937	1.489445
251.948999882	2.605004
253.92599988	0.011413
255.920000076	0.20631
258.67599988	0.281196
261.680000067	0.076819
262.832000017	0.827122
264.802999973	1.351773
266.618999958	0.006266
269.352999926	0.36585
271.513000011	0.049837
272.860999823	1.431576
273.914000034	1.759402
275.924000025	1.264457
277.946000099	1.347455
279.916999817	0.177942
282.059000015	1.487189
285.323999882	1.814242
287.174999952	1.394055
289.714000225	0.005168
291.727999926	1.247488
294.562000036	0.690948
297.071000099	0.521103
299.810000181	0.489912
302.715000153	0.07479
304.455000162	0.776654
305.548000097	1.103104
307.604000092	0.061489
309.672999859	0.001447
311.415999889	0.023743
312.384000063	0.552716
313.388000011	0.115701
314.707000017	0.20002
316.188999891	1.51223
318.180999994	1.555853
320.210999966	0.017582
322.176999807	0.444591
324.028999805	0.74327
326.24000001	0.05173
328.170000076	1.387386
330.183000088	0.411762
333.519999981	0.310559
335.855000019	0.637091
337.499000072	0.058895
340.148999929	0.446365
340.803999901	1.023692
342.165999889	0.055095
344.173999786	1.458167
346.173999786	1.189725
348.125	0.431393
350.200999975	0.558084
352.219000101	1.544568
354.16899991	1.592516
356.253999949	0.707093
358.167000055	0.939752
360.184999943	1.866325
362.173999786	0.747136
364.207000017	0.151154
368.368000031	1.186365
