0.0	2.444725
1.65900015831	1.3269
1.7650001049	1.3269
1.92500019073	1.3269
2.40500020981	0.329288
2.72699999809	1.303214
3.1960003376	1.62001
3.61599993706	2.007509
4.27000021935	0.714853
5.26200008392	1.263866
6.98200011253	2.377717
9.07999992371	2.806505
10.9060001373	2.118376
12.9930002689	2.159048
15.0830001831	0.014228
16.9200000763	1.965724
19.0120003223	0.663783
21.1020002365	2.1235
22.9370002747	2.295184
25.0300002098	2.284526
28.3980002403	0.009827
29.114000082	2.362534
31.0150001049	0.015327
33.1050002575	0.588116
35.5100002289	0.210452
37.0110001564	0.056526
39.0980000496	0.328565
40.9180002213	0.146212
43.007999897	0.474554
45.0980000496	0.909329
47.0460002422	0.482497
49.0069999695	0.042842
56.0320000648	0.565076
58.0660002232	0.180883
58.6660001278	0.663231
58.8440003395	0.724283
59.5310001373	1.117868
60.9550001621	1.014199
64.2410001755	0.130997
65.1199998856	0.310417
68.4250001907	0.122966
68.9309999943	0.275344
71.2960000038	0.129254
73.1620001793	0.948952
74.9570002556	0.948952
77.0370001793	1.023318
79.1130001545	0.570078
80.9270000458	0.570078
83.0170001984	0.694112
85.0850002766	0.136275
87.1660001278	0.084737
90.1370000839	0.011247
91.0670001507	0.367569
93.1519999504	0.346079
94.990000248	0.752097
97.0720000267	0.423551
99.1620001793	0.532072
100.977000237	0.680791
103.051000118	0.41944
105.143000126	0.150693
106.957000256	0.889555
109.046000242	0.890885
111.134000063	1.056104
112.960000038	1.056104
115.045000315	0.761993
117.146000147	1.462844
118.976000071	1.103066
121.071000099	1.591504
123.163000107	2.100647
124.985000134	2.144363
127.075000048	2.216035
129.1650002	2.080522
131.006999969	2.353111
133.093000174	2.165537
135.173000097	1.161583
137.005000114	1.986114
139.101000309	2.104881
141.197000265	1.180915
143.016000032	2.647375
145.107000113	0.239785
147.195000172	0.384075
149.02699995	2.297787
151.114000082	2.520321
153.20600009	0.721462
155.023999929	0.013394
157.111000061	0.221351
159.198000193	2.039004
161.026000023	2.031371
163.137000084	2.323896
165.220000267	0.072491
167.052000284	0.54802
169.13800025	1.962529
171.226999998	2.2546
173.061000109	2.243976
175.151000023	1.982917
177.243000031	2.205628
179.076000214	1.776968
181.171000004	2.207575
183.252000332	0.052074
185.08100009	0.184352
187.161000252	2.646218
189.255000114	2.445166
191.093000174	2.445166
193.193000078	2.445166
195.023000002	2.081226
197.113000154	0.042089
199.197000265	2.302692
201.279999971	0.159438
203.116000175	0.249845
205.210999966	1.867517
207.296000004	0.029263
209.142000198	0.018718
211.221000195	2.229064
213.060000181	2.519783
215.15199995	2.519783
217.237000227	0.78751
219.068000317	0.433419
221.161000252	0.788707
223.246999979	1.520023
225.066000223	1.948032
227.171000004	2.299285
229.266000032	2.165405
231.060000181	2.117434
233.04700017	0.038293
235.13800025	2.190452
237.218000174	1.225746
239.046000242	0.183449
241.135999918	0.054166
243.222000122	2.062332
245.30700016	0.825334
247.135999918	1.219175
249.226000071	2.430012
251.327000141	2.366312
253.137000084	2.413334
255.232000113	2.275248
257.066000223	2.158678
259.167999983	1.406395
261.257000208	1.543855
263.345000267	1.271046
265.167000055	1.000074
267.253000259	1.602374
269.347000122	1.389322
271.171000004	2.130546
273.26699996	2.22817
275.106000185	2.602079
277.197000265	2.471531
279.278000116	0.36307
281.113000154	0.367958
283.207999945	0.149492
285.309000254	0.964223
287.143000126	1.8011
289.209000111	1.112516
291.312000036	0.699741
293.146000147	0.045968
295.241000175	0.278028
297.327000141	0.1103
299.159000158	0.441788
301.247999907	2.252026
303.344000101	0.242445
305.17200017	0.009365
307.21200037	0.014273
309.362000227	2.100031
311.203000069	0.28818
313.294000149	0.850096
315.118000031	0.03219
317.217000246	0.30577
319.552000046	0.678612
321.191999912	0.034105
323.226999998	2.297297
325.327000141	2.252209
327.162000179	2.101153
329.266000032	2.135182
331.197000265	0.817587
333.183000088	2.02779
335.279000044	0.279731
337.377000093	0.672191
339.213000298	2.116618
341.302000046	1.765152
343.39800024	2.754781
345.225000143	3.057482
347.316000223	0.672694
349.407000065	0.639216
351.243000031	0.815239
353.345000267	1.859019
355.170000076	0.261136
357.263999939	0.144847
359.353000164	0.241416
361.186000109	0.252569
363.287000179	0.784077
365.391000032	2.246599
367.21600008	2.140049
369.313000202	2.478389
371.402000189	2.518546
373.238000154	0.191875
375.328000069	0.942975
377.429000139	0.831964
379.263000011	0.811545
381.362000227	2.077917
383.446000099	0.238073
385.285000086	0.579513
387.371000051	2.357869
389.472000122	2.391539
391.30700016	1.697375
393.383000135	2.162758
395.480000019	2.42044
397.316000223	0.158395
399.407000065	0.837062
401.238000154	2.332418
403.372000217	0.831865
405.426000118	0.170449
407.262000084	2.133132
409.35800004	0.521339
411.463000059	0.057789
413.29700017	1.699131
415.39800024	0.018501
417.486999989	1.997247
419.33100009	1.997247
421.419000149	1.952825
423.258000135	2.040734
425.356000185	2.040734
427.292000294	2.040734
429.282000065	2.298858
431.385000229	0.97888
433.480000019	0.598329
435.312000036	2.248355
437.411000013	2.184136
439.497000217	1.949139
441.335999966	2.602166
443.426000118	0.364376
445.262000084	0.121128
447.362000227	1.994138
449.450999975	0.963468
451.291000128	2.061056
453.378000021	1.633125
455.467000008	2.498294
457.306000233	2.362682
459.402000189	2.963752
461.492000341	2.316793
463.322000027	2.32822
465.412000179	0.626958
467.510000229	2.46481
469.34100008	2.461331
471.437000275	2.132021
473.533000231	2.132021
475.377000093	2.132021
477.470999956	2.546326
479.559999943	3.166109
481.39199996	3.205681
483.492000341	2.345724
485.316000223	2.03687
487.414999962	2.295947
489.506000042	2.295947
491.344000101	2.295947
493.441000223	2.232481
495.538000107	2.124137
497.366000175	1.166479
499.312000036	0.792939
501.561000109	1.914301
503.391000032	1.705977
505.492000341	2.874015
507.322000027	2.758161
509.425000191	2.758161
511.535000086	2.668035
513.353000164	2.042789
515.445000172	2.5537
517.535000086	2.552823
519.363000154	2.423551
521.465000153	2.120693
523.559999943	2.517354
525.387000084	2.037746
527.487999916	2.317996
529.583000183	0.62544
531.411000013	2.195707
533.501000166	2.195707
535.622000217	2.195707
537.429000139	2.195707
539.52699995	2.195707
541.623000145	2.010538
543.455000162	2.791889
545.542000055	2.418464
547.373000145	2.554135
549.470999956	0.315723
551.555000067	1.391047
553.386000156	2.347425
555.476000309	0.864874
557.580000162	0.864874
559.406000137	0.864874
561.512000084	2.289974
563.612000227	0.836239
565.440000057	2.040806
567.536000013	0.827508
569.375999928	0.498378
571.537000179	0.234817
573.759000063	2.376876
575.593000174	2.243364
577.428000212	0.232006
579.518000126	1.155714
581.607000113	2.195921
583.427000046	1.30149
585.528000116	2.207669
587.618000031	2.088512
589.447000027	1.051381
591.542999983	2.100911
593.646000147	2.329574
595.470999956	0.801537
597.559000015	2.154493
599.888000011	0.047503
602.871999979	0.769095
605.753000259	0.031595
606.620000362	0.138064
608.837000132	0.651204
610.772000313	0.770845
611.906000137	1.01667
613.522000074	0.045597
615.610000134	1.293595
617.435000181	1.488386
619.531000137	0.669287
621.623000145	1.548094
623.462000132	1.935196
625.551000118	1.510162
627.652000189	1.966813
629.518000126	2.059128
631.572000265	1.016749
633.505000114	2.269687
635.511000156	0.01138
637.588000298	0.309907
639.681000233	0.512646
641.522000074	0.856923
643.624000072	0.433887
645.523000002	0.009395
647.54399991	0.239437
649.636000156	0.161127
651.472000122	2.700696
653.573000193	0.831598
655.669000149	1.822194
657.499000072	0.012966
659.63800025	0.280104
662.644000292	0.477322
664.813000202	0.200961
667.178000212	1.429342
669.122000217	1.576426
669.752000093	0.093278
671.592000008	2.239528
673.692000151	0.002565
675.525000095	0.085849
677.612000227	0.433367
679.715000153	2.199004
681.550000191	2.282398
683.646000147	0.018303
685.481000185	0.427205
687.582000017	0.12816
689.687000036	2.284418
691.522000074	0.797478
693.622000217	1.751856
695.708000183	0.013581
697.826000214	0.79008
700.551000118	1.039122
701.605000257	0.632308
703.541000128	2.81514
705.630000114	2.122774
707.730000019	1.5495
709.551000118	2.081965
711.647000074	2.197658
714.270000219	0.334555
715.755000114	1.993266
717.646000147	0.052401
719.746999979	1.467236
721.568000078	0.124448
723.646000147	0.211415
726.118000031	1.500004
727.548000336	1.251668
729.637000084	0.0529
731.719000101	1.664344
733.809000254	1.82191
735.628000259	2.269875
737.736000061	2.092065
739.822000027	2.435491
741.657000303	2.248803
743.737000227	2.158703
745.562000036	0.156611
747.649000168	2.369292
749.738000154	2.226293
751.562000036	0.048112
753.643000126	0.77957
755.743000031	1.425429
757.837000132	1.444366
759.670000076	2.440998
761.751000166	0.019936
763.845000267	0.402753
765.666000128	2.148948
767.765000105	0.499823
769.601000309	0.44645
771.686000109	2.331739
773.782999992	2.11563
775.617000103	1.855042
777.710000038	2.184371
779.801000118	1.198394
781.633000135	0.049485
783.711999893	0.012074
785.796000242	0.012587
787.627000093	0.089551
789.713000298	0.02455
791.815000057	0.707868
793.636000156	1.847243
795.742000103	0.419284
797.833000183	2.140556
799.666000128	2.293843
801.59100008	0.825656
803.84100008	0.264371
805.664000034	0.433088
807.741000175	0.08683
809.836000204	0.510693
811.660000324	0.808234
813.749000311	1.902334
815.843000174	0.221693
817.674999952	0.017446
819.776000023	0.548916
821.873000145	2.378467
823.702000141	1.868803
825.637000084	0.818403
827.883000135	0.02882
829.710000038	0.086808
831.799999952	2.369917
833.886000156	0.551549
835.720000029	0.824936
837.820000172	2.189499
839.911999941	0.041465
841.743000031	0.692923
843.833000183	0.958812
845.658000231	0.018383
847.751000166	0.794041
849.822999954	0.479754
851.671000004	2.230341
853.761000156	1.932909
855.862000227	2.112563
857.68200016	0.724026
859.765000105	2.327203
861.855999947	0.294627
863.731000185	0.093803
865.788000345	0.197681
867.889000177	0.007109
869.717000246	0.475361
871.80700016	0.044345
873.911999941	2.275011
875.738000154	0.025585
877.825000286	0.515445
879.920000076	0.22382
881.755000114	2.25842
883.852000237	0.810039
885.936000109	0.499879
887.765000105	2.534444
889.871000051	0.177963
891.970999956	0.52954
893.79700017	0.012711
895.883000135	1.942264
897.734000206	0.281785
899.806000233	0.785441
901.90500021	2.456024
903.731000185	0.471102
905.817000151	2.613107
907.911000013	2.946673
909.748000145	1.892944
911.842000246	0.121973
913.927999973	0.174569
916.671999931	0.109654
919.167999983	0.305414
921.03000021	0.071664
922.251000166	2.231059
923.842000246	0.248912
925.926000118	0.382062
927.766000032	1.121993
929.868000269	2.763652
931.965000153	2.16822
933.792000055	1.857075
935.875	0.23083
937.965000153	0.864962
939.767999887	0.042016
942.067000151	0.264947
943.970999956	0.312917
945.947000027	0.487099
947.890000105	2.467991
949.989000082	1.862382
951.827000141	2.309032
953.926000118	2.161346
955.75600028	0.597739
957.84100008	0.198065
959.941000223	1.945386
961.772000313	0.090835
963.88100028	2.326549
965.967000008	2.732842
967.812000275	1.656643
969.90500021	2.14389
971.986000061	2.249089
973.822000027	0.20175
975.930000067	0.017852
978.012000322	0.236245
979.850000143	0.711067
981.942000151	0.659823
983.920000076	1.301877
985.871999979	0.662487
987.956000328	1.736709
990.049000263	1.699428
991.88100028	1.699428
993.982000113	1.902027
995.817000151	1.65474
997.909000158	1.840689
1000.01900005	2.193227
1001.84500027	2.175794
1003.94500017	2.058081
1006.04500031	1.686275
1007.87700009	2.152895
1009.99100018	0.614528
1011.81500006	0.525545
1013.90700006	1.712629
1016.00200009	1.30322
1017.83500004	1.380426
1019.92600012	0.923527
1022.01600003	0.399296
1023.84500027	0.495922
1025.93900013	1.968587
1028.04200006	2.316534
1029.87700009	2.31685
1031.98200011	2.29863
1034.07999992	2.263427
1035.91000009	2.59663
1037.99900007	2.119426
1040.09899998	2.172851
1041.94400001	2.597104
1044.04200006	1.085175
1045.87899995	2.211618
1047.97400022	2.211618
1050.0710001	2.318401
1051.90400004	2.375131
1053.99500012	2.944867
1055.93900013	1.868407
1057.93600011	1.971338
1060.04100013	2.232163
1062.14500022	2.232163
1063.97500014	2.232163
1066.07999992	2.232163
1067.91700029	2.232163
1070.02100015	2.404808
1071.85400009	2.276353
1073.95400023	2.252735
1076.03999996	2.026266
1077.8840003	2.026266
1079.97500014	2.362665
1082.07999992	0.598612
1083.92100024	1.982665
1086.0150001	0.80342
1088.11000013	2.444141
1089.91199994	2.444141
1092.02000022	2.85987
1094.13000011	2.485023
1095.96000004	2.364875
1098.05000019	1.473601
1100.14600015	0.850713
1101.98100019	1.865386
1103.92000008	0.790986
1106.17200017	0.130612
1108.00600004	2.128931
1110.10400009	2.239618
1111.93099999	0.370324
1114.0250001	2.183589
1116.12100029	1.220421
1117.94800019	0.40637
1120.18100023	2.561684
1122.52200007	2.082776
1123.96600008	0.529049
1126.05700016	0.056203
1128.14600015	0.421819
1129.97099996	2.009068
1132.04900026	2.111301
1134.16400027	1.350994
1135.98100019	2.143273
1138.07500005	0.840601
1140.17000008	0.998715
1142.0	0.637022
1144.10900021	0.043693
1146.17900014	1.746152
1148.01900005	0.824688
1150.09899998	2.153825
1152.03500009	0.828647
1154.03000021	0.109379
1156.12600017	0.282004
1157.95600033	2.148988
1160.05000019	1.191796
1162.15600038	0.006499
1163.98000026	0.415082
1166.07999992	1.040189
1168.17600012	1.455544
1170.01000023	0.326601
1172.10500026	0.329616
1174.19600034	1.025493
1175.97099996	0.018305
1178.1170001	0.17418
1180.20600009	0.193958
1182.03500009	0.509065
1184.13700008	0.888717
1186.21600008	1.363823
1188.05200028	0.410484
1190.14600015	2.237367
1192.22399998	0.641803
1194.06000018	0.332626
1196.01200032	1.190333
1197.98000026	0.559992
1200.07400012	0.802409
1202.16400027	0.513578
1204.00200009	1.191545
1206.0940001	2.335466
1208.171	2.17528
1210.27000022	0.828987
1212.09500003	0.105889
1214.18700004	2.135872
1216.01800013	0.06833
1218.10700011	2.14195
1220.20000005	0.802613
1222.02699995	1.740316
1224.0860002	0.040642
1226.22200012	1.409582
1228.06700015	0.455573
1230.15499997	2.284254
1232.07000017	0.807292
1234.07600021	0.014262
1236.16700006	2.370313
1238.26699996	0.265277
1240.09000015	0.165982
1242.18600011	0.748689
1244.28100014	1.993944
1246.11300015	1.585552
1248.49200034	1.020737
1250.30100012	0.32438
1252.12300014	0.986276
1254.34800029	0.210453
1256.37700009	0.171802
1258.33200026	0.819505
1260.19199991	2.034156
1262.29400015	0.032871
1264.12700009	0.00289
1268.93700027	0.014377
1271.92200017	1.904324
1273.11600018	0.683249
1274.37100005	0.424928
1274.9610002	2.307025
1277.28299999	0.027685
1278.81599998	1.886107
1280.53100014	2.404656
1282.12600017	0.070063
1284.22600007	2.277613
1286.31600022	2.242508
1288.16200018	1.50164
1290.2440002	1.076989
1292.33200026	2.649791
1294.1650002	1.415484
1296.11000013	0.815502
1298.08100009	2.059644
1300.18100023	2.59284
1302.28100014	2.218031
1304.09500003	2.286141
1306.19099998	2.375134
1308.28100014	2.793043
1310.375	2.793043
1312.19900012	0.034397
1314.30100012	2.107417
1316.13400006	0.835311
1318.23100019	0.514187
1320.33899999	2.423334
1322.171	2.222083
1324.26600003	0.821352
1326.352	2.275957
1328.18700004	0.550267
1330.27999997	0.827258
1332.36600018	2.70136
1334.20200014	1.68155
1336.30000019	2.360398
1338.1500001	0.01241
1340.2440002	0.792967
1342.33700013	0.051225
1344.16200018	2.383718
1346.26699996	0.409173
1348.34000015	1.25115
1350.16400027	2.269782
1352.24900031	1.105427
1354.34500027	2.471409
1356.17400002	2.113652
1358.27900004	2.188426
1360.37899995	0.380335
1362.21000004	2.616304
1364.296	2.341463
1366.40100026	0.247834
1368.22500014	0.795882
1370.31500006	1.89014
1372.41900015	0.673172
1374.24500012	0.047618
1376.33599997	2.486319
1378.43400002	2.085882
1380.27400017	2.729205
1382.36400032	1.552292
1384.20300007	1.552292
1386.29400015	1.552292
1388.38700008	2.187953
1390.2190001	0.318009
1392.31900001	1.670036
1394.41000009	2.115669
1396.23500013	2.618984
1398.33100009	0.018322
1400.42500019	2.041915
1402.26100016	2.316355
1404.35400009	2.343309
1406.19099998	1.362558
1408.28100014	2.000178
1410.36600018	0.392871
1412.45600009	0.190016
1414.28200006	2.411992
1416.375	0.205045
1418.47700024	0.01722
1420.31200004	0.650562
1422.4000001	0.010944
1424.22500014	0.025959
1426.31999993	0.019354
1428.41499996	2.700677
1430.24699998	1.093386
1432.41800022	0.155892
1434.46600008	2.304566
1436.26900029	0.031776
1438.35500002	0.182224
1440.45500016	0.488342
1442.28100014	0.120969
1444.38600016	2.241239
1446.52600002	0.027753
1448.29900002	0.879409
1450.39499998	0.133983
1452.48699999	0.785472
1454.30200005	0.658422
1456.39499998	0.013487
1458.49800014	0.025608
1460.26699996	2.179479
1462.38500023	0.567468
1464.42100024	0.819997
1466.32400036	1.699048
1468.41499996	2.671862
1470.51999998	2.671862
1472.34900022	2.671862
1474.45000005	1.088739
1476.5400002	2.302313
1478.375	0.422861
1480.4690001	2.576779
1482.30600023	2.971749
1484.40600014	2.259424
1486.50100017	0.411731
1488.32400036	0.451706
1491.75900006	0.243788
1495.49600005	0.669887
1496.0150001	1.849063
1497.2650001	2.300675
1498.48200011	1.308199
1500.31900001	2.100029
1502.42200017	1.892522
1504.50500011	0.821592
1507.10700011	0.536989
1510.15499997	1.669436
1512.13400006	1.63051
1514.11199999	0.792022
1514.67499995	2.321453
1516.42100024	0.787698
1518.32400036	0.38033
1520.41900015	2.304222
1522.5090003	0.796909
1524.3440001	0.106089
1526.43400002	2.363171
1528.53500009	0.107119
1530.3599999	0.396672
1532.45500016	2.058018
1534.54900026	0.344816
1536.39400005	0.340786
1538.48100019	2.344603
1540.31500006	2.559467
1542.41100001	0.875713
1544.5090003	2.063563
1546.34800029	0.827343
1548.58300018	0.056505
1551.25300026	0.509078
1552.59800005	2.269119
1554.42900014	0.011053
1556.51900005	0.018348
1558.34600019	0.899125
1560.83400011	2.217669
1563.67199993	0.40703
1565.66700006	1.217036
1567.98200011	0.525039
1569.35500002	0.025706
1570.53700018	0.824936
1572.44400024	2.171951
1574.49000025	0.028456
1576.36600018	2.439268
1578.45600009	0.242957
1580.55600023	2.268279
1582.39100003	1.605571
1584.47600031	1.36017
1586.58000016	2.975129
1588.5710001	0.01448
1590.52699995	1.478173
1592.58300018	0.031479
1594.42500019	0.806059
1596.51000023	2.477978
1598.45900011	1.8769
1600.44500017	2.056577
1602.53000021	0.453805
1604.61899996	0.160448
1606.45600009	1.636274
1608.5650003	1.676811
1610.65499997	0.012057
1612.48900008	2.34228
1614.5880003	0.165114
1616.40600014	2.442101
1618.49800014	0.845406
1620.59600019	2.419192
1622.43099999	0.835353
1624.52100015	0.178966
1626.61500001	2.353816
1628.44400024	2.072601
1630.5400002	0.478274
1632.5400002	2.051446
1634.47500014	1.119757
1636.57000017	1.103096
1638.63499999	0.089723
1642.16200018	0.019496
1643.16400027	2.135143
1644.65499997	2.444751
1646.49000025	0.055224
1648.58500028	0.058007
1650.68200016	1.899497
1652.51999998	3.038224
1654.61500001	0.810029
1656.71000004	0.185733
1658.5400002	0.215742
1660.63000011	0.535642
1662.48000002	0.254415
1664.61100006	0.390089
1666.63199997	0.164336
1669.17600012	0.071001
1671.31500006	0.196557
1673.38300014	0.279355
1674.9460001	0.01273
1676.51999998	0.427849
1678.61100006	0.062482
1680.45000005	0.799724
1682.5400002	0.641758
1684.62600017	0.125835
1686.71800017	0.371011
1689.76799989	0.244477
1692.78399992	0.359851
1694.05500007	0.047609
1694.52800012	2.072791
1696.60800004	0.252962
1698.70200014	0.337946
1700.5250001	0.727208
1702.63000011	1.466439
1704.72200012	0.918343
1706.55500007	2.162846
1708.6500001	0.883754
1710.48400021	0.026141
1712.58000016	2.274083
1714.68500018	2.007479
1716.51900005	2.45981
1718.57000017	0.013253
1720.71500015	0.421568
1722.55100012	1.494317
1724.64500022	0.142528
1726.727	0.113375
1729.023	0.003438
1730.68000007	0.532645
1734.43300009	0.016595
1737.81100011	2.00626
1738.26600003	0.239018
1740.18600011	1.527718
1742.16100025	0.344961
1742.8210001	2.911113
1744.70100021	0.025549
1746.80200005	2.470624
1749.77600002	0.215395
1750.79100013	1.626417
1752.52100015	1.102524
1754.62500024	0.317204
1756.71099997	0.558919
1758.54100013	0.47103
1760.64100027	2.168746
1762.73100019	0.809537
1764.82900023	1.168437
1768.23800015	0.38433
1771.41000009	0.447673
1772.07500005	2.463878
1773.55999994	2.665237
1774.73800015	0.286667
1776.98100019	0.776053
1778.648	2.439001
1780.7420001	0.770834
1782.62600017	0.025902
1784.67199993	0.183215
1786.55700016	0.644934
1788.90400004	0.517754
1791.03500009	2.487497
1792.79100013	0.153427
1794.62700009	2.284352
1796.72600007	2.234954
1798.81000018	1.489657
1800.63600016	0.823497
1802.74000025	0.395862
1804.83400011	2.019643
1806.671	2.243775
1808.76100016	1.857845
1810.59600019	1.201098
1812.68500018	0.024315
1814.78100014	0.055149
1816.77000022	0.691073
1818.99300027	0.436749
1820.79200006	1.066259
1822.67000008	0.034115
1824.72000003	0.803456
1826.81400013	2.284319
1828.64600015	0.051459
1830.73500013	0.29418
1832.83400011	1.897972
1834.66100025	2.238327
1836.75900006	2.570155
1838.84900022	0.569428
1840.68400025	0.025634
1842.77900004	2.26128
1844.87100005	0.054093
1846.74900031	0.003429
1848.79600024	2.671396
1850.63100004	0.080321
1852.74000025	2.141191
1854.62400007	0.168675
1856.66100025	0.076284
1858.75999999	2.056831
1860.85100007	0.208526
1862.67700028	0.013869
1864.76600003	0.586289
1866.85400009	0.422199
1868.68799996	1.361888
1870.79100013	1.395499
1872.8690002	0.797831
1874.71500015	0.389017
1876.80900025	0.822181
1878.90000033	2.140164
1880.72600007	0.00743
1882.82600021	0.354094
1884.91400003	0.093241
1886.74900031	2.414325
1888.83899999	2.111516
1890.67000008	0.017486
1892.75999999	0.665538
1894.85000014	2.507546
1896.68500018	0.144696
1898.78100014	0.614194
1900.98500013	1.80823
1902.75000024	1.507712
1904.78600001	1.358855
1906.88000011	0.051867
1909.0150001	0.335258
1910.75500011	1.03083
1912.89499998	0.274807
1914.72000003	0.450371
1916.81100011	0.289901
1918.90000033	0.137573
1920.73100019	1.515003
1922.82500029	0.541549
1924.91600037	0.2427
1927.49200034	0.026841
1929.95600033	0.190104
1930.93900013	0.097307
1932.76100016	2.03759
1934.8610003	2.507864
1936.95099998	2.395702
1938.78399992	0.514688
1940.88100028	1.722107
1942.95900011	0.696401
1944.79300022	0.797252
1946.88700008	1.331736
1948.71199989	2.218212
1950.80100012	1.231985
1952.90300012	0.956329
1954.73900008	2.266347
1956.83400011	2.099274
1958.92600012	2.058757
1960.76600003	0.44523
1962.86400008	0.425763
1964.9690001	0.824491
1966.79400015	1.13837
1968.89900017	0.030497
1970.99000025	2.350543
1972.83400011	1.021409
1974.91400003	0.561119
1977.02399993	2.312129
1978.85300016	2.16514
1980.95400023	2.005669
1982.78800035	0.805081
1984.88000011	2.397699
1986.96500015	0.284734
1988.80200005	1.104962
1990.90400004	2.344694
1992.9940002	2.344694
1994.83000016	1.260152
1996.81400013	2.475436
1999.0250001	2.067481
2000.86400008	2.448853
2002.95900011	2.190928
2005.05200028	0.04242
2006.88900018	0.830462
2008.98600006	0.830462
2010.82400012	1.881715
2012.91900015	0.572649
2015.02000022	0.752549
2016.84100008	0.801217
2018.9400003	0.164441
2020.88000011	0.825069
2022.86500025	0.593261
2024.95000005	2.192679
2026.7900002	0.506474
2028.89300013	0.34691
2030.99500012	2.406361
2032.82000017	0.131865
2034.92500019	2.053396
2037.01000023	2.335883
2038.84500027	0.185392
2040.9400003	1.596131
2043.03999996	0.046805
2044.87899995	0.073546
2046.96500015	1.794843
2048.80500031	1.67602
2050.91100001	0.033153
2052.99000025	1.729482
2054.83000016	2.217697
2056.91400003	1.965915
2059.0150001	1.274312
2060.84500027	3.120541
2062.93600011	2.347103
2065.04500031	1.827719
2066.875	2.537418
2068.91900015	2.04538
2071.07400012	1.952893
2072.91000009	2.539297
2075.01300025	2.176429
2076.84400034	2.253129
2078.94900012	0.826607
2081.04700017	1.912079
2082.88600016	0.238196
2084.97000003	2.238087
2087.079	2.606518
2088.90400004	2.86111
2091.00500011	0.976884
2093.10400009	1.36681
2094.9460001	1.710337
2097.04100013	1.40491
2098.87400007	0.016737
2100.9610002	2.29577
2103.05900002	2.29577
2104.89400005	2.29577
2106.97099996	2.437883
2109.07400012	2.328835
2110.91499996	0.70118
2113.0170002	0.803761
2115.11000013	1.230325
2117.25100017	2.329252
2120.03400016	0.054622
2121.11500001	1.903786
2122.95099998	0.780126
2125.05000019	0.025464
2127.1500001	0.045506
2128.98000026	0.400011
2131.0710001	0.009872
2133.16700006	0.296223
2134.98699999	0.070258
2137.07800007	2.319423
2138.90900016	1.507865
2141.00200009	2.211156
2143.09700012	1.853266
2145.23500013	0.084393
2147.37400007	2.250373
2149.10500026	0.463019
2150.93400002	0.240466
2153.04100013	2.03786
2155.14600015	0.768016
2156.98200011	1.518751
2159.079	0.804027
2161.171	1.757134
2163.01400018	0.348943
2165.0940001	0.827727
2166.95600033	0.059865
2169.03500009	1.044615
2171.13000011	2.127799
2172.95900011	2.17388
2175.07000017	3.018321
2177.1650002	2.071926
2179.0	0.871053
2181.09599996	0.027563
2183.19600034	0.245479
2185.02600002	1.008363
2187.11999989	0.294307
2189.49900007	0.085197
2191.05400014	0.003104
2193.16400027	0.516911
2195.45700026	0.902309
2197.05200028	0.01395
2199.14000034	0.058084
2200.97400022	0.0812
2203.06000018	0.654674
2205.17499995	0.047068
2206.98399997	0.478471
2209.07500005	0.245211
2211.171	2.358046
2213.0090003	2.452966
2215.09300017	0.010725
2217.19500017	1.30678
2219.79700017	0.194594
2222.93000007	0.055745
2226.89400005	1.959847
2227.53000021	1.815594
2228.11500001	1.606198
2229.14400005	1.475634
2231.25600004	2.549005
2233.09300017	0.551101
2235.19900012	2.086769
2237.02000022	2.25456
2239.12500024	0.038498
2241.5999999	0.422137
2243.90600014	0.332054
2246.18600011	0.07485
2248.35500002	0.991637
2250.30500031	2.215391
2251.11899996	0.92307
2253.19900012	0.019867
2255.03700018	0.152464
2257.13599992	0.0469
2259.23900008	2.16849
2261.06700015	0.028713
2263.1730001	0.326562
2265.2650001	2.269704
2267.09100008	0.900719
2269.18500018	2.182361
2271.28500009	1.688784
2273.11500001	2.213556
2275.06600022	0.8013
2277.296	2.357711
2279.12700009	0.441883
2281.22000027	0.451135
2283.3610003	0.024707
2286.19099998	0.183437
2288.70100021	0.358806
2290.78200006	0.477352
2292.91000009	0.570915
2294.30600023	2.329384
2295.19600034	1.34432
2297.1650002	0.928261
2299.19600034	0.026443
2301.1650002	0.055221
2303.60300016	0.15042
2307.17800021	0.058151
2310.43600035	0.046041
2312.36600018	0.112182
2313.6960001	0.310544
2314.61400008	0.171746
2315.79100013	0.191797
2317.39600015	0.069694
2319.34900022	0.179783
2321.17000008	2.07284
2323.10100031	2.472543
2325.35800004	0.50033
2327.18700004	0.123359
2329.2980001	0.713067
2331.21700025	0.232634
2333.21099997	2.059752
2335.30500031	2.079253
2337.37599993	1.825201
2339.20100021	2.345444
2341.28600001	0.026818
2343.52100015	1.610231
2345.10100031	0.384229
2347.14000034	0.540995
2349.14000034	0.293451
2351.23900008	0.75256
2353.33000016	0.408553
2355.16600013	0.30942
2357.26300001	0.804789
2359.36500025	1.769773
2361.20799994	0.27639
2363.30100012	0.231235
2365.13700008	0.336785
2367.22100019	0.05775
2369.3210001	1.941431
2371.171	1.941431
2373.25600004	0.00953
2375.35500002	2.222792
2377.18700004	2.121481
2379.27800012	1.990227
2381.36500025	0.262332
2383.20000005	0.19147
2385.30000019	2.370771
2387.39400005	2.02429
2389.26200008	2.246763
2391.33400011	0.830918
2393.16700006	1.461301
2395.25700021	2.226169
2397.34300017	2.188815
2399.18000031	0.15968
2401.27200007	0.728707
2403.38900018	2.099811
2405.20000005	1.795176
2407.29700017	0.019671
2409.39499998	2.175427
2411.23400021	1.850699
2413.31999993	2.200212
2415.41400003	2.200212
2417.25400019	2.150436
2419.18500018	2.055958
2421.44000006	1.238821
2423.26800036	2.139727
2425.36200023	2.526958
2427.4610002	2.793298
2429.30000019	2.793298
2431.4000001	2.326478
2433.22399998	1.02653
2435.32400036	0.152594
2437.40900016	2.212424
2439.23900008	0.787857
2441.33899999	2.102678
2443.27600026	1.824934
2445.26600003	1.824934
2447.35800004	2.012967
2449.44500017	0.018106
2451.27600026	0.492047
2453.37800002	2.142867
2455.47300029	2.144376
2457.30900025	2.058835
2459.39600015	2.223774
2461.50600004	2.326318
2463.33000016	2.371506
2465.42400002	1.932449
2467.25100017	2.258144
2469.35700011	2.370076
2471.4460001	2.370076
2473.27800012	2.370076
2475.3690002	1.993442
2477.44500017	0.801549
2479.2900002	0.467819
2481.37400007	2.168577
2483.46399999	1.467206
2485.30500031	1.158315
2487.39300013	0.909011
2489.54299998	0.175015
2491.31400013	1.472161
2493.41800022	1.472161
2495.25200033	2.51223
2497.34500027	1.24795
2499.45099998	0.008534
2501.27900004	0.85086
2503.37599993	1.742985
2505.46399999	0.035717
2507.30000019	2.110843
2509.40400028	2.001838
2511.54100013	0.389294
2513.31100011	0.454851
2515.40400028	0.113039
2517.49700022	0.00843
2519.33599997	2.049913
2521.43000007	0.453701
2523.55100012	1.100093
2525.35400009	2.50996
2527.45900011	2.384669
2529.54100013	1.506987
2531.38400006	2.023706
2533.48400021	0.017954
2535.31999993	0.006174
2537.40900016	0.74239
2539.51400018	0.042852
2541.33000016	0.012015
2543.43099999	0.218472
2545.5250001	0.28419
2547.68500018	0.615218
2549.45099998	0.87351
2551.53900003	2.276485
2553.37400007	0.035816
2555.46399999	0.076876
2557.57599998	0.776086
2559.3900001	0.719609
2561.47900009	1.062954
2563.44300008	0.422178
2565.38900018	0.922267
2567.54500031	0.038555
2569.58000016	2.321377
2571.40900016	0.745304
2573.54100013	0.798863
2575.33100009	1.648645
2577.43099999	0.397345
2579.52400017	0.594275
2581.62600017	0.018198
2583.41100001	1.126633
2585.52400017	0.820414
2587.36400032	0.796642
2589.45500016	2.302162
2591.54399991	2.058714
2593.38400006	1.832766
2595.47500014	1.111246
2597.57500005	0.806141
2599.4000001	0.238252
2601.48500013	0.288952
2603.58500028	0.069924
2605.41499996	1.333143
2607.50600004	0.647228
2609.60100031	2.27053
2611.42100024	2.429945
2613.51600027	1.507024
2615.60100031	0.017396
2617.42900014	0.285949
2619.52800012	0.673339
2621.90400004	0.452173
2625.50200009	0.488827
2629.83899999	1.304526
2630.41800022	1.611394
2631.51999998	0.860271
2632.04600024	2.404003
2633.5940001	2.091982
2635.42700005	0.72643
2637.53400016	0.039553
2639.39600015	0.137896
2641.44500017	0.237823
2643.53500009	1.688155
2645.62100029	0.308918
2647.44400024	2.20634
2649.54299998	0.597819
2651.64400029	0.923695
2653.46800017	2.347433
2655.56900024	0.729462
2657.66400003	1.90898
2659.49000025	2.114061
2661.5650003	0.839012
2663.65499997	2.399155
2665.48300004	1.175648
2667.57400012	2.085791
2669.65900016	2.544859
2671.48900008	2.361001
2673.58100009	0.458147
2675.67600036	0.197668
2677.50600004	0.638243
2679.59899998	1.645743
2681.42400002	1.861538
2683.51000023	2.360444
2685.60400033	2.106612
2687.70000029	1.445357
2689.5250001	1.536248
2691.61200023	0.722346
2693.6570003	0.122623
2695.53000021	0.2372
2697.60600019	0.887688
2699.54100013	0.492917
2701.54100013	0.178293
2703.64500022	0.122963
2705.71600032	0.466989
2707.55000019	3.091404
2709.79600024	0.179132
2711.99100018	0.025627
2714.27700019	2.00339
2716.4610002	0.378571
2718.70700002	0.459616
2720.96700001	0.082685
2722.93099999	0.611021
2724.6570003	2.818097
2725.91199994	2.237538
2727.55999994	0.367523
2729.70700002	0.118579
2731.62300014	0.099936
2733.67900014	1.015309
2735.70500016	0.335664
2737.53000021	2.205279
2739.63700008	0.949364
2741.72600007	0.369029
2743.55500007	0.498723
2745.6500001	1.609579
2747.75400019	0.078882
2749.59600019	0.104109
2751.69500017	0.121019
2753.6960001	0.191738
2755.49100018	0.168961
2757.57599998	0.097751
2759.53100014	0.619501
2761.62000036	2.323006
2763.71099997	2.244188
2765.6570003	0.151013
2767.61200023	2.366353
2769.55400014	1.243067
2771.52600002	2.715186
2773.94500017	1.949991
2775.71099997	0.087914
2778.2750001	0.66417
2779.90500021	2.397483
2781.70000029	1.513236
2783.79400015	0.525362
2785.62900019	2.55498
2787.72400022	0.237187
2789.79999995	0.812189
2791.6500001	0.464906
2793.68900013	0.394869
2795.57500005	0.594942
2797.66700006	0.209682
2799.76200008	2.304316
2801.59100008	2.43424
2803.68200016	2.199163
2805.61000013	0.084092
2807.61400008	0.396151
2809.704	0.172014
2811.79300022	0.840864
2813.61800003	0.598017
2815.7190001	2.046728
2817.6559999	0.854279
2819.6500001	0.862309
2821.74900031	0.003858
2823.62000036	0.012731
2825.6559999	0.249639
2827.74500012	0.030326
2829.57000017	0.227048
2832.23800015	1.139149
2834.37899995	0.242436
2837.59100008	0.019773
2839.76900029	0.637607
2841.55999994	1.506189
2843.70700002	0.442278
2846.04200006	0.054134
2847.96600008	0.734688
2849.29100013	0.799874
2850.64400029	0.01829
2851.64100027	0.150951
2853.85100007	0.636867
2855.68500018	2.47174
2857.77700019	0.167467
2861.72400022	0.01831
2864.94200015	0.713422
2865.98399997	0.090642
2866.95099998	1.669525
2868.38100028	2.352492
2869.81100011	0.237904
2871.62900019	0.012296
2873.72000003	0.670141
2875.80400038	1.32371
2877.70100021	0.157722
2879.71500015	0.046972
2881.80600023	0.8575
2883.90500021	0.618418
2885.71600032	2.06084
2887.80500031	2.140558
2889.63600016	1.117383
2891.74600005	0.297194
2893.82600021	0.31488
2895.66100025	0.566012
2897.76100016	0.358349
2899.85700011	1.05122
2901.68500018	0.178028
2903.78800035	0.056378
2905.88500023	0.020895
2907.7190001	0.147768
2909.82400012	0.029123
2911.65800023	0.402514
2913.74600005	1.748883
2915.8360002	0.081323
2917.67000008	0.057352
2919.77000022	0.502697
2922.90500021	0.13212
2925.06900024	1.680134
2927.17600012	1.304656
2928.11199999	0.788488
2929.97099996	0.81221
2931.84800005	0.396208
2933.71000004	0.763084
2935.68900013	0.961361
2937.7900002	2.386381
2939.8840003	2.689308
2941.72400022	0.053631
2943.85300016	0.325998
2945.90600014	1.921778
2947.94200015	0.129952
2950.51200008	0.127073
2953.55500007	0.700535
2955.2190001	1.090344
2956.54399991	0.05438
2957.90700006	0.355754
2959.74100018	0.974193
2961.75500011	0.108086
2963.92900014	3.219738
2965.76400018	2.04579
2967.83400011	2.567011
2969.93400002	0.913107
2971.77200031	0.500642
2973.86000037	2.249435
2976.00500011	0.450528
2977.79400015	2.211911
2979.8900001	0.080395
2981.71500015	0.091249
2983.80600023	2.025911
2985.8900001	0.023594
2987.9400003	2.501773
2991.05100012	0.00148
2991.87800002	0.295721
2993.98200011	1.497627
2995.82400012	0.036317
2997.90600014	0.192309
2999.93600011	0.248953
3001.82900023	0.01463
3003.91600037	0.482236
3006.00400019	2.080731
3007.82900023	0.011257
3009.92000008	0.014166
3011.75400019	0.030122
3013.84500027	0.015669
3015.94500017	0.195601
3017.77000022	0.019413
3019.85599995	0.103446
3021.94100022	1.985325
3023.78200006	0.030885
3025.88000011	0.054803
3027.95600033	1.954403
3029.79500008	2.522373
3031.88100028	0.014347
3033.97700024	0.820085
3035.81500006	1.094601
3037.91000009	0.680986
3039.99900007	1.427361
3041.82500029	0.267928
3044.24100018	1.168797
3046.02000022	1.991019
3047.86400008	1.912239
3049.95000005	2.427459
3052.03900003	0.582971
3053.85000014	0.019506
3055.94300008	0.133692
3058.03400016	2.19391
3059.8690002	0.022648
3061.97400022	1.990231
3064.05900002	0.049629
3065.89700031	0.043035
3067.98399997	0.331149
3069.81400013	0.722451
3071.91400003	0.351036
3073.9940002	0.039366
3075.83400011	0.344775
3077.9230001	2.000588
3080.0150001	0.091756
3081.85400009	0.81243
3083.94900012	0.502149
3086.03600025	2.225774
3087.8690002	2.51136
3089.96400023	2.070401
3092.06399989	0.603336
3093.88900018	1.923693
3095.98399997	1.08336
3098.07400012	0.415377
3099.90500021	0.412687
3102.0	0.861637
3104.09000015	1.824773
3105.91900015	0.480481
3108.00600004	2.57395
3109.84100008	2.32597
3111.93099999	0.296369
3114.02399993	0.353939
3115.86000037	0.90053
3117.95500016	1.817839
3119.88100028	1.864196
3122.14900017	0.989714
3123.97600007	1.291722
3126.06800032	2.53518
3127.89599991	0.015313
3129.99500012	2.159838
3132.08900023	2.935365
3133.92000008	2.168505
3136.01100016	1.524744
3138.11000013	0.504193
3139.93600011	0.902923
3142.03999996	0.011181
3143.98900008	0.783868
3145.97099996	0.331264
3148.06600022	2.195407
3149.89599991	0.115547
3151.99100018	0.055308
3154.08200002	0.07999
3155.91400003	0.038501
3158.0	0.264011
3160.09500003	2.234814
3161.97099996	0.038903
3164.18000031	1.394999
3166.09200025	1.506506
3168.17900014	2.495445
3169.99800014	2.545988
3172.09599996	2.383064
3173.92900014	2.395669
3176.03000021	2.232246
3178.11100006	0.023331
3179.9519999	0.315844
3182.03999996	2.153934
3184.14000034	0.580606
3185.96799994	1.405336
3188.05900002	1.184069
3190.14400005	0.385807
3191.98000026	2.409813
3194.08100009	2.662059
3196.18500018	0.940838
3197.9920001	1.920058
3200.09899998	1.488813
3202.20799994	0.941122
3204.39800024	0.248552
3206.09500003	0.156119
3207.96799994	2.086279
3210.0079999	1.814586
3212.09100008	0.016217
3214.82900023	0.1971
3218.92500019	0.619266
3220.57700014	0.239464
3222.91900015	0.001478
3223.73600006	0.280152
3224.46600008	0.187277
3226.18300009	0.013147
3228.00400019	0.132632
3230.10700011	0.682845
3232.19400024	0.954248
3234.02800035	1.129326
3236.11800003	0.685851
3238.21400023	1.145397
3240.03900003	1.266169
3242.22000027	0.101476
3244.375	0.48731
3246.43700027	0.149545
3248.55000019	0.086369
3250.52900028	0.770546
3252.19400024	0.078515
3254.1500001	0.030291
3255.98100019	0.816159
3258.07500005	0.15951
3260.17600012	0.037222
3262.0	0.072207
3264.06100011	0.06395
3266.20100021	0.268007
3268.27600026	0.25694
3270.16600013	0.423222
3272.20100021	0.062106
3274.02600002	0.415639
3276.12600017	0.18249
3278.22600007	0.535908
3280.05599999	2.579365
3282.14300013	2.650477
3284.24000001	0.740593
3286.08100009	2.502245
3288.13400006	0.041123
3290.27300024	0.674878
3292.09899998	2.209139
3294.19400024	0.141829
3296.02900028	2.225627
3298.14000034	0.803539
3300.2360003	0.590137
3302.18300009	0.027896
3304.15600038	0.344306
3306.55500007	0.275731
3309.47600031	2.008253
3311.49800014	0.182017
3312.42500019	1.970494
3314.05599999	2.65995
3316.14400005	2.349763
3318.23800015	1.761742
3320.0650003	0.904492
3322.15900016	2.353733
3324.25000024	1.081244
3326.33599997	0.768879
3328.18100023	0.099324
3330.27100015	0.272894
3332.0860002	2.392479
3334.18100023	1.418238
3336.27100015	1.001825
3338.10600019	0.134215
3340.20799994	0.216268
3342.28500009	0.091142
3344.11899996	0.669079
3346.20900011	0.803835
3348.30500031	0.346336
3350.12200022	0.611354
3352.20100021	0.13908
3354.30000019	0.097224
3356.14300013	0.053867
3358.23100019	0.461742
3360.31400013	1.074319
3362.14900017	0.777915
3364.23000002	0.58759
3366.31400013	1.874021
3368.14500022	1.504083
3370.24000001	1.992741
3372.33000016	2.358229
3374.15800023	2.353052
3376.24900031	0.020555
3378.34000015	2.115671
3380.18400002	1.079647
3382.27400017	2.056288
3384.36500025	2.056288
3386.20000005	0.024702
3388.29300022	2.303398
3390.37800002	2.326704
3392.2130003	2.326704
3394.29900002	0.828595
3396.40400028	2.514441
3398.22399998	2.214801
3400.32900023	0.940502
3402.15400004	0.604247
3404.24900031	0.917368
3406.33400011	0.253149
3408.18500018	1.074892
3410.26000023	1.074892
3412.35800004	0.214413
3414.19000006	1.477866
3416.56400037	0.041039
3418.37599993	0.788944
3420.19500017	0.107449
3422.28400016	0.765488
3424.36800003	0.906832
3426.19800019	2.188449
3428.29300022	2.115905
3430.37800002	0.8623
3432.21400023	0.553338
3434.30900025	0.21983
3436.40100026	1.751528
3438.24300003	0.026932
3440.31800008	0.988499
3442.41400003	1.329474
3444.24500012	2.838777
3446.33500004	2.838777
3448.43000007	2.561235
3450.26000023	2.599316
3452.34600019	2.182585
3454.4380002	1.925308
3456.26800036	0.825316
3458.3610003	2.003613
3460.19000006	0.259807
3462.28299999	2.372658
3464.37899995	2.372658
3466.21500015	2.372658
3468.30900025	2.372658
3470.38900018	2.372658
3472.22300005	1.710149
3474.32299995	0.990707
3476.42900014	1.001446
3478.25000024	0.970051
3480.35300016	0.731716
3482.45300031	1.091334
3484.27800012	1.159572
3486.35899997	1.941531
3488.44300008	0.57726
3490.26800036	2.187005
3492.36500025	2.262396
3494.31400013	2.262396
3496.29400015	1.885277
3498.39300013	1.885277
3500.49500012	1.885277
3502.31100011	2.510284
3504.41499996	1.322082
3506.23800015	1.322082
3508.33100009	0.018107
3510.42200017	0.009527
3512.24699998	0.026545
3515.61100006	0.077038
3517.94700003	0.026638
3519.12200022	2.884777
3520.2750001	1.866176
3522.42200017	1.355243
3524.25400019	0.17907
3526.37100005	0.216399
3528.41100001	0.273438
3530.50000024	2.091159
3532.33300018	0.619168
3534.4230001	2.200956
3536.51800013	2.235904
3538.35800004	2.035315
3540.44700003	2.255473
3542.27999997	1.554031
3544.36600018	0.645208
3546.44900012	0.601533
3548.55200005	0.236816
3551.63199997	0.018537
3555.04900026	0.043586
3557.38500023	0.890826
3557.97500014	2.185983
3559.54500031	2.461355
3560.30299997	2.03703
3562.39900017	0.819713
3564.48200011	1.167969
3566.62900019	0.407393
3568.41499996	2.151942
3570.49500012	2.296218
3572.33300018	0.219265
3574.42400002	1.99339
3576.51999998	2.261584
3578.35899997	0.252312
3580.4460001	0.190518
3582.44700003	0.145322
3584.3670001	0.011095
3586.6559999	0.085681
3589.16400027	1.042534
3590.37200022	0.207119
3592.46700001	0.217159
3594.55800009	0.012614
3596.39600015	0.303408
3598.49500012	0.767139
3600.31800008	0.804375
3602.41900015	2.04214
3604.50000024	1.594279
3606.59100008	0.627525
3608.40900016	2.061588
3610.50300002	0.018146
3612.59899998	0.085862
3614.43199992	0.013579
3616.53700018	0.067755
3618.62500024	0.062842
3620.44900012	0.174552
3622.53500009	0.029969
3624.61500001	0.189725
3626.44000006	1.720299
3628.55200005	0.090087
3630.37100005	0.512114
3633.07300019	0.197168
3635.65100002	1.085152
3637.82400012	0.066678
3639.78500009	0.636573
3640.70900011	0.440029
3642.59899998	0.003355
3645.52600002	0.295272
3648.25100017	0.244831
3649.40100026	1.432706
3650.62200022	0.572773
3652.53400016	1.430555
3654.62100029	0.019635
3656.45099998	2.302641
3658.54399991	0.105921
3660.62900019	0.720853
3662.40400028	0.030631
3664.55500007	0.022247
3666.64900017	0.347738
3668.56400037	0.29891
3670.55900002	1.191099
3672.6559999	0.812108
3674.49100018	0.131847
3676.58500028	0.574563
3678.42000031	0.501858
3680.48500013	0.108904
3682.58000016	0.576138
3684.52100015	2.257912
3686.56100011	0.801806
3688.58500028	0.693235
3690.41499996	0.726235
3692.51100016	2.749621
3694.5940001	2.690272
3696.58100009	0.243036
3698.50600004	0.02905
3700.59600019	1.827005
3702.46700001	0.084523
3704.51400018	1.631263
3706.60500026	0.014497
3708.45000005	0.600334
3710.54900026	0.12419
3712.64100027	0.088696
3714.46500015	2.451292
3716.55800009	0.567238
3718.63000011	0.113993
3720.45500016	0.018182
3722.54900026	0.530742
3724.63600016	0.026164
3726.73100019	0.819517
3728.6400001	1.007001
3730.79200006	0.024917
3732.66200018	0.014575
3734.56600022	0.116841
3736.65400004	0.070931
3738.73600006	0.33461
3740.56200004	0.02785
3742.9460001	0.041646
3747.63499999	0.066621
3749.62500024	1.754162
3751.34100008	2.11768
3753.23900008	0.029153
3753.90000033	0.883028
3754.61899996	0.230381
3756.70900011	1.900614
3758.53900003	0.804722
3760.63100004	2.34597
3762.72400022	2.694762
3764.55400014	0.668597
3766.64400029	2.422594
3768.74399996	2.538952
3770.55900002	0.01998
3772.65100002	2.283922
3774.73900008	0.137531
3776.57400012	0.048915
3778.65800023	2.012723
3780.74900031	0.091269
3782.579	1.707636
3784.6559999	1.408489
3786.74600005	2.510299
3789.1170001	0.879564
3791.85599995	0.013151
3793.70900011	0.365887
3794.58500028	0.479573
3796.68500018	0.044183
3798.52900028	2.579825
3800.60500026	1.070784
3802.704	0.079093
3804.78600001	0.327333
3806.61400008	0.018248
3808.77800012	0.052973
3810.94500017	0.104166
3813.16600013	0.016212
3814.65100002	0.222473
3816.9400003	1.784295
3819.64500022	0.53047
3821.86600018	0.450464
3823.64100027	0.182573
3825.21000004	0.026504
3826.704	2.047526
3828.78800035	1.372746
3830.61400008	0.923574
3832.70900011	2.457705
3834.79400015	0.034037
3836.63900018	2.267764
3838.72900009	1.456247
3840.80400038	0.018395
3842.57500005	0.014205
3844.73500013	0.719501
3847.12600017	0.533464
3850.20700002	2.510039
3852.16900015	2.016757
3852.77900004	1.128925
3854.6400001	0.013708
3856.73600006	2.144529
3858.83400011	0.114968
3860.66800022	0.062635
3862.7650001	0.016827
3864.85500002	2.34367
3866.68000007	2.149237
3868.77100015	2.234445
3870.60500026	2.218531
3872.71000004	2.114625
3874.79500008	1.417366
3876.62500024	1.723298
3878.72000003	0.843227
3880.81500006	0.61258
3882.64500022	0.963898
3884.74000025	2.775495
3886.84300017	2.278761
3888.66900015	2.814167
3890.75900006	3.003656
3892.7130003	2.586298
3894.68600011	2.223289
3896.76900029	0.575882
3898.86300015	2.175749
3900.69400024	2.467301
3902.79200006	2.025571
3904.87800002	2.14666
3906.70300007	2.14666
3908.80400038	2.360318
3910.6400001	2.144834
3912.73100019	1.893172
3914.81900001	2.165552
3916.63900018	0.061525
3918.73800015	1.844474
3920.81800008	2.39119
3922.65499997	0.01803
3924.74100018	0.361547
3926.83300018	2.248302
3928.66000032	1.97967
3930.75800014	1.626246
3932.84300017	1.92581
3934.68500018	2.101617
3936.77300024	0.027933
3938.86800027	0.932665
3940.7130003	0.932665
3942.80100012	2.051006
3944.89400005	0.870821
3946.72300005	2.039106
3948.81900001	0.887766
3950.65900016	0.826805
3952.74900031	0.440405
3954.83500004	2.108083
3956.9230001	2.377119
3958.75100017	1.754745
3960.84600019	0.013974
3962.94400001	1.960532
3964.77100015	0.864281
3966.85800004	0.790285
3968.70300007	1.977235
3970.7900002	2.671871
3972.87400007	2.212568
3974.71000004	2.73915
3976.80100012	2.077516
3978.90500021	2.266515
3980.73400021	2.217916
3982.83000016	1.039646
3984.9380002	1.039646
3986.76100016	1.039646
3988.85000014	2.067707
3990.9460001	2.047953
3992.77400017	0.387455
3994.86500025	1.997093
3996.95800018	2.415311
3998.79300022	0.84787
4000.88900018	2.239106
4002.97700024	2.084609
4004.76100016	0.935889
4006.85400009	0.189603
4008.94900012	0.018443
4010.77600002	0.464129
4012.8690002	0.824186
4014.95099998	0.018548
4016.77900004	1.289967
4019.10900021	0.104607
4020.95500016	1.642161
4022.7750001	1.228801
4024.8690002	0.49674
4026.96600008	1.101972
4028.79500008	0.14291
4030.8840003	0.054864
4032.97500014	0.201477
4034.80299997	2.496775
4036.88900018	0.801333
4038.97000003	1.851824
4040.80400038	0.686618
4042.89100003	1.335275
4044.98000026	0.045557
4046.80900025	0.832427
4048.86000037	0.194498
4050.98500013	0.301533
4052.81100011	0.027789
4054.91499996	0.058938
4057.14400005	0.412518
4058.81900001	0.641138
4060.91000009	0.796271
4063.01900005	2.071905
4064.83999991	2.359243
4066.94400001	2.109158
4068.77700019	0.896683
4070.86400008	0.070264
4073.64600015	0.038761
4075.63000011	0.536635
4076.8610003	0.365677
4078.95000005	0.020249
4080.8210001	0.012966
4082.87600017	0.070756
4084.81599998	2.054381
4087.05599999	0.036123
4089.11100006	0.151708
4090.98699999	0.058106
4092.82299995	0.057699
4094.91499996	0.005374
4097.00500011	0.428725
4098.83000016	0.620374
4100.92100024	1.896754
4103.01900005	0.064192
4104.85000014	1.421054
4106.96000004	2.070337
4109.05599999	2.133109
4110.88800001	0.902105
4112.98300004	0.600776
4115.06299996	0.093231
4116.90500021	0.649369
4119.05800009	1.303744
4121.06600022	1.844539
4122.89499998	1.592341
4124.96400023	0.502695
4126.83400011	0.025496
4128.90400004	0.009935
4133.41900015	0.288395
4135.78900027	0.506136
4137.66900015	0.462534
4139.06800032	0.607267
4139.60800004	0.627096
4140.89900017	0.691673
4143.00600004	0.015095
4145.07999992	0.075004
4146.91600037	0.706938
4149.05700016	0.033732
4152.17400002	0.481695
4155.87000012	0.059173
4156.5150001	2.210257
4157.45000005	0.170798
4158.91600037	1.773261
4161.01100016	0.348558
4163.10600019	0.739402
4167.85300016	0.038269
4170.8210001	1.28135
4171.5999999	1.079974
4172.0940001	1.914539
4173.2750001	1.941812
4175.13100004	0.04866
4176.91900015	0.025643
4179.00600004	2.453781
4181.10000014	0.190177
4182.93000007	0.190177
4185.02600002	0.473394
4187.11600018	2.360475
4188.95099998	0.967694
4191.04900026	0.073757
4193.14500022	1.37333
4194.97600007	2.140806
4197.06399989	0.748023
4199.16600013	1.886287
4201.0	2.241906
4203.10000014	1.021217
4205.20100021	2.102831
4207.0150001	1.436955
4209.11600018	0.397133
4210.94900012	2.370989
4213.03500009	1.828201
4215.12400031	0.804327
4216.95600033	0.013248
4219.04900026	0.210531
4221.13800025	0.38444
4222.97900009	1.971304
4225.07700014	0.964321
4227.17499995	2.351046
4229.00600004	1.895599
4231.11400008	0.996608
4232.95500016	0.29478
4235.03999996	0.73031
4237.14400005	2.087991
4238.97400022	0.938209
4241.0650003	0.484295
4243.00699997	0.802005
4244.98399997	0.090012
4247.08400035	1.976472
4249.17600012	0.243586
4251.00500011	0.343642
4253.10400009	0.214398
4255.20100021	0.137494
4257.02399993	0.140423
4259.11400008	2.637088
4261.21400023	2.407972
4263.03000021	1.22088
4265.11999989	1.089926
4267.22600007	1.779421
4269.05599999	0.41734
4271.14500022	2.140223
4273.17400002	0.458099
4275.07700014	1.782901
4277.17000008	0.432241
4279.00400019	1.105362
4281.10000014	1.968097
4283.20100021	0.168893
4285.03100014	1.309379
4287.11000013	0.029144
4289.21200037	2.314126
4291.87400007	0.376247
4293.67900014	0.076394
4295.60700011	0.519077
4297.72100019	0.061335
4299.15100002	0.090918
4301.25100017	0.039405
4303.34700012	0.019029
4306.03200006	0.019275
4308.97400022	1.192386
4310.54800034	0.089229
4313.24100018	0.018665
4315.57700014	1.202682
4317.20799994	0.018796
4319.01100016	0.135115
4320.51600027	0.052935
4321.32600021	0.804922
4323.13900018	1.902648
4325.2190001	0.130217
4327.30900025	0.284681
4329.74000025	2.453183
4331.99100018	0.69138
4333.05500007	2.160434
4335.14600015	0.698973
4337.2440002	0.875246
4339.08100009	0.205903
4341.17700028	0.016074
4343.27100015	0.076994
4345.11100006	0.249123
4347.22100019	0.173209
4349.28400016	2.139735
4351.31999993	0.092658
4353.21000004	0.567901
4356.71099997	0.539694
4357.45900011	2.355013
4359.21400023	1.034152
4361.30000019	0.131607
4363.12900019	1.529888
4365.21500015	0.240896
4367.30100012	2.222169
4369.14100027	0.285398
4371.227	0.45965
4373.31400013	1.24452
4375.14300013	0.122852
4377.23900008	0.147365
4379.07500005	0.408017
4381.15900016	1.94919
4383.24500012	0.03198
4385.33599997	0.554608
4387.09899998	0.074626
4389.2750001	1.354382
4391.375	0.246994
4393.2360003	0.344313
4395.30500031	2.465213
4397.13599992	0.145723
4399.82200003	0.238899
4402.6730001	0.018487
4405.70300007	0.2825
4406.80100012	2.033124
4407.67600036	0.461098
4409.14800024	0.974876
4411.23000002	2.264872
4413.3210001	0.669715
4415.14300013	0.021253
4417.23500013	0.038031
4419.33000016	1.098723
4421.16000009	0.825109
4423.25600004	0.627227
4425.35700011	0.259404
4428.375	0.111664
4430.97000003	0.014627
4432.16600013	2.41041
4434.2190001	0.985594
4435.15100002	0.952715
4437.31600022	2.34621
4439.20600009	0.443544
4441.23100019	0.596277
4443.31200004	2.113594
4445.40400028	0.518929
4447.22100019	1.832613
4449.28299999	2.223419
4451.37800002	2.343809
4454.02200007	0.237656
4458.03900003	2.59932
4459.75000024	2.410952
4460.38000035	1.394352
4461.29500008	0.672316
4463.37599993	0.08136
4465.21600008	0.294809
4467.30600023	0.841329
4469.3900001	0.078806
4471.5999999	0.035555
4476.2190001	0.202284
4480.68100023	1.479315
4482.579	0.058208
4483.25500011	0.108178
4483.90500021	0.127345
4484.75400019	2.998841
4485.33800006	2.104053
4487.38800025	0.102454
4490.10400009	2.20217
4491.73400021	0.46061
4493.38900018	0.714142
4495.47800016	1.660871
4497.30299997	2.356193
4499.39300013	2.103123
4501.21400023	2.37831
4503.30900025	0.817296
4505.39700031	0.486657
4507.23100019	0.268342
4509.31999993	0.280274
4511.40600014	0.475028
4514.20799994	0.039185
4516.76799989	0.088718
4519.07400012	2.207923
4520.92900014	1.471765
4522.51100016	2.41705
4523.26900029	2.274411
4525.23700023	0.31798
4527.33800006	2.343037
4529.41900015	0.075208
4531.6650002	0.002686
4533.41100001	0.708161
4535.35700011	1.118053
4537.70900011	2.381078
4539.67400002	0.076098
4541.69099998	1.038044
4544.28200006	0.066307
4547.079	0.503031
4548.16000009	2.155431
4549.28100014	0.915977
4551.37400007	0.054033
4553.46600008	0.1361
4555.29100013	0.137456
4557.27000022	2.351673
4559.45099998	2.517877
4561.27300024	0.234552
4563.3690002	2.199435
4565.31999993	0.795846
4567.88100028	2.254693
4569.63300014	0.602651
4571.45400023	0.04351
4573.37000012	0.490156
4575.375	0.232552
4577.48100019	0.899806
4579.63000011	0.23506
4581.43300009	0.097073
4583.47400022	0.268499
4585.2900002	0.837756
4587.3900001	0.122842
4589.48699999	0.003762
4591.33700013	0.177495
4594.22100019	2.287441
4595.47800016	0.112784
4597.5710001	2.376158
4601.04299998	0.214845
4602.97000003	1.921738
4604.85400009	0.234739
4606.11500001	0.170937
4607.47300029	0.278641
4609.3130002	2.781315
4611.41800022	1.930689
4613.49500012	0.017658
4615.33000016	0.649998
4617.4380002	2.04538
4619.52600002	2.296008
4621.34800029	0.022978
4623.44400024	1.017318
4625.52400017	2.318518
4627.35899997	0.716102
4629.45400023	1.914883
4631.55400014	0.595032
4633.38900018	1.251254
4635.48799992	1.957039
4637.5940001	2.451548
4639.4230001	0.571315
4641.51300025	1.227417
4643.60800004	2.008075
4645.43900013	2.199491
4647.53600001	0.954476
4649.37300014	0.018137
4651.46300006	0.824769
4653.55700016	0.447337
4655.38300014	2.260025
4657.47099996	0.43766
4659.57300019	1.063239
4661.40400028	0.0278
4663.50500011	2.183197
4665.61599994	2.183197
4667.44500017	1.995747
4669.54399991	0.125781
4671.38300014	2.44604
4673.47400022	2.358404
4675.55400014	2.508402
4677.3900001	2.206883
4679.47900009	0.162444
4681.57500005	1.701141
4683.66000032	2.031013
4685.48400021	2.460284
4687.5880003	1.47657
4689.42600012	1.195053
4691.52400017	1.757209
4693.62400007	2.064991
4695.45800018	0.394726
4697.55999994	0.09089
4699.65900016	2.194304
4701.49500012	2.239017
4703.59500003	2.340095
4705.44300008	2.350773
4707.53900003	0.052261
4709.64700007	2.488802
4711.48500013	0.699523
4713.42800021	1.75219
4715.66100025	1.83533
4717.49300027	0.508769
4719.58900023	2.020824
4721.67499995	0.414946
4723.49900007	2.123501
4725.59899998	0.114729
4727.44900012	2.652398
4729.51400018	2.652398
4731.62400007	2.019229
4733.46300006	0.237982
4735.54500031	0.400918
4737.47300029	0.806338
4739.4610002	0.254529
4741.56299996	0.080341
4743.6500001	0.860719
4745.53900003	2.22584
4747.62000036	0.983402
4749.45600009	0.133738
4751.55999994	1.596268
4753.65499997	1.14066
4755.48600006	0.035312
4757.56600022	0.019421
4759.66400003	0.566481
4761.49800014	0.017966
4763.59500003	2.040653
4765.69099998	1.585177
4767.5170002	0.048135
4769.60100031	0.825034
4771.69500017	0.077682
4773.73100019	0.160202
4775.60900021	2.181054
4777.704	0.70562
4779.53800011	1.719356
4781.63900018	0.160899
4783.47800016	0.381047
4785.60300016	0.796725
4787.68100023	0.796725
4789.49800014	0.796725
4791.57700014	1.054142
4793.70800018	0.457782
4795.523	0.436143
4797.62400007	0.728841
4799.71400023	0.846876
4801.54900026	1.62079
4803.64600015	2.208001
4805.73000002	0.019202
4807.5650003	0.00996
4809.6500001	1.593694
4811.74800014	0.609803
4813.58400011	0.657798
4815.68500018	2.408342
4817.51600027	0.241204
4819.61599994	0.03986
4821.70500016	0.507669
4823.60100031	0.17991
4825.63400006	0.531707
4827.73600006	0.026685
4829.57500005	0.79699
4831.66600013	0.463078
4833.69500017	0.015522
4835.58400011	0.983508
4837.67900014	0.178764
4839.76600003	0.320953
4842.19300008	0.431503
4844.48900008	0.255378
4845.81599998	0.808981
4847.98399997	0.804417
4849.67900014	1.086244
4851.77100015	2.077347
4853.60400033	0.814666
4855.70300007	0.564222
4857.53500009	0.832989
4859.64100027	0.953785
4861.7190001	0.933307
4863.56400037	0.406024
4865.65300012	0.613073
4867.73900008	2.529992
4869.58400011	1.773678
4871.67400002	0.923894
4873.78399992	2.504434
4875.61300015	2.379507
4877.70900011	0.01839
4879.82200003	0.152458
4881.65400004	2.114002
4883.75400019	2.156067
4885.84400034	2.033876
4887.68100023	1.731533
4889.78900027	2.392486
4891.61899996	0.768785
4893.70900011	2.064495
4895.8130002	2.225125
4897.64500022	0.242314
4899.75200009	2.324622
4901.58100009	2.14016
4903.67600036	1.915873
4905.77300024	2.271494
4907.59300017	0.015748
4909.73900008	0.370579
4911.78299999	0.354684
4913.61500001	0.146491
4916.15600038	0.003113
4918.11400008	0.18245
4919.63800025	2.013054
4921.73500013	0.222878
4923.82200003	0.052613
4926.06900024	0.084145
4928.19400024	0.123212
4929.81900001	0.804637
4931.648	2.173348
4933.74500012	1.28248
4935.7900002	0.646494
4937.89400005	0.046336
4939.78000021	0.895204
4941.85899997	0.257601
4943.68600011	0.948288
4945.78100014	1.658619
4947.9230001	0.119432
4950.06700015	0.099488
4954.03600025	0.003093
4956.92799997	1.552709
4957.26399994	2.168531
4958.04400015	0.730569
4959.85000014	1.249083
4961.67000008	0.171684
4963.7750001	1.364993
4965.87000012	2.034983
4967.704	0.097074
4969.80299997	1.635475
4971.90800023	0.135723
4973.7190001	0.013878
4975.82000017	0.782021
4977.90900016	2.383002
4979.74900031	1.821116
4981.83899999	0.496679
4983.66900015	0.379624
4985.76400018	2.392077
4987.8670001	2.241594
4989.69300008	0.174512
4991.78800035	0.246839
4993.89499998	1.968929
4995.72500014	0.46882
4997.83300018	0.019497
4999.91000009	1.622923
5001.74600005	0.037222
5003.84100008	2.577954
5005.93500018	2.194667
5007.77600002	0.17544
5009.8690002	0.090938
5011.8900001	0.117702
5014.02100015	1.819606
5015.87100005	2.193811
5017.97400022	0.014487
5019.80900025	0.467438
5021.8840003	0.624158
5023.97400022	0.530504
5025.81400013	0.814714
5027.91400003	2.190804
5029.75400019	0.067116
5031.75400019	0.150257
5033.95400023	0.100793
5035.78500009	0.51097
5037.88500023	0.105742
5039.82900023	0.935226
5041.82000017	2.263565
5044.20799994	0.013872
5046.72100019	2.281127
5047.82800031	2.366993
5049.93099999	2.283686
5051.76900029	0.147792
5053.86800027	2.227856
5055.97000003	0.459312
5057.79999995	0.480584
5059.89100003	0.037335
5061.98399997	0.3147
5064.28900027	2.502194
5065.90100026	0.01446
5067.89499998	0.072037
5069.84900022	0.548265
5071.91300011	0.414525
5075.25100017	0.184165
5077.52699995	0.278734
5080.06700015	0.079493
5083.07999992	0.029821
5084.65900016	0.051348
5086.14500022	0.881467
5086.70000029	1.912901
5087.86400008	2.296122
5089.93300009	0.531314
5092.01600003	0.929936
5093.8900001	0.08478
5095.94800019	2.471641
5097.78500009	0.036694
5099.8840003	1.208484
5101.97600007	0.104663
5103.80100012	0.560412
5105.89599991	0.509835
5107.96400023	0.141114
5109.82400012	0.076904
5111.91800022	1.002362
5114.0090003	1.13509
5115.84500027	0.773182
5117.9400003	1.428634
5120.03800011	0.222838
5121.87400007	1.365749
5123.96300006	1.482465
5126.0650003	0.307549
5127.90500021	0.123576
5130.01300025	0.12141
5131.85100007	0.441938
5133.94900012	1.712845
5135.88500023	0.805278
5137.87400007	0.854168
5139.97400022	0.018322
5141.82200003	2.423798
5143.92000008	0.544456
5146.0150001	0.036502
5147.84100008	2.104038
5149.94300008	2.103516
5152.03400016	0.806
5153.91499996	0.122622
5157.66300011	0.861835
5159.96000004	0.535901
5160.648	0.909755
5161.98600006	1.663471
5164.08800006	2.078923
5165.91600037	0.729598
5168.01200032	2.129733
5170.07999992	2.327032
5171.90300012	0.210013
5174.00200009	2.350126
5176.10800028	2.078434
5177.94100022	0.907709
5180.03500009	0.0403
5181.86600018	0.430849
5183.95300031	0.8144
5186.04500031	0.166073
5187.88100028	1.798915
5189.98399997	2.79763
5192.07400012	1.975085
5193.89900017	0.791327
5195.98200011	1.806479
5198.53800011	0.0029
5200.16400027	1.814627
5201.99500012	0.465784
5204.08100009	1.443518
5205.91000009	1.949651
5208.01100016	1.924451
5210.08500028	0.779012
5211.92400026	1.058712
5213.9940002	1.481096
5216.09599996	0.127667
5217.9400003	0.202992
5220.00400019	2.471357
5222.10400009	0.539896
5223.93400002	0.133882
5226.01900005	2.177125
5228.11000013	1.228945
5229.93300009	0.478381
5232.0150001	0.891085
5234.10800028	1.233733
5236.19300008	1.985255
5238.01900005	0.187651
5240.10300016	0.44856
5241.92900014	2.131208
5244.03000021	0.036479
5246.12100029	0.112267
5247.95400023	0.521767
5250.05300021	2.35388
5252.13800025	0.108098
5253.96799994	1.062772
5256.06399989	1.698868
5258.16900015	2.420279
5260.00600004	0.332312
5262.09300017	0.105834
5264.18400002	1.747291
5266.0150001	0.791121
5268.10500026	1.847756
5270.21800017	0.638594
5272.32900023	0.065002
5274.20300007	1.510055
5276.21600008	2.10926
5278.03000021	0.020715
5280.11600018	0.019501
5282.22000027	1.988003
5284.05500007	2.287624
5286.14500022	0.062768
5287.97500014	0.045126
5290.06600022	0.366173
5292.17000008	1.45904
5294.0	0.178918
5296.09800005	0.286886
5298.19600034	1.674872
5300.02000022	0.596881
5302.10800028	0.094762
5304.19400024	0.805998
5306.02200007	0.60973
5308.11300015	1.872795
5310.22500014	0.033039
5312.04100013	0.513228
5314.14300013	0.828186
5316.24000001	0.470566
5318.06600022	0.271105
5320.16000009	0.610828
5322.25800014	2.595244
5324.0940001	2.232225
5326.18700004	0.085851
5328.0150001	2.047775
5330.10600019	0.290197
5332.20000005	0.154247
5334.03400016	2.176092
5336.13700008	0.114117
5338.22600007	1.450871
5340.05400014	0.395373
5342.14500022	1.705693
5344.23400021	0.095976
5346.05800009	0.22273
5348.15400004	0.650179
5350.25300026	1.948964
5352.38100028	0.048635
5354.41400003	0.341763
5356.18100023	1.140451
5358.07500005	1.626537
5360.16799998	2.556257
5362.26000023	0.822187
5364.09000015	1.92101
5366.18500018	0.806336
5368.28100014	1.999477
5370.11400008	0.132503
5372.22500014	0.399646
5374.30299997	1.98919
5376.13400006	0.81938
5378.23900008	0.016754
5380.33400011	0.127019
5382.14600015	1.029772
5384.24500012	2.529394
5386.079	2.224189
5388.17499995	2.334754
5390.27000022	0.221641
5392.07500005	0.478653
5394.171	0.625866
5396.51000023	0.710207
5398.08800006	0.729021
5400.17900014	2.497084
5402.27300024	1.240804
5404.09500003	1.222249
5406.18700004	1.237645
5408.28400016	0.260922
5410.11899996	1.871591
5412.22300005	2.043386
5414.31000018	2.431234
5416.13300014	0.470182
5418.22399998	0.064611
5420.31999993	0.58094
5422.14600015	0.569187
5424.24799991	0.800886
5426.34900022	0.064024
5428.76100016	0.147711
5430.25300026	0.184481
5432.35400009	2.215551
5434.1880002	0.820598
5436.27800012	2.489117
5438.22900009	0.709326
5440.1880002	2.086739
5442.2750001	0.024184
5444.2900002	0.476214
5446.19400024	0.259312
5448.29100013	0.018425
5450.37400007	0.396283
5452.22600007	0.018915
5454.29900002	0.470138
5456.38900018	0.197625
5458.2440002	1.396962
5460.33000016	0.240439
5462.15400004	2.33796
5464.24000001	1.656797
5466.33000016	0.074243
5468.15800023	2.388249
5470.25400019	1.527904
5472.15900016	0.152353
5474.18400002	2.12614
5476.28600001	2.565905
5478.38000035	2.416603
5480.22300005	2.703157
5482.3039999	2.209883
5484.39300013	0.401822
5486.23000002	1.484804
5488.32500029	2.219888
5490.42900014	2.109624
5492.25500011	0.028823
5494.35400009	2.14191
5496.44400024	2.093066
5498.2750001	0.0114
5500.37899995	2.152125
5502.20700002	2.102464
5504.30000019	2.102464
5506.38700008	0.287058
5508.22399998	0.63467
5510.31600022	0.914919
5512.40900016	0.200173
5514.24500012	1.172981
5516.33000016	0.037476
5518.41000009	0.990315
5520.24799991	0.672005
5522.33500004	1.838256
5524.43300009	2.310545
5526.25900006	2.075311
5528.3610003	1.849625
5530.44000006	1.404513
5532.27800012	1.404513
5534.2420001	2.562253
5536.47800016	2.562253
5538.30299997	2.403212
5540.41300011	2.845057
5542.23400021	2.839757
5544.32900023	2.398088
5546.41499996	1.950176
5548.23800015	1.821033
5550.34000015	1.821033
5552.43199992	1.821033
5554.25700021	2.40685
5556.35899997	2.129717
5558.2980001	2.084325
5560.28299999	2.481207
5562.3670001	2.309275
5564.4610002	2.095944
5566.29700017	1.78072
5568.37800002	2.095396
5570.48500013	2.838985
5572.30900025	2.118974
5574.40400028	2.308734
5576.23700023	2.84069
5578.33300018	2.84069
5580.42500019	2.84069
5582.25800014	2.491426
5584.35500002	0.026414
5586.43900013	2.473238
5588.53100014	2.116433
5590.36500025	1.497497
5592.46800017	2.342161
5594.28800011	0.097199
5596.38500023	2.40102
5598.48799992	0.081212
5600.31900001	2.215348
5602.43000007	2.198028
5604.51200008	0.025844
5606.2900002	0.05591
5608.43000007	0.257683
5610.52900028	0.218148
5612.41300011	1.152021
5614.44900012	0.036231
5616.54800034	2.158555
5618.38900018	2.175285
5620.48000002	0.420986
5622.31000018	0.37169
5624.40900016	1.828857
5626.49700022	1.05286
5628.40500021	0.327765
5630.37100005	0.028404
5632.51100016	1.839167
5634.32900023	2.21272
5636.42500019	2.25196
5638.53100014	2.092738
5640.35000014	0.918848
5642.44799995	0.314166
5644.53500009	0.58403
5646.37100005	1.101181
5648.46200013	0.325745
5650.94100022	0.157849
5652.38800025	2.205717
5654.35000014	1.68004
5656.579	1.750138
5658.41000009	2.195291
5660.51000023	2.538767
5662.34100008	0.061159
5664.43300009	1.144009
5666.51999998	0.594849
5668.3599999	0.390603
5670.67900014	0.658424
5673.50000024	0.115239
5676.79500008	0.629603
5679.06399989	0.484331
5679.79500008	0.424495
5680.35000014	2.614685
5682.46000028	0.376965
5684.53900003	0.027259
5686.37000012	0.082601
5688.47099996	0.045528
5690.56900024	1.742683
5692.39900017	0.874245
5694.49000025	0.730322
5696.58300018	0.342597
5698.42700005	0.030887
5700.49900007	2.179792
5702.59500003	2.583539
5704.42800021	0.240948
5706.52400017	0.53132
5709.69700027	1.509576
5713.14300013	0.009409
5714.46399999	0.808856
5715.77400017	1.068731
5716.45099998	2.096048
5718.5940001	2.26824
5720.63700008	1.999545
5722.48200011	1.869269
5724.56900024	1.869269
5726.42200017	1.869269
5728.50200009	1.869269
5730.60200024	1.869269
5732.43500018	1.869269
5734.5250001	1.415516
5736.62500024	0.893828
5738.46000028	0.988634
5740.54600024	2.294993
5742.64600015	2.312696
5744.46399999	0.952015
5746.56100011	0.436523
5748.65900016	1.876271
5750.71000004	0.014154
5752.5860002	2.047277
5754.69000006	0.35644
5756.57400012	0.609846
5758.59899998	2.992714
5760.70000029	1.735238
5762.53000021	0.884338
5764.62000036	0.470213
5766.44400024	2.382908
5768.53800011	0.183407
5770.63400006	0.504113
5772.47000003	0.329765
5774.45600009	0.431894
5776.66400003	0.544952
5778.50000024	1.558814
5780.59899998	0.289043
5782.69500017	2.324337
5784.5320003	0.799191
5786.62000036	2.405774
5788.45400023	0.048574
5790.53900003	0.189465
5792.64400029	2.507802
5794.48000002	0.740209
5796.56800008	0.203033
5798.65499997	0.038579
5800.48799992	1.0138
5802.58300018	0.055605
5804.67400002	0.277047
5806.50000024	0.011883
5808.59300017	0.752656
5810.68799996	0.093133
5812.52400017	1.989207
5814.62400007	1.835517
5816.71000004	0.66638
5818.54500031	0.086389
5820.63000011	0.355456
5822.72500014	0.153651
5824.56100011	0.334125
5826.72100019	0.012693
5828.69400024	0.272669
5830.5650003	0.331479
5832.65499997	0.024425
5835.05000019	0.268168
5836.91900015	1.422314
5838.66000032	2.740283
5840.75100017	1.088066
5842.57500005	1.674962
5844.66600013	0.598828
5846.74900031	0.775474
5848.7190001	0.094758
5850.68900013	2.591869
5852.75900006	0.119651
5854.58000016	2.497505
5856.6730001	2.185179
5858.77000022	0.094103
5860.59600019	2.667561
5862.67199993	1.656161
5864.76300001	2.150166
5866.5880003	2.389444
5868.69300008	1.61283
5870.78500009	2.25164
5872.61800003	2.705615
5874.7190001	0.357431
5876.55100012	0.151743
5878.64900017	0.234518
5880.74300003	0.5432
5882.57200027	0.017082
5884.65900016	1.320708
5887.03900003	0.069842
5888.9690001	1.482102
5890.79400015	2.831724
5892.76100016	0.334168
5894.59500003	0.83108
5896.69500017	0.121186
5898.78500009	0.034332
5900.62400007	0.408784
5902.87899995	0.025821
5904.79600024	0.23822
5906.6170001	0.260169
5908.70700002	0.750213
5912.43600035	0.072966
5917.67900014	0.017681
5918.83300018	0.691798
5919.53500009	0.065287
5920.53900003	0.38209
5921.41900015	0.513229
5922.63800025	1.084996
5924.60400033	0.496436
5926.70500016	0.018222
5928.79600024	0.568931
5930.74000025	2.398761
5932.69800019	1.403657
5934.78900027	2.407655
5936.62400007	2.043794
5938.704	0.088578
5940.79400015	1.946746
5942.63400006	0.705864
5944.72300005	0.086572
5946.80400038	0.729499
5948.63499999	2.016819
5950.73500013	0.158462
5952.83300018	2.423192
5954.6650002	2.166253
5956.704	0.08056
5958.83899999	0.212048
5960.6730001	2.621732
5962.76400018	0.814959
5964.86000037	0.065061
5966.68000007	2.171126
5968.7650001	2.51469
5970.87600017	0.099144
5972.69900012	1.61558
5974.78399992	0.116526
5976.87800002	0.867939
5978.70900011	0.035078
5980.80600023	2.297555
5982.90400004	2.009929
5985.875	0.019411
5988.77200031	0.5705
5990.97800016	0.010473
5992.58500028	0.535637
5994.57000017	0.001815
5995.04500031	0.051113
5996.75800014	0.025774
5998.83999991	0.14007
6001.00600004	0.002482
6002.78900027	0.26993
6004.79600024	0.101581
6006.6730001	0.622697
6008.76400018	0.127398
6010.85100007	0.237033
6012.93400002	0.077872
6014.76699996	0.792935
6017.2650001	0.11962
6018.93900013	0.335137
6020.76900029	0.155581
6022.87000012	0.077024
6024.70000029	0.017203
6026.79999995	0.674154
6028.75600028	2.190598
6030.72400022	1.855391
6032.82200003	1.686842
6034.74399996	0.019311
6036.73900008	1.852791
6038.81400013	0.548122
6041.10900021	0.051952
6043.15300012	0.302869
6044.87100005	0.126959
6046.77700019	0.014311
6048.74900031	2.018453
6050.83899999	0.575499
6052.77800012	0.826233
6054.77400017	0.435866
6056.86800027	2.108072
6058.96000004	0.81643
6060.78600001	0.088573
6062.875	0.038096
6064.96000004	0.368576
6066.78500009	0.278539
6068.87300014	2.238746
6070.96799994	0.377492
6072.78700018	0.01713
6074.87400007	0.022169
6076.97400022	1.67708
6078.80500031	0.143771
6080.89499998	0.183596
6082.98399997	2.743045
6084.91000009	0.131836
6087.11000013	0.013382
6088.80299997	0.196361
6090.82400012	0.425655
6092.90500021	0.027037
6094.98900008	0.37772
6096.82299995	2.731357
6098.91400003	0.017684
6101.01300025	0.837409
6102.84200025	0.560684
6104.93400002	0.05455
6107.13900018	0.857505
6108.86800027	0.357242
6110.95800018	0.357517
6112.78900027	2.328314
6114.89400005	1.799455
6116.97600007	2.317387
6118.84100008	0.451236
6121.09800005	0.9107
6122.99000025	0.586044
6124.81500006	0.815451
6126.91000009	2.17282
6129.0079999	0.30516
6130.84300017	0.131046
6132.9400003	0.226108
6135.03000021	0.806176
6136.85899997	0.748238
6138.95900011	0.725918
6141.04500031	1.390315
6142.88800001	2.555013
6144.98000026	0.680491
6146.81400013	1.236879
6148.90800023	0.830891
6150.99800014	2.277611
6152.83200002	1.285719
6154.90900016	2.622048
6156.98399997	1.543608
6159.5250001	0.590165
6161.71500015	0.838655
6163.28400016	1.990983
6164.83999991	0.026638
6166.93500018	0.450188
6169.03000021	2.272427
6170.85400009	2.321105
6172.94500017	1.2502
6175.03400016	0.948867
6176.87000012	2.474871
6178.96799994	0.272721
6181.05800009	2.138584
6182.88800001	1.837271
6184.9690001	2.033546
6187.0650003	1.940013
6188.89800024	0.141164
6190.98399997	2.337697
6193.07000017	2.087015
6194.90300012	0.083963
6196.98900008	2.325254
6199.08900023	1.322329
6200.92000008	0.395374
6203.35600019	0.223807
6205.12400031	1.008894
6206.87899995	0.434173
6209.02900028	0.367066
6211.03500009	0.225146
6212.94300008	0.03673
6215.04299998	2.560917
6217.12800002	0.85096
6218.96700001	0.21324
6221.06900024	0.014715
6222.89499998	0.055041
6224.98500013	1.956623
6227.09300017	2.14552
6228.92700005	2.782285
6231.01800013	2.312488
6233.11000013	0.05098
6234.93900013	0.308478
6237.05000019	2.072329
6239.1420002	2.072329
6240.97400022	2.072329
6243.06900024	2.250726
6245.15400004	2.105308
6246.98399997	2.117371
6249.07500005	0.017365
6250.89800024	0.400348
6252.98500013	1.927574
6255.07999992	0.859393
6256.92400026	0.034347
6259.01200032	2.133491
6261.10000014	2.354431
6262.93500018	0.010952
6265.03300023	2.634432
6267.11899996	1.132118
6268.96200013	0.817083
6271.05400014	0.014259
6273.14700007	0.116461
6274.97800016	2.346454
6277.07200003	1.946822
6279.16700006	1.90848
6280.98900008	2.107767
6283.08700013	2.107767
6285.16400027	2.107767
6286.9940002	2.107767
6289.08900023	2.107767
6291.17900014	2.107767
6293.00300002	1.161044
6295.09300017	0.56087
6297.19800019	0.452793
6299.02800035	2.059726
6301.12400031	2.468813
6303.19000006	0.665655
6305.03000021	2.193325
6307.12500024	0.83392
6309.21099997	2.266669
6311.02000022	0.010254
6313.14400005	0.218205
6315.50800037	2.104226
6317.05700016	1.562312
6319.15400004	2.178729
6320.99000025	2.508127
6323.08400035	2.01841
6325.17800021	2.051026
6327.02399993	2.356034
6329.10400009	2.404589
6331.04900026	0.791187
6333.04500031	2.281097
6335.14000034	2.211207
6336.98000026	1.003798
6339.079	0.505375
6341.17400002	2.133363
6343.00500011	2.124481
6345.09899998	0.990723
6347.19400024	0.867343
6349.27999997	1.788287
6351.11600018	0.249175
6353.20799994	2.3793
6355.21500015	1.008813
6357.12900019	2.49502
6359.2420001	1.510014
6361.06900024	1.877674
6363.16000009	0.205539
6365.23900008	0.476894
6367.079	0.482311
6370.13499999	0.018101
6371.96400023	0.434677
6373.09000015	0.873896
6375.16300011	0.012696
6377.26900029	1.942467
6379.08300018	2.058118
6381.17900014	2.052709
6383.28200006	0.456019
6385.11300015	2.46003
6387.19300008	1.762515
6389.28299999	0.029888
6391.11800003	0.320794
6393.20400023	2.2772
6395.31100011	0.443269
6397.13400006	0.179583
6399.23800015	0.00956
6401.14400005	0.015034
6403.14800024	0.044571
6405.24000001	0.532766
6407.25900006	1.021976
6409.28900027	0.120684
6411.23800015	0.135602
6413.05900002	0.013737
6415.1650002	0.126788
6417.25800014	0.18486
6419.09000015	1.975237
6421.18500018	0.670218
6423.27800012	2.119348
6425.10400009	2.257698
6427.19400024	2.650666
6429.2980001	2.462667
6431.13000011	2.358856
6433.23300028	0.046495
6435.32299995	0.402586
6437.14400005	0.830375
6439.25700021	1.661889
6441.33400011	0.112575
6443.16900015	0.255544
6445.26800036	0.332919
6447.35400009	0.819832
6449.19700027	0.833556
6451.13900018	2.401191
6453.12900019	0.083546
6455.22000027	0.274894
6457.31999993	0.02975
6459.13900018	2.22296
6461.24000001	0.800894
6463.3130002	0.087786
6465.13800025	2.590758
6467.23400021	0.025864
6469.33000016	1.891253
6471.15300012	2.218246
6473.25500011	1.99067
6475.3440001	2.276551
6477.18900013	2.141664
6479.27400017	1.945427
6481.37599993	2.001637
6483.19099998	0.053424
6485.27300024	0.392014
6487.3690002	0.865512
6489.19400024	0.022506
6491.29300022	0.458825
6493.37800002	0.258972
6495.21700025	0.383403
6497.30900025	0.013764
6499.39600015	0.054417
6501.2360003	2.143525
6503.31999993	0.576564
6505.6500001	0.799171
6507.24000001	0.462563
6509.34500027	0.845369
6511.42700005	0.425622
6513.25600004	2.226033
6515.34500027	1.11601
6517.17800021	0.486361
6519.28800011	1.22722
6521.37400007	1.549679
6523.20700002	0.014077
6525.30900025	0.519612
6527.40400028	0.02529
6529.23900008	1.439639
6531.32400036	0.197902
6533.43400002	0.836114
6535.26399994	0.096127
6537.35100007	1.512077
6539.44000006	0.774298
6541.27400017	0.023998
6543.36300015	0.493984
6545.45400023	1.17377
6547.30700016	0.018315
6549.38900018	0.763398
6551.23400021	0.300517
6553.31100011	0.923536
6555.41499996	0.793485
6557.25000024	2.432383
6559.34500027	2.271313
6561.42700005	0.314466
6563.25600004	0.026546
6565.34800029	0.01142
6567.44100022	0.018955
6569.27999997	0.054211
6571.27000022	0.244781
6573.21600008	0.145678
6575.3039999	1.561543
6577.39800024	2.363311
6579.48500013	1.718034
6581.31500006	0.937645
6583.40900016	0.047266
6585.35500002	2.464407
6587.33800006	0.798379
6589.43900013	0.013271
6591.33899999	0.149952
6593.35899997	0.723937
6595.45000005	0.258429
6597.59100008	0.110118
6599.55400014	0.036217
6601.44000006	2.604741
6603.26900029	2.282731
6605.35400009	2.477254
6607.44900012	0.140309
6609.28299999	0.05961
6611.37899995	0.054396
6613.47900009	0.018212
6615.6960001	0.055181
6617.43900013	0.366945
6619.48900008	0.018228
6621.42400002	0.273828
6623.37100005	0.374467
6625.50000024	0.318518
6627.35100007	0.132692
6629.41900015	1.349423
6631.51300025	2.53842
6633.34300017	0.179485
6635.44000006	0.207031
6637.52800012	2.245254
6639.35800004	0.041426
6641.45400023	0.195348
6643.29700017	2.324716
6645.38400006	0.468355
6647.47900009	0.818326
6649.57800007	0.368122
6651.39600015	1.503102
6653.48600006	0.612796
6655.31400013	0.127345
6657.41000009	2.672885
6659.49000025	0.018217
6661.37800002	0.205717
6663.40900016	0.058567
6666.03000021	0.003131
6667.66900015	0.085012
6669.41400003	2.118923
6671.51800013	0.183253
6673.34500027	2.696729
6675.43000007	2.1678
6677.3690002	3.11379
6679.34800029	0.504657
6681.44400024	1.914001
6683.53400016	0.372456
6685.3690002	0.63642
6687.46399999	2.526174
6689.54500031	2.129863
6691.375	0.790447
6693.46399999	1.368513
6695.55600023	0.168025
6697.3900001	0.537331
6699.46500015	0.049066
6701.57300019	0.47827
6703.40300012	0.971197
6705.41900015	0.358462
6707.62200022	0.013808
6709.41200018	1.912132
6711.51200008	0.125467
6713.60400033	0.597381
6715.44799995	0.804143
6717.52400017	2.344804
6719.61899996	0.112114
6721.43900013	2.739283
6723.54299998	2.428934
6725.62900019	3.155669
6727.46000028	0.018173
6729.40400028	0.804348
6731.38500023	0.101071
6733.47900009	1.278959
6735.57000017	0.501723
6737.40400028	1.045204
6739.50300002	0.645303
6741.5940001	1.965824
6743.41900015	0.06823
6745.50000024	0.65416
6747.62500024	0.421917
6749.43300009	0.691229
6751.52800012	0.022697
6753.56400037	0.031939
6755.45200014	1.966544
6757.5400002	0.460911
6759.61899996	1.38458
6761.44900012	1.689256
6763.52900028	0.80895
6765.62900019	2.197464
6767.45800018	0.049406
6769.55600023	1.018065
6771.64400029	2.031534
6773.48500013	0.840213
6775.58500028	0.354721
6777.40400028	1.215341
6779.4940002	2.099757
6781.59600019	2.00924
6783.70200014	0.129218
6785.50200009	2.033707
6787.59700012	0.887248
6789.68500018	0.39546
6791.51400018	0.404661
6793.61899996	2.076408
6795.64300013	0.093344
6797.79500008	0.384323
6799.97400022	0.001602
6801.45800018	0.828074
6803.54900026	0.321252
6805.70000029	0.211367
6807.71700025	0.035629
6809.54200006	1.931865
6811.648	1.699593
6813.47500014	0.120552
6815.56299996	0.106247
6817.64500022	0.396069
6819.53500009	0.102186
6821.74600005	1.126453
6823.76600003	0.146426
6825.73500013	0.804221
6827.58900023	2.117041
6829.68000007	0.982124
6831.50800037	0.453189
6833.60800004	0.014933
6835.69200015	0.739295
6837.51900005	2.311492
6839.61899996	0.28326
6842.01300025	0.16974
6843.55100012	1.999903
6845.62900019	1.999903
6847.72300005	0.673849
6849.55999994	0.902642
6851.66400003	0.22899
6853.48900008	0.2973
6855.65200019	1.397427
6857.68400025	1.817993
6859.51400018	0.039125
6862.023	0.002831
6863.69500017	1.347018
6865.52900028	0.01773
6867.62400007	1.551004
6869.7190001	1.740642
6871.59500003	1.35004
6873.63000011	2.508892
6875.73100019	2.336833
6877.55999994	0.16106
6879.65900016	2.487532
6881.69400024	0.351577
6883.58900023	2.070907
6885.67400002	0.606117
6887.78500009	0.036735
6889.61300015	2.212634
6891.71500015	2.139092
6893.53900003	0.017253
6895.66300011	2.554879
6897.57300019	0.786014
6899.56299996	0.146259
6901.66600013	2.894492
6903.56900024	0.1553
6905.56900024	0.615969
6907.6650002	0.019411
6909.73900008	2.545333
6911.57000017	0.008886
6913.66000032	0.053724
6915.75400019	0.527088
6917.58500028	0.708662
6919.68400025	0.359593
6921.77400017	0.802452
6923.5999999	0.932052
6925.69400024	0.780263
6927.78600001	0.135889
6929.94500017	0.08382
6931.56700015	0.070531
6933.71600032	0.009734
6935.61300015	0.388898
6937.69800019	0.603721
6939.79900002	0.376066
6942.17499995	0.003693
6943.95000005	0.473553
6945.67600036	0.458122
6947.67700028	0.295532
6949.98399997	0.098173
6951.9460001	0.06286
6953.62300014	0.038943
6955.7130003	0.02894
6957.79300022	0.112522
6959.87800002	0.029104
6961.70300007	0.486238
6963.76799989	0.072684
6965.875	0.730449
6967.85899997	0.080883
6969.75900006	1.401629
6971.84300017	0.730984
6973.67800021	1.714489
6975.76900029	0.015409
6977.85300016	0.010504
6979.67499995	1.838585
6981.75900006	0.993943
6983.85300016	0.095591
6985.68799996	0.052271
6987.77400017	1.900538
6989.86400008	1.25742
6991.69500017	0.516859
6993.78399992	0.987741
6995.87000012	1.771336
6997.70000029	1.250205
7000.25200033	1.21434
7001.87400007	0.067728
7003.70800018	0.714188
7005.78700018	2.039905
7008.24900031	0.259789
7010.06800032	0.279757
7011.78500009	0.138521
7013.88200021	0.371269
7015.70900011	0.309664
7017.79400015	0.7083
7019.87899995	1.135888
7021.704	1.672444
7024.11999989	0.328964
7026.10900021	1.638289
7027.70300007	0.698036
7029.77300024	1.808762
7031.73800015	1.574661
7033.69700027	2.209031
7035.78800035	2.374603
7037.87800002	2.333453
7039.69300008	0.424458
7041.78800035	1.75367
7043.88300014	1.614389
7045.7130003	1.614389
7047.7980001	0.018479
7049.86800027	1.766577
7051.96300006	2.053215
7053.77400017	1.717303
7055.8690002	1.717042
7057.68900013	0.626029
7059.77400017	0.136247
7061.85400009	2.149387
7063.93900013	2.379358
7065.91000009	1.007668
