0.0	3.987797
0.15900015831	4.17356
0.322999954224	4.17356
0.433000087738	4.17356
0.564000368118	4.17356
0.959000110626	1.70656
1.36800003052	4.032851
1.86400008202	0.052739
2.16900014877	3.840229
3.57800006866	0.921605
5.58299994469	1.00872
7.57899999619	3.295694
9.58000016212	2.13898
11.5850002766	2.18635
13.5789999962	3.537005
15.5780000687	3.489894
17.5770001411	1.912149
19.4400000572	1.508633
21.5780000687	3.281415
23.5800001621	0.003015
25.5780000687	1.519203
27.5780000687	0.118102
29.5810000896	1.593731
31.5789999962	2.911235
33.5789999962	0.01123
35.5800001621	1.7798
37.5810000896	3.397181
39.5770001411	3.114549
41.5780000687	3.154684
43.4380002022	1.509323
45.5780000687	3.321916
47.5789999962	3.321916
49.5780000687	3.321916
51.5810000896	2.28065
53.5800001621	1.635965
55.5800001621	0.059121
57.5780000687	3.273795
59.5789999962	3.273795
61.5770001411	1.52899
63.5800001621	1.471867
65.5810000896	1.479591
67.4450001717	3.013432
69.5789999962	2.454952
71.5800001621	2.207134
73.5780000687	1.747513
75.5810000896	1.218989
77.5789999962	0.427335
79.5789999962	1.858006
81.5789999962	2.238123
83.5880002975	2.22864
85.5789999962	2.631174
87.5800001621	2.012381
89.5890002251	0.125628
91.4520001411	0.678654
93.5789999962	3.12549
95.5860002041	0.644923
97.5789999962	3.052107
99.5789999962	3.173045
101.580000162	1.731631
103.585000277	1.731631
105.59100008	0.027312
107.582999945	0.268534
109.580000162	0.851545
111.578000069	2.84369
113.582999945	2.84369
115.580000162	0.79568
117.578999996	1.799147
119.588000298	2.437114
121.582999945	3.272736
123.578000069	1.429512
125.585000277	0.68842
127.582000017	1.425379
129.582999945	0.003167
131.592000008	2.005398
133.582999945	1.012094
135.582000017	0.003131
137.58100009	0.549883
139.582999945	0.822785
141.58100009	1.389949
143.580000162	1.389949
145.580000162	0.423388
147.582000017	0.617777
149.586000204	0.677279
151.580000162	1.837572
153.585000277	0.053455
155.580000162	0.708036
157.580000162	0.301625
159.589000225	1.016978
161.59100008	1.562659
163.582999945	1.809783
165.582000017	0.511526
167.593000174	0.511526
169.580000162	0.81257
171.582000017	0.83344
173.58100009	0.040777
175.582000017	0.848441
177.578999996	1.574323
179.58100009	0.018517
181.580000162	1.774519
183.585000277	0.787222
185.590000153	0.787222
187.582000017	1.165183
189.58100009	0.659054
191.58100009	1.767232
193.582999945	1.181222
195.590000153	1.306259
197.58100009	1.705563
199.582999945	2.02742
201.585000277	2.961507
203.586000204	2.928155
205.582000017	1.184601
207.586000204	1.115369
209.580000162	2.125905
211.580000162	2.112103
213.580000162	1.47532
215.582999945	1.454369
217.58100009	1.467941
219.580000162	1.296954
221.58100009	3.060864
223.59100008	1.991696
225.58100009	3.649635
227.582000017	0.954279
229.58100009	1.661243
231.58100009	1.593802
233.580000162	1.697666
235.584000111	1.915528
237.580000162	2.10999
239.582000017	1.787637
241.58100009	1.682917
243.83100009	3.846063
245.83100009	3.264247
247.83100009	3.817335
249.833000183	1.130513
251.832000017	4.192425
253.838000059	3.693443
255.832000017	0.765782
257.832000017	3.682197
259.833000183	2.339057
261.833000183	3.239077
263.832000017	3.720628
265.832000017	3.726346
267.830000162	1.464288
269.83100009	3.248062
271.834000111	3.881739
273.832000017	4.063835
275.833000183	0.437973
277.832000017	0.178724
279.832000017	1.135441
281.83100009	4.119929
283.833000183	0.121428
285.832000017	3.565746
287.832000017	3.867244
289.832000017	0.772793
291.832000017	3.917621
293.839999914	0.852361
295.833000183	3.942733
297.835000038	4.150462
299.833000183	4.012263
301.833000183	2.851871
303.837000132	3.227262
305.833000183	2.392964
307.838999987	3.754294
309.833000183	2.496188
311.832000017	3.422413
313.832000017	3.181165
315.834000111	3.391566
317.833000183	0.768634
319.833000183	2.923689
321.833000183	3.015092
323.835000038	3.64371
325.833000183	0.051273
327.832000017	4.054705
329.832000017	0.014488
331.834000111	1.672794
333.833000183	4.025399
335.832000017	3.617606
337.832000017	3.542643
339.834000111	3.978421
341.832000017	4.205875
343.833000183	3.575649
345.833000183	2.617199
347.833000183	0.00692
349.833000183	0.03022
353.187000036	0.521482
355.419000149	0.009201
356.918000221	0.005927
357.718000174	0.999669
359.838000059	0.013054
361.835000038	0.166018
363.834000111	0.012675
365.833000183	0.73014
367.834000111	2.647175
369.832000017	2.251724
371.833000183	2.465129
373.833000183	3.053854
375.833000183	3.295831
377.832000017	3.445524
379.833000183	3.115712
381.833000183	2.86207
383.832000017	0.543928
385.834000111	0.592956
387.834000111	3.268628
389.834000111	0.790322
391.833000183	3.032402
393.833000183	0.359504
395.834000111	0.02074
397.833000183	0.009616
399.834000111	0.100174
401.833000183	0.100573
