0.0	1.407785
1.45300006866	0.002697
1.72000002861	4.805959
1.84100008011	4.805959
2.10300016403	4.805959
2.34500002861	3.3905
2.60100007057	5.027169
2.83699989319	4.631803
3.20700001717	4.631803
4.62999987602	0.006107
6.70300006866	3.055347
8.63700008392	4.874601
10.634999752	4.874601
12.6089999676	0.000927
14.6719999313	0.002197
16.7999999523	2.45038
20.1730000973	0.013557
20.7239999771	2.778222
22.634999752	3.150202
24.6390001774	1.567856
26.628000021	1.511834
28.7039999962	2.79188
30.6289999485	0.00776
32.629999876	2.911656
34.6339998245	1.864124
36.6899998188	1.659558
38.7960000038	0.005
40.629999876	2.47367
42.629999876	2.47367
44.628000021	2.47367
46.629999876	2.47367
48.6289999485	2.47367
50.7160000801	2.314137
52.626999855	0.053882
54.9830000401	0.019144
56.8819999695	0.65699
58.8790001869	3.566555
60.8770000935	1.745966
62.9059998989	2.52734
65.0039999485	2.480236
67.1019999981	0.004164
68.8980000019	0.125247
70.888999939	1.934504
72.8770000935	1.844055
74.9049999714	4.112527
76.9379999638	0.129678
78.881000042	3.02185
80.888999939	3.02185
82.8840000629	2.880369
84.9549999237	2.699429
87.0260000229	2.699429
88.8790001869	4.796655
90.8960001469	0.005047
92.8770000935	1.793511
94.8529999256	0.006342
96.878000021	1.48549
98.7709999084	0.031098
100.874999762	1.25865
102.874999762	0.736317
104.878000021	0.567551
106.970999956	1.589298
109.05099988	2.236362
110.876000166	2.776732
112.877000093	2.161344
114.877000093	0.130042
116.884000063	1.525057
118.878000021	1.504696
120.865999937	0.021499
122.876000166	3.395883
124.876000166	2.96111
126.88499999	2.40727
128.993999958	1.218976
131.066999912	1.218976
132.756000042	1.218976
134.876000166	1.509819
136.876000166	0.005445
138.876000166	1.865754
140.907999992	1.229096
142.876000166	0.616006
144.881000042	3.389509
146.901000023	0.002217
148.889999866	1.549811
150.992000103	0.004177
153.088999987	0.309286
154.887000084	1.845296
156.761999846	0.616211
158.876000166	3.690651
160.887000084	3.690651
162.921999931	0.013042
164.877000093	1.254904
166.874999762	2.566774
168.878000021	0.004706
170.920000076	1.629167
173.031000137	0.013011
175.125999928	1.995982
176.876000166	0.218884
178.876000166	0.004658
180.877000093	0.002553
182.876000166	0.003488
184.951000214	3.000495
186.874999762	0.220852
188.876000166	0.003211
190.881999969	0.606801
192.952000141	1.842478
195.029000044	3.032723
197.234999895	3.101174
199.378000021	0.003208
200.877000093	0.241352
202.876000166	0.003381
204.868000031	0.694631
206.965999842	0.008203
208.874999762	2.167445
210.876000166	2.167445
212.874999762	0.005264
214.949999809	0.429357
217.049999952	0.083064
218.871999979	1.573972
220.874999762	0.004424
222.876000166	1.376674
224.874999762	2.328229
226.885999918	1.58703
228.980999947	0.536308
230.877000093	0.69599
232.881000042	0.006607
234.876000166	0.012998
236.972000122	2.309691
239.076999903	1.805569
240.874999762	1.847174
242.879000187	1.847174
244.880000114	2.184037
246.871999979	1.381347
248.901000023	0.598052
250.890999794	1.06585
252.842000008	2.745984
254.873999834	0.043984
256.901000023	0.004754
258.996999979	0.013049
261.089999914	2.534773
262.884000063	0.476343
264.880000114	0.900873
267.540999889	3.175929
268.880000114	1.792302
270.919000149	3.672267
272.880000114	1.343911
274.873999834	0.214524
276.880000114	4.703331
278.916000128	2.321065
281.01699996	0.014124
282.869999886	0.01313
284.869999886	0.339247
286.876000166	0.661701
290.021999836	0.001327
291.136000156	1.185045
292.946999788	0.837623
294.873999834	0.012171
296.872999907	0.013074
298.868999958	0.004141
300.938999891	1.507383
303.032999992	1.731577
305.141000032	1.23443
307.233999968	0.181826
309.325999975	1.905488
311.122999907	0.10271
313.122999907	0.007966
315.120000124	0.936737
317.140000105	1.137209
319.164999962	0.010547
321.121000051	2.188885
323.128999949	2.14
325.120000124	1.280286
327.15199995	1.672311
329.256000042	2.377249
331.349999905	1.384683
333.120000124	0.008531
334.921999931	0.005173
337.15199995	2.474505
339.120000124	1.128371
341.186999798	0.109275
343.121000051	0.446044
345.119000196	0.995911
347.119000196	1.803869
349.176000118	0.56745
352.336999893	0.011407
352.953999996	0.007045
355.137000084	0.001752
357.136000156	1.115501
359.118000031	0.298463
361.118000031	2.23417
363.237999916	2.050696
365.121000051	1.891623
367.119000196	2.024269
369.111999989	0.005089
371.200999975	1.966003
373.297999859	0.53453
375.119000196	2.950665
377.120000124	2.657146
379.120000124	0.36171
381.127000093	2.221609
383.121000051	0.003632
385.118000031	1.078668
387.133999825	3.486638
389.118000031	1.02163
391.136000156	0.383181
392.97300005	0.078456
395.312000036	0.694675
397.143000126	0.759295
399.115999937	0.759295
401.119000196	0.759295
403.130999804	0.011367
405.151000023	1.182726
407.117000103	1.394557
409.117000103	1.394557
411.118000031	1.394557
413.141000032	1.394557
415.232000113	1.394557
417.332999945	1.790498
419.117000103	1.925877
421.119000196	1.925877
423.117000103	0.600761
425.118000031	0.922384
427.205999851	0.312506
429.125	0.005995
431.118000031	1.530083
433.119000196	0.014931
435.160000086	1.205887
437.266000032	0.987021
439.353999853	0.003427
441.118000031	1.105938
443.118000031	1.105938
445.137000084	1.105938
447.128999949	1.105938
449.184000015	1.105938
451.129999876	1.105938
453.117000103	1.105938
455.141000032	0.074433
457.181999922	0.061656
464.16899991	0.276124
466.370999813	0.234864
467.776000023	0.329027
468.741999865	0.532746
471.074999809	0.108665
472.053999901	0.243713
473.717000008	0.452638
475.157999992	0.653755
476.140000105	1.204347
477.529999971	0.004605
479.19900012	1.294761
481.296000004	0.7831
483.113999844	2.082696
485.128999949	2.11946
487.120000124	1.492659
489.118000031	0.363277
491.154999971	1.587035
493.118000031	0.577967
495.124000072	0.921569
497.19900012	0.022219
499.929999828	2.971208
501.249000072	1.510882
503.356999874	1.99556
505.113999844	1.99556
507.114999771	1.99556
509.129999876	0.00946
511.113999844	1.527871
513.149999857	1.112332
515.112999916	0.023832
517.122999907	3.091573
519.112999916	0.011483
521.148999929	2.578044
523.241999865	3.333884
525.340000153	0.003409
527.128999949	0.224822
529.128000021	2.848085
531.128000021	2.389657
533.131999969	1.808959
535.167000055	1.40029
537.118000031	3.7714
539.128000021	0.012699
541.121000051	2.617779
543.176000118	3.207444
545.263000011	0.001845
547.122999907	2.15421
549.129999876	0.004004
551.148000002	3.038713
553.144000053	0.034453
555.121999979	0.177561
559.368999958	0.00114
560.133999825	2.273505
561.384000063	3.197701
563.370999813	0.834379
565.368999958	0.61455
567.370999813	1.887342
569.391000032	0.48964
571.488000154	0.006596
573.58100009	3.918595
576.32400012	0.283257
577.417999983	1.251786
579.360000134	0.542499
581.367000103	1.747197
583.255000114	0.441415
585.368999958	0.17843
587.369999886	0.729203
589.368999958	1.435668
591.399000168	2.167006
593.505999804	3.041948
595.59499979	3.008359
597.367000103	2.241988
599.375	0.576543
601.368999958	0.255858
603.38499999	1.240211
605.434000015	4.3786
607.368000031	0.326613
609.351999998	0.857506
611.368000031	0.002525
613.421000004	3.297108
615.529999971	0.01182
618.017999887	0.054267
619.368000031	1.038962
621.361000061	0.077052
623.372999907	0.732257
625.368999958	0.848913
627.281999826	1.132032
629.368999958	1.883506
631.369999886	0.846026
633.367000103	1.945496
635.44299984	1.669301
637.56099987	0.234139
639.368000031	0.289805
641.367000103	0.71559
643.386999846	0.719122
645.393999815	0.719122
647.368999958	0.049762
649.469000101	0.388615
651.34800005	0.943398
653.368000031	2.619368
655.371999979	2.011871
657.460000038	1.969609
659.570999861	1.392922
661.367000103	2.277175
663.377000093	3.36432
667.948999882	0.026888
668.637000084	1.821244
669.663000107	0.863853
671.365999937	2.252714
673.373999834	3.561303
675.360000134	2.73602
677.386999846	2.532133
679.484999895	2.594024
681.58100009	0.00537
683.399000168	1.532774
685.364000082	1.732037
687.364000082	2.290605
689.364000082	2.290605
691.420000076	2.290605
693.365999937	2.290605
695.378000021	2.290605
697.36500001	0.014497
699.416000128	0.008023
701.504999876	0.00525
703.364000082	2.538584
705.398000002	0.012792
707.372999907	3.045017
709.362999916	0.63257
711.362999916	1.426383
713.447000027	3.134328
715.36500001	1.672271
717.36500001	1.758342
719.36500001	3.874458
721.428999901	0.011536
723.529000044	2.776379
725.364000082	5.157065
727.364000082	0.003398
729.362999916	0.348503
731.362999916	0.017359
733.361999989	2.412772
735.450999975	2.637029
737.362999916	0.015152
739.689999819	0.03846
741.362999916	0.827611
743.447000027	0.045064
745.546999931	0.374908
747.36500001	0.924424
749.362999916	0.977608
751.362999916	0.885285
753.361999989	0.021624
755.402999878	0.004564
757.361999989	0.559023
759.364000082	1.536446
761.364000082	1.58073
763.371999979	1.780868
765.467999935	2.308326
767.56099987	0.013033
769.367000103	1.513261
771.364000082	2.292695
773.364000082	0.569715
775.365999937	1.148411
777.396000147	0.946342
779.361999989	3.332461
781.361000061	3.601913
783.364000082	0.007943
785.411999941	0.01627
787.522999763	0.175775
789.588999987	0.010949
791.372999907	0.093215
793.369999886	1.822016
795.357999802	1.822016
797.361999989	1.822016
799.4150002	1.822016
801.361999989	1.822016
803.360000134	1.822016
805.360000134	3.485202
807.421999931	2.549883
809.508000135	0.071492
811.364000082	1.647127
813.703000069	2.035746
815.812000036	2.035746
817.628999949	0.006675
819.4150002	1.078379
821.610999823	1.512462
823.618000031	1.607512
825.631999969	1.747935
827.613999844	1.139734
829.609999895	0.788418
831.609999895	0.33727
833.623000145	1.324352
835.732000113	2.681217
837.819999933	0.00412
839.613999844	0.023561
841.610999823	0.005271
843.609999895	0.615465
845.605999947	0.058689
847.648000002	0.918661
849.612999916	2.35054
851.628000021	2.507475
853.612999916	2.507475
855.645999908	1.90021
857.500999928	1.90021
859.842999935	1.90021
861.612999916	1.350261
863.609999895	1.350261
865.609999895	0.553195
867.610999823	1.005499
869.674000025	1.215629
871.604000092	3.221961
873.609999895	3.221961
875.694000006	3.221961
877.66899991	0.024948
879.760999918	2.911309
881.562000036	1.795196
883.609999895	3.287849
885.626999855	0.006132
887.612999916	2.41969
889.609999895	0.696991
891.567000151	0.975982
894.480000019	0.001269
895.61500001	2.359404
897.609999895	3.562094
899.695000172	0.041339
901.792000055	0.643133
903.611999989	0.04609
905.497999907	3.144837
907.611999989	3.144837
909.611999989	3.144837
911.617000103	0.364604
913.608999968	1.729119
915.601999998	3.378263
917.625999928	3.378263
919.615999937	3.052231
921.708999872	1.32187
923.802999973	1.962049
925.601999998	4.141729
927.615999937	3.709028
929.576999903	0.629869
931.628000021	1.983963
933.636000156	1.667226
935.601999998	0.726407
937.601999998	3.458291
939.605999947	0.657163
941.632999897	2.306875
943.729000092	2.306875
945.82400012	4.59824
947.601999998	2.297703
949.601000071	0.011441
951.626999855	0.007431
953.610999823	0.001842
955.663000107	0.013043
957.621000051	1.595217
959.601999998	3.229548
961.601999998	0.008596
963.648999929	2.836785
965.778999805	4.178615
967.605999947	2.315414
969.601999998	0.011918
971.621000051	0.009682
973.601999998	0.397509
975.601999998	1.888124
977.679000139	0.538345
979.609999895	0.74765
981.601999998	2.007402
983.600000143	2.298316
985.676000118	2.298316
987.780999899	0.57489
990.417999983	1.612869
991.601000071	0.159432
993.621000051	0.007545
995.601999998	0.428924
997.599000216	0.459019
999.708999872	0.003968
1001.602	3.060207
1003.60899997	0.350737
1005.60000014	2.71036
1007.69799995	0.002763
1009.78999996	0.003493
1011.60100007	2.065711
1013.59900022	2.095215
1015.61299992	0.004034
1017.59900022	1.559774
1019.61800003	0.003765
1021.59900022	3.683682
1023.60700011	3.881363
1025.60400009	3.881363
1027.61899996	1.790575
1029.73000002	4.272883
1031.81299996	4.555677
1033.60800004	0.002346
1035.60100007	0.650048
1037.60899997	2.469992
1039.59900022	1.737347
1041.64400005	0.006316
1043.59900022	2.31563
1045.61199999	0.011565
1047.59799981	3.419107
1049.64400005	1.101628
1051.74000001	4.885496
1053.84000015	5.661639
1055.59799981	5.661639
1058.0250001	1.706468
1059.84800005	2.133241
1061.8579998	2.133241
1063.84800005	2.133241
1065.84800005	2.133241
1067.8579998	0.453869
1069.8499999	5.462434
1071.84899998	0.501596
1073.84899998	2.456371
1075.85099983	0.142393
1077.94799995	2.465665
1080.04999995	0.34353
1081.85099983	2.565758
1083.852	0.287643
1085.84800005	1.710678
1087.84899998	1.298113
1089.88700008	0.825847
1091.84700012	1.557938
1093.85699987	2.793701
1095.84899998	2.793701
1097.8829999	2.793701
1099.97799993	1.576978
1102.07399988	2.921109
1103.86199999	3.336816
1105.84800005	3.336816
1107.84700012	1.689377
1109.9000001	0.031444
1111.898	0.075949
1113.75399995	0.081954
1115.84800005	3.208004
1117.8579998	3.317042
1119.89899993	0.00603
1121.9920001	0.640043
1123.84899998	2.848498
1125.84700012	0.46848
1127.84700012	0.47617
1129.8499999	0.100041
1131.84700012	1.365484
1133.92999983	0.007124
1135.8440001	3.51
1137.84599996	3.063809
1139.84700012	2.748658
1141.91600013	4.152423
1144.01399994	0.816642
1145.84700012	2.23548
1147.852	2.385707
1149.84599996	2.385707
1151.86000013	1.185414
1153.85399985	0.098914
1155.93799996	3.012837
1157.84500003	3.012837
1159.84599996	3.012837
1161.84700012	1.773441
1163.94099998	0.002388
1166.03299999	1.348189
1167.84500003	1.392542
1169.84500003	1.392542
1171.8579998	0.001994
1173.84500003	0.470467
1175.86300015	0.150465
1177.85500002	2.047926
1179.85399985	2.047926
1181.84500003	1.69722
1183.87900019	1.454234
1185.96199989	1.454234
1188.0710001	1.263432
1189.84599996	1.307092
1191.84899998	1.307092
1193.8440001	1.616278
1195.8440001	0.918329
1197.88199997	0.171903
1199.8440001	0.766859
1201.8440001	0.766859
1203.8440001	1.785892
1205.8829999	1.645987
1207.99799991	1.327105
1210.07499981	1.639939
1211.85299993	1.348431
1213.8440001	0.49314
1215.87600017	1.096873
1217.8440001	0.545073
1219.90400004	0.44902
1221.84500003	2.403186
1223.84599996	0.013023
1225.8440001	2.199
1227.898	1.626078
1229.9920001	1.238371
1231.84500003	2.401698
1233.84500003	0.016623
1235.8440001	0.482501
1237.84500003	0.0022
1239.8440001	2.820027
1241.92700005	2.409133
1243.8440001	2.443312
1245.8440001	2.443312
1247.84299994	0.060257
1249.91799998	1.626306
1252.01699996	3.193014
1253.86000013	0.008806
1255.84599996	0.009103
1257.8440001	1.461303
1259.84700012	1.997745
1261.86100006	1.003001
1263.94499993	0.182344
1265.86000013	3.316234
1267.84299994	0.01256
1269.84700012	2.324441
1271.93899989	2.667455
1274.046	1.859457
1275.8440001	1.859457
1277.84200001	0.003715
1279.85099983	1.342525
1281.8440001	1.342525
1283.86899996	3.706338
1285.84200001	0.002169
1287.84100008	1.776006
1289.84299994	0.629114
1291.88000011	1.928744
1293.96099997	3.990455
1296.05899978	3.990455
1297.85899997	3.990455
1299.85599995	0.455149
1301.84100008	1.454358
1303.84200001	0.078376
1305.92400002	0.145878
1308.09899974	0.384213
1310.09299994	0.517569
1312.1789999	0.008948
1314.16000009	1.627307
1316.11199999	0.593991
1318.09699988	1.587525
1320.09399986	1.798055
1322.14699984	2.121409
1324.09099984	1.990783
1326.09399986	2.466458
1327.98300004	1.711672
1330.08800006	2.128361
1332.09099984	2.689188
1334.09500003	2.672699
1336.09500003	1.979641
1338.09099984	0.51702
1340.08999991	2.899106
1342.09099984	1.637018
1344.16299987	2.680288
1346.11399984	3.02263
1348.09099984	0.302355
1350.09799981	0.006756
1352.0	0.503117
1354.08999991	2.745706
1356.08999991	3.014021
1358.08599997	3.014021
1360.08999991	0.017354
1362.08999991	3.465378
1364.12199998	3.553234
1366.18300009	3.525374
1368.08999991	3.538288
1370.08999991	3.538288
1372.09299994	1.817537
1374.08899999	3.612063
1375.97799993	0.580659
1378.08899999	3.801577
1380.08899999	0.009137
1382.12000012	3.640988
1384.09699988	0.008389
1386.11399984	4.278314
1388.08899999	4.278314
1390.09299994	4.278314
1392.09200001	4.278314
1394.09500003	0.025792
1396.09200001	2.057741
1398.08999991	2.057741
1400.00800014	4.590498
1402.09200001	4.148757
1404.09099984	4.40432
1406.08800006	4.40432
1408.12400007	4.40432
1410.10400009	4.40432
1412.08800006	4.40432
1414.08599997	2.34831
1416.11199999	2.34831
1418.09299994	4.253151
1420.09200001	4.251833
1422.08800006	4.387781
1423.98199987	4.399525
1426.11100006	4.399525
1428.09200001	0.00767
1430.14699984	0.576627
1432.08800006	2.703177
1434.08700013	0.016419
1436.08700013	2.052443
1438.08700013	1.810798
1440.08700013	2.611391
1442.09299994	3.478273
1444.08700013	0.854923
1446.08800006	4.26728
1448.02600002	4.556292
1450.08700013	4.542222
1452.16599989	3.975749
1454.08700013	3.975749
1456.08599997	0.006419
1458.08700013	0.017777
1460.08800006	1.980424
1462.10100007	1.266972
1464.08599997	1.950064
1466.08999991	2.077645
1468.08599997	0.472894
1470.09399986	2.399138
1472.09899974	2.438255
1474.18799996	2.838702
1476.08599997	2.763812
1478.08800006	2.763812
1480.08599997	2.075691
1482.09099984	2.075691
1484.10899997	2.680389
1486.08700013	0.020553
1488.08599997	2.972958
1490.08700013	3.592235
1492.08599997	2.293217
1494.11100006	3.446312
1496.08599997	3.666571
1498.08400011	4.375687
1500.08899999	2.862807
1502.08899999	2.04984
1504.08500004	4.41142
1506.08500004	3.212815
1508.08500004	2.513037
1510.08500004	4.435688
1512.08200002	0.456141
1514.08500004	2.278444
1516.1400001	3.554902
1518.08500004	3.554902
1520.08299994	3.554902
1522.10400009	0.077987
1524.08500004	0.003819
1526.08200002	0.005887
1528.08500004	2.477957
1530.10500002	2.486717
1532.08400011	2.752233
1534.08400011	2.607269
1536.09200001	2.533554
1538.15600014	2.533554
1540.08800006	2.377192
1542.09299994	2.377192
1544.08500004	2.209256
1546.09599996	1.475534
1548.08400011	0.00434
1550.08400011	2.249331
1552.08400011	2.391716
1554.08200002	3.08093
1556.08299994	3.140542
1558.09099984	3.842563
1560.33899975	3.495673
1562.33299994	2.950941
1564.36599994	4.291652
1566.34300017	4.291652
1568.34300017	4.291652
1570.329	2.107111
1572.33299994	2.111575
1574.34699988	2.375389
1576.33399987	2.235457
1578.33799982	0.574303
1580.33899975	4.29895
1582.33299994	0.010261
1584.35599995	4.232938
1586.38699985	4.228486
1588.33299994	4.363241
1590.34200001	4.637318
1592.33299994	0.350815
1594.32999992	2.521949
1596.33299994	2.468138
1598.33299994	0.008359
1600.33299994	3.730039
1602.33699989	3.611621
1604.35399985	0.013662
1606.31499982	0.545144
1608.40700006	0.02059
1610.34599996	0.017811
1612.33299994	3.484698
1614.33200002	3.046808
1616.33599997	1.869089
1618.34899998	2.251156
1620.33200002	2.208378
1622.33200002	2.165326
1624.329	3.031462
1626.34100008	2.451331
1628.33299994	4.352047
1630.24199986	2.459168
1632.34100008	0.218855
1634.34100008	2.410351
1636.329	0.659155
1638.33799982	0.011529
1640.26800013	0.005698
1642.33099985	0.082935
1644.36299992	3.954252
1646.33099985	4.276287
1648.34000015	2.780401
1650.36199999	4.219778
1652.33099985	3.996914
1654.22300005	5.120224
1656.829	0.005193
1658.33099985	2.073643
1660.33099985	0.656557
1662.33099985	5.005792
1664.33200002	0.500341
1666.33099985	1.844485
1668.34000015	3.62998
1670.33200002	4.600749
1672.37199998	0.002926
1674.33099985	0.097295
1676.34000015	0.022206
1678.24399996	1.016609
1680.32999992	4.034944
1682.329	4.012176
1684.329	3.815452
1686.32999992	3.972238
1688.33899975	4.810511
1690.329	4.267695
1692.329	3.334104
1694.39700007	2.074671
1696.36400008	0.007877
1698.33200002	0.115004
1700.32999992	2.819193
1702.32700014	3.006417
1704.33799982	2.764007
1706.329	1.915611
1708.329	4.656748
1710.34000015	1.053731
1712.34100008	4.67299
1714.32599998	5.745915
1716.41600013	0.007072
1718.35100007	4.708178
1720.36899996	0.003763
1722.329	3.010508
1724.34100008	1.346714
1726.329	0.906555
1728.329	3.970533
1730.329	3.970533
1732.329	4.228694
1734.32400012	0.014385
1736.3440001	0.006158
1738.43400002	2.454989
1740.32800007	4.521451
1742.32800007	0.504008
1744.33500004	2.43538
1746.352	4.602353
1748.34200001	4.602353
1750.3579998	2.912979
1752.33299994	3.689786
1754.32800007	0.015982
1756.32700014	0.337641
1758.40499997	3.965107
1760.32800007	4.691433
1762.34000015	3.873424
1764.33299994	0.025962
1766.352	0.237637
1768.32700014	2.754719
1770.33699989	0.555938
1772.32700014	1.641587
1774.32700014	4.249321
1776.32400012	0.034763
1778.32700014	0.017099
1780.38000011	4.332031
1782.32599998	4.411546
1784.32999992	4.411546
1786.32700014	0.335464
1788.32800007	0.045265
1790.32400012	2.809207
1792.32599998	0.008273
1794.32299995	4.066561
1796.33500004	4.610342
1798.33899975	4.173965
1800.32700014	4.337231
1802.40400004	0.005237
1804.33599997	2.024766
1806.329	0.004719
1808.58699989	0.572556
1810.57799983	3.029338
1812.5769999	3.029338
1814.57099986	3.029338
1816.57500005	3.029338
1818.58300018	3.029338
1820.57299995	3.029338
1822.44799995	3.029338
1824.58899999	3.029338
1826.57200003	5.048226
1828.61299992	0.657136
1830.57799983	3.865207
1832.57200003	5.869929
1834.57099986	5.869929
1836.57200003	2.496743
1838.57200003	0.034278
1840.57299995	3.058373
1842.57599998	3.058373
1844.57500005	3.063718
1846.45500016	0.554143
1848.57299995	3.40003
1850.63800001	2.737127
1852.57200003	3.349337
1854.58500004	0.00929
1856.56999993	0.553695
1858.58400011	2.785816
1860.56999993	3.701483
1862.56999993	3.73092
1864.58800006	3.515815
1866.56999993	3.367402
1868.56999993	0.015738
1870.57099986	3.849464
1872.65500021	4.14855
1874.56999993	4.549769
1876.56999993	0.013035
1878.56999993	0.173963
1880.6099999	0.941044
1882.56999993	1.406218
1884.56999993	2.72119
1886.56999993	0.019564
1888.57599998	4.114051
1890.56999993	0.013076
1892.58899999	4.395327
1894.67400002	4.433236
1896.57200003	4.225385
1898.57399988	4.225385
1900.57200003	2.355052
1902.57200003	0.048599
1904.57099986	4.410203
1906.57799983	4.410203
1908.56999993	0.053911
1910.57299995	1.979532
1912.56999993	3.788784
1914.62400007	3.401577
1916.57099986	0.006589
1918.46099997	3.931096
1920.56800008	2.542066
1922.56999993	2.341808
1924.56999993	0.025265
1926.56700015	0.02015
1928.56700015	4.196457
1930.56800008	0.028171
1932.56999993	4.973295
1934.56700015	4.264407
1936.61399984	5.395471
1938.58599997	5.502512
1940.56999993	5.628116
1942.56999993	3.386198
1944.56700015	3.386198
1946.56700015	3.386198
1948.56999993	3.386198
1950.56999993	3.386198
1952.56999993	3.386198
1954.56800008	5.584348
1956.56700015	5.592611
1958.63399982	4.867494
1960.56999993	0.027393
1963.31900001	2.917762
1965.31900001	0.05677
1967.33200002	0.656185
1969.31799984	0.017576
1971.3210001	0.680395
1973.32400012	0.742463
1975.31799984	0.240751
1977.31999993	3.875286
1979.31799984	3.875286
1981.32200003	2.293697
1983.32200003	0.232644
1985.31799984	0.038316
1987.31999993	3.846683
1989.33200002	2.693323
1991.31699991	4.395229
1993.31699991	4.364256
1995.33799982	0.016457
1997.31900001	0.612924
1999.31699991	0.042974
2001.31699991	3.219602
2003.31999993	0.007477
2005.31399989	2.102138
2007.31599998	4.787121
2009.31799984	4.24246
2011.31599998	4.519364
2013.31599998	4.569362
2015.27900004	0.378694
2017.35699987	4.698073
2019.31599998	2.986585
2021.31499982	3.688471
2023.31699991	0.239555
2025.31499982	2.161147
2027.31999993	2.400956
2029.31499982	0.016382
2031.31499982	5.120781
2033.31499982	4.313366
2035.31699991	5.137448
2037.31999993	4.009798
2039.38599992	4.009798
2041.31999993	4.967873
2043.31599998	0.005055
2045.31399989	2.674929
2047.31799984	0.055367
2049.31999993	4.468586
2051.31499982	3.667321
2053.31499982	3.128628
2055.33099985	3.870242
2057.31999993	4.020732
2059.57200003	0.046243
2061.57500005	2.897394
2063.56299996	4.821374
