0.0	1.079689
0.138000011444	1.226587
0.924000024796	1.210828
2.26699995995	1.138674
3.86400008202	1.093441
5.19099998474	1.272298
5.83400011063	1.040205
6.63199996948	1.142603
7.02900028229	1.20068
7.77100014687	1.187606
9.41599988937	0.568757
10.7070000172	1.19726
12.2730000019	1.192575
14.0789999962	0.482982
15.2740001678	1.162389
16.0950000286	1.119606
17.3840000629	0.359772
19.4440000057	1.145899
21.5520000458	0.051336
23.4409999847	0.083427
25.4340000153	1.138074
27.4470000267	0.192945
29.2809998989	0.273822
31.4489998817	1.174252
33.4460000992	0.19599
35.4409999847	1.090556
37.4470000267	0.184786
39.4500000477	1.188497
41.4400000572	0.197235
43.3510000706	1.179757
45.4450001717	1.202311
47.4450001717	0.647954
49.4460000992	1.20649
51.4359998703	1.201169
53.4479999542	1.243947
55.4390001297	1.206373
57.4420001507	0.032917
59.4470000267	1.238435
61.4489998817	1.133158
63.4409999847	1.204988
65.4370002747	1.138175
67.4470000267	0.394843
69.9070000648	1.131715
71.3199999332	1.064444
73.4380002022	0.656011
75.4610002041	1.139418
77.4359998703	1.134183
79.4479999542	1.19013
81.4489998817	0.831322
83.4349999428	1.177419
85.4370002747	1.184454
87.7010002136	1.15814
89.6830000877	0.280337
91.367000103	1.198127
93.4400000572	1.183339
95.4249999523	0.138441
97.4509999752	0.017088
99.4390001297	1.201519
101.443000078	0.66899
103.443000078	1.161018
105.444000006	1.200954
107.458000183	1.114015
109.442000151	0.434007
111.447999954	0.713355
113.458000183	1.238564
115.513000011	0.866841
117.440999985	0.893701
119.43599987	0.184685
121.446000099	1.060556
124.021000147	0.049427
125.438000202	0.041637
127.43599987	0.033973
129.442000151	1.180643
131.438000202	1.187771
133.450999975	1.179584
135.447000027	1.197448
137.448999882	0.975222
139.437000275	1.125271
141.943000078	1.208043
144.45600009	0.191288
146.253000259	1.160279
147.653000116	0.362823
149.442000151	1.068063
151.450000048	1.146949
153.443000078	1.125501
155.442000151	0.053981
157.447999954	1.106748
159.651000023	1.174813
161.502000093	0.968691
164.263000011	1.1467
166.741000175	1.136656
169.176999807	1.139887
171.725000143	1.167616
172.963999987	1.118022
174.486999989	1.130278
176.187000036	0.306932
177.875999928	0.086928
179.445000172	0.597642
181.437000275	1.072091
183.446000099	1.316059
185.445000172	1.308878
187.440999985	0.907541
189.447999954	0.752828
191.457000017	0.472882
194.376999855	1.078286
196.951999903	0.015509
199.96600008	0.999209
202.099999905	1.189319
203.039999962	1.215278
203.902000189	1.019553
205.447999954	0.061772
207.450000048	1.150657
209.698000193	0.228309
211.453999996	0.029262
213.459000111	1.133393
215.700000048	0.08156
217.694999933	1.197389
219.690000057	1.148425
221.688999891	0.017378
223.967000008	0.96216
225.947000027	0.20308
227.502000093	0.537761
229.690999985	0.35474
231.691999912	0.068354
233.690999985	1.189894
235.562000036	1.245673
237.702000141	0.558652
239.69900012	0.543388
241.799999952	1.184751
244.110000134	0.275639
246.087000132	1.176927
248.018000126	0.647904
250.11500001	1.080521
252.224999905	1.188104
253.688999891	0.097791
255.694999933	0.811077
257.697000027	1.151558
259.536999941	1.22513
261.698000193	1.061818
264.279999971	0.489645
266.128000021	0.857375
267.522000074	0.430339
269.693000078	1.228528
271.70600009	1.194976
273.690999985	1.130669
275.701000214	0.319959
277.703000069	1.190688
279.697000027	1.107318
281.701000214	0.197252
283.54399991	1.026035
285.690999985	0.041736
287.693000078	1.155164
289.589000225	1.194988
291.702000141	1.138262
293.546000004	1.211685
295.703000069	1.190394
297.70600009	0.608134
299.694000006	1.175873
301.933000088	0.062142
304.717000246	1.183534
307.354000092	1.189717
309.339999914	1.182665
310.914999962	1.179466
312.970999956	0.599835
314.89199996	1.082283
316.549000263	1.211559
318.319999933	0.700345
319.838999987	0.774617
322.070000172	1.090275
323.869000196	0.845319
325.696000099	1.187184
327.704999924	0.170254
329.697000027	1.204015
331.787999868	1.128543
334.815999985	0.899832
336.996000051	1.142106
338.367000103	1.003375
339.701000214	1.156092
341.704999924	0.495571
343.694000006	1.191433
345.693000078	0.020786
347.641000032	0.026721
350.336999893	0.124263
352.760999918	1.196721
355.365000248	0.627499
358.642000198	1.158752
360.496999979	1.260024
362.477000237	1.142579
364.082000017	0.863172
366.02699995	0.22628
368.35800004	1.140773
370.022000074	1.085005
371.398000002	0.565672
372.718000174	1.172438
373.704999924	0.72116
375.700000048	1.041784
377.697000027	0.468166
379.691999912	1.218087
381.694000006	0.189725
384.160000086	0.970362
385.710999966	1.048214
387.69900012	1.286162
389.702000141	1.237847
393.180000067	1.203999
394.389000177	0.458941
395.694000006	1.06978
397.824999809	0.655952
400.631999969	1.025376
403.39199996	1.146146
404.989000082	1.092938
405.687999964	0.068657
407.690999985	0.861584
409.693000078	0.975797
411.691999912	0.26886
413.690999985	0.820386
415.694999933	1.109211
417.710999966	0.658871
419.703999996	0.014644
421.715000153	1.083518
423.691999912	1.220208
425.694999933	0.065993
427.702000141	0.361406
429.700000048	0.025808
431.691999912	1.109324
433.702000141	1.124634
435.709000111	0.264062
437.70600009	1.199924
439.697000027	1.191816
441.694000006	1.146489
443.72300005	0.416331
445.691999912	1.197924
447.693000078	0.542822
449.703000069	1.072955
451.707999945	1.215803
453.950000048	0.525841
455.947999954	1.128907
457.707000017	1.201985
459.704999924	0.84349
461.947000027	1.192468
463.958000183	1.22809
465.810000181	0.908213
467.94900012	0.987705
469.942000151	0.987705
471.950999975	1.082542
473.947000027	1.162077
475.957000256	1.192219
477.946000099	1.214001
479.953999996	1.144319
481.944000006	1.190443
483.947000027	0.687953
485.951999903	0.653484
487.955000162	1.18141
489.802000046	1.246044
491.950999975	0.597861
493.95600009	0.144509
495.943000078	0.380709
497.95299983	1.024012
499.95299983	1.226203
501.944000006	1.152874
503.955000162	0.235689
505.957000256	1.254164
507.944000006	1.128617
509.957000256	1.183051
511.947999954	0.079344
513.802999973	1.415263
515.944000006	0.168674
517.950999975	1.154864
519.95600009	1.145714
521.94900012	0.329554
523.95600009	1.2087
525.95299983	1.171236
527.951999903	1.192323
529.946000099	1.162235
531.950999975	1.291409
533.951999903	1.192751
535.950000048	1.196446
537.796000004	1.225642
539.94900012	1.146689
541.951999903	1.144847
543.950999975	1.228074
545.944000006	0.664854
547.957000256	1.226748
549.960999966	0.138288
551.957000256	1.221515
553.958000183	1.055186
555.947999954	1.187994
557.951999903	1.115742
559.960999966	0.940559
561.965000153	1.209368
563.960000038	0.692978
565.847000122	1.153944
567.947999954	0.246821
569.951999903	0.183289
571.970000029	0.128651
573.951999903	0.429674
575.94900012	0.563027
577.947000027	0.644102
579.95600009	1.124128
581.946000099	1.20314
583.950000048	0.048591
585.955000162	0.661991
587.953999996	1.172965
589.951999903	1.204551
592.054000139	1.168829
593.96600008	1.165787
595.960000038	1.098506
597.947999954	0.876547
599.920000076	0.135696
602.292000055	0.407593
603.950999975	1.083503
605.95600009	1.128298
607.869000196	0.033538
609.883000135	0.015921
611.950999975	1.105476
613.947000027	1.272015
615.960999966	0.062795
617.950000048	0.438754
619.947000027	1.195596
621.957000256	0.045461
628.786999941	0.023262
637.623000145	0.346103
638.310000181	0.152776
639.551000118	0.171015
641.486000061	0.252077
644.224999905	0.411048
645.869000196	0.396008
647.570000172	0.090071
649.003999949	0.282912
651.226999998	0.054274
653.539000034	0.365691
655.895999908	0.218093
657.536999941	0.381355
658.371000051	0.131697
659.98300004	0.100496
664.944999933	0.335075
665.62100029	0.930924
666.040999889	1.127772
666.532000065	1.172376
667.616999865	1.190013
668.664999962	1.19591
670.164000034	0.86369
671.634000063	1.164768
673.022000074	1.165135
674.395999908	0.138928
675.947999954	1.06685
677.826000214	0.637365
678.893000126	1.166439
680.424000025	1.18903
682.062000036	1.099511
683.963999987	1.219643
685.979000092	1.224769
687.951999903	1.191238
689.95600009	1.125811
691.94900012	1.062865
693.965000153	0.071485
695.960000038	0.911603
697.962000132	1.145265
699.962000132	0.173085
701.962000132	1.209255
703.955000162	1.124985
706.200999975	1.149813
707.95600009	0.422412
710.19900012	1.122119
712.207999945	0.376274
713.963000059	0.238791
716.213000059	0.088543
718.207000017	1.229032
720.203999996	1.191989
722.21600008	0.325824
724.208999872	0.031491
726.19900012	1.24843
728.213000059	1.206843
730.20600009	0.545373
732.207999945	0.020992
734.19900012	1.360627
736.217000008	0.784783
738.214000225	1.007939
740.203999996	0.160413
742.203999996	1.047309
744.010000229	1.178995
746.104000092	1.101832
748.20600009	1.18452
750.066000223	0.097881
752.208999872	1.165309
754.208999872	1.23609
756.20600009	1.168433
758.198000193	0.14653
760.213000059	0.034782
762.203000069	0.919355
764.210000038	0.213432
766.174000025	0.350448
768.38499999	0.512024
770.539000034	1.153609
772.200999975	1.148558
774.171999931	0.584989
776.792999983	0.801873
779.28399992	1.04638
781.635999918	1.145406
782.211999893	1.228744
784.200999975	1.24136
786.210000038	1.069882
788.208999872	1.232964
790.205000162	1.187484
792.210999966	1.068412
794.210000038	1.152725
796.200000048	1.071343
798.210999966	0.449823
800.20600009	1.190577
802.207000017	1.131782
804.213000059	1.224635
806.213000059	1.028524
808.207999945	1.181331
810.082000017	1.194941
812.202000141	1.177524
814.202000141	0.139534
816.200999975	0.033401
818.203999996	0.039202
820.207999945	1.180295
822.207999945	0.939658
824.207999945	1.096739
826.203999996	1.253891
828.21600008	0.271742
830.218000174	0.091604
832.210999966	1.184861
834.210999966	0.667694
836.203000069	0.868715
838.208999872	1.164903
840.208999872	1.147092
842.203000069	1.203869
844.205000162	1.191528
846.200999975	1.213488
848.211999893	1.184512
850.208999872	1.208286
852.200999975	1.209367
854.200999975	0.095844
856.214000225	0.24636
858.214000225	0.05893
860.20600009	0.314064
862.218000174	1.007702
864.210999966	0.52147
866.210999966	1.071333
868.202000141	0.620816
870.202000141	0.048118
872.203999996	0.909589
874.210000038	1.174884
876.217000008	0.029823
878.211999893	0.296963
880.203999996	1.205062
882.211999893	1.146536
884.207000017	1.203469
886.21600008	0.544166
888.203999996	0.94791
890.213000059	0.039439
892.214000225	1.238963
894.210000038	0.462777
896.217000008	1.161673
898.205000162	1.219748
900.210000038	0.456849
902.215000153	1.199294
904.363000154	1.186115
906.582000017	0.949836
908.218000174	0.6644
910.211999893	1.074877
912.215000153	0.024732
914.203999996	0.034037
916.210999966	1.188688
918.214000225	1.169599
920.217000008	1.068618
922.208999872	1.206334
924.217000008	0.241801
926.205000162	0.033401
928.21600008	0.054946
930.207999945	0.05284
932.20600009	0.799964
934.210000038	0.299932
936.214000225	1.129454
938.208999872	1.207071
940.213000059	1.180405
942.203000069	0.020869
944.21600008	0.975185
946.210999966	0.082222
948.208999872	1.12446
950.213000059	0.016381
952.222000122	0.362457
954.21600008	1.051453
956.21600008	0.403727
958.210000038	1.204689
960.21600008	1.108961
962.211999893	0.004803
964.21600008	1.19556
966.215000153	0.155211
968.453999996	1.190722
970.467000008	0.801549
972.338999987	1.210329
974.511000156	0.55835
976.632999897	0.650533
978.608999968	0.702412
980.327000141	1.196861
982.464999914	1.227766
984.319000006	1.042555
986.461000204	1.151753
988.457000017	0.271557
990.470999956	0.726329
992.455000162	1.205077
994.462000132	1.18761
996.459000111	1.180518
998.464999914	0.987548
1000.45900011	0.489645
1002.42000008	0.07061
1004.5999999	1.179226
1006.46799994	0.363859
1008.5999999	0.812152
1010.58200002	0.658219
1012.86500001	1.14688
1014.78299999	1.191393
1016.4690001	1.181942
1018.56299996	0.596985
1020.92200017	0.436362
1022.46799994	1.221943
1024.45800018	0.89442
1026.67000008	0.031983
1028.671	1.187323
1030.46799994	1.18009
1032.30299997	1.199196
1034.45800018	0.021602
1036.46200013	0.836505
1038.45900011	1.171227
1040.46799994	0.110898
1042.46499991	0.935653
1044.46799994	0.467029
1046.4610002	1.163196
1048.46000004	0.668569
1050.46200013	0.225335
1052.46700001	1.260726
1054.46700001	1.257325
1056.45800018	0.814059
1058.46600008	1.170718
1060.47000003	1.090347
1062.46200013	0.747579
1064.454	1.244756
1066.47199988	1.256126
1068.45600009	0.604238
1070.47500014	1.18876
1072.46399999	0.930496
1074.4610002	0.666142
1076.47600007	1.192426
1078.46300006	1.195592
1080.46300006	0.854391
1082.45500016	1.161495
1084.46399999	0.146271
1086.45900011	0.96815
1088.46399999	0.88717
1090.46300006	1.252309
1092.45800018	0.644142
1094.46499991	1.18783
1096.46700001	0.161815
1098.46200013	1.185706
1100.46000004	1.217736
1102.45500016	1.081153
1104.46399999	1.23996
1106.45800018	1.182505
1108.46300006	1.192454
1110.45500016	0.523027
1112.46499991	1.128073
1114.4690001	1.070353
1116.46700001	1.181158
1118.46200013	1.1331
1120.46000004	0.093374
1122.46200013	1.167575
1124.46000004	1.176931
1126.46399999	1.088325
1128.45600009	0.984905
1130.46200013	1.115371
1132.46000004	0.355468
1134.45700002	1.13845
1136.46200013	0.962485
1138.47299981	1.030973
1140.45900011	0.098965
1142.48300004	0.032262
1144.48000002	0.599492
1146.47099996	0.611049
1148.46399999	0.68897
1150.46399999	1.121312
1152.55000019	1.144798
1154.46000004	0.095117
1156.45800018	1.026241
1158.46600008	0.460383
1160.4690001	1.165626
1162.4610002	0.789698
1164.56600022	1.059714
1166.4610002	0.477805
1168.5480001	1.057864
1170.45800018	0.613288
1172.44799995	0.031728
1174.47000003	0.880272
1176.4610002	0.841031
1178.46700001	0.139886
1180.4610002	1.261164
1182.47299981	1.186098
1184.4690001	1.18721
1186.4610002	0.21542
1188.46499991	0.203066
1190.46399999	0.273977
1192.47600007	1.193504
1194.46700001	1.195567
1196.46399999	1.171527
1198.46399999	1.131647
1200.46200013	1.147899
1202.45800018	1.189856
1204.46000004	1.134986
1206.47700024	1.215827
1208.47299981	1.234682
1210.46700001	1.261884
1212.47700024	0.225754
1214.5650003	1.188719
1216.72099996	0.946945
1218.71500015	0.069011
1220.70799994	0.566611
1222.72099996	1.129757
1224.99700022	0.321024
1227.8130002	0.175177
1230.18300009	1.158793
1232.53900003	1.082812
1235.03299999	1.223463
1237.42700005	1.220307
1239.91499996	0.004679
1241.73400021	1.137281
1243.75800014	1.20302
1245.44799995	0.182105
1247.03600001	0.936553
1248.92000008	1.229962
1251.3599999	1.175344
1254.43400002	0.02774
1257.09500003	0.02451
1259.76699996	0.987869
1261.671	0.634672
1264.33699989	1.168782
1266.85400009	1.077462
1268.17499995	0.474032
1269.67599988	1.16579
1270.84099984	1.168999
1272.2249999	0.396099
1273.38100028	1.078035
1274.58100009	1.213279
1275.51200008	1.199963
1276.61599994	1.165629
1278.72399998	1.208907
1280.71500015	0.603465
1282.73300028	1.076996
1284.71700025	1.059111
1286.56600022	1.138172
1288.72500014	0.31827
1290.72799993	1.036859
1292.70799994	1.16406
1294.71700025	0.066031
1296.71500015	1.225789
1298.71600008	1.202689
1300.72300005	0.224077
1302.8130002	1.176203
1304.71500015	0.03439
1306.71099997	0.143676
1308.71199989	1.202113
1310.56800008	1.209161
1312.71700025	0.354967
1314.72099996	0.45763
1316.7190001	0.493779
1318.71000004	0.303999
1320.71700025	0.732018
1322.72300005	0.447202
1324.74100018	1.098944
1326.71000004	0.273058
1328.72200012	1.193315
1330.78399992	1.18456
1332.71800017	0.093932
1334.71400023	1.219091
1336.71400023	0.160592
1338.71199989	0.017319
1340.72500014	0.05604
1342.72399998	0.128079
1344.7190001	1.151997
1346.71600008	1.029411
1348.71000004	1.031245
1350.72300005	1.052945
1352.71199989	0.168179
1354.72099996	1.197906
1356.71000004	0.102043
1358.71099997	1.128548
1360.73000002	0.692205
1362.72200012	1.149122
1364.72200012	1.063364
1366.72000003	1.133743
1369.14700007	0.957888
1370.71099997	1.196116
1372.71500015	1.188475
1374.71500015	1.22309
1376.71600008	1.180547
1378.71800017	1.251163
1380.72099996	0.016459
1382.71600008	1.233251
1384.72500014	1.232494
1386.71099997	0.235743
1388.71099997	1.145189
1390.72099996	0.770832
1392.7190001	1.162181
1394.71800017	1.22523
1396.72600007	0.12366
1398.72200012	1.229536
1400.72000003	0.639942
1402.727	1.146859
1404.73300028	0.478524
1406.71700025	1.039863
1408.72399998	1.151792
1410.72399998	1.164544
1412.71299982	0.373575
1414.72300005	0.83068
1416.71299982	1.233076
1418.72500014	0.475088
1420.71400023	1.143686
1422.71600008	1.128508
1424.71400023	1.199775
1426.72000003	1.121708
1428.72600007	0.016626
1430.72500014	1.206817
1432.727	0.004021
1434.72500014	1.202997
1436.72099996	0.292366
1438.71500015	1.171589
1440.71299982	1.117032
1442.73000002	1.167733
1444.79200006	0.093243
1446.727	0.910248
1448.72300005	1.17504
1450.71800017	0.150011
1452.71700025	0.935297
1454.71600008	1.215942
1456.73400021	0.048499
1458.72099996	1.150585
1460.72000003	0.093308
1462.72600007	0.242452
1464.72099996	0.943318
1466.97500014	0.110615
1468.73900008	0.294023
1470.7650001	0.636277
1472.98100019	0.22502
1475.89199996	1.40829
1478.42799997	0.148388
1480.26399994	1.090923
1482.34299994	1.146837
1484.38100028	1.17662
1485.921	1.140087
1487.22900009	1.284718
1488.97099996	0.721657
1490.97300029	0.553359
1492.98000002	0.165446
1494.98399997	1.174628
1496.96500015	1.19382
1498.97199988	1.199452
1500.96500015	1.162093
1502.98200011	0.889701
1504.96500015	1.206352
1506.96500015	0.10908
1508.96500015	1.135454
1510.97300029	0.139137
1513.02600002	1.163346
1514.977	1.01158
1516.98699999	1.032695
1518.97199988	1.198339
1520.97300029	0.247443
1522.96799994	1.227225
1524.96399999	0.696011
1526.98399997	1.218662
1528.96500015	0.226791
1530.96500015	0.52561
1532.96899986	1.186241
1534.96600008	1.148147
1536.97600007	1.203882
1538.97000003	0.153384
1540.97000003	1.218277
1542.96899986	0.553731
1544.97900009	1.161647
1547.01999998	1.059606
1549.25500011	1.211292
1550.97300029	0.029187
1552.96300006	0.352126
1554.91700029	0.751322
1556.97000003	0.281278
1558.98600006	0.685632
1560.96500015	1.206244
1562.96899986	0.165542
1564.9849999	0.825467
1566.977	1.139438
1568.97900009	1.040775
1570.97600007	0.396101
1573.06600022	0.14549
1575.16799998	1.05871
1576.97400022	0.135755
1578.96899986	0.391111
1580.97000003	0.058573
1582.97300029	1.176752
1584.97400022	1.146922
1586.96600008	1.215352
1588.97800016	1.188228
1590.90300012	0.825169
1593.12600017	0.047619
1594.97000003	0.181974
1596.97099996	0.120805
1598.97000003	1.28832
1600.96600008	1.145724
1602.98200011	0.17103
1604.96899986	0.891679
1606.977	0.098714
1609.55000019	1.128083
1612.14100027	1.298076
1615.03500009	0.375364
1617.42600012	0.145079
1618.43599987	0.933835
1619.41900015	1.123557
1621.37800002	0.805773
1622.98600006	0.305183
1624.98000002	0.39838
1626.98100019	1.174214
1628.977	0.568431
1630.97900009	0.16329
1632.97199988	1.221545
1634.9849999	1.137861
1636.98699999	0.33765
1638.97600007	0.109789
1640.96600008	1.221134
1642.97800016	1.06391
1644.97400022	0.013221
1646.96799994	1.203202
1648.97099996	1.145979
1650.97500014	1.204377
1652.97199988	1.310842
1654.98699999	1.182984
1656.97500014	1.279226
1658.97500014	1.151851
1660.97099996	1.118755
1662.96700001	1.215024
1664.98100019	1.138966
1666.97500014	1.152654
1668.97000003	0.360097
1670.96600008	1.256863
1672.96700001	1.204208
1674.97900009	0.352465
1676.97800016	1.237852
1678.97500014	1.094555
1680.97199988	1.217436
1682.97000003	1.236084
1684.97600007	1.202777
1686.98699999	1.296913
1688.97800016	0.187529
1690.97099996	1.198954
1692.97099996	1.242097
1694.97900009	1.084203
1696.97199988	1.161684
1698.977	0.966091
1700.97099996	0.702519
1702.97600007	1.180223
1704.97199988	1.082489
1706.97000003	1.204295
1708.97099996	0.620539
1710.977	0.750801
1712.97900009	0.85172
1714.98200011	1.210717
1717.22100019	1.237399
1718.98900008	1.255243
1720.97600007	1.202985
1722.9849999	1.228455
1725.23700023	1.227831
1727.227	1.244459
1729.22799993	1.188221
1731.22900009	1.196721
1733.12300014	0.638286
1735.22200012	0.98322
1737.22399998	0.003961
1739.23000002	1.188639
1741.22799993	0.08498
1743.23400021	0.137222
1745.22900009	1.174365
1747.22100019	1.199983
1749.4940002	0.473785
1751.22300005	0.253406
1753.2249999	0.269025
1755.23700023	1.191687
1757.1170001	0.031151
1759.22900009	0.265454
1761.25400019	0.043871
1763.52200007	1.225751
1765.23000002	0.173528
1767.23600006	1.19953
1769.23000002	0.306327
1771.22399998	1.177246
1773.27999997	1.073667
1775.22000003	1.207645
1777.23099995	1.234352
1779.22100019	1.17879
1781.08200002	0.96519
1783.22900009	1.181707
1785.24000001	1.123793
1787.23800015	1.057839
1789.22000003	0.553621
1791.22100019	1.231095
1793.23000002	1.119567
1795.2249999	1.19484
1797.22200012	1.143874
1799.23099995	1.164654
1801.22799993	1.218012
1803.22300005	1.045698
1805.07500005	1.218148
1807.22900009	1.179559
1809.22100019	0.100216
1811.22600007	1.109946
1813.22300005	0.995454
1815.22100019	0.035628
1817.227	1.121716
1819.2249999	0.036557
1821.22100019	1.204182
1823.39100003	1.205806
1825.83400011	1.066492
1828.16200018	1.093472
1830.25600004	1.175257
1831.25500011	1.187184
1833.10800004	0.917245
1835.23400021	0.26951
1837.22799993	1.157168
1839.23700023	0.299706
1841.2249999	1.178662
1843.22000003	0.095596
1845.23199987	1.18475
1847.23800015	1.124085
1849.23900008	1.208779
1851.42900014	1.090086
1853.24000001	0.389091
1855.22799993	0.443674
1857.23199987	0.250028
1859.23300004	0.276119
1862.02399993	1.213467
1864.79200006	1.171028
1868.00899982	1.197768
1870.38300014	0.899
1872.85800004	1.195489
1873.65699983	0.858246
1874.42400002	0.516959
1876.102	0.490022
1878.02200007	1.086516
1879.66499996	0.274601
1881.23900008	1.086255
1883.22200012	1.114418
1885.22300005	0.602301
1887.22600007	1.211927
1889.16100001	0.462178
1891.58299994	1.18145
1893.26900029	0.699087
1895.2249999	1.181946
1897.23199987	1.237681
1899.23000002	0.103803
1901.23500013	0.158471
1903.23000002	0.174346
1905.23600006	1.195778
1907.23000002	0.308246
1909.23000002	0.115361
1911.22900009	1.201939
1913.23900008	1.12539
1915.22200012	0.227214
1917.22300005	1.227517
1919.23600006	1.15742
1921.23199987	1.257419
1923.23300004	0.391062
1925.23400021	0.539048
1927.22399998	1.153043
1929.23099995	1.196033
1931.23700023	0.092168
1933.22900009	1.071202
1935.22300005	1.182298
1937.227	1.133035
1939.23099995	1.007338
1941.227	0.245015
1943.23300004	1.23565
1945.40200019	1.063605
1947.84600019	0.846231
1949.63100004	1.126461
1951.23500013	1.184197
1953.23300004	1.096345
1955.23300004	0.846062
1957.22600007	1.179663
1959.22900009	1.151549
1961.23099995	1.188888
1963.22300005	1.142793
1965.22300005	1.213602
1967.47700024	1.174839
1969.23500013	1.148409
1971.47800016	0.557908
1973.23400021	1.089796
1975.48799992	1.201175
1977.48099995	0.083341
1979.48500013	1.347602
1981.24099994	0.086688
1983.48399997	1.231529
1985.48899984	1.22154
1987.48500013	1.064161
1989.48000002	0.731426
1991.48600006	1.180802
1993.47500014	1.164786
1995.50100017	1.192209
1997.48300004	1.229884
1999.48699999	0.252666
2001.47299981	0.78697
2003.47600007	1.158405
2005.48500013	0.392079
2007.47800016	1.271417
2009.47500014	1.178648
2011.47600007	0.391581
2013.47900009	0.678531
2015.48200011	0.301004
2017.47400022	0.04454
2019.48399997	0.200776
2021.48200011	0.573887
2023.48600006	1.009005
2025.61199999	1.166405
2027.50100017	1.212267
2029.47500014	1.225588
2031.48799992	1.109663
2033.48000002	1.203349
2035.48799992	1.193048
2037.49600005	1.162784
2039.48000002	1.301691
2041.48899984	0.805755
2043.48600006	0.015922
2045.48600006	1.106683
2047.48899984	1.150973
2049.48099995	1.178477
2051.48799992	0.094425
2053.48099995	1.204278
2055.47600007	1.207276
2057.48300004	1.182545
2059.47600007	1.207417
2061.48699999	0.020947
2063.47500014	0.740287
2065.49300027	0.682096
2067.4940002	1.185449
2069.48399997	1.237497
2071.48099995	0.255036
2073.48600006	1.178607
2075.48600006	1.195601
2077.48899984	1.195574
2079.47600007	1.201278
2081.47600007	1.114556
2083.48399997	0.666039
2085.49000001	1.19042
2087.48000002	0.611404
2089.67400002	0.68344
2091.50200009	1.134046
2093.79200006	0.407002
2095.55200005	0.652158
2097.48099995	0.083632
2099.47700024	1.162281
2101.49099994	1.122028
2103.47500014	1.248503
2105.48500013	1.216512
2107.48399997	0.715686
2109.48200011	0.305324
2111.48899984	1.094555
2113.48300004	0.066593
2115.50399995	1.179956
2117.49099994	0.630256
2119.48200011	0.794341
2121.48099995	0.85364
2123.47700024	1.139102
2125.48500013	0.327501
2127.47900009	1.238016
2129.48600006	0.129114
2131.49099994	0.244812
2133.51600003	0.034298
2135.55999994	1.268038
2137.71299982	1.188387
2139.45000005	0.150904
2141.48099995	1.222321
2143.48300004	1.183443
2145.48899984	0.531221
2147.48899984	1.185675
2149.5170002	1.049467
2151.48099995	1.171246
2153.47600007	0.283611
2155.47700024	0.237131
2157.48399997	1.12809
2159.47700024	1.183863
2161.53500009	0.857749
2163.46300006	0.14171
2165.49000001	0.261332
2167.61300015	0.05039
2170.13199997	0.061951
2171.87800002	1.171819
2173.48000002	1.080321
2175.48399997	0.033877
2177.49300027	1.213856
2179.47600007	1.235299
2181.4920001	1.219692
2183.48099995	1.155175
2185.48099995	1.218348
2187.47900009	0.949858
2189.4920001	1.211335
2191.49099994	0.400457
2193.5	1.195321
2195.48699999	0.812965
2197.47900009	1.199433
2199.48899984	1.206901
2201.48600006	1.125118
2203.47700024	0.276229
2205.49000001	1.220386
2207.48000002	1.052352
2209.49000001	1.140675
2211.48000002	1.168036
2213.48099995	0.448747
2215.48399997	1.198528
2217.48099995	1.181568
2219.50200009	0.210144
2221.49600005	1.177753
2223.48399997	1.266488
2225.48899984	0.130976
2227.48899984	1.188688
2229.73300028	1.163059
2231.72799993	1.250503
2233.73699999	0.731629
2235.73300028	0.902368
2237.7420001	0.437223
2239.83299994	1.041763
2241.96000004	0.406974
2243.7420001	1.172376
2245.73400021	1.128606
2247.54200006	1.055577
2249.74100018	0.573765
2251.59599996	0.496475
2253.74100018	1.198757
2255.73900008	1.242743
2257.7420001	0.32086
2259.73900008	1.201941
2261.74699998	1.205493
2263.74100018	1.084032
2265.73699999	1.168773
2267.67599988	1.134499
2269.74000001	0.224492
2271.73900008	1.135793
2273.73400021	1.201732
2275.579	1.186468
2277.73800015	0.256283
2279.73000002	1.148054
2281.68500018	1.113208
2283.57500005	0.714751
2285.73500013	0.407019
2287.74300003	1.224079
2289.74000001	0.778185
2291.73000002	0.141933
2293.74499989	1.169342
2295.74699998	0.87411
2297.73900008	1.186578
2299.57599998	1.18617
2301.7420001	1.178837
2303.73199987	1.168786
2305.74399996	1.249465
2307.74399996	0.22126
2309.73099995	0.070774
2311.74300003	0.034538
2314.02399993	1.203789
2316.02600002	1.160341
2317.81800008	1.286189
2320.11100006	1.26698
2322.20700002	0.881124
2324.40799999	1.140922
2326.53600001	1.173768
2328.47900009	1.232924
2330.93199992	0.553418
