0.0	0.099399
1.18899989128	0.346754
2.11599993706	0.085521
2.57299995422	0.299924
2.98599982262	0.797419
3.22000002861	0.704588
3.37799978256	0.074696
3.70899987221	1.871545
4.09999990463	1.061384
4.90099978447	3.366926
7.15499997139	5.82636
9.15100002289	5.869204
11.3789999485	4.204096
13.393999815	7.957305
15.3980000019	8.916166
17.393999815	0.163286
19.6849999428	0.046842
21.6419997215	1.951004
23.8999998569	6.647734
26.4169998169	0.960453
28.4230000973	0.902347
30.632999897	4.970484
32.8940000534	1.455968
34.8870000839	5.179463
37.1429998875	9.245846
39.1429998875	2.887001
41.3870000839	3.297678
43.6499998569	2.505515
45.643999815	10.589983
47.9440000057	1.899356
50.1969997883	7.267945
52.1939997673	0.794149
54.1529998779	0.149179
56.1779997349	0.320475
58.1419999599	1.040383
60.1489999294	3.612223
62.1369998455	1.937651
64.1459999084	0.021233
66.1889998913	0.630437
68.1459999084	6.366875
70.138999939	1.005051
72.1979999542	1.547329
74.1900000572	4.151073
76.1640000343	4.56122
78.137999773	4.153676
80.138999939	7.635079
82.1399998665	0.838638
84.143999815	5.701161
86.1879999638	0.456902
88.1449999809	1.219022
90.1879999638	0.018347
92.1529998779	2.580477
94.1549999714	3.799303
96.1399998665	4.950945
98.1449999809	0.074855
100.188999891	7.498586
102.198999882	1.061624
104.153999805	1.989288
106.14199996	1.256171
108.184000015	0.382541
110.151000023	0.136272
112.398999929	8.148721
114.138999939	5.147953
116.137999773	0.133842
118.166000128	10.380751
120.400999784	2.036203
122.387000084	2.619036
124.371999979	4.494753
126.411999941	3.136195
128.388999939	5.294878
130.39199996	0.701604
132.385999918	12.122736
134.394999981	0.959503
136.383999825	13.001395
138.393999815	5.894955
140.394999981	0.125509
142.388000011	0.040142
144.400999784	0.703049
146.387000084	0.042526
148.28399992	3.425229
150.383999825	1.319398
152.416999817	8.79666
154.443000078	6.230172
156.443000078	0.48811
158.427000046	1.221566
160.393999815	0.30313
162.428999901	0.272144
164.398999929	0.16924
166.395999908	4.420551
168.390000105	0.13476
170.278000116	0.165769
172.414000034	0.305425
174.294000149	1.630771
176.272999763	1.480673
178.791999817	1.41008
180.398999929	2.539736
182.400999784	2.298345
184.428999901	2.499137
186.42200017	0.543181
188.404000044	6.544051
190.391000032	7.15856
192.441999912	0.48108
194.449999809	5.991117
196.394999981	1.418672
198.391000032	1.221597
200.384999752	0.671441
202.388000011	3.300145
204.39199996	0.300039
206.423000097	0.952489
208.382999897	2.506025
210.441999912	5.295941
212.427000046	5.070833
214.385999918	0.084468
216.394999981	3.175818
218.387000084	0.376377
220.411999941	2.910818
222.399999857	0.559053
224.393999815	3.137178
226.409999847	8.211793
228.404999971	0.74702
230.399999857	1.398895
232.380999804	0.603273
234.393999815	5.035496
236.414999962	9.729269
238.407999992	0.004068
240.391000032	2.938609
242.391000032	1.726533
244.313999891	0.134941
246.398999929	1.290501
248.39199996	12.300002
250.41899991	1.019424
252.423000097	3.531861
254.400999784	3.333437
256.404000044	9.004233
258.450999975	0.400221
260.448999882	3.182993
262.437999964	3.463336
264.424999952	0.591147
266.449999809	0.566527
268.374000072	1.43181
270.454999924	2.954873
272.388000011	1.75162
274.39199996	7.367956
276.388000011	12.238738
278.441999912	0.974264
280.398000002	1.848683
282.394999981	10.992271
284.402999878	4.730384
286.393999815	19.008692
288.396999836	2.390066
290.384999752	11.013889
292.399999857	1.600442
294.391000032	0.004987
296.40899992	1.169097
298.398999929	0.013737
300.507999897	1.176872
302.437999964	0.037614
304.398000002	8.303034
306.434999943	0.168446
308.395999908	8.70385
310.393999815	0.679386
312.41899991	0.179995
314.387000084	0.442787
316.449999809	9.163378
318.90199995	0.191686
320.891000032	1.407964
323.138999939	6.45212
325.400999784	2.520506
327.406000137	0.044263
329.646000147	9.139765
331.90199995	8.33058
333.914999962	0.162214
336.42200017	5.191466
338.407000065	4.782115
340.639999866	1.620097
342.819999933	5.729291
344.888999939	2.436751
347.140999794	0.287518
349.40899992	0.372971
351.412999868	0.539349
353.882999897	1.256389
355.950000048	5.452127
358.142999887	0.222651
360.393999815	0.702258
362.406000137	0.583651
364.691999912	1.409308
366.676999807	1.028473
369.020999908	2.579752
371.406000137	10.773952
373.406000137	6.363336
375.667999983	1.929438
377.884999752	9.228774
379.895999908	3.222008
382.131000042	13.754191
384.14199996	15.800175
386.385999918	1.800638
388.913999796	11.767914
390.945999861	1.133867
393.16899991	2.115019
395.42200017	4.952
397.439999819	4.952
399.638000011	5.798325
401.659999847	4.904363
404.142999887	4.377809
406.404000044	1.259449
408.409999847	0.140673
410.695999861	1.198507
413.148000002	0.023392
415.152999878	0.093325
417.444000006	1.833413
419.404000044	8.435221
421.69299984	6.367051
423.928999901	8.850411
425.907000065	3.005426
428.455999851	9.974763
430.663000107	0.088199
432.65899992	1.999949
434.938999891	0.153215
436.929999828	3.047293
439.176999807	3.729634
441.664000034	4.97313
443.651000023	0.91631
445.910000086	0.044966
448.17599988	0.020302
450.17599988	0.466955
452.430000067	9.636301
454.938999891	0.882545
456.661999941	1.063747
459.183000088	2.224671
461.184000015	1.259377
463.440999985	0.904042
465.936999798	0.13719
468.138999939	3.07968
470.171999931	0.143449
472.416999817	0.844122
474.431999922	5.065924
476.919999838	4.522834
478.888000011	5.716144
483.407999992	7.805328
485.411000013	3.418741
487.395999908	0.961766
489.434999943	0.087882
491.439999819	0.223871
493.394999981	2.239175
495.404999971	3.65919
497.385999918	2.928048
499.430999994	0.072488
501.383999825	1.27665
503.417999744	0.139587
505.380999804	4.238417
507.400999784	0.31925
509.415999889	1.955435
511.441999912	1.845202
513.398000002	2.13821
515.388000011	5.43553
517.396999836	7.056739
519.45299983	3.146537
521.407999992	4.952453
523.414000034	7.411848
525.383999825	2.48177
527.411000013	0.041389
529.387000084	2.633493
531.391000032	2.992078
533.394999981	0.99571
535.394999981	1.290322
537.388999939	1.62181
539.433999777	0.186579
541.41899991	14.576467
543.416999817	0.564372
545.423000097	0.46943
547.444000006	13.094015
549.460000038	1.30333
551.447000027	0.994061
553.42200017	4.326445
555.431999922	0.25705
557.42599988	2.058339
559.596999884	0.109685
561.395999908	0.112192
563.412999868	0.106913
565.411999941	3.02873
567.444000006	0.330472
569.407000065	2.959381
571.398999929	1.701277
573.402999878	5.52955
575.434999943	0.40262
577.437999964	2.373063
579.420999765	0.005226
581.427999973	0.042663
584.176999807	0.042939
585.99399972	0.241796
587.463999987	2.003811
589.391000032	0.034682
591.396999836	6.072004
593.387000084	7.651812
595.40899992	0.079041
597.451999903	2.238021
599.674999952	2.764536
601.427000046	3.234053
603.595000029	0.703571
605.534000158	1.827659
607.703999996	4.832673
609.695999861	5.329466
611.680999756	1.603414
613.667999983	1.107248
615.652999878	0.198148
617.698999882	0.822085
619.667999983	0.165288
621.681999922	0.048949
624.531999826	0.016882
627.296999931	1.106882
628.615999937	1.912362
629.720999956	0.752739
631.632999897	3.126441
633.67599988	0.189871
635.619999886	3.697166
637.661999941	3.497686
639.656999826	0.184724
641.688999891	4.395648
643.672999859	0.197925
645.929999828	1.840418
647.924000025	4.375473
650.139999866	4.011765
652.404999971	7.152287
654.398000002	3.345365
656.631000042	0.005842
659.14199996	1.768969
661.108999968	1.222392
663.427999973	0.369794
665.396999836	7.10622
667.907000065	1.260665
670.180999756	0.965859
672.143999815	9.042335
674.398000002	10.756822
676.654999971	14.814372
678.651000023	0.053059
681.174000025	13.294053
683.161999702	0.223746
686.638000011	0.055968
688.923000097	0.133748
690.881999731	10.729192
693.388999939	8.326973
695.654000044	1.444782
697.671999931	7.055371
700.167999983	0.429466
702.174999952	0.338998
704.382999897	0.169811
706.921999693	0.123969
708.926000118	1.641103
711.178999901	1.199307
713.66899991	0.057022
716.248999834	4.771222
718.718000174	4.782487
720.020999908	1.213207
722.384999752	2.483782
724.663000107	6.759234
726.688999891	2.954195
729.179999828	1.242385
731.388999939	1.577033
733.419999838	0.005085
735.641999722	0.540614
738.152999878	0.803328
740.17599988	0.16993
742.404000044	1.615651
744.384999752	0.098346
746.91899991	0.466749
749.179999828	3.980794
751.167000055	8.567508
753.644999981	1.512113
755.889999866	6.439282
757.905999899	0.416079
760.42599988	0.446517
762.387000084	0.077973
764.671999931	0.18328
766.910000086	6.527673
768.894000053	0.205889
771.407999992	8.767351
773.443000078	0.856397
775.424999952	0.040094
777.888999939	0.054654
779.90199995	0.004195
782.152999878	0.392585
784.639999866	7.493865
786.642999887	1.305216
788.939999819	0.242331
791.390000105	2.070076
793.40899992	6.564259
795.656999826	6.86528
797.938999891	3.739756
799.934999943	6.830364
802.428999901	1.14491
804.440999985	0.899582
806.667000055	0.183793
808.928999901	0.513846
810.891000032	4.280857
813.430999994	0.566667
815.665999889	3.919696
817.647000074	2.579829
820.145999908	2.532713
822.102999926	4.018955
824.430999994	0.843658
826.934000015	2.053459
829.571000099	0.604232
831.820999861	2.043262
833.632999897	2.100091
835.640999794	0.914592
838.190999985	2.40053
840.193999767	0.055038
842.411000013	1.905111
844.907000065	0.878519
846.897999763	2.7144
849.139999866	3.828394
851.649999857	2.296554
853.641999722	5.385031
856.171999931	1.12784
858.411999941	2.599913
860.381999969	6.281834
862.641999722	6.281834
864.659999847	8.073681
867.174999952	4.89987
869.670000076	1.829332
871.639999866	7.346696
873.932999849	0.04048
876.411000013	0.076379
878.432999849	8.550939
880.636999846	9.547144
882.649999857	7.26547
885.163000107	0.109928
887.414000034	3.615517
889.434999943	1.425816
891.944999933	3.582797
894.177999735	0.087785
896.183000088	1.695431
898.444000006	2.85292
900.411999941	2.85292
902.745999813	5.487042
905.18200016	1.721355
907.18599987	4.78636
909.411000013	1.341335
911.910000086	3.215688
913.884999752	1.810544
916.132999897	11.285942
918.169999838	3.420191
920.647000074	7.101212
922.892999887	7.101212
924.904000044	11.111504
927.433999777	8.228894
929.671999931	9.632353
931.644999981	9.632353
934.17599988	7.429591
936.139999866	10.731213
938.404999971	11.69189
940.639999866	9.398995
942.648000002	6.754931
945.147000074	11.121443
947.664000034	8.549514
949.651000023	8.549514
951.90899992	7.797962
953.888999939	0.05003
956.22300005	6.810654
958.676999807	6.810654
960.664000034	6.810654
963.145999908	6.810654
965.438999891	1.257412
967.416999817	1.527543
969.888999939	9.040405
971.911999941	9.910683
974.164000034	10.387866
976.65899992	7.231105
978.654999971	7.231105
980.896999836	9.816495
983.177999735	9.730543
985.15199995	10.916532
987.687999964	10.769116
989.90199995	0.030167
991.929999828	0.596961
994.411999941	1.004251
996.393999815	2.287053
998.686000109	5.46746
1001.13400006	5.716437
1003.1500001	5.935349
1005.398	1.000319
1007.64499998	5.614866
1009.65199995	4.370963
1012.15699983	5.956178
1014.18099976	5.956178
1016.40600014	5.956178
1018.92600012	6.285891
1020.92799997	6.641316
1023.18400002	2.993815
1025.6559999	2.993815
1027.67499995	2.993815
1030.1329999	5.943503
1032.17599988	9.80482
1034.39100003	9.80482
1036.66199994	13.35175
1038.68999982	9.579076
1041.16700006	8.983366
1043.65199995	2.064014
1045.67699981	14.728462
1047.88899994	1.622855
1049.89400005	8.712131
1052.38499975	0.575314
1054.63699985	15.065138
1056.64600015	15.85547
1059.15299988	0.854357
1061.43199992	16.25565
1063.40600014	1.025083
1065.93099999	1.415145
1068.16099977	0.013546
1070.17400002	9.278679
1072.66799998	3.562602
1074.67399979	1.181799
1076.93400002	1.568797
1079.43899989	0.947418
1081.44799995	13.673514
1083.93499994	7.085348
1086.18799996	1.416672
1088.15899992	5.643769
1090.66599989	1.508976
1092.70000005	11.407834
1094.95399976	0.681521
1096.98099995	0.019179
1099.16600013	4.695507
1101.69299984	1.296866
1103.66599989	3.406168
1105.83500004	4.203383
1107.88700008	9.132931
1110.13499999	9.848143
1112.66799998	1.812987
1114.67399979	1.668247
1116.89400005	7.947481
1118.90700006	10.636327
1121.41799974	0.76185
1123.65999985	0.013957
1125.68099976	0.699398
1128.19299984	1.063071
1130.39999986	0.372151
1132.25999999	3.228997
1134.65799975	3.19626
1137.1500001	10.495639
1139.16999984	1.563493
1141.65799975	5.16657
1143.63499999	1.039686
1145.68400002	21.605202
1148.19399977	1.026586
1150.16400003	3.192463
1152.648	11.162806
1155.1789999	0.807697
1157.15499997	0.129126
1159.3809998	9.579501
1161.41400003	0.330554
1163.66899991	1.232558
1166.17199993	10.558748
1168.14499998	0.677949
1170.39100003	3.354675
1172.40400004	2.021136
1174.66499996	0.827755
1177.16600013	11.863932
1179.15799999	0.834082
1181.42599988	3.701818
1183.91000009	13.390097
1185.97099996	4.632556
1188.40299988	3.471914
1190.43000007	0.070063
1192.67999983	0.860159
1195.19799995	10.712001
1197.21699977	7.883875
1199.40199971	0.837784
1201.88600016	4.084174
1203.88499975	10.743634
1206.17999983	1.44962
1208.1789999	0.812373
1210.68600011	2.933852
1213.19199991	1.074455
1215.18599987	11.146936
1217.65699983	0.26868
1219.93799973	10.722572
1221.93400002	2.764511
1231.65899992	4.298144
1233.66599989	4.298144
1235.65799975	4.298144
1237.67799997	6.685133
1239.66199994	10.468582
1241.67599988	8.562201
1243.6789999	9.050819
1245.66799998	12.243807
1247.64999986	0.511419
1249.65400004	0.266344
1251.70000005	0.161638
1253.70899987	0.931597
1255.71800017	0.664342
1257.66400003	0.389268
1259.70099998	6.052301
1261.67799997	3.840421
1263.68300009	3.840421
1265.65199995	3.840421
1267.66300011	5.084475
1269.68499994	2.50991
1271.68700004	7.727537
1273.66799998	10.064581
1275.68199992	9.140172
1277.67399979	3.591049
1279.70300007	3.229702
1281.68400002	0.133203
1283.69899988	7.187119
1285.66799998	7.612888
1287.71299982	0.040588
1289.71199989	5.472254
1291.71199989	0.142385
1293.71000004	0.268417
1295.71000004	0.001494
1297.71099997	3.517662
1299.69699979	0.884849
1301.66099977	2.616441
1303.70000005	4.614027
1305.70799994	0.642946
1307.70499992	0.043358
1309.8829999	0.074412
1311.68099976	1.507529
1313.70200014	0.510758
1315.70200014	0.011894
1317.704	0.999336
1319.71199989	1.691158
1321.68300009	0.0185
1323.67499995	0.096184
1326.68600011	4.230016
1328.71299982	0.113668
1330.12999988	0.073063
1332.66799998	0.062203
1333.81900001	7.125502
1336.68999982	0.870548
1337.81599998	0.531614
1340.65400004	2.369672
1342.65899992	0.389577
1344.65400004	9.656043
1346.66599989	13.338192
1348.65899992	0.321604
1350.71099997	6.009164
1352.70499992	3.705437
1354.68499994	2.399204
1356.65100002	9.486245
1358.67199993	1.053729
1360.7420001	0.019125
1362.19299984	0.003801
1364.67799997	0.043581
1366.65899992	2.346307
1367.73799992	0.466365
1370.72600007	0.240645
1373.84399986	0.893404
1375.22099996	3.337827
1376.02899981	1.307689
1378.66099977	5.657847
1380.44700003	0.025158
1382.727	0.256704
1384.43299985	2.55284
1386.67599988	0.039242
1388.09500003	1.386151
1390.66599989	1.692247
1392.70300007	0.363453
1394.65299988	0.060996
1395.89499998	0.360872
1398.66899991	0.139762
1400.25399995	3.023835
1402.67299986	6.949946
1404.67699981	0.077482
1406.68999982	0.729399
1408.09899998	0.293592
1410.66700006	0.15203
1412.71000004	0.452332
1414.66899991	3.739727
1416.69699979	0.020418
1418.7190001	1.388968
1420.69799972	2.572817
1422.14199996	0.798287
1424.70000005	3.641949
1426.26499987	0.041724
1428.69599986	0.095617
1429.98799992	0.353861
1432.704	0.664814
1434.23000002	1.02961
1436.24300003	0.02804
1438.85699987	2.274132
1440.75999999	1.3875
1442.67399979	0.36968
1444.66899991	4.046346
1447.02899981	0.194423
1450.25699997	0.194504
1450.79900002	2.292751
1453.38599992	0.457475
1455.51800013	0.096179
1457.38399982	0.251817
1458.98099995	0.459828
1459.81900001	0.206434
1461.83399987	0.448412
1464.65199995	0.061265
1466.67499995	2.90446
1467.89199996	0.948287
1470.66799998	0.816288
1471.8499999	7.12828
1474.67499995	5.719766
1475.85899997	5.724132
1478.68999982	2.521249
1480.68199992	11.736368
1482.67699981	9.610568
1484.68799996	0.197361
1486.67699981	1.373585
1488.69099998	1.521913
1489.99900007	1.533639
1492.69400001	1.180656
1494.70499992	7.179042
1496.68600011	0.015171
1498.71000004	8.70214
1500.69599986	6.901936
1502.01999998	0.286964
1504.68300009	0.960687
1506.31200004	3.02686
1508.68199992	0.684049
1510.69699979	0.160667
1511.99000001	0.170272
1514.70599985	1.233766
1516.67599988	4.001393
1518.68199992	4.986408
1520.0079999	4.781519
1521.97900009	1.513599
1568.70899987	2.259794
