0.0	0.04185
0.523999929428	0.480598
0.809000015259	1.04003
1.08000016212	0.353957
1.24500012398	0.610963
1.52900004387	0.062703
1.85299992561	0.781846
2.32899999619	0.514496
3.08299994469	1.399928
4.78200006485	0.144233
6.05900001526	2.526332
8.00800013542	0.013771
10.257999897	2.727557
12.3360002041	0.016076
14.754999876	3.312357
18.7559998035	0.06646
20.7559998035	0.934844
22.754999876	5.42112
24.757999897	0.076387
26.7569999695	8.240015
28.7559998035	9.429826
31.0069999695	0.088344
33.0069999695	9.958569
35.0050001144	0.918066
37.0050001144	15.333028
38.9419999123	0.917115
41.006000042	12.265706
43.006000042	0.125498
45.0850000381	3.811443
47.0850000381	0.068317
48.9619998932	0.582248
51.0090000629	1.148426
53.0859999657	0.391584
55.0050001144	1.749546
57.0069999695	1.358928
59.0880000591	0.578568
61.006000042	2.183483
62.9829998016	0.571982
65.0099999905	0.041193
67.0080001354	0.699258
69.0709998608	1.094527
71.010999918	0.150829
73.0050001144	0.891536
75.0119998455	0.05148
77.0050001144	0.014971
80.2569999695	0.018499
82.2569999695	0.522117
84.254999876	0.917947
86.254999876	1.328021
88.3389999866	0.538535
90.257999897	0.183805
