0.0	0.490442
0.299999952316	0.010496
1.72499990463	0.0982
2.3860001564	0.051268
2.9509999752	1.115916
4.03999996185	0.011332
4.77100014687	0.136747
5.90199995041	0.559517
7.26600003242	1.280726
8.47099995613	0.832818
9.42199993134	0.669841
10.2500002384	3.708429
10.6510000229	0.076601
11.7849998474	0.019459
13.7510001659	5.683512
15.7710001469	0.011411
17.7809998989	0.237417
19.7409999371	0.022762
21.7700002193	0.160826
23.7730000019	0.022858
25.7520000935	0.053111
27.760999918	0.122144
29.7599999905	0.010571
31.7510001659	3.787499
33.7700002193	5.190381
35.7710001469	2.988129
37.7750000954	2.483509
39.7520000935	1.807775
41.7510001659	0.00944
44.1809999943	0.002552
45.6699998379	0.091471
47.7649998665	0.036119
49.7510001659	0.803862
51.7710001469	0.060897
53.7739999294	0.374305
55.760999918	0.010511
57.7710001469	0.054043
59.7710001469	0.094602
61.7710001469	0.783916
63.7520000935	0.00881
65.7720000744	0.106791
67.7599999905	0.213513
69.7460000515	0.124236
71.7510001659	0.049893
73.7649998665	4.867419
75.7700002193	4.867419
77.7710001469	2.239851
79.753000021	5.523513
81.7829999924	0.564146
83.7769999504	0.978008
85.7739999294	0.008824
87.7710001469	0.357895
89.7669999599	3.997863
91.7700002193	0.345517
93.75	5.978486
95.7510001659	0.007361
97.760999918	0.199113
99.765999794	0.021053
101.752000093	0.024441
103.751000166	0.082883
105.802000046	0.671606
107.751000166	0.89815
109.770000219	4.079111
111.751000166	1.48272
113.754000187	0.273889
115.751000166	0.091184
117.771000147	0.040247
119.972000122	0.047884
122.522000074	0.032658
124.763000011	0.11787
127.112999916	0.055604
129.427999973	0.107779
130.546000242	3.516525
131.772000074	0.209914
133.780999899	0.03413
