0.0	1.175914
0.819999933243	0.49357
1.77799987793	1.446261
3.06900000572	0.758161
4.9359998703	0.661243
6.20999979973	2.238618
7.34599995613	0.944637
8.51699995995	0.2214
9.51300001144	0.361035
10.9879999161	2.03393
12.4589998722	1.001486
14.3320000172	2.14303
15.9960000515	3.096359
17.9949998856	0.039816
19.246999979	0.782882
20.7999999523	0.879107
21.7200000286	2.039606
22.3080000877	2.10515
23.1489999294	1.642526
24.507999897	1.596335
26.5329999924	0.835688
28.5179998875	1.503994
30.5	0.46165
32.5199999809	0.037439
36.3429999352	0.039835
42.5480000973	0.012504
46.6040000916	1.278303
50.0329999924	0.935656
51.5520000458	1.74038
52.6099998951	1.146154
55.3729999065	0.477205
57.1009998322	1.191925
57.4989998341	0.348692
57.7769999504	1.488366
58.1059999466	0.923418
58.4139997959	1.166522
58.8169999123	1.325347
60.5249998569	0.983836
62.5190000534	0.715587
64.634999752	0.246926
67.2019999027	0.719763
71.3929998875	0.098727
75.5559999943	0.207522
77.1199998856	0.187401
80.3819999695	0.036468
84.5969998837	0.044289
86.0599999428	0.240222
87.3190000057	0.561209
92.9419999123	0.071905
98.1270000935	0.029983
99.4839999676	0.027696
101.786999702	0.038069
102.865999937	0.288289
103.656999826	0.355196
104.328999996	0.407929
105.295000076	0.442123
106.167999983	0.53951
107.548000097	0.549428
108.368999958	0.586411
110.298999786	0.654775
111.559000015	0.093871
113.160000086	0.473494
117.906999826	0.880929
119.698999882	0.940524
122.197000027	0.486913
124.967000008	1.139607
126.012000084	0.818025
127.078999996	0.009606
127.909999847	1.401364
129.164000034	0.188004
129.804999828	2.417167
130.667999983	2.652569
131.308000088	2.064228
