0.0	0.153936
0.485999822617	0.606214
0.638999938965	0.919867
0.885999917984	0.195887
1.22699999809	0.947751
1.60899996758	0.541518
2.242000103	0.446493
3.45499992371	0.013835
4.8069999218	0.11516
6.60499978065	1.166914
8.25099992752	0.944304
9.41699981689	3.922355
10.1229999065	0.012992
12.010999918	2.597848
14.0180001259	0.423678
16.0089998245	1.993425
18.0099999905	5.68515
20.012999773	2.97946
22.0099999905	0.029981
24.012999773	1.14677
26.0150001049	2.830215
28.0160000324	0.056667
30.0099999905	0.053676
32.0099999905	1.178272
34.0409998894	0.178391
36.9609999657	0.399106
40.2779998779	0.013333
42.5319998264	0.056143
44.1499998569	2.091807
44.9609999657	0.124687
46.7679998875	0.093002
48.760999918	0.064402
50.760999918	0.157346
52.768999815	1.046169
54.7819998264	0.015561
56.7599999905	4.782961
58.7739999294	3.635857
60.7590000629	0.977633
62.7590000629	2.165141
64.7630000114	0.017831
66.7630000114	0.755456
68.7709999084	0.427017
70.757999897	1.018587
72.7630000114	2.379824
74.760999918	0.135782
76.7590000629	0.185147
78.7649998665	0.459871
80.7630000114	0.091747
82.7760000229	2.197767
84.7750000954	0.93476
86.7599999905	1.676846
88.760999918	0.072873
90.7590000629	0.157732
92.771999836	0.077478
94.760999918	3.765242
96.763999939	0.063279
98.7769999504	0.026506
100.765999794	1.023508
102.717999697	0.509606
104.760999918	0.014325
106.763000011	1.497166
108.764999866	0.1006
110.775000095	0.085688
112.762000084	0.034043
114.75999999	0.044301
116.763000011	0.839571
118.771999836	0.016295
120.762000084	0.00394
122.773999929	0.014609
124.759000063	0.120616
126.762000084	2.203697
128.75999999	0.931134
130.767999887	0.013671
132.767999887	0.0298
134.762000084	4.509895
136.763999939	2.80869
138.767999887	0.019184
140.764999866	0.136767
142.763999939	0.003901
145.102999926	0.040891
147.842000008	0.186168
150.973999739	0.065377
153.43599987	0.269175
155.227999926	0.013247
156.427000046	0.013666
157.315999985	1.089793
159.616999865	0.039175
162.024999857	0.03291
165.211999893	0.012829
167.154999971	1.263009
169.164000034	0.060919
171.626000166	0.32197
173.482000113	0.1776
174.970000029	0.303924
176.355000019	0.144445
177.927999973	0.079126
180.012999773	0.917465
182.016000032	1.254901
184.012999773	5.014701
186.011999846	3.230298
188.016000032	5.387604
190.012999773	0.027243
192.012999773	5.326412
194.260999918	2.591802
196.261999846	0.890291
198.268999815	2.712888
200.260999918	0.759194
202.266000032	2.295766
204.272999763	3.626356
206.261999846	0.115748
208.263999939	1.935143
210.261999846	0.094733
212.260999918	0.10433
214.264999866	0.556215
216.263999939	3.280001
218.25999999	3.283704
220.261999846	3.719938
222.263000011	0.020894
224.261999846	1.570132
226.263999939	0.003769
228.263000011	0.197827
230.261999846	0.928789
232.26699996	0.013327
234.511999846	1.453593
236.261999846	0.327039
238.515000105	5.215019
240.514000177	1.091782
242.517999887	0.073303
244.357999802	2.769708
246.516000032	6.437847
248.522000074	3.305761
250.516000032	6.069194
252.51699996	2.864775
254.523000002	6.517792
256.511999846	3.551951
258.515000105	1.408312
260.511999846	0.535464
262.51699996	0.040489
264.514000177	0.021184
266.77699995	0.202172
268.451999903	0.039444
270.519999981	3.154862
272.515000105	2.1686
274.516000032	1.891373
276.514000177	0.037438
278.516000032	0.937053
280.514000177	0.261664
282.522000074	0.039453
284.535000086	0.166192
286.515000105	0.414084
288.525999784	1.288062
290.520999908	0.140083
292.379999876	1.692716
294.512999773	1.607645
296.520999908	3.673423
298.516000032	1.681987
300.527999878	4.689311
302.511999846	1.01459
304.51699996	3.875666
306.520999908	0.843937
308.512999773	0.296939
310.515000105	2.649436
312.520999908	0.016341
314.516000032	0.013088
316.595999956	0.693145
318.519999981	0.036766
320.916999817	0.289236
322.764999866	0.014902
324.769999981	0.069028
326.776000023	0.900871
328.767999887	0.012746
331.01699996	0.190371
333.011999846	0.06959
335.013999701	0.510152
337.018000126	2.937955
339.018000126	0.497191
341.012999773	0.065026
343.023000002	0.442441
345.018000126	0.233375
347.016000032	0.061855
349.026000023	0.015665
351.018000126	0.015362
353.015000105	0.517626
355.517999887	0.045265
357.516000032	0.728113
359.771999836	0.48439
361.764999866	0.031906
364.012999773	0.083982
366.26699996	3.060765
368.263999939	5.340406
370.263000011	1.599476
372.266000032	5.967242
374.26699996	0.496201
376.51699996	0.90811
378.268999815	5.970027
380.270999908	0.166774
382.276000023	1.17929
384.517999887	2.071378
386.516000032	4.185988
388.523000002	2.135378
390.517999887	0.041474
392.522000074	0.09782
394.519999981	0.083802
396.77699995	0.177074
398.76699996	2.703606
401.016000032	2.26213
403.027999878	0.013194
405.523999929	0.080276
407.520999908	0.330014
409.52699995	1.654596
411.764999866	0.078922
413.763000011	2.644849
415.765999794	4.153558
417.77699995	0.305324
419.773999929	0.8367
421.763999939	4.32995
423.765999794	0.119989
425.765999794	0.93698
427.763000011	4.603614
429.773999929	0.063716
431.767999887	0.013658
433.763999939	0.076873
435.764999866	0.003827
437.763000011	0.080105
440.01699996	0.940107
442.016000032	0.004022
444.263999939	3.711671
446.263999939	4.844922
448.266000032	5.949764
450.274000168	4.35341
452.26699996	1.858892
454.523999929	0.666465
456.517999887	1.275505
458.763999939	0.030578
