0.0	6.11378
0.339000225067	3.015732
0.535000085831	3.439309
0.744999885559	5.662047
1.09699988365	5.662047
1.43600010872	5.889975
1.78300023079	7.037908
2.1930000782	7.066306
2.58500003815	6.630138
4.08400011063	6.637772
6.07699990273	5.485656
8.07799983025	6.488391
10.0800001621	6.488391
12.0790002346	6.928229
14.0759999752	4.111417
16.0769999027	4.111417
18.0769999027	4.111417
20.0959999561	4.111417
21.9590001106	4.111417
24.0779998302	4.111417
26.0769999027	4.111417
28.0800001621	6.75322
30.0779998302	6.089839
32.0779998302	6.776045
34.0810000896	3.709767
36.0840001106	1.14208
38.0790002346	6.487944
40.0769999027	6.767099
42.0769999027	5.986708
44.0769999027	7.070938
45.9409999847	6.137661
48.0759999752	6.580322
50.0790002346	7.008083
52.0769999027	7.008083
54.0810000896	6.238622
56.0769999027	6.7194
58.0769999027	6.371886
60.0790002346	6.360342
62.0769999027	4.271521
64.0759999752	6.243252
66.0959999561	1.244469
68.0759999752	3.984782
69.9630000591	5.975373
72.0769999027	6.023433
74.1050000191	2.942677
76.0769999027	6.837467
78.0990002155	6.431384
80.0769999027	5.441083
82.0779998302	6.524011
84.0759999752	6.524011
86.0769999027	6.524011
88.0800001621	4.784799
90.0810000896	4.784799
92.0769999027	3.158805
94.0859999657	6.546757
96.0759999752	6.546757
98.0759999752	6.336247
100.076999903	3.46006
102.076999903	5.692664
104.07799983	4.540892
106.076999903	7.100654
108.076999903	6.324193
110.076999903	7.179231
112.076999903	4.057926
114.08100009	6.295436
116.075999975	6.295436
118.085999966	6.28375
120.079000235	6.674989
122.075999975	6.141915
124.080000162	6.449921
126.075999975	6.450908
128.07799983	6.739836
130.080000162	6.739836
132.075999975	6.739836
134.076999903	6.736896
136.08100009	6.654257
138.07799983	4.730617
140.079000235	4.730617
142.08100009	7.179189
144.076999903	6.058737
146.076999903	6.81107
148.083000183	6.585471
150.076999903	6.340389
152.076999903	6.837636
154.080000162	7.371538
156.079000235	5.181777
158.075999975	0.711609
160.117000103	6.481063
162.079000235	5.73797
164.10800004	6.853065
166.075999975	6.853065
168.08100009	6.853065
170.07799983	5.300111
172.092999935	6.287307
174.076999903	4.343245
176.076999903	5.260864
178.085000038	4.020508
180.087000132	5.751242
182.076999903	4.276343
184.076999903	6.974215
186.079000235	3.976201
188.079000235	1.394928
190.076999903	3.876657
192.092999935	5.588592
194.076999903	3.947599
196.079000235	6.95033
198.076999903	7.647923
200.085000038	5.925683
202.07799983	5.216027
204.076999903	5.825327
206.080000162	7.298434
208.076999903	6.884397
210.076999903	3.486807
212.10800004	6.62763
214.079000235	6.62763
216.080000162	6.454942
218.080000162	6.454942
220.328000069	6.760238
222.328000069	5.831645
224.327000141	6.428252
226.332999945	3.627986
228.33100009	6.704899
230.327000141	4.489295
232.33100009	6.369685
234.328999996	5.171738
236.332999945	6.076399
238.332000017	2.812679
240.33100009	1.124175
242.328999996	5.806652
244.328999996	6.734564
246.327000141	5.29564
248.327000141	6.242313
250.327000141	4.453674
252.328999996	6.66612
254.328999996	5.731558
256.330000162	6.995169
258.327000141	6.532727
260.33100009	5.812131
262.327000141	6.664628
264.328000069	6.002099
266.327000141	6.762522
268.325999975	5.608329
270.332999945	6.359489
272.327000141	6.618396
274.328999996	6.500976
276.328000069	7.02818
278.325999975	7.02818
280.327000141	6.478361
282.335999966	6.721384
284.328000069	7.024046
286.33100009	6.788479
288.328000069	6.057651
290.330000162	5.903067
292.328000069	6.100344
294.335999966	6.361669
296.328000069	6.40181
298.335999966	7.212256
300.332999945	5.808217
302.328999996	7.01365
304.330000162	6.80008
306.340000153	6.8656
308.327000141	3.945644
310.36500001	6.632748
312.327000141	3.846237
314.325999975	6.586899
316.328000069	6.586899
318.328999996	6.059652
320.325999975	4.112301
322.328000069	4.112301
324.328000069	3.425399
326.327000141	5.851432
328.33100009	5.419587
330.33100009	5.419587
332.328000069	3.607307
334.327000141	6.179777
336.327000141	6.410625
338.328999996	6.410625
340.328999996	6.872196
342.327000141	6.690049
344.328999996	3.817564
346.328999996	6.31665
348.328999996	7.36459
350.336999893	6.864588
352.328999996	6.802174
354.327000141	5.257774
356.328999996	7.353108
358.332000017	6.632144
360.328999996	6.008522
362.328999996	5.415053
364.325999975	2.339566
366.330000162	5.729111
368.327000141	5.729111
370.325999975	6.606667
372.327000141	6.222824
374.327000141	6.41122
376.328999996	6.182469
378.327000141	5.600687
380.328999996	6.84195
382.325999975	6.379813
384.328000069	5.511618
386.328000069	6.05429
388.327000141	6.359585
390.327000141	4.169665
392.33100009	6.536974
394.328000069	3.647612
396.328000069	6.688607
398.328000069	3.66571
400.351000071	6.415256
402.325999975	4.356308
404.34100008	5.56587
406.327000141	3.544186
408.328999996	6.096036
410.327000141	4.352868
412.327000141	6.176549
414.328999996	6.168113
416.328000069	5.672021
418.328000069	5.672021
420.327000141	5.672021
422.327000141	6.168888
424.335000038	5.504976
426.327000141	6.81996
428.327000141	6.478945
430.328999996	5.746141
432.327000141	6.952726
434.327000141	6.844654
436.332000017	6.169629
438.330000162	6.586308
440.328000069	6.889186
442.330000162	6.681243
444.332999945	6.16221
446.327000141	5.050774
448.327000141	5.394744
450.328999996	6.873243
452.330000162	5.489902
454.327000141	6.661978
456.327000141	6.971891
458.335999966	6.975947
460.325999975	6.872637
462.325999975	5.771479
464.328000069	4.374388
466.338000298	6.782232
468.328000069	4.02081
470.579000235	6.852406
472.579000235	6.670507
474.74000001	6.340072
476.58100009	6.832429
478.575999975	6.975048
480.58100009	6.461956
482.585000038	7.049136
484.583000183	3.509515
486.575999975	4.074725
488.575999975	3.899242
490.579000235	6.64333
492.476000071	2.838363
494.597999811	5.879041
496.578000069	4.390763
498.575999975	6.135527
500.582000017	4.731853
502.588000059	4.731853
504.583000183	3.564197
506.579000235	5.121313
508.576999903	0.069441
510.571000099	0.796024
533.027000189	0.27299
533.698000193	0.345041
534.037999868	0.893937
535.220999956	0.725741
536.29399991	0.613939
537.391000032	0.574912
538.351999998	0.480748
540.92200017	1.630231
542.354000092	2.703832
543.312999964	3.082367
543.872999907	3.640131
544.392999887	3.940964
544.796000004	5.051903
545.827000141	4.959766
547.713000059	4.481116
549.827000141	4.481116
551.859000206	4.701641
553.827000141	0.339529
555.828999996	5.305398
557.826000214	2.861824
559.828000069	2.861824
561.826000214	2.861824
563.826000214	2.861824
565.828000069	2.861824
567.829999924	2.861824
569.828000069	2.861824
571.828000069	2.861824
573.828999996	2.861824
575.835000038	4.249278
577.828000069	3.708105
579.827000141	5.106443
581.832999945	2.898624
583.828000069	2.900294
585.828999996	4.009858
587.828999996	4.297586
589.829999924	4.248826
591.828000069	4.991653
593.83100009	4.991653
595.832000017	4.216284
597.83100009	4.216284
599.827000141	4.777621
601.827000141	3.778412
603.832000017	3.465419
605.828999996	3.631655
607.829999924	4.854201
609.858000278	3.502003
611.827000141	3.534985
613.827000141	1.801521
615.828999996	3.332992
617.827000141	2.845413
619.829999924	2.747569
621.835999966	3.996299
623.832999945	2.973667
625.832999945	3.824484
627.828999996	2.37657
629.850000143	4.451549
631.83100009	2.832774
633.930000067	1.041723
635.829999924	2.390583
637.827000141	2.077026
639.858000278	2.829746
643.039999962	2.638145
644.470000029	2.705916
645.864000082	2.143449
647.842000246	2.512766
649.828999996	2.205305
651.828999996	2.714574
653.883000135	2.600971
663.819000006	3.140094
664.243999958	2.491084
665.373999834	2.704188
667.395000219	2.889551
668.388000011	3.265218
668.75	3.348284
669.371000051	3.350748
669.98300004	3.252444
671.827000141	2.894991
673.829999924	3.929489
675.853999853	2.34979
678.440999985	2.200624
680.996999979	2.527873
682.368999958	1.431215
684.07799983	2.326329
686.075999975	2.876177
688.093999863	2.99241
690.08100009	2.865224
692.08100009	2.341076
694.083000183	2.840627
695.944000006	2.85768
698.101999998	2.9046
700.082000256	3.075323
702.085000038	3.22118
704.101000071	1.965344
706.080000162	2.767315
708.079000235	3.131943
710.083000183	3.105412
712.08100009	3.407231
714.08100009	3.507228
716.079000235	3.864041
718.082000256	2.324638
720.124000072	2.413213
721.874000072	2.762891
724.07799983	3.212414
726.076999903	0.769097
728.079000235	3.235933
730.085000038	3.060859
732.088000059	3.504806
734.080000162	3.504806
736.07799983	1.822861
738.080000162	3.45258
740.079000235	3.443631
742.083000183	3.161867
744.07799983	3.729696
746.076999903	2.665276
748.08100009	3.744407
750.09100008	0.678202
752.08100009	3.748539
754.083000183	3.524371
756.079000235	3.815142
758.080000162	3.060679
760.075999975	3.295632
762.079000235	3.447995
764.080000162	3.153773
766.085000038	2.434822
768.08100009	3.214004
770.079000235	2.138669
772.08100009	2.224069
774.075999975	2.63905
776.079000235	3.094345
778.09100008	3.520117
780.083000183	3.506439
782.076999903	2.38897
784.080000162	3.57792
786.079000235	2.780238
788.079000235	2.43149
790.093999863	3.571471
792.090000153	3.178839
794.07799983	3.496633
796.08100009	3.207474
798.083000183	3.515682
800.085000038	3.695633
802.104000092	3.062809
804.080000162	2.271877
806.098000288	2.841415
808.08100009	3.704339
810.048000097	2.451055
812.079000235	3.848085
814.079000235	2.864193
816.07799983	3.420291
818.07799983	3.420291
820.07799983	3.420291
822.07799983	3.420291
824.07799983	3.420291
826.080000162	3.238687
828.079000235	0.751866
830.084000111	1.57502
832.080000162	2.062512
834.082000256	2.062512
836.07799983	2.062512
838.080000162	2.544603
840.090000153	2.544603
842.084000111	2.263977
844.085999966	2.636636
846.084000111	2.636636
848.079000235	1.837478
850.079000235	2.513147
852.07799983	2.698454
854.07799983	3.169202
856.080000162	1.354239
858.07799983	2.957289
860.082000256	3.033651
862.08100009	2.774524
864.088999987	3.003487
866.082000256	2.97759
868.093999863	3.193793
870.085999966	3.193793
872.090000153	3.193793
874.084000111	3.193793
876.082000256	3.193793
878.079000235	3.539097
880.223999977	2.048547
882.079000235	2.854245
884.085999966	2.637442
886.105000019	2.37392
888.080000162	3.193822
890.084000111	2.284339
892.100000143	3.323564
894.080000162	0.377209
896.079000235	1.727794
898.090000153	2.458352
900.108999968	2.613187
902.085999966	2.892238
904.079000235	3.64408
906.080000162	2.210017
908.082000256	2.371208
910.08100009	1.502091
912.079000235	2.86454
914.076999903	2.954669
916.084000111	3.421278
918.07799983	2.639548
920.07799983	2.639548
922.090000153	2.639548
924.07799983	2.912805
926.105000019	2.940101
928.080000162	3.054932
930.130000114	2.813607
932.07799983	3.141909
934.342000008	3.121855
936.328000069	2.821182
938.330000162	2.9379
940.332000017	2.736121
942.328000069	2.212986
944.327000141	2.874709
946.21600008	3.144931
948.333999872	0.005554
950.351999998	3.216413
952.330000162	3.216413
954.364000082	2.956974
956.328999996	2.956974
958.33100009	3.032768
960.328000069	2.988374
962.330000162	3.177515
964.328000069	2.777402
966.330000162	3.782548
968.335999966	3.540136
970.243999958	3.680151
972.33100009	3.501663
974.33100009	3.519615
976.33100009	3.57957
978.332999945	2.739184
980.328999996	3.29108
982.343000174	3.186742
984.348999977	4.023297
986.346000195	1.856778
988.335999966	3.512123
990.362000227	0.017349
992.332000017	3.190625
994.231000185	3.479474
996.335000038	0.005761
998.328000069	3.550521
1000.329	0.030161
1002.34300017	3.658763
1004.33100009	1.180372
1006.32700014	0.010297
1008.33500004	2.565563
1010.329	3.653013
1012.329	2.348096
1014.33000016	2.847268
1016.33200002	2.477667
1018.21600008	0.676068
1020.32700014	2.665649
1022.329	2.588793
1024.33699989	2.597518
1026.33500004	0.018645
1028.33599997	2.068089
1030.33100009	3.570654
1032.329	2.716221
1034.33299994	2.688257
1036.32700014	3.051478
1038.3499999	0.339562
1040.33200002	3.507776
1042.22399998	3.273141
1044.37600017	3.721651
1046.34800005	0.408679
1048.33399987	0.623214
1050.33000016	2.084318
1052.27400017	1.479932
1054.33000016	2.842453
1056.33100009	3.00722
1058.33699989	0.999288
1060.33299994	1.085558
1062.32800007	3.235237
1064.35299993	2.791748
1066.23100019	1.781071
1068.33500004	3.106785
1070.33000016	2.844237
1072.33299994	3.39589
1074.33299994	3.470742
1076.33000016	3.577762
1078.329	1.504206
1080.33000016	0.395371
1082.33100009	0.963308
1084.329	3.310112
1086.33000016	1.209298
1088.33599997	3.51967
1090.33000016	1.121909
1092.3380003	2.794887
1094.33100009	1.689267
1096.34500003	0.00619
1098.3380003	0.450348
1100.35599995	1.418505
1102.36500001	0.243717
1104.40799999	1.275327
1106.32700014	1.411963
1108.33699989	1.607773
1110.33100009	1.617781
1112.33000016	2.739742
1114.33200002	3.289182
1116.329	2.718799
1118.33200002	3.258579
1120.33200002	3.406155
1122.33299994	2.866685
1124.33599997	2.622405
1126.33399987	2.7018
1128.33299994	3.171544
1130.32700014	3.424335
1132.33100009	3.553396
1134.33100009	2.122311
1136.329	1.695048
1138.34100008	1.091804
1140.34300017	3.230307
1142.33100009	2.215952
1144.329	3.378706
1146.33100009	2.140823
1148.36100006	2.38252
1150.33200002	2.556038
1152.33399987	3.315923
1154.33100009	2.334633
1156.33000016	0.681802
1158.35599995	2.565046
1160.34200001	1.754171
1162.33399987	1.277444
1164.33599997	1.999379
1166.34500003	1.991719
1168.33500004	0.098354
1170.34100008	3.101416
1172.33000016	3.039842
1174.33000016	2.109412
1176.33200002	3.386552
1178.33000016	0.351999
1180.33299994	3.708361
1182.58800006	2.535359
1184.58300018	3.239059
1186.50300002	0.804042
1188.58500004	2.658613
1190.58899999	2.66395
1192.58000016	3.373783
1194.59100008	2.971623
1196.57900023	0.635868
1198.58300018	2.589871
1200.53999996	2.958835
1202.58000016	1.274275
1204.57800007	3.05793
1206.60500002	1.863034
1208.59900022	1.018438
1210.57900023	2.694023
1212.58100009	2.620945
1214.58700013	2.803763
1216.58000016	2.349577
1218.59699988	3.084864
1220.58300018	3.134611
1222.50600028	1.553822
1224.47600007	2.401364
1226.58400011	2.690101
1228.58500004	2.100965
1230.58000016	3.242663
1232.58100009	3.608494
1234.57900023	3.813103
1236.58100009	0.408814
1238.58200002	2.47776
1240.58000016	2.758132
1242.58000016	2.731667
1244.57900023	0.073915
1246.57900023	3.232749
1248.4690001	2.259151
1250.58100009	3.166267
1252.58100009	1.63444
1254.58200002	1.076486
1257.51400018	3.127194
1258.81000018	3.254522
1260.58200002	3.02189
1262.58400011	1.301869
1264.58700013	2.588903
1266.72300005	2.220202
1268.90499997	1.906702
1270.42799997	3.178073
1272.54500008	3.048528
1274.58000016	2.724545
1276.59799981	3.632486
1278.58200002	3.775943
1280.58200002	2.528352
1282.58800006	2.049429
1284.58300018	3.395165
1286.58100009	2.917839
1288.59299994	3.406355
1290.57900023	2.621298
1292.60200024	2.3181
1294.58500004	3.330344
1296.46000004	1.16481
1298.62600017	3.077712
1300.58400011	2.750858
1302.58100009	3.274305
1304.58000016	2.655569
1306.58100009	2.288318
1308.61399984	3.431779
1310.58000016	2.530082
1312.58000016	1.445685
1314.58000016	2.344446
1316.58700013	3.184863
1318.58400011	3.358132
1320.47000003	1.655136
1322.58100009	1.856624
1324.57900023	2.683111
1326.58400011	0.016115
1328.58000016	2.693144
1330.58000016	2.816484
1332.5860002	3.576572
1334.58300018	2.718312
1336.58000016	3.61975
1338.58200002	2.129669
1340.58000016	1.29644
1342.57900023	1.564261
1344.57900023	3.442896
1346.58100009	1.958447
1348.58200002	3.85236
1350.5860002	2.778212
1352.58200002	3.013915
1354.57900023	4.17434
1356.57900023	4.040355
1358.57900023	3.362314
1360.57900023	4.224027
1362.58000016	2.572227
1364.58100009	2.920965
1366.58300018	2.451973
1368.58200002	3.532036
1370.5860002	3.064194
1372.58000016	1.923563
1374.6190002	0.917199
1376.58800006	2.092963
1378.58300018	1.564634
1380.58200002	2.517235
1382.58500004	3.260308
1384.58700013	2.922628
1386.58100009	3.862252
1388.625	3.235186
1390.5860002	1.965738
1392.58200002	2.612172
1394.61000013	1.357699
1396.59100008	3.095432
1398.58899999	3.164313
1400.58100009	2.034595
1402.5860002	3.161017
1404.58400011	2.244861
1406.58200002	1.247847
1408.58700013	1.996662
1410.58400011	3.231042
1412.58000016	0.8487
1414.58000016	2.051076
1416.58300018	2.56411
1418.58800006	2.366124
1420.59299994	3.561261
1422.58000016	1.072636
1424.58500004	2.079844
1426.58100009	3.879035
1428.58100009	3.067048
1430.59900022	3.176437
1432.58300018	2.778769
1434.83200002	3.291166
1436.829	2.737603
1438.82800007	3.371712
1440.84200025	3.035252
1442.829	1.498178
1444.96499991	2.102802
1446.829	3.061062
1448.82999992	2.994633
1450.83200002	3.010193
1452.83699989	2.289164
1454.83299994	2.89429
1456.82800007	2.159738
1458.82999992	2.945282
1460.82999992	1.553631
1462.82999992	2.236089
1464.83500004	2.236089
1466.83299994	3.008842
1468.83400011	2.823671
1470.82999992	3.788625
1472.83100009	2.270204
1474.64100003	1.544289
1476.83100009	1.572674
1479.32700014	3.508278
1480.829	2.604588
1482.829	0.018242
1484.83500004	2.026095
1486.829	1.143874
1488.82999992	3.11394
1490.83500004	2.766331
1492.71400023	3.345521
1494.83200002	3.311072
1496.83200002	2.414711
1498.83299994	3.350573
1500.83699989	3.435858
1502.82999992	0.610372
1504.83200002	3.186707
1506.84300017	2.293089
1508.82800007	1.587354
1510.829	1.614941
1512.83100009	2.86211
1514.829	3.021018
1516.829	3.300513
1518.829	3.216572
1520.829	2.990535
1522.83100009	3.096147
1524.829	3.422305
1526.82999992	2.330415
1528.83599997	2.886081
1530.83500004	2.728687
1532.83100009	2.037516
1534.83100009	2.944387
1536.84899998	3.883713
1538.82999992	3.116492
1541.16400003	1.805068
1542.84700012	1.937665
1544.83200002	2.849749
1546.83699989	3.209919
1548.83299994	3.513724
1550.84800005	3.168132
1552.829	2.15305
1554.83299994	2.924585
1556.829	3.062697
1558.829	3.183532
1560.829	2.860065
1562.829	2.715299
1564.82999992	3.593939
1566.83100009	3.724279
1568.83100009	2.371125
1570.83500004	0.014767
1572.83100009	1.416714
1574.84000015	2.891881
1576.82999992	3.342269
1578.83400011	3.167611
1580.84800005	0.081981
1582.83100009	1.182516
1584.82999992	2.770802
1586.83200002	2.109429
1588.82999992	3.039933
1590.82999992	0.285807
1592.83100009	2.081704
1594.82999992	0.014758
1596.829	2.554693
1598.82999992	2.417345
1600.83400011	2.720418
1602.83100009	2.525115
1604.83100009	1.929395
1606.83200002	3.905973
1608.85000014	1.229825
1610.83200002	2.32844
1612.83599997	1.334287
1614.83500004	2.705884
1616.83299994	2.139699
1618.86899996	1.100013
1620.82999992	2.06317
1622.82999992	2.633398
1624.84300017	2.784321
1626.83100009	3.99515
1628.83200002	2.86477
1630.86100006	3.274212
1632.83100009	1.87966
1634.83100009	3.129581
1636.82999992	3.074745
1638.83599997	3.65115
1640.83599997	3.311802
1642.83599997	0.657102
1644.84700012	3.172916
1646.83100009	2.011013
1648.85000014	2.284151
1650.83500004	2.050009
1652.83500004	2.789573
1654.82999992	3.205207
1656.82999992	3.699958
1658.82999992	2.612562
1660.83200002	3.530397
1662.83200002	3.460558
1664.85000014	1.993336
1666.82999992	1.798051
1668.82999992	3.484536
1670.8440001	2.275861
1672.82999992	3.395638
1674.83100009	1.877392
1676.83500004	3.192915
1678.829	0.00348
1680.83799982	3.148684
1682.83599997	1.742894
1685.08100009	3.142727
1686.87900019	2.278045
1688.89100003	3.820192
1690.99300003	3.587833
1693.08300018	1.816916
1694.88700008	3.25947
1696.97200012	3.281708
1698.92700005	2.991913
1701.07900023	3.145921
1703.08599997	1.28116
1705.08000016	3.625663
1707.08000016	2.14715
1709.09000015	2.200626
1711.08200026	2.044299
1713.08000016	1.94918
1715.08000016	1.342851
1717.07799983	2.993663
1718.96599984	2.116595
1721.08100009	2.515422
1723.08200026	1.995695
1725.08200026	2.88657
1727.78300023	2.582219
1729.64700007	2.160555
1731.62600017	1.236109
1733.94300008	3.54886
1736.05999994	1.831255
1737.27600002	1.365513
1739.08700013	1.122643
1741.07900023	2.544684
1742.97500014	2.312516
1745.09599996	2.208178
1747.07900023	2.899862
1749.07900023	2.872529
1751.10899997	2.733118
1753.08000016	2.412247
1755.10300016	2.412247
1757.07900023	0.01195
1759.08200026	0.013663
1761.07900023	1.189533
1763.08000016	1.551248
1765.08700013	0.977812
1766.98099995	1.970068
1769.07799983	2.101024
1771.08000016	1.904745
1773.08400011	1.592696
1775.07900023	1.726706
1777.08400011	1.558381
1779.07799983	1.942854
1781.07799983	1.593083
1783.08200026	1.778815
1785.08700013	1.837149
1787.07900023	2.189623
1789.08300018	2.097533
1790.97100019	1.892667
1793.08100009	1.438933
1795.08100009	2.374989
1797.09399986	1.792341
1799.09200001	1.792341
1801.08100009	1.792341
1803.07900023	2.008743
1805.10300016	2.416446
1807.08500004	2.352241
1809.07900023	2.442029
1811.08200026	2.64652
1813.09100008	3.07426
1814.98700023	3.056807
1817.09500003	2.519207
1819.08100009	2.303866
1821.08599997	2.583153
1823.08300018	2.583153
1825.08100009	3.049678
1827.08300018	3.111352
1829.08000016	3.195193
1831.11100006	3.195193
1833.09299994	2.313594
1835.08100009	0.753714
1837.08100009	2.913148
1839.08300018	1.220917
1841.07900023	3.234014
1843.08000016	3.268118
1845.08100009	3.291541
1847.08899999	3.174147
1849.11500001	0.653461
1851.08000016	2.553662
1853.07900023	1.99748
1855.08100009	2.028524
1857.08300018	2.838772
1859.08100009	2.693966
1861.10600019	2.643944
1863.07799983	2.643944
1865.07900023	2.643944
1867.09500003	2.514424
1869.08100009	2.262556
1871.08100009	2.300718
1873.08000016	2.359701
1875.08100009	2.469266
1877.07900023	2.262338
1879.08000016	2.117479
1881.08200026	3.150819
1883.07900023	1.674682
1885.08100009	3.166622
1887.06700015	2.665907
1889.08800006	2.379822
1891.08700013	3.232029
1893.07900023	0.014535
1895.09200001	0.016119
1897.08000016	3.113512
1899.09299994	2.704841
1901.08500004	2.518952
1903.09900022	3.057322
1905.08000016	2.106432
1907.08100009	2.95896
1909.08200026	2.975671
1911.08599997	2.774937
1913.08000016	3.259578
1915.08100009	2.840249
1917.08200026	3.233605
1919.10899997	2.937725
1921.08700013	3.074909
1923.08599997	3.713425
1925.08200026	2.493877
1927.08200026	1.485014
1929.09399986	1.945854
1931.08000016	2.94154
1933.08500004	2.504466
1935.33200002	2.394254
1937.33000016	1.484275
1939.34899998	0.017006
1941.40799999	1.644837
1943.33000016	2.867709
1945.329	3.215794
1947.33299994	2.709733
1949.2249999	2.679296
1951.33000016	3.121984
1953.33000016	2.243848
1955.34200001	3.473484
1957.33100009	0.016828
1959.33900023	3.40569
1961.33900023	3.02416
1963.19799995	1.864756
1965.33500004	2.48736
1967.33000016	3.557788
1969.33599997	0.350032
1971.35299993	3.648091
1973.22300005	2.333945
1975.33000016	2.277493
1977.33000016	2.185544
1979.33900023	3.347976
1981.33200002	1.727416
1983.33000016	3.343346
1985.33100009	2.469104
1987.329	3.408465
1989.33699989	3.180398
1991.33200002	1.946455
1993.329	2.063926
1995.33699989	3.131574
1997.2750001	0.433139
1999.33500004	2.891678
2001.4920001	2.517601
2003.53399992	1.344254
2005.33299994	2.17793
2007.33100009	2.542638
2009.33599997	2.665442
2011.33599997	2.447423
2013.33000016	2.200485
2015.33100009	2.855024
2017.33100009	2.12819
2019.33299994	3.245091
2021.20700002	2.050228
2023.33900023	3.37072
2025.34700012	3.308219
2027.33000016	3.308219
2029.3440001	1.861472
2031.46499991	0.634253
2033.33299994	2.416522
2035.33500004	3.210347
2037.33100009	2.090816
2039.33699989	2.323508
2041.33200002	2.560586
2043.33000016	2.980633
2045.33399987	0.58188
2047.33599997	3.017207
2049.33000016	2.690724
2051.33000016	2.966644
2053.33599997	2.98574
2055.33000016	2.886439
2057.33500004	3.417855
2059.33299994	1.934692
2061.44899988	2.47419
2063.33699989	3.230413
2065.33699989	1.935418
2067.329	3.615144
2069.33699989	2.825079
2071.329	2.223234
2073.36000013	3.273513
2075.3380003	2.50617
2077.33100009	2.446394
2079.33000016	3.03311
2081.33100009	2.926279
2083.33100009	2.860961
2085.34300017	3.716358
2087.34000015	2.465386
2089.39700007	3.045282
2091.51300001	3.602806
2093.33399987	3.749776
