0.0	1.864208
0.315999984741	0.575103
0.422999620438	0.575103
0.523999929428	0.575103
0.72000002861	0.575103
0.829999685287	0.575103
0.958999633789	0.919356
1.16499996185	2.624002
1.69699978828	0.842167
3.69799971581	0.684559
5.70299983025	0.738313
7.69699978828	1.287733
9.69699978828	0.335828
11.7000000477	0.081445
13.7029998302	1.090856
15.7039999962	2.712402
17.7019999027	4.098708
19.9470000267	0.745911
21.7000000477	2.85835
23.9479999542	1.228552
25.7009999752	0.03257
27.6969997883	3.623036
29.6989998817	0.69672
31.6979997158	4.075301
33.7049999237	0.327986
35.7019999027	4.803373
37.6969997883	0.390395
39.6979997158	3.900565
41.9569997787	3.892645
43.9479999542	3.626769
45.9499998093	4.391575
47.9499998093	0.050794
49.9479999542	0.324739
51.9470000267	5.542014
53.9509997368	5.526078
55.9470000267	2.211866
57.8229997158	0.663842
59.9470000267	3.272247
61.9499998093	5.468184
63.9479999542	0.007222
65.9470000267	5.281108
67.9479999542	2.761602
69.9479999542	1.813728
71.9470000267	0.259733
73.9470000267	4.476593
75.9470000267	0.413405
77.9479999542	0.681868
79.9470000267	0.642068
81.9489998817	3.496041
83.9499998093	1.069576
85.9489998817	0.008357
87.9470000267	0.758412
89.9470000267	3.453651
91.9489998817	4.496775
93.9479999542	0.617359
95.9470000267	0.667145
97.9470000267	1.570578
99.9529998302	5.126936
101.948999882	5.000086
103.951999903	2.085312
105.814999819	1.492915
107.947000027	0.014754
109.947000027	3.791256
111.947000027	5.05131
113.947000027	0.054851
115.947999954	0.167256
117.948999882	1.14851
119.947999954	1.75083
121.947999954	0.036672
123.948999882	0.029235
125.949999809	0.05042
127.947999954	0.057724
129.947000027	0.641712
131.948999882	0.096356
133.948999882	0.077913
135.947000027	0.007436
137.947000027	0.008044
139.947999954	0.054939
141.949999809	0.145756
143.947999954	0.011337
145.947999954	1.892899
147.947999954	0.011269
149.947000027	0.961479
151.947999954	0.053897
153.813999891	0.718247
155.948999882	5.126095
157.949999809	5.338331
159.947000027	5.101658
161.947999954	0.03413
163.947999954	0.748595
165.947999954	0.128754
167.947000027	0.053714
169.948999882	0.216495
171.949999809	0.01292
173.950999737	0.0474
175.948999882	0.016329
177.947000027	0.637228
179.947999954	0.123119
181.948999882	0.024961
183.955999851	0.099281
185.949999809	0.05484
187.949999809	0.671914
189.947000027	0.015164
191.947000027	0.009757
193.947000027	0.00724
195.947000027	2.373298
197.947999954	0.060833
199.947000027	0.054519
201.947999954	0.663763
203.949999809	0.065161
205.947000027	0.157178
207.947000027	0.088744
209.947999954	0.00975
211.947999954	0.753149
213.947000027	0.088901
215.949999809	0.01627
217.948999882	4.643727
219.948999882	2.790258
221.947999954	3.72212
223.948999882	0.814545
225.948999882	0.753846
227.948999882	3.104013
229.947999954	0.020053
231.949999809	5.038319
233.948999882	0.122232
235.947000027	0.74477
237.949999809	0.305791
239.953999758	0.003684
241.947000027	0.272093
243.947000027	0.007702
245.947000027	0.03548
247.947000027	0.01109
249.947000027	0.74903
251.947999954	0.021884
253.947000027	0.116808
255.947000027	0.289353
257.949999809	0.226753
259.947000027	0.076135
262.068999767	0.090557
263.947000027	0.100164
265.947000027	0.129987
268.200000048	0.577832
270.200999975	1.436755
271.947000027	0.00357
273.947000027	0.65928
275.947999954	0.871414
277.947999954	2.022114
279.947999954	0.014394
281.948999882	0.011206
283.951999903	3.653962
285.947000027	0.186116
287.949999809	0.04522
289.950999737	0.139899
292.198999643	0.010958
294.203999996	0.668424
296.203000069	0.007262
298.196999788	0.734229
300.203000069	0.355144
302.196999788	4.022009
304.196999788	0.329146
306.196999788	0.011251
308.204999924	0.020977
310.196999788	0.073478
312.198999643	0.045594
314.205999851	0.008349
316.200000048	0.016378
318.198999643	0.035683
320.198999643	0.076886
322.547999859	0.014732
324.92599988	0.016022
327.501999855	0.003731
328.54399991	0.124089
330.014999628	0.010782
332.200999975	0.747447
