0.0	12.352873
0.177000045776	0.328885
0.393000125885	0.060338
0.496000051498	0.581821
0.776999950409	0.188193
0.949000120163	1.241334
1.16000008583	1.241334
1.39400005341	0.065031
1.83700013161	0.611507
3.27099990845	0.888652
5.27399992943	1.316969
7.27099990845	0.160749
9.27300000191	0.06939
11.2720000744	0.472331
13.2749998569	0.837307
15.5210001469	1.945501
17.5250000954	2.105386
19.5250000954	2.694072
21.5210001469	2.683832
23.5210001469	3.072446
25.5280001163	3.189094
27.5250000954	1.997174
29.518999815	0.064786
31.5250000954	3.691082
33.5269999504	0.013886
35.3789999485	0.73725
37.5250000954	0.343861
39.5230000019	0.635595
41.518999815	4.382686
43.5269999504	4.382686
45.5250000954	4.382686
47.5230000019	4.936382
49.5210001469	0.033708
51.5230000019	4.950704
53.5379998684	0.39844
55.5250000954	0.165798
57.5250000954	0.117723
59.4019999504	0.593082
61.5250000954	0.100216
63.5220000744	2.528488
65.5230000019	2.528488
67.5260000229	3.025688
69.5269999504	6.065667
71.5410001278	6.490703
73.5239999294	6.490703
75.5290000439	6.490703
77.5250000954	6.05122
79.5260000229	0.821835
81.5299999714	3.253897
83.373000145	3.253897
85.5260000229	0.044056
87.5239999294	2.540991
89.5260000229	0.799933
91.5260000229	4.255267
93.5250000954	3.518965
95.5230000019	6.729264
97.5260000229	0.129967
99.5269999504	0.017677
101.523000002	0.134129
103.525000095	0.81404
105.523000002	1.858949
107.388999939	2.919387
109.529000044	1.784146
111.521000147	0.602473
113.529000044	1.022985
115.523000002	0.172818
117.52699995	0.871735
119.523000002	2.901968
121.525000095	3.373948
123.523000002	0.037453
125.521000147	2.434277
127.525000095	0.71346
129.530999899	0.71346
131.525000095	0.72344
133.523000002	0.975978
135.525000095	3.144493
137.523000002	0.738064
139.525000095	0.804909
141.530999899	3.652809
143.521000147	2.671891
145.525000095	0.683398
147.523999929	3.678878
149.523000002	1.579167
151.523000002	4.155153
153.525000095	1.732781
155.523000002	4.423777
157.531999826	0.032806
159.52699995	0.802833
161.52699995	2.654547
163.525000095	1.994154
165.523000002	0.00344
167.52699995	0.443501
169.526000023	0.013574
171.52699995	0.056798
173.521000147	0.029097
175.523000002	0.027629
177.523000002	4.205522
179.523000002	0.795032
181.529000044	3.375698
183.526000023	1.264105
185.525000095	0.453543
187.526000023	2.298907
189.532999992	0.805746
191.528000116	0.181237
193.525000095	0.099619
195.523000002	0.070441
197.526000023	0.315378
199.521000147	1.718909
201.532999992	2.348864
203.523000002	2.232637
205.526000023	4.972982
207.52699995	3.264051
209.52699995	5.396502
211.525000095	5.428954
213.525000095	5.322809
215.525000095	0.077499
217.529000044	0.10712
219.529000044	0.064665
221.525000095	0.297388
223.529000044	0.812338
225.525000095	0.281698
227.52699995	0.798203
229.525000095	0.173965
231.52699995	4.766192
233.539999962	0.621095
235.531999826	2.303823
237.52699995	0.78846
239.529999971	1.404162
241.53399992	0.036078
243.525000095	0.017333
245.529999971	0.307771
247.529999971	0.992279
249.529000044	5.952425
251.52699995	0.78005
253.526000023	0.343484
255.530999899	2.063243
257.529999971	0.01721
259.553999901	2.410556
261.52699995	1.445995
263.528000116	5.798618
265.779999733	0.743009
267.778999805	0.066728
269.778999805	5.531436
271.789000034	0.979293
273.77699995	0.202342
275.785000086	2.694513
277.796999931	6.265853
279.778999805	3.692989
281.774999857	6.520075
283.784000158	0.758752
285.790999889	1.165531
287.781000137	6.708663
289.778999805	3.56047
291.774999857	6.588306
293.774999857	6.588306
295.782999992	0.658416
297.77699995	0.148379
299.779999733	0.798219
301.802999973	1.157891
303.781000137	1.308529
305.778999805	6.996403
307.789000034	7.620066
309.786000013	7.620066
311.785000086	7.480854
313.774999857	7.480854
315.801000118	6.53403
317.789000034	6.53403
319.781000137	6.53403
321.785000086	7.360682
323.785000086	6.483829
325.802000046	6.483829
327.776000023	1.777615
329.779999733	3.69343
331.785000086	3.69343
333.789000034	0.011914
335.781000137	8.237673
337.789999962	8.028171
339.785000086	8.78064
341.781000137	8.768652
343.779999733	7.991344
345.781000137	0.295158
347.786000013	0.832053
349.802999973	4.280513
351.782000065	0.408633
353.779999733	1.680297
355.794999838	1.533129
357.782999992	1.563411
359.789000034	0.126753
361.785000086	4.441073
363.778999805	3.026874
365.789999962	3.026874
367.789999962	2.836307
369.785000086	4.499063
371.782999992	0.746468
373.782999992	4.736107
375.77699995	4.801205
377.785000086	4.7939
379.77699995	5.510972
381.782999992	6.516495
383.779999733	7.028255
385.77699995	7.028255
387.782999992	8.027893
389.782999992	8.386891
391.789000034	8.386891
393.785000086	8.386891
395.786999941	8.722114
397.781000137	5.378908
399.785000086	8.083946
401.781000137	9.382219
403.803999901	8.360325
405.778999805	8.360325
407.781000137	8.864236
409.790999889	8.768533
