0.0	1.886678
0.156999826431	0.762816
0.316999912262	0.762816
0.464999914169	0.762816
0.596999883652	0.937108
0.718000173569	0.993823
0.957000017166	1.957533
1.23699998856	1.964536
1.3599998951	1.964536
3.47699999809	1.964536
5.47000002861	1.964536
7.47000002861	1.02676
9.47699999809	1.02676
11.4769999981	2.185813
13.4700000286	1.317936
15.7170000076	1.317936
17.9849998951	1.615908
19.9740002155	0.835673
22.2259998322	0.638864
24.2249999046	0.947375
26.2249999046	0.612444
28.2249999046	0.993026
30.2119998932	2.102196
32.1050000191	0.466478
34.2269999981	0.330991
36.2279999256	2.27477
38.2279999256	0.98565
40.4720001221	1.844821
42.2760000229	0.002835
44.3929998875	0.570864
47.7200000286	0.113607
51.0769999027	0.105367
54.6940002441	0.048723
59.7180001736	0.002953
62.7049999237	0.066429
68.6400001049	0.051374
69.4769999981	0.059159
70.0659999847	0.059914
71.9449999332	0.045384
74.4730000496	0.096382
76.4709999561	0.161259
78.6780002117	0.04231
83.0249998569	0.000584
84.1849999428	0.060051
84.5459997654	0.048506
88.0249998569	0.01375
89.2049999237	0.099319
90.4370000362	0.080763
92.478000164	0.05541
94.5850000381	0.055764
97.0720000267	0.035191
98.5280001163	0.095339
100.476999998	0.098655
102.356999874	0.07506
105.032000065	0.039483
106.476999998	0.078298
108.476999998	0.159364
110.470000029	0.172977
112.345000029	0.124567
114.470000029	0.095964
116.476999998	0.191264
118.476999998	0.234572
120.476000071	0.212101
122.476999998	0.158852
124.38499999	0.043945
127.437000036	0.061516
129.027000189	0.006956
