0.0	4.037341
0.436000108719	0.084476
0.837000370026	4.817101
1.38499999046	0.813631
1.91300010681	0.108434
2.36100006104	0.252395
2.78500008583	3.77578
3.38000011444	0.068721
4.0030002594	0.326171
4.76700019836	0.013787
5.6890001297	0.073723
7.67800021172	0.075789
9.67300009727	0.048991
11.6730000973	0.031045
13.6880002022	0.012839
15.6780002117	0.057162
17.6750001907	0.033574
19.6870000362	0.828501
21.6840000153	3.86491
23.6730000973	1.638417
25.7110002041	0.115294
27.7000000477	0.040244
29.6850001812	3.212504
31.6820001602	0.745938
33.6780002117	1.131714
35.6720001698	3.805799
37.6840000153	4.694163
39.6830000877	3.922656
41.6809999943	0.02959
43.6730000973	2.104183
45.6880002022	0.035281
47.6860001087	0.079614
49.6800000668	0.074444
51.6750001907	3.930979
53.6750001907	3.404291
55.6840000153	3.342477
57.6750001907	4.324624
59.6900002956	0.334628
61.6860001087	1.072316
63.6800000668	0.878575
65.6920001507	0.29988
67.6809999943	0.891509
69.6890001297	0.377248
71.6750001907	0.253465
73.6820001602	1.021005
75.6820001602	0.026536
77.6910002232	0.853781
79.9340002537	0.05901
81.6880002022	2.351735
83.9240000248	4.82384
85.9410002232	0.236222
87.6910002232	0.85096
89.9400000572	0.309096
91.9400000572	0.821823
93.9310002327	0.156778
95.9350001812	0.007584
97.9310002327	0.458744
99.9350001812	0.014216
101.93200016	0.01837
103.926000118	0.047779
105.779000044	4.468731
107.987000227	0.277456
109.926000118	0.208437
111.940000057	0.008279
113.936000109	0.014983
115.934000254	0.017174
117.93200016	1.413082
119.93900013	0.047636
121.93900013	0.153653
123.93900013	0.294414
125.937000036	0.488022
127.934000254	0.01891
129.789000273	3.142796
131.933000326	0.135885
133.942000151	0.126375
135.940000057	0.018706
137.934000254	0.093803
139.944000006	0.887547
141.927999973	0.030627
143.927999973	0.190864
145.924000025	0.104651
147.937000036	0.048821
149.943000078	0.841348
151.937000036	0.174037
153.933000326	0.785823
155.927000046	0.016718
157.940000057	0.025317
