0.0	1.160792
0.157999753952	1.160792
0.384999990463	0.044567
0.473999738693	0.68435
0.571999788284	0.68435
0.670999765396	0.921563
0.832000017166	1.628131
2.09399986267	0.278803
3.09599995613	2.568761
3.95399975777	0.485109
5.64899992943	1.480206
7.64499998093	0.252147
9.64499998093	1.584256
11.6449999809	0.54707
13.6480000019	1.674194
15.6449999809	0.412237
17.6449999809	1.75546
19.626999855	2.72382
21.6449999809	2.787599
23.6449999809	3.108413
25.651999712	2.204972
27.6459999084	3.122317
29.6449999809	3.266777
31.6459999084	0.99191
33.6359996796	0.284686
35.8359997272	0.530523
37.646999836	2.102449
40.0259997845	0.135026
41.493999958	2.156441
43.515999794	0.84585
45.646999836	2.02101
47.6459999084	3.228523
49.654999733	2.038197
52.0059998035	0.160845
54.6869997978	0.171866
57.8049998283	0.013719
60.6369998455	0.022422
62.6069998741	1.330623
64.1389997005	3.623454
65.132999897	3.8312
65.634999752	4.01727
67.6449999809	1.649228
69.6459999084	0.88002
71.6459999084	0.500327
73.6459999084	3.521262
75.6459999084	2.015218
77.6459999084	0.850034
79.6459999084	5.080615
81.6449999809	1.630097
83.6449999809	1.210698
85.6459999084	1.758369
87.6459999084	0.639461
89.6499998569	2.392121
91.5399997234	0.035385
93.646999836	0.463768
95.6459999084	2.56555
97.6369998455	0.079514
99.8659999371	0.085981
101.636999846	0.012288
103.666999817	0.109757
106.285999775	2.182695
108.927999973	0.037355
110.3349998	0.046386
111.694999695	0.102298
113.645999908	3.157872
115.636999846	0.838649
117.645999908	2.734184
119.648999929	4.897827
121.645999908	1.45881
123.63599968	0.034225
128.634999752	6.627528
130.644999981	0.120622
132.645999908	0.608525
134.646999836	0.049209
136.636999846	0.020137
138.785999775	0.138453
141.145999908	0.003158
144.315999746	0.123005
147.105999947	0.654506
149.805999756	0.425106
152.115999699	0.492337
154.336999893	0.782966
156.795999765	1.336571
158.474999666	2.170275
159.835999727	0.101241
160.912999868	1.292067
161.895999908	1.66221
162.933999777	1.961756
164.634999752	0.091506
166.634999752	1.415421
168.645999908	0.212103
170.644999981	0.532737
172.644999981	1.461155
174.644999981	1.973587
176.644999981	0.04702
178.655999899	0.013061
180.648000002	0.064858
182.645999908	0.374927
184.829999924	0.012986
186.892999887	0.089985
188.636999846	0.073106
190.634999752	0.133065
192.645999908	0.735408
194.649999857	1.078088
196.645999908	4.235388
198.645999908	0.486613
200.644999981	0.092237
202.644999981	0.003701
204.644999981	1.183499
206.645999908	0.258226
208.644999981	3.069492
210.644999981	0.053708
212.644999981	0.662473
214.634999752	1.206316
216.652999878	3.285767
218.644999981	3.39182
220.644999981	3.693458
222.648999929	5.407356
224.646999836	1.04816
226.895999908	4.200397
228.894999743	3.624603
230.894999743	2.038484
232.894999743	6.08859
234.894999743	0.033419
236.894999743	7.988357
238.897999763	6.754584
240.894999743	0.22878
242.885999918	8.017157
244.896999836	2.195744
246.894999743	7.28601
248.894999743	0.831783
250.894999743	6.668275
252.902999878	7.333777
254.894999743	7.731488
256.894999743	5.73927
258.895999908	7.394651
260.894999743	5.215874
262.899999619	1.018994
264.904999971	0.012939
266.895999908	0.052843
268.898999691	3.721053
270.896999836	1.581565
272.899999619	1.156522
274.895999908	5.396917
276.90199995	2.324324
278.894999743	8.851213
280.894999743	7.789602
282.902999878	0.086565
284.894999743	5.446547
286.899999619	0.100116
288.897999763	3.586852
290.895999908	2.774393
292.895999908	0.002996
294.894999743	7.907319
296.894999743	9.623987
298.894999743	1.168802
300.894999743	0.074809
302.894999743	8.243749
304.894999743	9.995207
306.894999743	3.41054
308.898999691	3.362122
310.894999743	3.307326
312.894999743	0.704899
314.896999836	1.593223
327.886999846	0.021714
335.144000053	0.163517
337.145999908	0.951794
339.145999908	1.600492
341.146999836	6.270915
343.146999836	1.156612
345.15599966	6.344096
347.145999908	0.994157
349.152999878	0.557718
351.146999836	0.129435
353.146999836	0.794613
355.145999908	1.012892
357.144999981	2.00648
359.152999878	5.553749
361.144999981	0.998136
363.146999836	0.335871
365.145999908	1.401842
367.152999878	0.929936
369.148999929	0.288345
371.144999981	0.276222
373.144999981	5.108818
375.145999908	0.053798
377.145999908	1.930384
379.145999908	5.797029
381.146999836	3.533345
383.146999836	3.841714
385.145999908	3.604482
387.153999805	4.459767
389.146999836	1.284817
391.145999908	0.93033
393.145999908	3.592859
395.144999981	2.550762
397.145999908	3.550792
399.145999908	3.876448
401.148999929	6.106656
403.687999964	0.030833
405.135999918	0.028607
407.136999846	0.423952
409.153999805	0.376627
411.145999908	0.076318
413.153999805	0.141268
415.136999846	1.630644
