0.0	1.867727
0.746000289917	0.514768
0.924000024796	1.861182
1.18400001526	1.817735
1.44599986076	1.610291
1.66999983788	1.830701
2.04800009727	1.864045
2.91900014877	0.247747
3.5	1.815268
4.12400007248	1.883693
5.92499995232	0.127093
7.92499995232	0.472893
9.92700004578	0.011317
11.9270000458	0.052075
13.9220001698	1.165486
15.9249999523	0.653928
18.6649999619	0.017812
19.9479999542	1.731945
22.7979998589	0.141081
23.9240000248	1.852786
25.9270000458	1.852786
27.9249999523	1.852786
29.9930000305	1.55868
31.9510002136	0.36782
33.9270000458	1.248672
35.9249999523	0.935423
37.9270000458	1.874168
39.9249999523	1.566412
41.9270000458	1.83299
43.9240000248	1.878787
45.9249999523	1.880538
47.9279999733	1.824805
49.9249999523	0.010275
51.9270000458	0.542671
53.9240000248	1.861139
55.9270000458	1.858813
57.9230000973	1.862953
59.9220001698	0.489359
61.9279999733	0.770744
63.9279999733	1.86185
65.9249999523	0.351166
67.9240000248	0.605824
69.9240000248	0.335143
71.9230000973	0.052132
73.9240000248	1.867061
75.9240000248	1.82915
77.9240000248	1.831788
79.9249999523	0.145322
81.9240000248	1.836759
83.9270000458	0.027486
85.9249999523	1.576552
87.9279999733	1.897325
89.9249999523	1.705845
91.9320001602	0.067187
93.9249999523	0.543754
95.9259998798	0.018169
97.9380002022	0.011715
99.9289999008	0.373112
101.927000046	0.887662
103.930000305	1.85493
105.927000046	1.85493
107.928999901	1.85493
110.617000103	0.034945
111.928999901	1.92054
114.178000212	0.763633
116.178000212	0.641074
118.391000032	0.306903
120.175000191	0.799227
122.181999922	1.827129
124.178000212	1.859131
126.175000191	1.710496
128.179000139	1.819971
130.179000139	1.819971
132.202000141	1.840705
134.180000067	1.847523
136.180999994	1.848018
138.005000114	0.35945
140.180999994	1.860902
142.184000015	0.660387
144.180000067	0.049648
146.178000212	1.87953
148.177000046	1.774797
150.053999901	1.832531
152.269000053	0.852441
154.085999966	0.928386
156.180999994	0.370075
158.179000139	0.034189
160.177000046	1.007675
162.178000212	1.499125
164.179000139	1.654339
166.180999994	1.628922
168.179000139	1.833764
170.184000015	1.897896
172.180000067	0.861492
174.055000067	1.83785
176.178000212	0.232062
178.179000139	1.81046
180.179000139	0.071223
182.180000067	0.566544
184.178000212	1.848788
186.178000212	1.805384
188.178000212	0.403655
190.181999922	1.841143
192.180999994	1.864925
194.179000139	1.849617
196.179000139	1.856225
198.192000151	0.018146
200.183000088	1.71193
202.099000216	0.462035
204.180999994	0.009016
206.184000015	1.871979
208.183000088	1.858872
210.180999994	1.874313
212.180999994	1.1277
214.191000223	0.584694
216.513000011	0.402455
218.184999943	1.829782
220.183000088	0.702322
222.184000015	0.461987
224.184000015	1.846331
226.184000015	1.767813
228.27699995	0.003047
230.286000013	0.19019
232.056999922	0.10749
234.217000008	0.143009
236.184000015	0.030648
238.184999943	0.209736
240.184000015	1.82262
242.180999994	0.034087
244.184000015	1.855298
246.184999943	1.864777
248.266000271	1.830065
250.186000109	0.428383
252.391000032	1.844253
254.186000109	0.411064
256.184999943	1.707739
258.186000109	1.871169
260.186000109	1.824057
262.187000036	1.835355
264.184999943	0.786501
266.184999943	1.845297
268.180999994	1.788421
270.183000088	1.720602
272.187999964	0.013402
274.180999994	0.307893
276.187999964	1.056743
278.183000088	0.548598
280.183000088	1.531064
282.187999964	1.871682
284.187000036	1.846041
286.183000088	1.618763
288.181999922	1.021332
290.186000109	1.778004
292.184000015	1.431572
294.187999964	1.852188
296.184000015	1.81835
298.205999851	1.833222
300.187999964	1.293007
302.190000057	1.854793
304.191000223	1.613987
306.195000172	1.843278
308.191000223	0.207166
310.192000151	1.684221
312.187999964	1.84507
314.184999943	1.654209
316.184000015	0.020876
318.184000015	0.557507
320.184000015	1.250258
322.184000015	0.944454
324.450000286	0.417528
326.184999943	1.661203
328.186000109	0.371416
330.194000244	1.167371
332.184999943	1.112234
334.304000139	1.112234
336.186000109	0.841501
338.184999943	1.380261
340.186000109	0.822435
342.186000109	0.822435
344.186000109	0.069132
346.187000036	1.790568
348.187000036	1.017524
350.187000036	1.828914
352.187000036	1.844808
354.187999964	1.634419
356.187999964	1.867013
358.188999891	1.586106
360.193000078	1.611568
362.193000078	0.276102
364.187999964	1.443213
366.43900013	1.803874
368.520999908	1.844918
370.440000057	1.871657
372.43900013	1.835615
374.440999985	1.425288
376.440999985	1.084811
378.440000057	0.500497
380.440000057	0.898282
382.440999985	0.225685
