0.0	2.240476
0.297999858856	2.993091
0.572000026703	2.993091
1.06399989128	1.22784
1.48999977112	1.341924
1.91499996185	1.99662
2.51799988747	0.847073
2.85599994659	2.640914
3.1819999218	2.603819
3.58999991417	2.401146
5.47600007057	0.481647
7.48199987411	0.829286
9.47399973869	0.829286
11.4879999161	0.863857
13.4789998531	0.90759
15.4800000191	0.956134
17.4899997711	1.065625
19.4869997501	1.065625
21.4939997196	1.065625
23.4889998436	1.115562
25.4789998531	1.425906
27.4839999676	1.425906
29.4760000706	0.035556
32.7489998341	0.319088
33.618999958	0.573227
35.4789998531	0.447382
37.4839999676	0.421941
39.5469999313	0.837829
41.4889998436	0.91871
43.4830000401	1.113925
45.4809999466	1.080817
47.4859998226	1.225832
49.4769999981	1.428114
51.4830000401	0.631164
53.4830000401	1.475879
55.4819998741	1.47733
57.4830000401	1.615455
59.4800000191	1.607165
61.4869997501	1.650882
63.4839999676	1.641557
65.4800000191	1.684067
67.4869997501	1.691239
69.4859998226	1.691239
71.4839999676	1.713052
73.4839999676	1.657108
75.4769999981	1.657108
77.4830000401	1.657108
79.4779999256	1.657108
81.4879999161	1.799259
83.7319998741	1.756953
85.7679998875	1.756953
87.736000061	0.394812
89.736000061	1.762762
91.7429997921	1.937439
93.739000082	1.909966
95.6609997749	1.744142
