0.0	0.515962
2.34799981117	0.577791
2.91400003433	0.736455
3.66400003433	0.039386
4.82100009918	0.071054
5.84399986267	0.437739
7.08899998665	0.424882
8.92100000381	0.140611
9.65999984741	0.471007
11.513999939	0.628926
15.0399999619	0.389372
17.3259999752	0.014218
18.8929998875	0.688915
20.4089999199	0.43896
21.8970000744	0.852489
23.7690000534	0.088059
26.0299999714	0.623398
29.0320000648	0.364572
31.4359998703	0.057102
34.257999897	0.170256
35.7589998245	0.721222
36.9449999332	0.728354
38.9979999065	0.737381
41.0839998722	0.531077
43.2379999161	0.719022
45.4819998741	0.413843
47.6730000973	0.381039
51.1050000191	0.029137
53.2330000401	0.003222
55.4479999542	0.750769
57.5569999218	0.320004
59.3940000534	0.708148
61.5539999008	0.300087
63.3169999123	0.50382
65.2339999676	0.41113
67.2709999084	0.03449
69.0720000267	0.090428
71.3129999638	0.608116
72.9440000057	0.26707
76.5909998417	0.555763
78.0439999104	0.061209
79.5389997959	0.71018
80.760999918	0.463183
83.3309998512	0.468701
84.9989998341	0.64546
86.6259999275	0.418146
88.3259999752	0.660649
91.262999773	0.061101
92.8559999466	0.710171
95.8439998627	0.252291
97.3580000401	0.704999
99.5319998264	0.715489
101.330999851	0.097933
102.720999956	0.511994
104.167999983	0.662738
105.705999851	0.71286
107.480999947	0.714417
109.155999899	0.078855
112.664999962	0.514491
114.16899991	0.707656
117.006999969	0.67859
118.747999907	0.019892
120.578999758	0.712149
122.493999958	0.441033
124.872999907	0.227096
126.633999825	0.58015
128.265000105	0.371136
129.848999977	0.68989
132.417999983	0.509342
134.162999868	0.08576
136.50999999	0.333767
138.069000006	0.120989
140.104000092	0.330969
141.238999844	0.673906
143.382999897	0.350059
144.981999874	0.505164
147.144000053	0.028377
148.451999903	0.386527
149.250999928	0.639154
153.917000055	0.672985
155.661999941	0.289186
157.630999804	0.466806
159.18599987	0.649003
161.556999922	0.005795
164.027999878	0.506025
166.022999763	0.699512
166.572999954	0.719936
168.269000053	0.582376
169.686999798	0.629995
171.131999731	0.731816
173.490999937	0.032705
174.703999996	0.052981
177.0	0.09852
178.906999826	0.711655
180.746000051	0.3795
181.901000023	0.642454
183.242999792	0.286489
184.540999889	0.463441
186.361000061	0.67288
190.422999859	0.41009
