0.0	1.857255
0.555000066757	2.890598
0.743999958038	2.890598
0.930000066757	2.890598
1.12800002098	2.890598
1.33899998665	2.890598
1.57899999619	2.890598
1.93399977684	2.890598
2.16899991035	2.890598
4.02799987793	0.783673
6.02899980545	0.792793
8.03100013733	1.095656
10.0279998779	1.095656
12.0279998779	1.095656
14.0409998894	1.095656
16.0279998779	1.095656
18.029999733	1.095656
20.0289998055	1.095656
22.0279998779	1.095656
24.0279998779	1.095656
26.0279998779	1.095656
28.0279998779	1.095656
30.236000061	1.095656
32.0310001373	1.095656
34.0279998779	1.095656
36.2829999924	1.095656
38.2779998779	1.390707
40.2779998779	0.494399
42.2779998779	2.524194
44.2779998779	2.48745
46.2779998779	1.848729
48.2779998779	2.718256
50.2779998779	0.383694
52.2779998779	2.898727
54.2459998131	2.898727
56.2820000648	2.633875
58.2779998779	2.901335
60.2779998779	0.397077
62.2779998779	1.250432
64.2779998779	1.250432
66.2779998779	1.250432
68.2839999199	2.780459
70.2790000439	2.875891
72.2820000648	2.892252
74.2779998779	2.866081
76.2790000439	2.648322
78.2409999371	2.954518
80.2779998779	2.570533
82.2779998779	2.623382
84.2779998779	2.891804
86.2809998989	2.78179
88.2929999828	2.78179
90.2779998779	2.78179
92.2779998779	2.78179
94.2779998779	2.78179
96.2779998779	2.78179
98.2779998779	2.78179
100.279000044	0.006309
102.237999916	1.864917
104.279000044	1.864917
106.279000044	1.864917
108.277999878	1.864917
110.27699995	2.751717
112.277999878	2.751717
114.277999878	0.186176
116.280999899	2.816931
118.279000044	2.791137
120.280999899	2.889378
122.277999878	2.964517
124.277999878	1.948579
126.260999918	2.689627
128.277999878	1.081087
130.279999971	2.948899
132.277999878	2.25462
134.279000044	2.25462
136.279999971	2.94191
138.277999878	0.032391
140.277999878	2.659363
142.277999878	2.659363
144.277999878	2.682883
146.277999878	2.795469
148.279999971	2.900719
150.240999937	2.900719
152.282000065	2.900719
154.277999878	2.900719
156.277999878	2.900719
158.27699995	2.900719
160.277999878	2.900719
162.27699995	2.900719
164.27699995	2.900719
166.277999878	2.900719
168.279999971	2.903504
170.282000065	2.750955
172.279000044	2.938643
174.245999813	2.938643
176.277999878	2.938643
178.27699995	2.938643
180.277999878	0.438164
182.27699995	2.913079
184.280999899	2.913079
186.27699995	2.913079
188.277999878	2.838929
190.277999878	2.838929
192.277999878	2.589762
194.277999878	2.876939
196.277999878	2.336602
198.24000001	2.766504
200.277999878	2.824345
202.27699995	2.824345
204.27699995	2.824345
206.27699995	2.824345
208.27699995	2.824345
210.27699995	2.824345
212.27699995	2.812894
214.27699995	2.812894
216.286999941	2.812894
218.27699995	2.874025
220.277999878	2.874025
222.236999989	2.931707
224.277999878	2.77645
226.27699995	2.656982
228.277999878	2.735341
230.277999878	2.58786
232.277999878	2.95251
234.28399992	2.596966
236.27699995	2.596966
238.27699995	2.596966
240.277999878	2.596966
242.282000065	2.72634
244.27699995	0.908851
246.27699995	2.908495
248.282999992	2.943375
250.279000044	2.949048
252.277999878	2.725985
254.279000044	2.725985
256.279000044	2.725985
258.280999899	2.001672
260.27699995	2.892507
262.27699995	2.836767
264.277999878	0.220398
266.277999878	1.159447
268.279999971	2.925232
270.279000044	2.466507
272.277999878	2.725095
274.27699995	2.729412
276.52699995	2.897336
278.276000023	2.897336
280.27699995	2.897336
282.27699995	2.897336
284.277999878	2.897336
286.527999878	2.897336
288.27699995	2.897336
290.528999805	2.897336
292.52699995	2.897336
294.53000021	2.897336
296.525999784	2.897336
298.527999878	2.897336
300.52699995	2.897336
302.52699995	2.897336
304.528999805	2.897336
306.52699995	2.897336
308.525999784	2.897336
310.52699995	2.897336
312.52699995	2.897336
314.525999784	2.897336
316.52699995	2.897336
318.525999784	2.897336
320.52699995	2.897336
322.532999992	2.897336
324.52699995	2.897336
326.527999878	2.897336
328.525999784	2.897336
330.525999784	2.897336
332.531000137	2.897336
334.525999784	2.897336
336.52699995	2.897336
338.52699995	2.897336
340.527999878	2.897336
342.531000137	2.897336
344.525999784	2.897336
346.525999784	2.897336
348.52699995	2.897336
350.527999878	2.897336
352.52699995	2.897336
354.527999878	2.897336
356.525999784	2.897336
358.525999784	2.897336
360.52699995	2.897336
362.525999784	2.897336
364.52699995	2.897336
366.52699995	2.897336
368.52699995	2.897336
370.52699995	2.897336
372.52699995	2.897336
374.531000137	2.897336
376.525999784	2.897336
378.52699995	2.897336
380.525999784	2.897336
382.52699995	2.897336
384.52699995	2.897336
386.538000107	2.897336
388.528999805	2.897336
390.52699995	2.897336
392.52699995	2.897336
394.525999784	2.897336
396.52699995	2.897336
398.52699995	2.897336
400.52699995	2.897336
402.53000021	2.897336
404.52699995	2.897336
406.532000065	2.897336
408.525999784	2.897336
410.52699995	2.897336
412.525999784	2.897336
414.525999784	2.897336
416.525999784	2.897336
418.53399992	2.897336
420.525999784	2.897336
422.52699995	2.897336
424.525999784	2.897336
426.525999784	2.897336
428.52699995	2.897336
430.52699995	2.897336
432.52699995	1.45676
434.52699995	1.45676
436.53399992	1.45676
438.525999784	1.708441
440.525999784	1.749627
442.525999784	1.695689
444.525999784	1.6841
446.525999784	1.829723
448.525999784	1.943914
450.527999878	1.91199
452.52699995	1.91199
454.528999805	1.922293
456.532999992	1.922293
458.525999784	1.922293
460.527999878	1.982765
462.525999784	1.983765
464.525999784	2.002837
466.525999784	2.097336
468.525999784	2.184907
470.525999784	2.184907
472.525999784	2.184907
474.525999784	2.184907
476.525999784	2.184907
478.525999784	2.184907
480.525999784	2.184907
482.532999992	2.184907
484.525999784	2.184907
486.525999784	2.184907
488.525999784	2.184907
490.524999857	2.184907
492.524999857	2.184907
494.525999784	2.184907
496.524999857	2.184907
498.525999784	2.184907
500.525999784	2.184907
502.525999784	2.184907
504.525999784	2.184907
506.525999784	2.184907
508.525999784	2.184907
510.525999784	2.184907
512.528999805	2.184907
514.532999992	2.184907
516.525999784	2.184907
518.525999784	2.184907
520.52699995	2.165774
522.525999784	1.854605
524.524999857	1.854605
526.525999784	1.854605
528.524999857	1.854605
530.524999857	1.854605
532.524999857	1.854605
534.52699995	1.854605
536.525999784	1.854605
538.775000095	1.854605
540.524999857	1.854605
542.525999784	1.854605
544.775000095	1.854605
546.775000095	1.854605
548.743000031	1.854605
550.780999899	1.854605
552.776000023	1.854605
554.775000095	1.854605
556.779999971	1.854605
558.775000095	1.854605
560.775000095	1.854605
562.775000095	1.854605
564.775000095	1.854605
566.776000023	1.854605
568.77699995	1.854605
570.775000095	1.854605
572.775000095	0.073331
574.684000015	0.144179
576.775000095	0.208658
578.775000095	0.33318
580.775000095	0.013087
582.775000095	0.488368
584.776000023	0.567517
586.775000095	0.744156
588.776000023	0.006438
590.775000095	1.019888
592.775000095	1.039026
594.775000095	1.039026
596.773999929	1.039026
598.775000095	1.039026
600.77699995	1.076216
602.775000095	1.137111
604.775000095	1.282599
606.775000095	1.624226
608.775000095	1.683953
610.775000095	1.688402
612.775000095	1.688402
614.775000095	1.688402
616.775000095	1.688402
618.775000095	1.688402
620.748999834	1.688402
622.775000095	1.688402
624.776000023	1.688402
626.775000095	1.688402
628.773999929	1.688402
630.775000095	1.688402
632.775000095	1.688402
634.779999971	1.688402
636.775000095	1.688402
638.775000095	1.688402
640.775000095	1.688402
642.775000095	2.222974
644.736999989	2.633961
646.773999929	2.633961
648.775000095	2.633961
650.776000023	2.633961
652.788999796	2.535211
654.77699995	2.742655
656.776000023	0.779882
658.775000095	1.283569
660.776000023	1.304304
662.775000095	2.779068
664.775000095	2.595489
666.775000095	2.595489
668.735000134	2.595489
670.780999899	1.037614
672.77699995	2.809047
674.775000095	0.007841
676.775000095	0.040996
678.775000095	2.689927
680.775000095	2.689927
682.775000095	2.689927
684.784999847	2.689927
686.775000095	2.689927
688.775000095	2.689927
690.773999929	2.689927
692.736000061	2.689927
694.775000095	1.440814
696.775000095	2.558499
698.776000023	2.849667
700.776000023	0.456826
702.781999826	2.733304
704.773999929	2.733304
706.776000023	2.733304
708.773999929	2.733304
710.773999929	2.733304
712.778000116	2.733304
714.776000023	2.733304
716.736000061	2.733304
718.776000023	2.733304
720.77699995	2.594304
722.775000095	2.767582
724.776000023	2.68904
726.775000095	2.741812
728.775000095	2.478497
730.775000095	2.676112
732.775000095	2.853052
734.775000095	2.81746
736.779999971	2.877196
738.775000095	2.284487
740.775000095	2.881525
742.773999929	2.815538
744.773999929	2.815538
746.775000095	0.00729
748.779999971	1.374237
750.773999929	2.267716
752.776000023	2.267716
754.775000095	2.859028
756.775000095	2.859028
758.773999929	2.859028
760.773999929	2.704311
762.773999929	0.54543
764.773999929	1.052137
766.773999929	1.052137
768.773999929	1.052137
770.778000116	1.052137
772.773999929	1.052137
774.773999929	1.052137
777.023999929	1.052137
778.773999929	1.052137
780.781999826	1.085339
782.77699995	1.085339
784.773999929	1.085339
787.024999857	1.085339
789.024999857	1.085339
791.026000023	1.085339
793.023999929	1.085339
795.023999929	1.36255
797.023999929	1.36255
799.023999929	1.36255
801.023999929	1.36255
802.983999968	1.36255
805.024999857	1.36255
807.024999857	1.36255
809.023999929	1.36255
811.023999929	1.36255
813.026000023	1.36255
815.023999929	1.36255
817.027999878	1.36255
819.023999929	1.36255
821.023999929	1.36255
823.024999857	1.36255
825.023999929	1.36255
827.023999929	0.006548
833.152999878	0.160872
833.909999847	0.180983
834.779000044	0.177602
835.640999794	0.166916
837.013999939	0.379311
839.023999929	0.464798
841.023999929	0.455644
843.031000137	0.024297
845.023000002	0.502997
847.024999857	0.485011
849.024999857	0.509551
851.026000023	0.563364
853.024999857	0.688801
855.023999929	0.688801
857.023999929	0.688801
859.032999992	0.762847
861.023999929	0.762847
863.023999929	0.909721
865.024999857	1.227513
867.023999929	0.407895
869.023999929	1.311252
871.026000023	1.497668
873.023999929	1.497668
875.006999969	1.497668
877.024999857	1.497668
879.023999929	1.497668
881.023000002	1.497668
883.024999857	1.497668
885.023999929	1.497668
887.029999733	1.497668
889.024999857	1.497668
891.023999929	1.497668
893.023000002	1.497668
895.023999929	1.497668
897.023999929	1.497668
899.00999999	1.497668
901.023000002	1.497668
903.024999857	1.497668
905.023999929	1.497668
907.024999857	1.497668
909.023000002	1.497668
911.024999857	1.497668
913.024999857	1.497668
915.023999929	1.497668
917.023999929	1.497668
919.026000023	1.497668
921.023999929	1.497668
923.004999876	1.497668
925.023999929	1.497668
927.023999929	1.497668
929.023000002	1.497668
931.028999805	1.497668
933.024999857	1.497668
935.024999857	1.497668
937.026000023	1.497668
939.023000002	1.497668
941.023999929	1.497668
943.023000002	1.497668
945.023000002	1.497668
947.005999804	1.497668
949.023000002	1.497668
951.031000137	1.497668
953.027999878	1.635846
955.024999857	1.735739
957.023999929	1.735739
959.023999929	1.735739
961.023999929	1.735739
963.026000023	1.735739
965.023000002	1.735739
967.023999929	0.837914
969.023999929	0.879665
970.999000072	1.717408
973.023999929	1.717408
975.023000002	1.717408
977.02699995	1.717408
979.023000002	0.01337
981.023000002	0.36699
983.035000086	0.447365
985.023000002	0.476288
987.026000023	0.476288
989.023000002	0.476288
991.023000002	0.476288
993.023000002	0.489056
994.996999979	0.674045
997.023000002	0.674045
999.023000002	0.674045
1001.02399993	0.674045
1003.023	0.674045
1005.023	0.674045
1007.02399993	0.743746
1009.02399993	0.81783
1011.02399993	0.417923
1013.02399993	0.877385
1015.023	0.877385
1017.02399993	0.047891
1019.023	0.666673
1021.02600002	1.784336
1023.023	1.784336
1025.023	1.784336
1027.273	1.87025
1029.023	1.863368
1031.02399993	1.903929
1033.02399993	0.304557
1035.02600002	2.449687
1037.2750001	2.797498
1039.27400017	2.340575
1041.273	1.259139
1043.273	2.663812
1045.273	2.663812
1047.273	2.598017
1049.273	2.867109
1051.023	2.950902
1053.27799988	2.950902
1055.273	2.950902
1057.28699994	2.950902
1059.273	2.950902
1061.273	2.950902
1063.273	2.950902
1065.27400017	2.950902
1067.273	2.950902
1069.273	2.950902
1071.273	2.950902
1073.273	2.950902
1075.27400017	2.950902
1077.27600002	2.950902
1079.273	2.950902
1081.273	2.950902
1083.273	2.950902
1085.273	2.950902
1087.2750001	2.950902
1089.273	2.950902
1091.27400017	2.950902
1093.273	2.950902
1095.29100013	2.950902
1097.273	2.950902
1099.273	2.950902
1101.273	2.950902
1103.273	2.950902
1105.27799988	2.908894
1107.27799988	2.908894
1109.273	2.661778
1111.27200007	2.661778
1113.27200007	2.661778
1115.27600002	2.661778
1117.2750001	2.661778
1119.273	2.661778
1121.27699995	2.661778
1123.273	2.661778
1125.273	2.661778
1127.273	2.661778
1129.273	2.661778
1131.27200007	2.661778
1133.27400017	2.661778
1135.35299993	2.661778
1137.273	2.661778
1139.273	2.661778
1141.27400017	2.661778
1143.27200007	2.661778
1145.273	2.661778
1147.27200007	2.661778
1149.273	2.661778
1151.27699995	2.661778
1153.273	2.661778
1155.27400017	2.661778
1157.273	2.661778
1159.27200007	2.661778
1161.27200007	2.661778
1163.27200007	2.661778
1165.29399991	2.661778
1167.27200007	2.661778
1169.273	2.661778
1171.27200007	2.661778
1173.273	2.661778
1175.27200007	2.661778
1177.27600002	2.661778
1179.27200007	0.012007
1183.7099998	0.139362
1184.7579999	0.249435
1185.18099999	0.340535
1187.27200007	0.355006
1189.27200007	0.457709
1191.273	0.591455
1193.27200007	0.635709
1195.28399992	0.635709
1197.27200007	0.257822
1199.27200007	0.754087
1201.273	0.754087
1203.27200007	0.739356
1205.27400017	0.721943
1207.27200007	0.73985
1209.273	0.835041
1211.273	0.835041
1213.27200007	0.835041
1215.27200007	0.835041
1217.273	0.835041
1219.27600002	0.766125
1221.273	0.766125
1223.27200007	0.951091
1225.28599977	0.951091
1227.273	0.951091
1229.27200007	1.031841
1231.27200007	1.150399
1233.27200007	1.150399
1235.27400017	1.150399
1237.273	1.150399
1239.27200007	1.150399
1241.27200007	1.150399
1243.27200007	1.150399
1245.27200007	1.150399
1247.27200007	1.150399
1249.27699995	1.150399
1251.27200007	1.150399
1253.27600002	1.150399
1255.27699995	1.150399
1257.28200006	1.150399
1259.27200007	1.150399
1261.27200007	1.150399
1263.27200007	1.135601
1265.27699995	1.080721
1267.27200007	1.108442
1269.27400017	1.146102
1271.27200007	1.186122
1273.273	1.186122
1275.27200007	1.186122
1277.52200007	1.186122
1279.27200007	1.288739
1281.27699995	1.549573
1283.52200007	1.746082
1285.523	1.746082
1287.52200007	1.746082
1289.52200007	1.974938
1291.52200007	1.974938
1293.52099991	0.358501
1295.52200007	0.400683
1297.52200007	0.520995
1299.52399993	0.058345
1301.52099991	0.488705
1303.523	0.488705
1305.53299999	0.488705
1307.52200007	0.539687
1309.52200007	0.539687
1311.52200007	0.719719
1313.52200007	0.719719
1315.523	0.719719
1317.52200007	0.719719
1319.52399993	0.719719
1321.49500012	0.719719
1323.52599978	0.719719
1325.52200007	0.719719
1327.52399993	0.719719
1329.52200007	0.719719
1331.52200007	0.719719
1333.523	0.812816
1335.52200007	1.997025
1337.52200007	1.997025
1339.53299999	1.971064
1341.52200007	1.971064
1343.52099991	2.177621
1345.52200007	2.177621
1347.52200007	2.177621
1349.52200007	2.417285
1351.52200007	0.409056
1353.52200007	1.170371
1355.52200007	0.920019
1357.52200007	0.920019
1359.52099991	0.920019
1361.52200007	0.920019
1363.52200007	0.935243
1365.52099991	1.210451
1367.52200007	1.210451
1369.47900009	1.210451
1371.52200007	1.210451
1373.52200007	1.210451
1375.52399993	1.210451
1377.52099991	1.210451
1379.52099991	1.210451
1381.52200007	1.210451
1383.52200007	1.210451
1385.52799988	1.210451
1387.52200007	1.210451
1389.52099991	1.210451
1391.52099991	1.210451
1393.4849999	1.210451
1395.52099991	1.210451
1397.52099991	1.210451
1399.52799988	1.210451
1401.523	2.779522
1403.523	0.386602
1405.52799988	2.713209
1407.52099991	2.91416
1409.52200007	2.91416
1411.52099991	2.91416
1413.52099991	2.91416
1415.52099991	2.91416
1417.47900009	2.91416
1419.52099991	2.91416
1421.52099991	2.91416
1423.52200007	2.91416
1425.523	2.91416
1427.52099991	2.91416
1429.52099991	2.91416
1431.52099991	0.005193
1438.20799994	0.058554
1440.36400008	0.126272
1441.13599992	0.192191
1442.37899995	0.252283
1442.96000004	0.318274
1443.52200007	0.459201
1445.52099991	0.513798
1447.52099991	0.261015
1449.52099991	0.72385
1451.53000021	0.72385
1453.523	0.918987
1455.52200007	1.13725
1457.52099991	1.439928
1459.52399993	1.38892
1461.52099991	0.359462
1463.52099991	1.955994
1465.52799988	2.030265
1467.52099991	0.25065
1469.523	2.322972
1471.52200007	0.982046
1473.52200007	2.508668
1475.523	2.508668
1477.52099991	2.508668
1479.52099991	2.644325
1481.52200007	2.677181
1483.52200007	2.582037
1485.523	2.553677
1487.52200007	2.125513
1489.47900009	2.943313
1491.52200007	2.483694
1493.52200007	2.948678
1495.52599978	2.702884
1497.53500009	2.955511
1499.52099991	1.79042
1501.52200007	0.01255
1503.52099991	2.684888
1505.52200007	0.023809
1507.52200007	2.694488
1509.52099991	2.727315
1511.52599978	2.809794
1513.52099991	2.809794
1515.523	2.918723
1517.52099991	2.859787
1519.52099991	2.859787
1521.52200007	2.859787
1523.52200007	2.859787
1525.54299998	2.859787
1527.52099991	2.859787
1529.52099991	2.760101
1531.52099991	2.760101
1533.52099991	2.760101
1535.77200007	2.760101
1537.52200007	2.760101
1539.8039999	2.760101
1541.77100015	2.69851
1543.77100015	2.72557
1545.77100015	2.956928
1547.77100015	2.662582
1549.77200007	2.662582
1551.7329998	2.961994
1553.773	2.964784
1555.77200007	2.779691
1557.77100015	2.883759
1559.773	2.868398
1561.77100015	2.662413
1563.77399993	2.889979
1565.77100015	2.606891
1567.77200007	2.606891
1569.77100015	2.606891
1571.78499985	2.606891
1573.77200007	2.743603
1575.73000002	2.842084
1577.77100015	2.627161
1579.773	2.601763
1581.77200007	2.973641
1583.77100015	2.384888
1585.671	2.956895
1587.77100015	2.410846
1589.77100015	2.906114
1591.76999998	2.976605
1593.76999998	2.976605
1595.77100015	2.976605
1597.77100015	2.976605
1599.72899985	2.976605
1601.77100015	2.976605
1603.76999998	2.976605
1605.77100015	2.976605
1607.77100015	2.976605
1609.76999998	2.976605
1611.77200007	2.976605
1613.76999998	2.976605
1615.76999998	2.976605
1617.77399993	2.976605
1619.77200007	2.976605
1621.773	2.976605
1623.73000002	2.976605
1625.76999998	2.976605
1627.76999998	2.976605
1629.76999998	0.017277
1633.51900005	0.158173
1634.68400002	0.177949
1635.92499995	0.264211
1637.77100015	0.421688
1639.77100015	0.531922
1641.76999998	0.527635
1643.76999998	0.623233
1645.77100015	0.597126
1647.76999998	0.620937
1649.77100015	0.620937
1651.77200007	0.621135
1653.77200007	0.815424
1655.77200007	0.981937
1657.77100015	1.073715
1659.76999998	1.081767
1661.76999998	1.168057
1663.76999998	1.168057
1665.77699995	1.168057
1667.76999998	1.168057
1669.76999998	1.168057
1671.76300001	1.168057
1673.77100015	1.168057
1675.76999998	1.168057
1677.76999998	1.168057
1679.76999998	1.168057
1681.76999998	1.16918
1683.77100015	1.16918
1685.76999998	1.16918
1687.7750001	1.16918
1689.77100015	1.16918
1691.76999998	1.16918
1693.77200007	1.16918
1695.76999998	1.16918
1697.773	1.16918
1699.77999997	1.16918
1701.77100015	1.16918
1703.77200007	1.16918
1705.773	1.07289
1707.76999998	1.07289
1709.76899981	1.222349
1711.76999998	1.222349
1713.76999998	1.222349
1715.76999998	1.222349
1717.76999998	1.222349
1719.77699995	1.222349
1721.77200007	1.222349
1723.76999998	1.222349
1725.77100015	1.351087
1727.76999998	1.592962
1729.76999998	1.656415
1731.76999998	2.049879
1733.76999998	2.049879
1735.77100015	2.049879
1737.77100015	2.267716
1739.76999998	0.01096
1741.77100015	2.659497
1743.73000002	2.659497
1745.7750001	2.659497
1747.76999998	2.659497
1749.76999998	2.659497
1751.77200007	2.659497
1753.77100015	2.659497
1755.76999998	2.659497
1757.77100015	2.659497
1759.77100015	2.659497
1761.76899981	2.659497
1763.76999998	2.659497
1765.76999998	2.659497
1767.76999998	0.013144
1771.52899981	0.103813
1772.26399994	0.13201
1773.76999998	0.268363
1775.77200007	0.006533
1777.76999998	0.648944
1779.76899981	0.778556
1781.76999998	1.007263
1783.76999998	1.186579
1785.76899981	1.186579
1788.01999998	1.186579
1790.02099991	1.12339
1791.76899981	1.40487
1794.01900005	1.40487
1796.01999998	1.40487
1798.01900005	1.40487
1800.01900005	1.40487
1802.02099991	1.40487
1804.01999998	1.417518
1806.03999996	1.417518
1808.01999998	1.417518
1810.01900005	1.417518
1812.01999998	1.417518
1814.01999998	1.498832
1816.023	1.664786
1818.01999998	1.664786
1820.01999998	1.664786
1822.01999998	1.664786
1824.01999998	1.763738
1826.02099991	1.963531
1828.01900005	2.141069
1830.01900005	2.209606
1832.02399993	2.472198
1834.01999998	2.472198
1836.01999998	2.472198
1838.02099991	2.472198
1840.01999998	2.529092
1842.01999998	2.529092
1844.02099991	2.927629
1846.01999998	2.622173
1848.01900005	2.622173
1850.02099991	2.622173
1852.02399993	2.622173
1854.01999998	2.947824
1856.02399993	2.857142
1858.01900005	2.968403
1860.01999998	2.909386
1862.01999998	2.909386
1864.01900005	2.909386
1866.01900005	2.909386
1868.02099991	2.909386
1870.03200006	2.909386
1872.01999998	2.909386
1874.01999998	2.909386
1876.01900005	2.909386
1878.02099991	0.04012
1881.6500001	0.184596
1882.87100005	0.294378
1884.01900005	0.26065
1886.01900005	0.372945
1887.90199995	0.371495
1890.02099991	0.462123
1892.01900005	0.421892
1894.01900005	0.408951
1896.01900005	0.431987
1898.01900005	0.381477
1900.01999998	0.55809
1902.08700013	0.590236
1904.02600002	0.640956
1906.02199984	0.653566
1908.01999998	0.538656
1910.01900005	0.726353
1912.023	0.848707
1914.01900005	0.848707
1916.01999998	0.848707
1918.01900005	1.090368
1920.02899981	1.18837
1922.01999998	1.492362
1924.01900005	0.559418
1926.01900005	1.800192
1928.01900005	1.798504
1930.02099991	2.061514
1932.01900005	2.045331
1934.05200005	2.31965
1936.01900005	2.497401
1938.01900005	2.450758
1940.02399993	2.586811
1942.01900005	2.381394
1944.01800013	2.924005
1946.01900005	2.924005
1948.02099991	2.924005
1950.01900005	2.924005
1952.01900005	0.010414
1954.01999998	2.965269
1956.01900005	2.965269
1958.01900005	2.757742
1960.01900005	2.757742
1962.01999998	2.519113
1964.01999998	2.428014
1966.02699995	2.965838
1968.01900005	2.64255
1970.01999998	2.768064
1972.01900005	2.894714
1974.01900005	2.915748
1976.01900005	2.694043
1978.01900005	0.246463
1980.01900005	2.521701
1982.01900005	2.705345
1984.01900005	2.963633
1986.01900005	2.898288
1988.02199984	2.758272
1990.01900005	0.055438
1992.01900005	2.588252
1994.01999998	2.860019
1996.01999998	2.576495
1998.04200006	0.234721
2000.01900005	2.736436
2002.02600002	2.985854
2004.02199984	2.765017
2006.01900005	2.14378
2008.01900005	2.14378
2010.01900005	2.664814
2012.01900005	2.714798
2014.01900005	0.624699
2016.01900005	0.778689
2018.023	2.90873
2020.26899981	2.943181
2022.02199984	0.024392
2024.01900005	2.871467
2026.02099991	2.840987
2028.01800013	1.137893
2030.023	2.882385
2032.023	2.898299
2034.01999998	2.790415
2036.01900005	2.711268
2038.26999974	0.007971
2040.01800013	2.927025
2042.01800013	2.909285
2044.01800013	2.909285
2046.227	2.909285
2048.26799989	2.679689
2050.26899981	2.679689
2052.27200007	2.612073
2054.273	2.957877
2056.26899981	2.801421
2058.26799989	0.153256
2060.26799989	0.480086
2062.26799989	0.7031
2064.26899981	0.7031
2066.26799989	2.864888
2068.26799989	2.864888
2070.23099995	2.864888
2072.27799988	2.864888
2074.26899981	2.864888
2076.26799989	0.004539
2078.26999974	1.367231
2080.26899981	1.367231
2082.26799989	1.367231
2084.26899981	1.367231
2086.26999974	2.730749
2088.27100015	2.981772
2090.26899981	2.960954
2092.26799989	2.960954
2094.23400021	0.398862
2096.26799989	0.398862
2098.26799989	0.629005
2100.26899981	2.952564
2102.27100015	2.715535
2104.273	2.935434
2106.27100015	2.952344
2108.26899981	2.797011
2110.26799989	2.609708
2112.26799989	0.709773
2114.26899981	2.955328
2116.26799989	2.412966
2118.22600007	2.810379
2120.26899981	2.859256
2122.26899981	2.964935
2124.26899981	2.860189
2126.26899981	2.679241
2128.26799989	2.349186
2130.26799989	0.007265
2132.26799989	1.153392
2134.26799989	1.153392
2136.28299999	1.153392
2138.26799989	1.153392
2140.26999974	1.153392
2142.22799993	1.153392
2144.26699996	1.153392
2146.26799989	1.153392
2148.26799989	1.153392
2150.26799989	1.153392
2152.27200007	1.153392
2154.26799989	0.018745
2156.45900011	0.046579
2158.26899981	0.07016
2160.26799989	0.137278
2162.26799989	0.204301
2164.26799989	0.253322
2166.26799989	0.308767
2168.27799988	0.442532
2170.26799989	0.488939
2172.26799989	0.505121
2174.26799989	0.653856
2176.26699996	0.815438
2178.26799989	0.867196
2180.26799989	0.905087
2182.26799989	0.923716
2184.26799989	0.923716
2186.26799989	0.923716
2188.26799989	0.923716
2190.26799989	0.924312
2192.26699996	0.924312
2194.26799989	0.924312
2196.26699996	0.981527
2198.26699996	0.975536
2200.2809999	0.975536
2202.26799989	0.975536
2204.26799989	0.975536
2206.26799989	0.975536
2208.26799989	0.975536
2210.26999974	1.076878
2212.26699996	1.080791
2214.25999999	1.255839
2216.26899981	1.364216
2218.26799989	1.364216
2220.26799989	1.507439
2222.26899981	1.507439
2224.26999974	1.507439
2226.26699996	1.507439
2228.26699996	1.507439
2230.26799989	1.507439
2232.26799989	1.507439
2234.26799989	1.478062
2236.26799989	1.622828
2238.24099994	1.781889
2240.26899981	1.781889
2242.26699996	1.781889
2244.26699996	0.437978
2246.26699996	0.437978
2248.26699996	0.776989
2250.26999974	0.776989
2252.26799989	0.776989
2254.26799989	0.776989
2256.26799989	0.776989
2258.26799989	0.776989
2260.26699996	0.776989
2262.26799989	0.776989
2264.27799988	0.776989
2266.273	0.776989
2268.27100015	0.776989
2270.26699996	2.025633
2272.26799989	2.025633
2274.26699996	2.025633
2276.27200007	2.025633
2278.26799989	2.025633
2280.26899981	2.353676
2282.27200007	2.427164
2284.26999974	2.427164
2286.26899981	2.427164
2288.51699996	2.427164
2290.26999974	2.427164
2292.26899981	2.427164
2294.26699996	2.427164
2296.51900005	2.427164
2298.51699996	2.427164
2300.26699996	2.427164
2302.51799989	2.427164
2304.51699996	2.427164
2306.51900005	2.427164
2308.51799989	2.427164
2310.69299984	2.427164
2312.51799989	2.427164
2314.51799989	2.427164
2316.51900005	2.427164
2318.51799989	2.427164
2320.51799989	2.427164
2322.51900005	2.427164
2324.51799989	2.427164
2326.51699996	2.427164
2328.51699996	2.427164
2330.51799989	2.427164
2332.51699996	2.427164
2334.51699996	2.427164
2336.51799989	2.427164
2338.51999998	2.427164
2340.51799989	2.427164
2342.51799989	2.427164
2344.51799989	2.427164
2346.51799989	2.427164
2348.51799989	2.427164
2350.51699996	2.609787
2352.51699996	2.609787
2354.51900005	2.609787
2356.52200007	2.609787
2358.51799989	2.609787
2360.51600003	2.609787
2362.51799989	2.609787
2364.51699996	0.007935
2366.51799989	0.397283
2368.51799989	0.525576
2370.52399993	0.776776
2372.51699996	0.859743
2374.51799989	0.932335
2376.51699996	1.080292
2378.51600003	1.080292
2380.51799989	1.080292
2382.51699996	1.16108
2384.51799989	1.16108
2386.51699996	1.18018
2388.51999998	1.464
2390.51699996	0.007372
2392.51699996	1.837994
2394.51699996	1.837994
2396.51600003	1.837994
2398.51699996	1.837994
2400.51600003	1.837994
2402.523	1.837994
2404.51900005	1.837994
2406.51999998	1.837994
2408.51999998	1.903847
2410.51699996	1.903847
2412.51699996	1.903847
2414.51699996	1.903847
2416.51699996	1.903847
2418.52099991	2.153221
2420.51900005	2.920166
2422.51699996	2.960653
2424.52399993	2.736799
2426.51699996	2.731194
2428.51999998	2.588818
2430.51699996	0.357258
2432.51699996	0.426269
2434.52399993	2.327687
2436.51799989	0.406611
2438.51699996	2.936116
2440.51699996	2.168746
2442.51699996	2.938693
2444.51900005	0.01069
2446.51699996	0.005186
2448.51900005	2.503674
2450.51699996	2.765811
2452.51699996	2.947799
2454.51699996	2.928032
2456.51699996	2.912137
2458.51699996	2.6658
2460.51600003	2.874928
2462.51900005	2.973658
2464.51799989	2.716044
2466.52499986	0.47496
2468.51699996	2.907968
2470.52099991	2.907968
2472.52099991	2.907968
2474.51699996	2.907968
2476.51699996	0.595205
2478.51600003	0.323046
2480.51600003	0.522373
2482.51699996	2.044062
2484.51699996	2.239716
2486.51900005	2.289322
2488.51699996	2.189829
2490.51600003	2.191339
2492.51699996	2.35719
2494.51600003	2.594194
2496.51699996	2.811143
2498.51999998	0.386058
2500.51600003	2.900948
2502.51699996	2.69031
2504.51699996	2.764367
2506.51600003	2.632144
2508.51799989	2.890681
2510.51600003	2.436418
2512.51600003	2.924244
2514.51600003	2.905123
2516.51600003	0.005165
2518.51600003	2.764765
2520.51699996	2.764765
2522.51900005	2.87825
2524.51699996	0.032508
2526.51600003	1.41345
2528.51999998	1.41345
2530.53000021	1.41345
2532.51799989	1.41345
2534.76599979	1.41345
2536.51600003	1.41345
2538.77100015	1.41345
2540.7750001	0.013706
2545.78399992	0.124114
2547.31999993	0.22573
2548.26399994	0.394002
2548.71099997	0.492215
2550.76599979	0.603807
2552.76599979	0.621596
2554.76699996	0.81986
