0.0	4.014687
0.212000131607	5.196159
0.355000019073	5.169091
0.49799990654	4.895756
0.673000097275	4.778069
0.807000160217	5.189819
0.943000078201	5.34949
1.10400009155	4.627686
1.45899987221	4.883388
3.5110001564	5.492836
5.46900010109	5.306477
7.47100019455	4.941939
9.47399997711	5.36446
11.4609999657	6.390033
13.489000082	5.091678
15.493999958	5.20658
17.5069999695	4.717512
19.5099999905	4.455389
21.5130000114	5.075921
23.5200002193	4.579489
25.5369999409	5.273531
27.5360000134	5.644002
29.5390000343	5.216968
31.5510001183	5.322588
33.5560002327	1.917618
35.5560002327	5.170883
37.5610001087	6.540116
39.5680000782	4.839332
41.5739998817	1.349647
43.5800001621	2.768592
45.5840001106	5.737051
47.5869998932	1.821792
49.5899999142	4.891442
51.5980000496	5.245462
53.6050000191	5.219121
55.6089999676	1.1805
57.6130001545	5.218837
59.612000227	5.053605
61.618999958	5.186
63.618999958	4.886509
65.6240000725	5.399505
67.6840000153	5.525527
69.6349999905	4.768813
71.6500000954	2.207282
73.6490001678	0.655011
75.6520001888	5.371381
77.6779999733	4.921985
79.6690001488	5.396901
81.6740000248	4.955807
83.6779999733	1.468317
85.6819999218	3.644007
87.6870002747	3.295546
89.6960000992	1.463807
91.6210000515	1.130252
93.5859999657	0.863243
95.7019999027	1.450852
97.7309999466	0.208146
99.7120001316	1.826225
101.717000008	2.97048
103.724000216	3.746161
105.732000113	3.997763
107.732000113	0.749126
109.742000103	4.950302
111.740999937	3.452821
113.749000072	5.056179
115.752000093	4.302264
117.756999969	4.614498
119.762000084	5.211809
121.573999882	4.183001
123.775000095	4.834263
125.782000065	4.978233
127.781000137	0.254175
129.786999941	4.85686
131.59800005	4.776883
133.794999838	3.862785
135.802000046	4.978113
137.584000111	5.162766
139.561000109	3.478726
141.569999933	5.455008
143.582000017	5.455008
145.582000017	5.455008
147.588999987	4.983703
149.588999987	4.516066
151.596000195	4.309726
153.617000103	5.184782
155.980999947	5.215941
157.610999823	4.458555
159.618999958	5.097974
161.626999855	4.7445
163.634000063	3.604746
165.638000011	4.990425
167.644999981	5.27543
169.651000023	4.495261
171.663000107	5.220417
173.661000013	5.244471
175.671000242	5.910072
177.67200017	5.225247
179.680999994	5.202473
181.684000015	5.791534
183.688000202	5.419721
185.695000172	4.833083
187.697999954	4.813567
189.700000048	5.406149
191.705000162	5.20583
193.714999914	5.293937
195.71600008	1.135375
197.717999935	5.137652
199.720999956	5.101461
201.733999968	1.27233
203.729000092	2.081173
205.735000134	5.30852
207.742000103	5.30852
209.746000051	5.662513
211.748000145	5.317174
213.753999949	5.121632
215.761000156	4.457965
217.765000105	5.387776
219.791000128	4.798621
221.815000296	4.164797
223.794999838	0.035313
225.799000263	5.961621
227.802000046	5.121803
229.805999994	5.24843
231.813999891	5.26619
233.819000006	0.520738
235.840000153	0.434661
237.828999996	1.0919
239.825000048	0.018933
241.671000242	4.877776
243.838000059	3.464281
245.840000153	3.350248
247.847000122	4.825594
249.854000092	1.048827
251.857000113	5.975446
253.861000061	4.849298
255.86500001	2.989093
257.87100029	5.341589
259.876000166	4.901812
261.882999897	4.974395
263.887000084	2.829832
265.71600008	4.380803
267.90199995	4.43914
269.903000116	4.814562
271.911000252	1.503974
273.913000107	5.51667
275.921000004	5.51667
277.929000139	4.631283
279.93200016	0.31939
281.935000181	5.559845
283.937999964	5.26172
285.695000172	6.112232
287.704000235	1.252028
289.786000013	5.344449
291.713000059	6.508649
293.964000225	0.774473
295.717000008	6.412933
297.719000101	5.213951
299.726000071	6.193032
301.743000269	2.78932
303.740999937	4.677065
305.746999979	4.287759
307.757999897	5.412973
309.761000156	3.651901
311.77699995	4.745607
313.766000032	5.32882
315.770999908	5.132129
317.773999929	6.373393
319.781000137	5.240854
321.78000021	5.911592
323.792000055	4.634773
325.79399991	4.634773
327.798000097	4.242746
329.808000088	2.251253
331.816000223	5.188673
333.822000027	5.029787
335.825999975	5.029787
337.828000069	2.254384
339.835000038	0.872991
341.84100008	0.280841
344.060000181	4.182236
345.850999832	0.103438
347.854000092	5.177237
349.858999968	3.166735
351.866999865	5.414415
353.868999958	0.038081
355.875	5.515312
357.878000021	3.479439
359.884000063	5.365873
361.895000219	5.792914
363.900000095	1.461133
365.903000116	4.351634
367.909000158	5.133518
369.914999962	2.264296
371.924000025	5.067999
373.934000015	5.097729
375.934000015	3.776653
377.944999933	0.270248
379.952000141	5.13483
381.953000069	1.450762
384.171000004	0.073173
385.96600008	3.93313
387.97300005	1.276888
389.977999926	5.027513
391.986999989	4.073423
393.992000103	0.038321
395.997999907	1.470287
398.006000042	4.213483
400.01699996	1.359538
402.01699996	5.329258
404.025000095	3.695624
406.022000074	0.035325
408.032999992	4.538258
410.034999847	5.011119
412.060000181	4.876905
414.049999952	5.249708
416.052000046	1.447672
418.056000233	0.031407
420.05700016	0.03307
422.062000036	0.138378
424.065000057	2.910472
426.080000162	0.038601
428.076000214	0.187197
430.079000235	1.121918
432.084000111	0.128378
433.839000225	5.058352
435.921000004	1.764455
437.851999998	3.866202
439.856000185	3.048627
442.109999895	4.809299
444.112000227	4.915402
445.866999865	5.236892
447.874000072	4.940899
449.884000063	3.959847
451.890000105	2.103106
453.896000147	1.382683
455.895000219	0.025886
457.904000044	1.432395
459.904999971	0.037182
461.927000284	0.034926
463.913000107	1.465282
465.921000004	4.680731
467.924000025	3.680474
469.930000067	0.397733
471.935000181	2.040472
473.941999912	0.798619
475.946000099	0.308202
477.948000193	1.161345
479.957999945	0.034758
481.975000143	0.812068
483.96600008	1.927874
485.970000029	4.603358
487.989000082	4.228327
489.986999989	0.501623
491.992000103	0.019358
493.993999958	0.144027
495.996000051	0.038032
498.0	0.038856
500.008000135	1.782527
502.01699996	1.457704
504.022000074	2.988267
506.031000137	4.869163
508.032999992	4.989859
510.063000202	0.060549
512.059000015	1.647506
514.063000202	5.212728
516.069000006	4.756217
518.095000267	5.082487
520.082999945	3.376195
522.092000008	1.172146
524.088999987	0.036272
526.104000092	4.554894
528.116000175	1.23172
530.106999874	1.372022
532.114000082	0.968694
534.11500001	0.585213
536.120000124	0.214097
538.124000072	0.038612
540.135000229	1.096078
542.138999939	0.06474
544.145999908	4.936414
546.20299983	2.026809
548.154000044	1.75144
550.165999889	4.181285
552.162999868	3.146434
554.171000004	1.452864
556.596000195	0.004079
558.18599987	0.014028
560.184000015	5.602879
562.18900013	0.038563
564.228000164	2.737479
566.197000027	2.977855
568.008000135	1.473307
570.20600009	5.837167
572.217000008	0.602488
573.97300005	1.980664
576.225000143	0.038544
578.354000092	0.037627
580.232000113	0.336789
582.237999916	0.147737
583.993999958	0.695515
586.252000093	4.659043
588.256999969	5.348789
590.005000114	4.402187
592.010999918	5.028898
594.128999949	0.162931
596.204000235	5.388716
598.028000116	0.853124
600.049000025	0.259679
602.03399992	1.370265
604.044000149	0.03607
606.052000046	5.103092
608.055000067	0.038413
610.05700016	2.62541
612.074999809	5.037443
614.062000036	0.097498
616.073999882	0.034566
618.08100009	0.038306
620.082000017	0.537062
622.090999842	1.409804
624.100000143	0.024395
626.105000019	4.344131
628.109999895	2.772006
630.113000154	5.211832
632.121000051	5.52048
634.136000156	0.270214
636.133000135	1.402638
638.134000063	0.038327
640.138999939	0.289881
642.144000053	1.423414
644.156000137	5.350146
646.18599987	1.120004
648.164999962	4.15151
650.168000221	1.392674
652.174000025	4.278419
654.181999922	0.687549
656.184999943	1.475387
658.187000036	0.174972
660.191000223	1.215059
662.194000006	3.155588
664.162999868	0.797804
666.201999903	3.790094
668.233999968	5.823061
670.215000153	2.216651
672.225000143	1.658124
674.221999884	0.207581
676.229000092	0.141078
678.230000019	0.261625
680.24000001	0.192126
682.239000082	1.098081
684.244000196	1.518329
686.256000042	0.184347
688.256000042	4.691194
690.272000074	4.615384
692.273999929	0.03833
694.282000065	3.084575
696.289999962	2.70808
698.296000004	5.369416
700.299000025	4.091131
702.313999891	5.218013
704.313999891	0.541409
706.328000069	3.992745
708.322000027	4.822534
710.325999975	4.530454
712.149000168	2.199744
714.332000017	1.70347
716.340000153	5.491017
718.345999956	2.694914
720.353000164	4.214734
722.351999998	4.881185
724.355000019	5.569692
726.397000074	5.197926
728.361000061	3.762777
730.666999817	5.5098
732.377000093	1.233738
734.381000042	0.314867
736.234999895	5.044887
738.385999918	4.596277
740.150000095	5.11038
742.401000023	4.822754
744.410000086	5.057371
746.410000086	4.711692
748.164000034	0.113229
750.423000097	4.796873
752.181999922	5.895059
754.184999943	4.787067
756.217000008	1.442939
758.205000162	4.855589
760.204000235	4.737282
762.468000174	3.904398
764.218999863	4.048208
766.229000092	1.970309
768.228000164	4.520551
770.237999916	4.948497
772.244000196	4.824695
774.248000145	2.124342
776.255000114	5.239993
778.260000229	5.115626
780.258999825	4.895299
782.264000177	0.951167
784.273000002	1.350776
786.311000109	3.342036
788.282000065	5.304659
790.295000076	5.699078
792.292999983	5.123249
794.604000092	0.037169
796.312000036	4.449
798.328000069	4.807718
800.346999884	5.349874
802.34800005	3.850195
804.35800004	2.89379
806.375000238	5.020145
808.385999918	4.946081
810.38499999	1.21383
812.397000074	4.878222
814.408000231	4.258666
816.420000076	5.797023
818.42599988	4.746444
820.43200016	5.185114
822.444999933	5.185114
824.47300005	5.185114
826.461999893	5.185114
828.474999905	4.991123
830.492000103	5.073871
832.249000072	5.382166
834.261000156	4.927571
836.311000109	1.792295
838.272000074	5.301403
840.282000065	5.394419
842.288000107	5.107489
844.292999983	3.49739
846.305000067	4.779489
848.304000139	4.447224
850.313999891	5.107491
852.320000172	5.180843
854.330999851	4.190904
856.340000153	5.306371
858.356000185	4.736011
860.368999958	5.115999
862.381000042	4.50832
864.458999872	4.692891
866.404000044	5.50798
868.414000034	4.214525
870.424999952	4.987903
872.433000088	5.295161
874.437999964	3.766772
876.444999933	0.567609
878.457999945	4.81954
880.641000032	5.353077
882.486000061	4.361233
884.5	5.926223
886.514999866	5.926223
888.520000219	5.267899
890.541000128	5.975652
892.301000118	4.915601
894.309999943	5.015088
896.59800005	5.271772
898.330999851	4.754957
900.344000101	1.34898
902.346999884	5.091912
904.457999945	5.82889
906.367000103	4.683018
908.412000179	0.31965
910.386999846	5.952606
912.393000126	5.473947
914.412000179	1.331
916.417999983	5.981645
918.424000025	5.245097
920.43200016	5.262476
922.434000015	5.527135
924.452000141	5.066722
926.457999945	3.577033
928.471000195	4.369761
930.489000082	5.069526
932.506999969	5.371979
934.506999969	0.735985
936.541000128	5.101692
938.520000219	4.678208
940.717999935	3.362453
942.569999933	1.559585
944.537999868	1.673364
946.542000055	1.325551
948.546000004	4.636375
950.560000181	5.605632
952.56400013	2.485699
954.578999996	1.35233
956.600000143	0.030702
958.592000008	0.539289
960.59800005	3.376236
962.360000134	1.510876
964.626999855	0.038541
966.434000015	4.599545
968.633000135	0.882954
970.399000168	4.223951
972.405999899	5.517729
974.414000034	5.023747
976.417000055	3.961093
978.420000076	1.850542
