0.0	7.075758
0.0840003490448	1.878574
0.181000232697	1.878574
0.300000190735	2.138155
0.420000314713	2.138155
0.555000066757	3.398132
0.671000003815	3.398132
0.799999952316	3.398132
1.40400028229	4.852045
3.40100026131	1.317147
5.40000009537	2.139229
7.40100026131	0.999297
9.40300011635	2.634169
11.4010002613	0.544898
13.4010002613	1.308996
15.4010002613	0.254471
17.4000000954	1.433235
19.6430001259	4.709568
21.4010002613	1.633757
23.6410002708	0.382067
25.4010002613	2.042815
27.6610002518	0.191186
29.6610002518	0.203584
31.6620001793	1.639943
33.6610002518	0.149164
35.6620001793	1.209909
37.6600003242	0.380989
39.6400001049	0.268058
41.4750001431	1.719712
43.6600003242	1.570103
45.6610002518	1.570103
47.6630001068	3.0196
49.6600003242	0.060604
51.6600003242	0.957257
53.6600003242	0.079197
55.6600003242	1.209345
57.6630001068	0.148709
59.6630001068	0.204448
61.6630001068	0.634235
63.6600003242	0.809866
65.481000185	1.124383
67.6610002518	2.325647
69.6600003242	0.053357
71.6410002708	0.552071
73.6610002518	2.113888
75.6630001068	0.644796
77.6630001068	1.567108
79.6600003242	0.14119
81.6630001068	1.388604
83.6600003242	1.400877
85.6610002518	0.364196
87.6620001793	1.753399
89.4890003204	3.287031
91.6610002518	3.013094
93.6610002518	3.013094
95.6600003242	3.013094
97.6610002518	2.586548
99.6610002518	2.777534
101.641000271	3.903955
103.641000271	3.925703
105.660000324	4.711011
107.660000324	2.595165
109.640000105	1.160991
