0.0	0.573026
0.246999979019	0.064356
0.457000017166	0.040215
0.56200003624	0.218859
0.823999881744	0.098903
0.951999902725	0.451418
1.20500016212	0.941946
1.74399995804	0.110675
3.10100007057	0.800031
3.867000103	0.289605
5.31299996376	1.312432
7.57800006866	1.643707
9.33100008965	1.480316
11.3250000477	1.812458
13.3229999542	1.912772
15.4430000782	1.836499
17.5730001926	2.196428
19.5609998703	1.889199
21.5629999638	0.783666
23.5670001507	1.81409
25.5720000267	2.532761
27.5559999943	2.644494
29.5740001202	2.939574
31.5609998703	2.136209
33.5510001183	2.959459
35.5680000782	2.552651
37.5710000992	0.025182
39.4230000973	4.237927
41.5609998703	4.740536
43.5639998913	4.956507
45.5980000496	0.026372
47.5720000267	5.526624
49.5570001602	5.740446
51.5570001602	4.577529
53.5720000267	5.321575
55.6319999695	6.89425
57.5639998913	6.117915
59.5609998703	6.366672
61.5759999752	7.239026
63.4210002422	7.522512
65.5650000572	7.522512
67.5750000477	7.522512
69.5559999943	7.522512
71.5670001507	5.195424
73.5520000458	8.078735
75.5659999847	1.470292
77.5780000687	3.91535
79.5620000362	3.91535
81.5670001507	0.013622
83.5759999752	2.967345
85.5740001202	2.967345
87.4159998894	2.967345
89.5810000896	2.967345
91.5720000267	2.967345
93.5659999847	2.967345
95.5929999352	2.967345
97.5769999027	8.0234
99.5680000782	7.191314
101.576999903	7.205428
103.567000151	8.295454
105.563999891	8.759384
107.55700016	9.429577
109.565999985	7.73367
111.572000027	0.929727
113.559999943	4.966537
115.568000078	4.966537
117.558000088	9.054038
119.568000078	9.01015
121.567000151	9.01015
123.567000151	3.326088
125.569000006	8.27691
127.56099987	0.091218
129.570000172	4.971163
131.558000088	4.971163
133.570000172	4.971163
135.578000069	4.971163
137.562000036	4.971163
139.578000069	0.110309
141.572000027	0.487148
143.587000132	0.656342
145.57400012	0.310238
147.562999964	0.900962
149.570000172	1.118538
151.569000006	1.07414
153.569000006	1.143812
155.565999985	0.052242
157.562999964	1.814558
159.568000078	1.954369
161.554000139	2.040653
163.565999985	2.287197
165.56099987	2.547509
167.56099987	2.526563
169.562999964	2.608092
171.56099987	2.31738
173.588000059	3.16061
175.562999964	0.478937
177.568000078	0.094197
179.563999891	0.767443
181.567000151	0.014213
183.559999943	3.547117
185.57400012	4.653357
187.567000151	4.653357
189.559000015	3.84486
191.567000151	0.801785
193.57400012	2.46305
195.562999964	2.46305
197.573000193	2.46305
199.55700016	4.508774
201.56099987	4.405165
203.568000078	4.514889
205.57400012	0.671114
207.576999903	4.342994
209.571000099	4.346738
211.568000078	3.563899
213.559000015	4.533167
215.562000036	0.232493
217.571000099	4.342394
219.573000193	2.065976
221.569000006	0.112948
223.571000099	4.514724
225.562999964	4.514724
227.55700016	4.514724
229.575000048	3.519683
231.571000099	4.08074
233.567000151	4.108106
235.562999964	4.108106
237.57400012	1.863377
239.575000048	2.094051
241.559000015	0.899219
243.571000099	0.596318
245.563999891	5.170887
247.56099987	0.907555
249.572000027	2.627631
251.568000078	0.886849
253.569000006	0.967207
255.56099987	0.935664
257.571000099	0.045418
259.575999975	1.499007
261.559999943	6.136588
263.571000099	1.016347
265.568000078	3.258604
267.799000025	0.01945
269.802000046	2.816276
271.815000057	6.944058
273.815999985	4.162872
275.815999985	0.912468
277.823999882	1.561378
279.819000006	3.752755
281.835000038	0.092289
283.808000088	1.582988
285.802999973	5.494195
287.809000015	4.228672
289.822000027	0.013602
291.809000015	6.925941
293.823999882	0.476667
295.815999985	2.780248
297.815999985	4.330281
299.802000046	0.925612
301.826000214	0.089704
303.821000099	1.718169
305.816999912	0.09566
307.821000099	4.258756
309.822000027	5.282271
311.808000088	5.30836
313.818000078	0.042785
315.822000027	6.084389
317.809000015	5.92
319.819999933	0.915966
321.812000036	3.379721
323.819999933	1.764578
325.811000109	0.015999
327.808000088	0.866678
329.813000202	1.02724
331.809000015	2.957065
333.819000006	2.957065
335.815999985	6.102135
337.819000006	0.012703
339.816999912	4.822536
341.805000067	5.206836
343.809000015	6.03437
345.827000141	6.152894
347.838999987	8.432408
349.802000046	8.070351
351.821000099	8.070351
353.81400013	4.259166
355.806999922	5.065568
357.822000027	5.065568
359.827000141	5.065568
361.813000202	5.065568
363.813000202	5.065568
365.812000036	9.521568
367.809000015	8.024281
369.815999985	0.094315
371.803999901	9.284078
373.812000036	7.167636
375.806999922	0.985229
377.871000051	0.04595
379.813000202	3.083728
381.822000027	3.083728
383.821000099	0.008995
385.819000006	3.03768
387.822000027	0.010745
389.933000088	0.666012
391.802000046	0.444595
393.809000015	0.821253
395.805000067	0.008784
397.832000017	1.526615
399.822999954	2.024037
401.822000027	3.014953
403.809000015	3.589743
405.824999809	0.016008
407.816999912	3.029045
409.816999912	3.422515
411.819999933	0.037473
413.81400013	3.151581
415.827000141	0.10266
417.819000006	0.075239
419.811000109	2.32783
421.823999882	4.388251
423.819999933	4.31124
425.837000132	0.100697
427.819000006	1.839717
429.808000088	3.20089
431.816999912	4.631268
433.813000202	5.021245
435.809000015	1.159926
437.802000046	0.033598
439.822999954	0.03352
441.808000088	2.790584
443.813000202	4.538778
445.819999933	4.21191
447.827000141	5.004913
449.81400013	4.021083
451.821000099	0.88838
453.812000036	0.034828
455.805999994	2.953433
457.816999912	2.953433
459.798000097	2.953433
461.822000027	2.953433
463.822000027	0.018564
466.830000162	0.34233
467.83100009	0.582294
469.802000046	0.662619
471.812000036	0.038021
473.803999901	1.083626
475.818000078	1.190602
477.816999912	1.158193
479.819999933	1.538478
481.829000235	0.02845
483.805999994	0.093423
485.822999954	0.060608
487.822000027	2.225909
489.808000088	2.191031
491.808000088	1.935603
493.809000015	0.868568
495.803999901	1.525713
497.803999901	0.490122
499.813000202	1.165445
501.802000046	0.013235
503.822999954	4.504328
505.819000006	2.877632
507.802999973	0.025404
509.824999809	3.606931
512.072000027	0.019012
514.070000172	5.384943
516.069000244	1.007452
518.065999985	0.736171
520.067000151	0.040314
522.062000036	0.098188
524.062000036	2.611165
526.069000244	5.961191
528.067000151	1.84799
530.062999964	3.032626
532.062999964	5.618986
533.947999954	0.744419
536.053000212	0.054083
538.069000244	8.218355
540.065999985	7.61534
542.058000088	6.96049
544.068000078	6.96049
546.058000088	6.96049
548.062000036	6.96049
550.072000027	0.172446
552.063999891	6.761333
554.058000088	0.936308
556.050000191	0.123067
557.917999983	0.842655
560.055999994	1.547387
562.075000048	4.294003
564.068000078	0.948976
566.059000015	0.109597
568.077000141	6.668912
570.054000139	6.668912
572.064999819	0.062281
574.059000015	0.896448
576.058000088	2.985786
578.069000244	0.130715
580.362999916	0.707029
581.947000027	1.277793
584.055000067	1.80251
586.062000036	0.648264
588.061000109	2.236502
590.050000191	3.50699
592.059000015	0.014248
594.059999943	0.093599
596.054000139	4.282504
598.070000172	0.071199
600.065999985	0.045625
602.078999996	4.722222
604.062000036	4.707747
606.054000139	5.533435
608.062999964	6.244399
610.072999954	4.567655
612.07400012	0.043407
614.055999994	0.037654
616.052000046	0.912457
618.054000139	1.092223
620.056999922	1.617071
622.059000015	0.014407
624.067000151	2.120159
626.072000027	1.881012
628.059999943	5.854425
630.067000151	0.958949
632.063999891	5.677864
634.053000212	0.135839
636.063999891	9.047727
638.050000191	6.717491
640.062000036	9.630659
642.065999985	0.096144
644.062999964	10.035402
646.059000015	1.033388
648.062000036	0.011839
650.062999964	0.941148
652.069000244	0.079176
654.063999891	0.881453
656.055999994	11.033971
658.052000046	10.427231
660.070000172	0.898461
662.065999985	8.982413
664.071000099	0.968038
666.072000027	11.159859
668.063999891	9.424398
670.059999943	11.14432
672.056999922	11.14432
674.07400012	11.14432
676.050000191	11.14432
678.083999872	11.14432
680.070000172	0.702799
682.050000191	4.417035
684.059999943	2.215304
686.049000025	3.633276
688.056999922	3.717816
690.059999943	3.717816
692.053000212	7.768845
694.058000088	0.189404
696.056999922	0.097836
698.062000036	2.47687
700.052000046	3.962776
702.058000088	3.962776
704.062999964	3.962776
706.067000151	3.962776
708.072000027	0.053001
710.088000059	10.21234
712.068000078	10.243722
714.064999819	10.202475
716.055999994	10.499414
718.085000277	0.018016
720.050000191	11.018439
722.050000191	11.018439
724.055000067	11.756478
726.070000172	1.012053
728.052000046	0.167466
730.058000088	0.034688
732.058000088	11.923774
734.067000151	10.092971
736.055000067	0.840377
738.058000088	1.843747
740.055000067	4.541444
742.056999922	0.016977
744.050000191	6.531378
746.075000048	6.531378
748.059000015	12.720848
750.054000139	0.828003
752.062999964	6.378877
754.067000151	0.06109
756.058000088	3.257094
758.067000151	6.315092
760.072000027	1.160382
762.315999985	1.081554
764.063999891	1.050979
766.068000078	1.153613
768.063999891	1.549174
770.315000057	1.51379
772.31400013	1.616709
774.317000151	1.225664
776.308000088	0.043377
778.326000214	0.022567
780.312999964	0.491663
782.303999901	0.027979
784.322999954	0.044086
786.312999964	1.344126
788.28399992	0.014604
790.296999931	1.460568
792.312000036	2.363589
794.330000162	1.910242
796.326000214	2.200845
798.312999964	2.013132
800.311000109	3.155106
802.334000111	0.054577
804.31400013	2.705404
806.310000181	0.07628
808.309000254	0.867784
810.299999952	0.201432
812.166000128	2.303513
814.315000057	3.098929
816.308000088	3.017414
818.302999973	0.840888
820.312000036	2.89856
822.305999994	3.452083
824.333000183	3.452083
826.328000069	4.340114
828.312000036	4.340114
830.317000151	4.340114
832.312999964	0.960315
834.306999922	0.750493
836.17599988	0.856846
838.304999828	3.993728
840.312999964	3.993728
842.31400013	0.093458
844.308000088	4.599681
846.310000181	5.610023
848.312999964	4.893836
850.304999828	4.083797
852.312999964	2.573337
854.31400013	6.219218
856.317000151	7.463392
858.31400013	4.843571
860.164000034	4.843571
862.309000254	4.843571
864.319000006	4.843571
866.319000006	4.843571
868.319000006	4.843571
870.327000141	0.870621
872.318000078	3.205418
874.306999922	5.639576
876.301000118	7.292159
878.309000254	7.183692
880.312000036	0.892618
882.302999973	2.761366
884.302000046	7.699819
886.322999954	8.223255
888.327000141	0.02472
890.309000254	5.240421
892.315000057	4.119681
894.328999996	0.932841
896.31400013	3.753527
898.302999973	1.53496
900.318000078	0.945028
902.308000088	6.863711
904.312000036	0.031295
906.31400013	3.918723
908.315000057	3.918723
910.312999964	6.724871
912.31400013	0.069413
914.302999973	0.920619
916.301000118	0.020255
918.302000046	3.611325
920.305999994	0.116466
922.319999933	2.129123
924.322999954	1.249227
926.312999964	2.392082
928.304999828	0.014864
930.305999994	2.465522
932.312000036	4.238853
934.311000109	0.589641
936.311000109	2.668964
938.322999954	0.858767
940.306999922	5.659648
942.318000078	0.93032
944.315000057	2.326519
946.308000088	0.023742
948.306999922	1.952513
950.318000078	2.257868
952.319999933	1.360575
954.339999914	4.466144
956.312999964	0.861978
958.302999973	0.129353
960.315999985	0.736697
962.311000109	0.017414
964.291000128	3.494417
966.31400013	0.010582
968.315999985	4.346334
970.312999964	0.113377
972.303999901	0.508253
974.315000057	1.834903
976.315000057	0.866247
978.311000109	0.826081
980.312000036	2.013452
982.315999985	0.307757
984.302000046	0.02664
986.295000076	0.970288
988.303999901	0.013856
990.317000151	0.798488
992.302999973	1.813697
994.312000036	3.095346
996.303999901	3.095346
998.306999922	3.095346
1000.31299996	2.875746
1002.31100011	0.043307
1004.32600021	1.172238
1006.31800008	0.028409
1008.31700015	1.433079
1010.30800009	0.026756
1012.29900002	2.49811
1014.57400012	2.456517
1016.57000017	2.638246
1018.55700016	3.462583
1020.55400014	4.890194
1022.56200004	4.409144
1024.55299997	4.893994
1026.55400014	5.803021
1028.55299997	0.049335
1030.56099987	4.898215
1032.55800009	5.229789
1034.56599998	0.026297
1036.56399989	4.518363
1038.55100012	5.260515
1040.56200004	3.221214
1042.55400014	3.838329
1044.56900001	4.413357
1046.56900001	5.549238
1048.54900026	1.509824
1050.56800008	6.421351
1052.55700016	5.633811
1054.56599998	5.499199
1056.5710001	0.046286
1058.57400012	2.49036
1060.55800009	0.010714
1062.5769999	0.91398
1064.55500007	0.011001
1066.55200005	4.421667
1068.55700016	5.186359
1070.57500005	7.424653
1072.56299996	0.879635
1074.55000019	7.46963
1076.55900002	7.491545
1078.56399989	8.291838
1080.55800009	0.012346
1082.56399989	3.240461
1084.55100012	3.240461
1086.55200005	1.008158
1088.55100012	7.650462
1090.55299997	7.650462
1092.56599998	7.650462
1094.54799986	0.90876
1096.55400014	0.861168
1098.54799986	2.999736
1100.546	1.312666
1102.56900001	7.202386
1104.55800009	2.747265
1106.57200003	7.78749
1108.56900001	5.114851
1110.55599999	3.589502
1112.56299996	2.516454
1114.55900002	2.806434
1116.55900002	0.019075
1118.57200003	2.058958
1120.54900026	5.45761
1122.56900001	7.020114
1124.57999992	3.299678
1126.55800009	0.099629
1128.55900002	2.599104
1130.55400014	0.954386
1132.55500007	4.525405
1134.56900001	0.060465
1136.55700016	0.119291
1138.56399989	0.176376
1140.56800008	4.619228
1142.55400014	0.320271
1144.56599998	0.024037
1146.56700015	4.300137
1148.55200005	7.373308
1150.579	10.854221
1152.56399989	0.412328
1154.55100012	0.063977
1156.56700015	0.549781
1158.56500006	0.068907
1160.55400014	9.574964
1162.55400014	0.811491
1164.56200004	0.171463
1166.57300019	0.784329
1168.54799986	7.402957
1170.55700016	0.029165
1172.56599998	0.993309
1174.56099987	0.993309
1176.57400012	8.029066
1178.54200006	5.839934
1180.54699993	5.301845
1182.55999994	3.554127
1184.55400014	0.1125
1186.55700016	0.546094
1188.54900026	3.969838
1190.55400014	0.041563
1192.56299996	4.216396
1194.55100012	5.31173
1196.55299997	7.185183
1198.55200005	9.41844
1200.56299996	8.72445
1202.55800009	6.62761
1204.55700016	13.832229
1206.55400014	13.832229
1208.55299997	11.142963
1210.56200004	13.601524
1212.55700016	13.177235
1214.56299996	7.351134
1216.56299996	12.465672
1218.54900026	13.538698
1220.56200004	13.538698
1222.5769999	13.538698
1224.56399989	13.538698
1226.55900002	0.855933
1228.55999994	14.181659
1230.57200003	0.938493
1232.55800009	14.910305
1234.54900026	13.43547
1236.55800009	14.387603
1238.55900002	12.664731
1240.55700016	0.22882
1242.54900026	7.767826
1244.56599998	2.53653
1246.55999994	5.996117
1248.57000017	5.996117
1250.54799986	8.024439
1252.55100012	13.976109
1254.55700016	0.169988
1256.55599999	13.504484
1258.55500007	12.014998
1260.56200004	10.507796
1262.81400013	2.711074
1264.79700017	12.567625
1266.82299995	11.421595
1268.79400015	0.567063
1270.81500006	12.487243
1272.80299997	15.679722
1274.80299997	0.016939
1276.7980001	4.855484
1278.80299997	7.715795
1280.80299997	3.594529
1282.65699983	0.985968
1284.8130002	7.106485
1286.8210001	2.669787
1288.82700014	3.991478
1290.80699992	6.729458
1292.81000018	6.729458
1294.80800009	2.723509
1296.80299997	5.430748
1298.8130002	7.014149
1300.80299997	0.766177
1302.79900002	5.238446
1304.8130002	4.160949
1306.65799999	4.160949
1308.8130002	6.836145
1310.8039999	8.132501
1312.80800009	2.191079
1314.80299997	7.949154
1316.80299997	7.186393
1318.80900002	1.186027
1320.80800009	6.861618
1322.80800009	0.98408
1324.8210001	0.10786
1326.80800009	0.094649
1328.80800009	4.457618
1330.65799999	7.054427
1332.80200005	7.054427
1334.80599999	1.852381
1336.8039999	0.964248
1338.79299998	2.150066
1340.8039999	1.914714
1342.8039999	5.381603
1344.81900001	4.577457
1346.80800009	4.59827
1348.82800007	4.59827
1350.8130002	2.190254
1352.79900002	7.206736
1354.65799999	5.827076
1356.81200004	0.018812
1358.81400013	3.2502
1360.8039999	2.705877
1362.81400013	3.356598
1364.796	3.533882
1366.8130002	0.049548
1368.79299998	0.06828
1370.80200005	4.624655
1372.80800009	4.624655
1374.79700017	0.040112
1377.35100007	0.374807
1378.75199986	0.567657
1380.8039999	0.427829
1382.80200005	0.904919
1384.79999995	1.073613
1386.8130002	0.028135
1388.79900002	0.669059
1390.80900002	1.393609
1392.80800009	1.851875
1394.80200005	1.680534
1396.8039999	2.507076
1398.80900002	2.636029
1400.80800009	2.387936
1402.81100011	3.279946
1404.81000018	0.136012
1406.79500008	1.497346
1408.80299997	0.868865
1410.81100011	0.587396
1412.79400015	0.012365
1414.81000018	2.215317
1416.79700017	0.043748
1418.80299997	0.28416
1420.8039999	0.014918
1422.79299998	0.822863
1424.80900002	6.892341
1426.81100011	4.358055
1428.8039999	2.390415
1430.78900027	1.727409
1432.79400015	6.009222
1434.80900002	0.013015
1436.79900002	7.075195
1438.79400015	0.099121
1440.80900002	0.194263
1442.8130002	0.018835
1444.79200006	4.490423
1446.80200005	5.293406
1448.81400013	0.120011
1450.80800009	0.890243
1452.80099988	0.008321
1454.84200001	0.038595
1456.81800008	0.02765
1458.81400013	4.144852
1460.79500008	7.817785
1462.79700017	8.603024
1464.81500006	0.083732
1466.7980001	10.036571
1468.7980001	10.237434
1470.80299997	0.935472
1472.80900002	8.931633
1474.80299997	9.497806
1476.81599998	0.136305
1478.81699991	0.105465
1480.80299997	0.884565
1482.80800009	0.160513
1484.80200005	13.743251
1486.79700017	10.759049
1488.82200003	12.129689
1490.7980001	0.018294
1492.81200004	0.178663
1494.80500007	0.87674
1496.79900002	9.80324
1498.8039999	0.88025
1500.8039999	4.76982
1502.8039999	7.374846
1504.8130002	0.529561
1506.80500007	3.312371
1508.80800009	0.069284
1511.05599999	0.167901
1512.80500007	0.232486
1514.8130002	0.894896
1517.05999994	7.550887
1519.04799986	0.922396
1521.04699993	0.915658
1523.05000019	0.95075
1525.06100011	9.043417
1527.05400014	0.044817
1529.05300021	0.966503
1531.06700015	4.579261
1533.04799986	4.866048
1535.04900002	4.791428
1537.05300021	7.629262
1539.06200004	0.678737
1541.04299998	4.208524
1543.05200005	0.930386
1545.04699993	1.613259
1547.05300021	6.112676
1549.06800008	0.192768
1551.05300021	0.635512
1553.05300021	1.059254
1555.07000017	10.266582
1557.05200005	10.266582
1559.04799986	10.266582
1561.05599999	11.08432
1563.05900002	8.757133
1565.04299998	10.519079
1567.05400014	0.887852
1569.05599999	0.074547
1571.05900002	5.395882
1573.05400014	8.390725
1575.05400014	11.581323
1577.06700015	4.681769
1579.05400014	2.724208
1581.05500007	1.845222
1583.05800009	9.269747
1585.06399989	8.368764
1587.05000019	10.223664
1589.04299998	10.636239
1591.06200004	7.170375
1593.05300021	0.213744
1595.04799986	0.891924
1597.05200005	9.408441
1599.05500007	11.658006
1601.05200005	9.892062
1603.04799986	12.271841
1605.06200004	9.859424
1607.05999994	9.859424
1609.04799986	13.520107
1611.04799986	0.037196
1613.05200005	6.740816
1615.05000019	3.762886
1617.04299998	6.872782
1619.04799986	6.872782
1621.05800009	0.049096
1623.079	3.573876
1625.05200005	3.188849
1627.05200005	0.022765
1629.06200004	4.379951
1631.05500007	3.972226
1633.05000019	5.030789
1635.05599999	4.670258
1637.05699992	4.491142
1639.04900002	0.871323
1641.05400014	0.130394
1643.07299995	0.832462
1645.05800009	0.177798
1647.04299998	2.436818
1649.05900002	1.323849
1651.05900002	0.090551
1653.05999994	0.84163
1655.05900002	4.146131
1657.05900002	3.586585
1659.05800009	3.056795
1661.04900002	1.339999
1663.04699993	1.01108
1665.05699992	6.37239
1667.05599999	8.395327
1669.05599999	0.089587
1671.05200005	0.07497
1673.05599999	0.017872
1675.04399991	1.636732
1677.06399989	6.711047
1679.05800009	0.074709
1681.05599999	5.862298
1683.05599999	6.789097
1685.04699993	0.074186
1687.04699993	0.915945
1689.06700015	4.197138
1691.05699992	0.852066
1693.04799986	0.093874
1695.16700006	0.517881
1697.06399989	0.076389
1699.04900002	0.896909
1701.04299998	0.923527
1703.05900002	0.018227
1705.04799986	0.401196
1707.04900002	0.413604
1709.05100012	0.413604
1711.05800009	0.454761
1713.04699993	0.949296
1715.06200004	0.854907
1717.04799986	1.732423
1719.04299998	0.254157
1721.04699993	0.075595
1723.05800009	0.676686
1725.05300021	1.690028
1727.05400014	0.138598
1729.05699992	0.044082
1731.05300021	0.03429
1733.05800009	1.657724
1735.04500008	0.76207
1737.05200005	0.207736
1739.06399989	0.881593
1741.04799986	0.186718
1743.05300021	0.581618
1745.06700015	4.75245
1747.04299998	0.480703
1749.046	1.127808
1751.05200005	1.852141
1753.06200004	4.306221
1755.05000019	4.563946
1757.05500007	3.753364
1759.04900002	4.753326
1761.05200005	1.060119
1763.31800008	0.932671
1765.06299996	0.034096
1767.07299995	0.336138
1769.3039999	4.688206
1771.30200005	5.779571
1773.29900002	5.61119
1775.30699992	5.867619
1777.15700006	6.226854
1779.30299997	0.052096
1781.31299996	1.537016
1783.30100012	6.237884
1785.31800008	7.245575
1787.2980001	7.610194
1789.30900025	6.802998
1791.32399988	7.278481
1793.3039999	0.016209
1795.30800009	0.354485
1797.30299997	1.909198
1799.31299996	7.616541
1801.29200006	0.055468
1803.31299996	9.562214
1805.30299997	9.587832
1807.30200005	8.20524
1809.30200005	6.728419
1811.30499983	1.000926
1813.29400015	8.956627
1815.31200004	2.356208
1817.29200006	0.143955
1819.296	11.603545
1821.29699993	4.113004
1823.29900002	7.147481
1825.14300013	7.147481
1827.31400013	7.147481
1829.30299997	10.634246
1831.29699993	0.018983
1833.30299997	4.924483
1835.30299997	12.855739
1837.31200004	0.034994
1839.29400015	4.46117
1841.31299996	11.232028
1843.30900025	10.338747
1845.30599999	10.698131
1847.29900002	10.698131
1849.13400006	12.060062
1851.30599999	3.019648
1853.296	3.398127
1855.30299997	3.398127
1857.29699993	7.108126
1859.3039999	10.36329
1861.30200005	11.037512
1863.29400015	11.037512
1865.30800009	10.780146
1867.31400013	8.827431
1869.29900002	12.295136
1871.29400015	0.021562
1873.31000018	14.035161
1875.30299997	0.175247
1877.32700014	0.04086
1879.31200004	1.057843
1881.29300022	0.09322
1883.31900001	0.008872
1885.30299997	0.019556
1887.2980001	5.142338
1889.31999993	5.142338
1891.31800008	5.142338
1893.30299997	5.142338
1895.30699992	5.142338
1897.29699993	0.931694
1899.29699993	4.117447
1901.30200005	4.117447
1903.29200006	12.744759
1905.30200005	12.744759
1907.32500005	11.788808
1909.31000018	10.245444
1911.29699993	0.115568
1913.31100011	9.774571
1915.31400013	9.774571
1917.29900002	9.924991
1919.2889998	10.181456
1921.30100012	11.846483
1923.3039999	2.324814
1925.29400015	4.567967
1927.30900025	4.567967
1929.296	6.245378
1931.31200004	10.300892
1933.29900002	10.587418
1935.30299997	10.587418
1937.28299999	10.587418
1939.30299997	0.159141
1941.31299996	0.913558
1943.29400015	0.125146
1945.29200006	12.940865
1947.30599999	12.940865
1949.29699993	12.940865
1951.296	12.940865
1953.29300022	12.940865
1955.30900025	10.417176
1957.29400015	10.417176
1959.30299997	10.417176
1961.29300022	10.417176
1963.29200006	10.417176
1965.3039999	9.705632
1967.3039999	8.321907
1969.2980001	0.013228
1971.30699992	10.070402
1973.29400015	3.662127
1975.31599998	0.93492
1977.29500008	0.231195
1979.29200006	2.533008
1981.30800009	10.306543
1983.30699992	10.306543
1985.30100012	10.306543
1987.30200005	10.306543
1989.28299999	10.306543
1991.29699993	11.232128
1993.29100013	0.989594
1995.2980001	2.824732
1997.29100013	2.824732
1999.28799987	2.824732
2001.30900025	4.60785
2003.30800009	4.60785
2005.30200005	2.439902
2007.29300022	1.860362
2009.31299996	1.499415
2011.31400013	0.016225
2013.30699992	2.765537
2015.31200004	2.898879
2017.54900026	1.194144
2019.55299997	3.153309
2021.55200005	2.737278
2023.57800007	2.86097
2025.55999994	2.701312
2027.55800009	2.038816
2029.55299997	2.158167
2031.41799998	0.784563
2033.54699993	3.051666
2035.55400014	2.950181
2037.54200006	0.01322
2039.55500007	4.280576
2041.55200005	4.003151
2043.54799986	4.19905
2045.54699993	3.314699
2047.55999994	4.155376
2049.55800009	5.066352
2051.54299998	5.335719
2053.54399991	5.715268
2055.40400004	4.188669
2057.55500007	6.089903
2059.55299997	3.976653
2061.54900026	6.769394
2063.55700016	8.175985
2065.54299998	5.834135
2067.56599998	1.656848
2069.53900003	0.013114
2071.55800009	0.065163
2073.55599999	2.955353
2075.54900026	7.963547
2077.55200005	11.097806
2079.39100003	3.353211
2081.55200005	5.095586
2083.54900026	5.65204
2085.54200006	9.040751
2087.54699993	1.012609
2089.55700016	9.268389
2091.54699993	2.276195
2093.53400016	10.457748
2095.55299997	12.087017
2097.55200005	14.931218
2099.54799986	14.503508
2101.55299997	14.503508
2103.45599985	0.381205
2105.57800007	0.024007
2107.55200005	7.114301
2109.546	11.66381
2111.53800011	0.019656
2113.55000019	1.019671
2115.54900026	0.069109
2117.55400014	3.787089
2119.55400014	2.764899
2121.54799986	0.050689
2123.56700015	0.038943
2125.54299998	0.407236
2127.54799986	0.028749
2129.55200005	0.0182
2131.55700016	0.186384
2133.54900026	1.521303
2135.56200004	1.985858
2137.42799997	0.016888
2139.53800011	1.954323
2141.55100012	0.011721
2143.55500007	0.017476
2145.55299997	0.026137
2147.54900026	0.824054
2149.54399991	2.559941
2151.54200006	0.02951
2153.54799986	0.009751
2155.56399989	0.004244
2157.546	1.533137
2159.54699993	0.070131
2161.55299997	0.856608
2163.54799986	3.662482
2165.55800009	0.014906
2167.56900001	0.033954
2169.55700016	0.178802
2171.53800011	2.9117
2173.54900026	0.108803
2175.55800009	5.84266
2177.54900026	5.966707
2179.55299997	2.94775
2181.55400014	0.911221
2183.56200004	0.034452
2185.57200003	7.793866
2187.55299997	6.354519
2189.55299997	0.06368
2191.54699993	0.017955
2193.54900026	5.739145
2195.55800009	6.562542
2197.56299996	7.703392
2199.53800011	1.873351
2201.53300023	7.782549
2203.58399987	9.012645
2205.55400014	3.906473
2207.55200005	0.032413
2209.55700016	0.916311
2211.55200005	8.602775
2213.54200006	9.880392
2215.54200006	9.616929
2217.54399991	10.87559
2219.55200005	3.766359
2221.54900026	7.133128
2223.546	0.520464
2225.53999996	14.187407
2227.55400014	2.59037
2229.55100012	0.946119
2231.53900003	0.027868
2233.546	0.564421
2235.55299997	0.397137
2237.54900026	0.07418
2239.55100012	11.770851
2241.54399991	11.770851
2243.55200005	14.723542
2245.56200004	16.950185
2247.54299998	0.468808
2249.54799986	6.482054
2251.55200005	7.833559
2253.54799986	4.566305
2255.54799986	5.083599
2257.53999996	6.528278
2259.53900003	8.012977
2261.79999995	6.562617
2263.55100012	6.562617
2265.55299997	6.562617
2267.79299998	0.984552
2269.54799986	3.676997
2271.79700017	3.676997
2273.79200006	7.179292
2275.79700017	7.048944
2277.80900002	7.486753
2279.79400015	0.748736
2281.79500008	0.885141
2283.79200006	6.920366
2285.8039999	4.198833
2287.796	0.017363
2289.80500007	1.467498
2291.79400015	1.732015
2293.80099988	8.391609
2295.80200005	8.391609
2297.79700017	8.391609
2299.80900002	1.818986
2301.7980001	5.53664
2303.79700017	7.538564
2305.80299997	8.359043
2307.80900002	0.017128
2309.78699994	5.39112
2311.79900002	0.018234
2313.80699992	6.988908
2315.79500008	0.973237
2317.79900002	6.74579
2319.78900027	6.74579
2321.80299997	9.284657
2323.81200004	9.006832
2325.79299998	7.463921
2327.81400013	7.463921
2329.80699992	1.795011
2331.79299998	8.455964
2333.79299998	5.715106
2335.80800009	8.595919
2337.80699992	0.134365
2339.8039999	0.995364
2341.79999995	0.037299
2343.80099988	4.144278
2345.78900027	4.144278
2347.81400013	4.144278
2349.78900027	4.144278
2351.7980001	4.850943
2353.79500008	0.846492
2355.79700017	3.075987
2357.80200005	1.925564
2359.8039999	1.059221
2361.80699992	0.517303
2363.80800009	0.856661
2365.79900002	0.784151
2367.80599999	1.531166
2369.79700017	0.215098
2371.79999995	0.010003
2373.79200006	7.782432
2375.80699992	7.749557
2377.79100013	0.88231
2379.78799987	0.18689
2381.78799987	0.187242
2383.78900027	0.281283
2385.79999995	4.811134
2387.82399988	3.278336
2389.80200005	0.174555
2391.80299997	0.923834
2393.78799987	0.053445
2395.79299998	0.366179
2397.79400015	0.018381
2399.80699992	0.284544
2401.80299997	5.965766
2403.7900002	0.092706
2405.81200004	4.913227
2407.78399992	0.308074
2409.79299998	0.135008
2411.7900002	8.38103
2413.79400015	1.405595
2415.80699992	0.009957
2417.79999995	0.223834
2419.79700017	1.8957
2421.80200005	5.591571
2423.78900027	0.028828
2425.796	7.320656
2427.79400015	0.067677
2429.79900002	7.116355
2431.79400015	0.130642
2433.80299997	6.439454
2435.8039999	0.021689
2437.7980001	0.144789
2439.80200005	0.947083
2441.80299997	6.659544
2443.81200004	0.666232
2445.79700017	0.892658
2447.79500008	0.249635
2449.80299997	0.87337
2451.79500008	0.068389
2453.79200006	0.057092
2455.80099988	0.036488
2457.79900002	0.011192
2459.78699994	0.240945
2461.79200006	0.038051
2463.78799987	0.01617
2465.79900002	1.522435
2467.79299998	1.548357
2469.79299998	0.058439
2471.80299997	0.059092
2473.80299997	0.013938
2475.7900002	0.077961
2477.80800009	2.220227
2479.7980001	2.598323
2481.80699992	0.59844
2483.80599999	0.040265
2485.8130002	0.442855
2487.79900002	0.01226
2489.7900002	3.099275
2491.8039999	4.056567
2493.7980001	0.16235
2495.80299997	0.352775
2497.80500007	0.032883
2499.81999993	0.323354
2501.79700017	3.471321
2503.79700017	0.095768
2505.79200006	0.310283
2507.80299997	0.113617
2509.80800009	0.051119
2511.79500008	0.928567
2513.80500007	0.700752
2515.7980001	6.813939
2518.05500007	6.813939
2520.05800009	6.369396
2522.03800011	0.946174
2524.03999996	0.00361
2526.00399995	0.043809
2528.05200005	0.017895
2530.05699992	0.325495
2532.03400016	0.928473
2534.04900002	0.061765
2536.05300021	0.900214
2538.05900002	6.420144
2540.04200006	3.080403
2542.05300021	0.695046
2544.05100012	0.012676
2546.04900002	0.868962
2548.03800011	0.093754
2550.01300025	0.046909
2552.04399991	0.205219
2554.04200006	0.124399
2556.04799986	0.836019
2558.03900003	0.836019
2560.05100012	0.802274
2562.03700018	0.802274
2564.03800011	0.044107
2566.04699993	1.204476
2568.03999996	4.902902
2570.03700018	0.030332
2572.05900002	0.167787
2573.90400004	0.728011
2576.05000019	0.028998
2578.04399991	0.030099
2580.05400014	0.01789
2582.04200006	0.058092
2584.05200005	0.03107
2586.03700018	0.226088
2588.04200006	0.188134
2590.03400016	0.848505
2592.03900003	0.076198
2594.03700018	0.859123
2596.03999996	0.05222
2597.90300012	0.861977
2600.05300021	3.01963
2602.04799986	0.018869
2604.04799986	0.015905
2606.046	2.022844
2608.04200006	0.079665
2610.03600001	4.727498
2612.04399991	4.637677
2614.06800008	3.266957
2616.04299998	0.05079
2618.03400016	4.823635
2620.03900003	0.130778
2621.90400004	0.892663
2624.04900002	0.114094
2626.05400014	0.086582
2628.04399991	0.858982
2630.03800011	1.854699
2632.03800011	0.928567
2634.05400014	0.217883
2636.04699993	6.331965
2638.03700018	0.06368
2640.05000019	0.086196
2642.03900003	0.875863
2644.04399991	0.080391
2646.04399991	0.844596
2648.05300021	0.209089
2650.04399991	3.045335
2652.03700018	0.865774
2654.04399991	0.09703
2656.04900002	6.25194
2658.04399991	0.243466
2660.04399991	2.447034
2662.04699993	0.018278
2664.05200005	1.669185
2666.04399991	2.521907
2668.04200006	0.148176
2670.05699992	2.640307
2672.05200005	0.197855
2674.046	0.017033
2676.04399991	0.961275
2678.04900002	4.862544
2680.04699993	0.903744
2682.04699993	0.033496
2684.04799986	2.445362
2686.03299999	2.445362
2688.05800009	0.012878
2690.04399991	1.893103
2692.04799986	5.439131
2694.04799986	0.874707
2696.03800011	5.521821
2698.04500008	5.251976
2700.046	0.852514
2702.04699993	1.260823
2704.04799986	1.260823
2706.04399991	1.260823
2708.04900002	2.487932
2710.04699993	4.451699
2712.03800011	4.699101
2714.04500008	6.06274
2716.046	0.068227
2718.04299998	6.127472
2720.04799986	2.845383
2722.04900002	0.025504
2724.03700018	0.23013
2726.04099989	5.228846
2728.05200005	6.770053
2730.05300021	0.037734
2732.05200005	2.812391
2734.03700018	2.812391
2736.04699993	2.349141
2738.04799986	3.656284
2740.05500007	3.656284
2742.03299999	3.656284
2744.04200006	2.778779
2746.04299998	5.847637
2748.04299998	5.769054
2750.04399991	5.769054
2752.05000019	5.769054
2754.04399991	4.087029
2756.02699995	5.017621
2758.03900003	5.88051
2760.03900003	5.88051
2762.04299998	0.791273
2764.03999996	3.07589
2766.05300021	1.067692
2768.04699993	7.429547
2770.28399992	7.214756
2772.28699994	8.296035
2774.29200006	7.91345
2776.30800009	8.651138
2778.29900002	7.023363
2780.13199997	7.566629
2782.29400015	7.566629
2784.2980001	1.188553
2786.296	0.061942
2788.29400015	0.241123
2790.29400015	8.417023
2792.30800009	0.016902
2794.3039999	6.480233
2796.2980001	7.581746
2798.29500008	7.242772
2800.28799987	5.808055
2802.30299997	9.694797
2804.13000011	1.026041
2806.29300022	0.407286
2808.30699992	6.695937
2810.29300022	0.942059
2812.28799987	0.251828
2814.27900004	0.011033
2816.30100012	0.219741
2818.30299997	3.52126
2820.29699993	8.386369
2822.31299996	7.193266
2824.30599999	9.130803
2826.29300022	0.121587
2828.14400005	1.218985
2830.2980001	7.501564
2832.30299997	0.157668
2834.3039999	0.848119
2836.28600001	6.167399
2838.29100013	2.054559
2840.28600001	4.225783
2842.30100012	0.11205
2844.296	5.712803
2846.30200005	6.603379
2848.29400015	0.96266
2850.29300022	0.216247
2852.28399992	0.853293
2854.29699993	2.541512
2856.3039999	2.588272
2858.28500009	4.997641
2860.29200006	0.562697
2862.30200005	6.82832
2864.30299997	5.640088
2866.29900002	6.161578
2868.30699992	0.018112
2870.30200005	5.201206
2872.29400015	0.833069
2874.2889998	0.85797
2876.15299988	3.26183
2878.30299997	8.405636
2880.29200006	8.379035
2882.28799987	7.584375
2884.2980001	8.584622
2886.28699994	2.05105
2888.29400015	0.244024
2890.29400015	7.142503
2892.29300022	5.201488
2894.28399992	10.922012
2896.28799987	0.888667
2898.28799987	0.003378
2900.28200006	1.139636
2902.28399992	1.099304
2904.29200006	1.974567
2906.29300022	1.022528
2908.28699994	0.249661
2910.28399992	0.941283
2912.2900002	0.009076
2914.30800009	0.07563
2916.296	0.914672
2918.29900002	1.41642
2920.29900002	0.054061
2922.29400015	0.049902
2924.29200006	0.79307
2926.29400015	0.442737
2928.28699994	0.030887
2930.29300022	0.034438
2932.2980001	0.08219
2934.29200006	0.053988
2936.29400015	0.110188
2938.30900025	0.026865
2940.30100012	1.156743
2942.28299999	6.218133
2944.28500009	0.040155
2946.2980001	0.123361
2948.26699996	0.050545
2950.28600001	0.039106
2952.29900002	1.376391
2954.29200006	0.881232
2956.29900002	3.131983
2958.28699994	0.020473
2960.27900004	0.032444
2962.29500008	0.024604
2964.2889998	0.016289
2966.28500009	0.16301
2968.29300022	4.703488
2970.29699993	4.792303
2972.29300022	4.943966
2974.30200005	5.499352
2976.29999995	0.030123
2978.27700019	4.981666
2980.29699993	1.391967
2982.30200005	2.21626
2984.28399992	5.106459
2986.30200005	0.06112
2988.29300022	3.734695
2990.28799987	3.734695
2992.2889998	3.734695
2994.28699994	3.734695
2996.2889998	4.648456
2998.29300022	0.460048
3000.29400015	7.394571
3002.29699993	5.307068
3004.30599999	0.570815
3006.27999997	0.03952
3008.29100013	7.710647
3010.29699993	0.365307
3012.28500009	6.990803
3014.29100013	3.464468
3016.55700016	6.824673
3018.29400015	6.824673
3020.30299997	6.824673
3022.29400015	7.111026
3024.30200005	2.806395
3026.53699994	8.073094
3028.54699993	0.068812
3030.53900003	0.932443
3032.54200006	2.296045
3034.54200006	0.092762
3036.53699994	2.513946
3038.54900026	7.302567
3040.54399991	8.190123
3042.53999996	8.839899
3044.54299998	0.876136
3046.52899981	3.825327
3048.53800011	4.712982
3050.55500007	0.017275
3052.54499984	8.917574
3054.52799988	9.587242
3056.54399991	0.33026
3058.53900003	4.49371
3060.54799986	0.014837
3062.54900026	4.359718
3064.54900026	0.893174
3066.54200006	3.937561
3068.53800011	0.847805
3070.53200006	2.476134
3072.53900003	4.163571
3074.54799986	3.436334
3076.53800011	2.253853
3078.53200006	2.490383
3080.53699994	3.963153
3082.54100013	4.753023
3084.54200006	1.721879
3086.53400016	0.434332
3088.54200006	0.863972
3090.53200006	0.105799
3092.53300023	1.870807
3094.53200006	0.053431
3096.54200006	3.123759
3098.53300023	3.760763
3100.53300023	0.055776
3102.53400016	4.809669
3104.53300023	0.040517
3106.54200006	1.895937
3108.53200006	0.051924
3110.53800011	3.065205
3112.53800011	5.972867
3114.54299998	6.62033
3116.54399991	0.897569
3118.53900003	4.168443
3120.53800011	7.033563
3122.54499984	6.852529
3124.53500009	9.31794
3126.53300023	9.087853
3128.53999996	8.778839
3130.53400016	8.653613
3132.53600001	8.653613
3134.53300023	9.861602
3136.54699993	3.674204
3138.53500009	8.811959
3140.55900002	0.947596
3142.52899981	5.90274
3144.53699994	6.261544
3146.54299998	9.786671
3148.54299998	9.326755
3150.53900003	10.93001
3152.53699994	9.918768
3154.55599999	9.918768
3156.54399991	9.918768
3158.54200006	10.669061
3160.54900026	0.873481
3162.54699993	0.011628
3164.53200006	3.190909
3166.53999996	9.470969
3168.53800011	1.127968
3170.53999996	8.685212
3172.54399991	8.685212
3174.53900003	8.685212
3176.54299998	0.012521
3178.53800011	0.103799
3180.54699993	9.12097
3182.54100013	0.025853
3184.56299996	0.927069
3186.53800011	0.023896
3188.53999996	11.556639
3190.53300023	11.778367
3192.54699993	5.425366
3194.54499984	0.024946
3196.53900003	10.449325
3198.54200006	0.011975
3200.54299998	6.544495
3202.54399991	6.544495
3204.53200006	6.544495
3206.53200006	6.544495
3208.53900003	6.544495
3210.53900003	6.544495
3212.53100014	6.544495
3214.5250001	6.544495
3216.54399991	6.544495
3218.53000021	6.544495
3220.53999996	0.028139
3224.86600018	0.887517
3226.84200001	1.43552
3228.12300014	2.336642
3228.53400016	1.99407
3230.53300023	2.919522
3232.53300023	0.0105
3234.53000021	0.082855
3236.53500009	0.749185
3238.52899981	1.005085
3240.53500009	0.244055
3242.54900026	0.333683
3244.53900003	0.238253
3246.53699994	0.882639
3248.54499984	0.024264
3250.54799986	5.836098
3252.53300023	0.086644
3254.52899981	0.0322
3256.53900003	0.829528
3258.53300023	0.038066
3260.53400016	0.9097
3262.53699994	0.031054
3264.53900003	5.132344
3266.54200006	0.991448
3268.53900003	0.022837
3270.81699991	0.93347
3272.79500008	2.306535
3274.63100004	0.868817
3276.79200006	0.227449
3278.79200006	0.077129
3280.77999997	0.018152
3282.77999997	0.022155
3284.7900002	2.190495
3286.7900002	3.345456
3288.78100014	0.66024
3290.77800012	0.132979
3292.78299999	0.038845
3294.77999997	0.03026
3296.78100014	1.684256
3298.6500001	3.7114
3300.80299997	4.08082
3302.80099988	4.840441
3304.78299999	4.910891
3306.78900027	5.451652
3308.7980001	1.12819
3310.77999997	0.07192
3312.78100014	1.412329
3314.77999997	0.01721
3316.79299998	0.310081
3318.78399992	0.794027
3320.78399992	0.008726
3322.62300014	0.935264
3324.79299998	3.027332
3326.80099988	1.429874
3328.79400015	1.442297
3330.77999997	0.159983
3332.79400015	0.025426
3334.79400015	0.170105
3336.7900002	0.189272
3338.78600001	0.018009
3340.78299999	0.379898
3342.79299998	0.031286
3344.78799987	0.102564
3346.64400005	1.518946
3348.79500008	0.034467
3350.79400015	0.102792
3352.7900002	0.791928
3354.7900002	0.087316
3356.77800012	0.022635
3358.78399992	0.090605
3360.7750001	0.071063
3362.78799987	0.023783
3364.79100013	0.804243
3366.78200006	0.809514
3368.79900002	0.026809
3370.68400002	0.525455
3372.78900027	0.525455
3374.7900002	0.955895
3376.79299998	0.55814
3378.78100014	0.173219
3380.70100021	0.019038
3382.7980001	0.067705
3384.79100013	0.04624
3386.79400015	0.308425
3388.79500008	0.013315
3390.79400015	0.752742
3392.77600002	2.299469
3394.79200006	2.007258
3396.78499985	0.010821
3398.796	0.182666
3400.77999997	3.918252
3402.78399992	3.133953
3404.79200006	0.770644
3406.78299999	0.003771
3408.7900002	0.195389
3410.78399992	0.016761
3412.796	0.343762
3414.7980001	0.822044
3416.7750001	0.041368
3418.79200006	4.282107
3420.7900002	0.332682
3422.79200006	0.0405
3424.77999997	0.844686
3426.796	0.111477
3428.79500008	0.0094
3430.78799987	0.208006
3432.79299998	0.266272
3434.77999997	0.930636
3436.78100014	0.073665
3438.78900027	1.067224
3440.78100014	0.018843
3442.77800012	4.570641
3444.78100014	4.341892
3446.78299999	4.7138
3448.77800012	0.706287
3450.77800012	4.131235
3452.79500008	0.071502
3454.79400015	0.209405
3456.78399992	0.088009
3458.78900027	0.037992
3460.7900002	0.027835
3462.78900027	0.797219
3464.78399992	0.086231
3466.80599999	0.929344
3468.78499985	0.191993
3470.79100013	0.035027
3472.78399992	4.379051
3474.7900002	2.031026
3476.78399992	3.201949
3478.78499985	0.070242
3480.77800012	4.102769
3482.78299999	4.450383
3484.78499985	3.928679
3486.79400015	4.765167
3488.78499985	5.343827
3490.77999997	0.943412
3492.78499985	4.728668
3494.79299998	0.539328
3496.79900002	0.026719
3498.78900027	0.388914
3500.78499985	0.870736
3502.78399992	5.7497
3504.79500008	5.7497
3506.796	1.686974
3508.78799987	1.717702
3510.78799987	2.880669
3512.79400015	6.142484
3515.03900003	5.664676
3516.78600001	5.664676
3519.05300021	0.170392
3521.04500008	0.438404
3523.03999996	0.027969
3525.03700018	0.903041
3527.03900003	3.463978
3529.03900003	3.463978
3531.03999996	0.016413
3533.046	7.322312
3535.02499986	0.849402
3537.03800011	0.247796
3539.046	5.757012
3541.03100014	1.436856
3543.03900003	3.616934
3545.03600001	0.054441
3547.02600002	3.138479
3549.04500008	0.752224
3551.046	0.173342
3553.04699993	0.018451
3555.03700018	0.590754
3557.03100014	0.013529
3559.03900003	2.75668
3561.02799988	1.86473
3563.02900004	0.025805
3565.03700018	0.338139
3567.03800011	0.015093
3569.02600002	0.079974
3571.02600002	0.037171
3573.02900004	5.838315
3575.02900004	0.728489
3577.046	7.284301
3579.04299998	5.427048
3581.02900004	7.422366
3583.02900004	7.422366
3585.03999996	7.422366
3587.03500009	7.422366
3589.03800011	7.422366
3591.02900004	5.507256
3593.046	0.016298
3595.03800011	2.732216
3597.04799986	3.591442
3599.03100014	3.591442
3601.04399991	3.591442
3603.05000019	8.602333
3605.03000021	8.602333
3607.03600001	8.602333
3609.03500009	8.177685
3611.05699992	3.711085
3613.03400016	2.187327
3615.02399993	7.483247
3617.05100012	0.018116
3619.03900003	8.103453
3621.03100014	8.103453
3623.03900003	8.103453
3625.04399991	8.352754
3627.03800011	0.027421
3629.02799988	1.758825
3631.03299999	0.9311
3633.04799986	10.078753
3635.03400016	0.848323
3637.03299999	4.29348
3639.03000021	10.397939
3641.03299999	9.058058
3643.03100014	11.052886
3645.03900003	11.052886
3647.046	11.0243
3649.03400016	10.218455
3651.04799986	5.9349
3653.02499986	3.659481
3655.03400016	0.915807
3657.046	10.935584
3659.03600001	0.944372
3661.04500008	5.409542
3663.05500007	5.409542
3665.03000021	8.608352
3667.03400016	2.609796
3669.03100014	9.005979
3671.03400016	5.407875
3673.03800011	5.407875
3675.03500009	10.057472
3677.03999996	10.057472
3679.03600001	10.057472
3681.03999996	10.057472
3683.04299998	0.658056
3685.03999996	1.168812
3687.02399993	1.275574
3689.03999996	2.324495
3691.03100014	3.224397
3693.02499986	3.224397
3695.02900004	3.224397
3697.03000021	3.224397
3699.02900004	3.224397
3701.03600001	3.224397
3703.03600001	3.224397
3705.03500009	3.383288
3707.03200006	5.17861
3709.03500009	5.236344
3711.03000021	5.236344
3713.03900003	5.236344
3715.04699993	5.236344
3717.03100014	5.236344
3719.02399993	5.236344
3721.04399991	5.236344
3723.03400016	5.236344
3725.02600002	5.236344
3727.02900004	5.236344
3729.03000021	1.559509
3731.03500009	0.012673
3733.04099989	0.021657
3735.03600001	0.024351
3737.04399991	0.948919
3739.02499986	0.138331
3741.03600001	0.416472
3743.03000021	2.172894
3745.04399991	0.788861
3747.03400016	0.865753
3749.04399991	0.039549
3751.03800011	0.735132
3753.02600002	0.025868
3755.04799986	2.011841
3757.03000021	2.025701
3759.03000021	2.954017
3761.02600002	2.762521
3763.03000021	2.762521
3765.28799987	3.576631
3767.03400016	4.042494
3769.13000011	0.824291
3771.03800011	5.163307
3773.27999997	2.113721
3775.27700019	5.849953
3777.28200006	6.982076
3779.29400015	0.887068
3781.28799987	1.377285
3783.28500009	3.181435
3785.2809999	0.073596
3787.2750001	0.073846
3789.27900004	0.908134
3791.2900002	8.252029
3793.14900017	0.941204
3795.28600001	3.46081
3797.2889998	4.920783
3799.28500009	0.030039
3801.29500008	0.055989
3803.27700019	0.856078
3805.27600002	0.14199
3807.28600001	0.51468
3809.29500008	0.040665
3811.27900004	0.128222
3813.28200006	0.836587
3815.28399992	0.096813
3817.13499999	0.833428
3819.27900004	0.032486
3821.2900002	0.334365
3823.2809999	0.027726
3825.28399992	0.726884
3827.30100012	0.015303
3829.2809999	0.817909
3831.27999997	0.86852
3833.27700019	1.186847
3835.30699992	0.003571
3837.28200006	1.367602
3839.28699994	0.151825
3841.21500015	0.153659
3843.28399992	0.155209
3845.27999997	0.861763
3847.29300022	0.003703
3849.28600001	1.498036
3851.2900002	1.066471
3853.2809999	2.773907
3855.27600002	3.510485
3857.28600001	3.431812
3859.27999997	3.826511
3861.28500009	2.180957
3863.2750001	4.427596
3865.13400006	0.816662
3867.28600001	1.83678
3869.2809999	6.11026
3871.28399992	2.175592
3873.27999997	0.947772
3875.28299999	0.852594
3877.27999997	2.605424
3879.27400017	0.029391
3881.2889998	2.633663
3883.27999997	2.691922
3885.29500008	2.691922
3887.27600002	3.943577
3889.2809999	2.660177
3891.28399992	4.975526
3893.27999997	0.036351
3895.27600002	0.075367
3897.27999997	0.00986
3899.29100013	0.896535
3901.28500009	4.434947
3903.27600002	4.434947
3905.2889998	2.39687
3907.29500008	2.120505
3909.2750001	6.069922
3911.27900004	0.034029
3913.27600002	5.043242
3915.28699994	4.167154
3917.28600001	4.236093
3919.2809999	0.886681
3921.27600002	0.134828
3923.2750001	0.934055
3925.29100013	0.275526
3927.2889998	0.010735
3929.28299999	0.017263
3931.26999998	2.458657
3933.28500009	2.458657
3935.29400015	0.026631
3938.40300012	0.411016
3939.62400007	0.580272
3941.29500008	0.772586
3943.2750001	0.539966
3945.2809999	0.072665
3947.27900004	1.029998
3949.27999997	1.3051
3951.28500009	1.350672
3953.27900004	1.280599
3955.28500009	1.148128
3957.2900002	0.635184
3959.28699994	0.536443
3961.2889998	0.831581
3963.28600001	2.191311
3965.28200006	0.067219
3967.2900002	0.302521
3969.28399992	0.011845
3971.29400015	0.011712
3973.27999997	0.028014
3975.29300022	0.088135
3977.27700019	0.13249
3979.27700019	0.134245
3981.30800009	0.845768
3983.28699994	0.049278
3985.28200006	4.329403
3987.28200006	0.02861
3989.28299999	3.763074
3991.28699994	4.732854
3993.2750001	4.140464
3995.27400017	0.874717
3997.28299999	4.583856
3999.28799987	4.583856
4001.28500009	5.020842
4003.2750001	0.084565
4005.28500009	5.767234
4007.27900004	0.077811
4009.27600002	0.929508
4011.28600001	3.53233
4013.296	0.008926
4015.2809999	0.862522
4017.27600002	0.070366
4019.29400015	2.238491
4021.53500009	3.504326
4023.37999988	0.900647
4025.2900002	0.533953
4027.52799988	0.10949
4029.53400016	3.171971
4031.53800011	0.141156
4033.54399991	0.883034
4035.54100013	0.013178
4037.52099991	0.130567
4039.53000021	0.094041
4041.52799988	0.133084
4043.53699994	0.016706
4045.5250001	0.024553
4047.37100005	0.931287
4049.53300023	0.27421
4051.53200006	0.018707
4053.53600001	0.908169
4055.53000021	0.058727
4057.53500009	4.554605
4059.52799988	1.908912
4061.53699994	1.418969
4063.53000021	0.018007
4065.53100014	0.388136
4067.55000019	0.030502
4069.53500009	0.055553
4071.36600018	0.860379
4073.53900003	0.031659
4075.546	0.283475
4077.53300023	0.331
4079.53500009	0.331
4081.52099991	0.340806
4083.53000021	0.530516
4085.52600002	0.780701
4087.53100014	0.968685
4089.54399991	0.972881
4091.53699994	0.602641
4093.53100014	0.297887
4095.45499992	0.497934
4097.52899981	1.518552
4099.53900003	1.507015
4101.51999998	0.650806
4103.53400016	1.695537
4105.52899981	0.291675
4107.51900005	1.611645
4109.53300023	1.987187
4111.53900003	0.040263
4113.53999996	0.013292
4115.53200006	0.698967
4117.54299998	2.905686
4119.50100017	0.200435
4121.546	2.677575
4123.53000021	3.497611
4125.53400016	0.814395
4127.52699995	0.250692
4129.53900003	0.030599
4131.51999998	0.303751
4133.53400016	0.314994
4135.52099991	0.05377
4137.52799988	0.13007
4139.52799988	0.842694
4141.53600001	0.045821
4143.5250001	0.87562
4145.53600001	2.390001
4147.52899981	0.784697
4149.53500009	0.009181
4151.53100014	4.374279
4153.52099991	0.889751
4155.52899981	0.291738
4157.53999996	0.033623
4159.53200006	0.030079
4161.55000019	0.016526
4163.53400016	0.168235
4165.54499984	0.017575
4167.53300023	0.745577
4169.5250001	0.793876
4171.54499984	0.990214
4173.53999996	0.025243
4175.52899981	1.271522
4177.53500009	0.011727
4179.53000021	0.05167
4181.53400016	0.034813
4183.53500009	0.015709
4185.52099991	0.143541
4187.53000021	0.220188
4189.52399993	0.024309
4191.53699994	0.692746
4193.53500009	0.067397
4195.52899981	0.714539
4197.53400016	1.461347
4199.52899981	2.217064
4201.52899981	2.96547
4203.54100013	2.96547
4205.52600002	2.96547
4207.54299998	2.537727
4209.52899981	1.788983
4211.54100013	2.980653
4213.53600001	3.530834
4215.53400016	3.530834
4217.53500009	2.685109
4219.52899981	0.207359
4221.53000021	3.921751
4223.54499984	3.376403
4225.53699994	3.497902
4227.54299998	0.369006
4229.53000021	4.284083
4231.523	4.879907
4233.53400016	5.177675
4235.53699994	5.177675
4237.53500009	5.177675
4239.53000021	5.177675
4241.53300023	5.177675
4243.53400016	1.360311
4245.54100013	5.335918
4247.54499984	5.706535
4249.53300023	2.422191
4251.53400016	3.29262
4253.52399993	3.29262
4255.52899981	4.63781
4257.53500009	4.495367
4259.53600001	4.495367
4261.52699995	5.412728
4263.52600002	4.646459
4265.52799988	4.646459
4267.77999997	4.715127
4269.78499985	4.715127
4271.53100014	5.684575
4273.53600001	0.8924
4275.77900004	6.274096
4277.53300023	4.891883
4279.78299999	4.891883
4281.78399992	4.891883
4283.78600001	7.544733
4285.77999997	1.121977
4287.77999997	5.447236
4289.77999997	3.70798
4291.7900002	0.868456
4293.78299999	4.264888
4295.77100015	6.927358
4297.77400017	6.927358
4299.78399992	6.927358
4301.77999997	6.927358
4303.78499985	6.927358
4305.76899981	6.927358
4307.77999997	6.927358
4309.78100014	6.927358
4311.77999997	3.355599
4313.77999997	4.555744
4315.78600001	2.421759
4317.78900027	1.006467
4319.79400015	1.006467
4321.76999998	2.082682
4323.77900004	3.693
4325.78399992	3.693
4327.78499985	0.035765
4329.79400015	0.043397
4331.7750001	0.858234
4333.77999997	0.126795
4335.78600001	2.330415
4337.77400017	4.059535
4339.78399992	4.209152
4341.79100013	0.880549
4343.76600003	0.031724
4345.79200006	2.442372
4347.79500008	0.280524
4349.78200006	0.159775
4351.7750001	0.013677
4353.77999997	0.022418
4355.76699996	0.715431
4357.77600002	0.058187
4359.78399992	5.048103
4361.77400017	0.329113
4363.77400017	2.188821
4365.77600002	0.024689
4367.77999997	2.506599
4369.77200007	2.506599
4371.77699995	0.034335
4373.78299999	4.964083
4375.77400017	4.697734
4377.7750001	0.793902
4379.77400017	0.032937
4381.76999998	1.757492
4383.77600002	0.919577
4385.77800012	5.632007
4387.77999997	3.079794
4389.77600002	0.022923
4391.78600001	0.036641
4393.78499985	2.026496
4395.78600001	6.338874
4397.78399992	0.086166
4399.78699994	0.239927
4401.78100014	0.03984
4403.76999998	0.949421
4405.77400017	3.691852
4407.78499985	4.106934
4409.78600001	0.276318
4411.77400017	0.318217
4413.78399992	0.840413
4415.77999997	0.177733
4417.77200007	3.322262
4419.78900027	3.362618
4421.7900002	3.362618
4423.77900004	3.854695
4425.78100014	0.01132
4427.78299999	0.182911
4429.78399992	0.991117
4431.78399992	1.001039
4433.76999998	0.935173
4435.77400017	1.597142
4437.77900004	0.012276
4439.77400017	0.432553
4441.76899981	0.714396
4443.76999998	0.003454
4445.78600001	0.271322
4447.79100013	1.345285
4449.7750001	0.89544
4451.77999997	0.733461
4453.78499985	0.210446
4455.78100014	0.047223
4457.79100013	0.179257
4459.78499985	0.08916
4461.77400017	0.060737
4463.78600001	2.010446
4465.77900004	0.727497
4467.78499985	2.800303
4469.78900027	3.165804
4471.78200006	0.022027
4473.79500008	2.56483
4475.78100014	1.121462
4477.77400017	1.121462
4479.7900002	0.014737
4481.76999998	2.831152
4483.78399992	2.209335
4485.78100014	0.286974
4487.77200007	0.081431
4489.79100013	0.799928
4491.78399992	0.028382
4493.77100015	2.504762
4495.77300024	4.357802
4497.78299999	4.357802
4499.78499985	0.036838
4501.79500008	1.735573
4503.78600001	1.833913
4505.76899981	3.762242
4507.77600002	4.272622
4509.78499985	0.016759
4511.7750001	1.679782
4513.78600001	0.012051
4515.7750001	1.856505
4517.76999998	0.022797
4519.78600001	0.058887
4521.78600001	0.06345
4524.03100014	0.885414
4525.78399992	1.000813
4528.02100015	0.013156
4530.02600002	2.132065
4532.02699995	0.053234
4534.03600001	0.016742
4536.02499986	0.13724
4538.03000021	0.874319
4540.02900004	2.544911
4541.89899993	2.544911
4544.02100015	2.573995
4546.02699995	0.034965
4548.02600002	0.018184
4550.03600001	0.598389
4552.02900004	0.687829
4554.03600001	0.112119
4556.02100015	0.021811
4558.02799988	0.051318
4560.03000021	0.012262
4562.01600003	0.029571
4564.01999998	0.072682
4565.86600018	0.814695
4568.01600003	2.167252
4570.02799988	2.814575
4572.03000021	0.84923
4574.02600002	0.761252
4576.04699993	0.771032
4578.03200006	0.828723
4580.03100014	0.576053
4582.02699995	1.230103
4584.04099989	1.816154
4586.05100012	0.98407
4588.03100014	2.533326
4589.89400005	2.221116
4592.03700018	2.250601
4594.03100014	0.159042
4596.02399993	2.044016
4598.01999998	0.02288
4600.04200006	0.795953
4602.03400016	1.3963
4604.02200007	3.45708
4606.02799988	3.897277
4608.04099989	0.011376
4610.03600001	0.768737
4612.023	0.234503
4613.875	3.758328
4616.03999996	0.632115
4618.02499986	0.308328
4620.03299999	0.147296
4622.03500009	0.0346
4624.01699996	0.808991
4626.02399993	3.355812
4628.02100015	1.292783
4630.02900004	2.965317
4632.04900002	0.583034
4634.023	0.923855
4636.02600002	5.496184
4638.01900005	4.662921
4640.03000021	5.569577
4642.03400016	0.42162
4644.01400018	0.919106
4646.02399993	2.350426
4648.02699995	0.012827
4650.02100015	0.022212
4652.03100014	1.372148
4654.02600002	7.502549
4656.03200006	7.502549
4658.03200006	7.502549
4660.02499986	7.502549
4662.01400018	2.124985
4664.04099989	0.010158
4666.01400018	4.72838
4668.02499986	4.72838
4670.02600002	4.72838
4672.03200006	5.920671
4674.02100015	6.536069
4676.04099989	6.536069
4678.03100014	0.017106
4680.07000017	0.232248
4682.04099989	0.890988
4684.02499986	7.346161
4686.02600002	0.885146
4688.03200006	3.185586
4690.03500009	6.660993
4692.02600002	0.913811
4694.0150001	0.030436
4696.03000021	6.64126
4698.02900004	0.054645
4700.01600003	0.174274
4702.03100014	0.017282
4704.03100014	0.202695
4706.023	0.978746
4708.02600002	0.012102
4710.03900003	0.929618
4712.03100014	0.449897
4714.03500009	0.136341
4716.02600002	0.887967
4718.03100014	0.152626
4720.046	0.905983
4722.03400016	0.05037
4724.04099989	0.102643
4726.03100014	0.017789
4728.03000021	0.170222
4730.03700018	0.863143
4732.03000021	0.041414
4734.02399993	0.824105
4736.03000021	0.125939
4738.02100015	2.886311
4740.02399993	0.01813
4742.02200007	0.193468
4744.02200007	0.062879
4746.03000021	0.2288
4748.03000021	0.008759
4750.02600002	0.018389
4752.01600003	0.049089
4754.03600001	8.477182
4756.04099989	0.010167
4758.02100015	0.962402
4760.02399993	0.09362
4762.03000021	9.104308
4764.04900002	8.754152
4766.03000021	8.754152
4768.02100015	8.927346
4770.28500009	8.927346
4772.02499986	8.927346
4774.26900005	0.062297
4776.2750001	7.178717
4778.26499987	8.598902
4780.28200006	0.065255
4782.27100015	0.838627
4784.28600001	10.176422
4786.27200007	10.176422
4788.27600002	0.944428
4790.27100015	11.575117
4792.26900005	0.092006
4794.26600003	0.138066
4796.11599994	0.890905
4798.2750001	0.020689
4800.29300022	5.223521
4802.27999997	5.223521
4804.26499987	5.223521
4806.26499987	5.223521
4808.26499987	5.223521
4810.27900004	5.223521
4812.28500009	5.223521
4814.27700019	0.029166
4817.33500004	0.510108
4819.11599994	0.951437
4820.15400004	1.318415
4822.2809999	1.439009
4824.273	1.646353
4826.26600003	1.767284
4828.26999998	1.523781
4830.2750001	2.091484
4832.27800012	2.470648
4834.27900004	2.632245
4836.27900004	3.051333
4838.27100015	3.035871
4840.27600002	0.708941
4842.28699994	1.496829
4844.13000011	2.902519
4846.26699996	3.336819
4848.2750001	4.207388
4850.27600002	3.933146
4852.28600001	4.413973
4854.26600003	4.661334
4856.27100015	3.455108
4858.27700019	4.50139
4860.27800012	4.50139
4862.27999997	4.50139
4864.27400017	4.50139
4866.2750001	4.50139
4868.27600002	3.890147
4870.27700019	4.538519
4872.2809999	2.301912
4874.26699996	1.433723
4876.29100013	4.84937
4878.27600002	5.398808
4880.26499987	6.144768
4882.28600001	0.059838
4884.27900004	0.045507
4886.27999997	0.013276
4888.2750001	7.450194
4890.26999998	7.484042
4892.27200007	9.092772
4894.27800012	8.996873
4896.28200006	10.605884
4898.28600001	0.9729
4900.2750001	8.679981
4902.27200007	8.679981
4904.26999998	10.511935
4906.27100015	3.995558
4908.26999998	5.258146
4910.2809999	0.010273
4912.2750001	0.94272
4914.27999997	0.242397
4916.2809999	0.932289
4918.27999997	1.868516
4920.273	0.904869
4922.26699996	0.103164
4924.26499987	0.02284
4926.26600003	1.4415
4928.27600002	8.489304
4930.29400015	0.010155
4932.27900004	0.06292
4934.28200006	0.003618
4936.27999997	2.513399
4938.2750001	9.073737
4940.26699996	7.04881
4942.26999998	8.762404
4944.27200007	0.028842
4946.26499987	0.911836
4948.27900004	0.022431
4950.27100015	1.708066
4952.27700019	0.141383
4954.27700019	0.087003
4956.27999997	10.434764
4958.28200006	1.041344
4960.27200007	0.815692
4962.32500005	0.093912
4964.27999997	5.367046
4966.27700019	3.764587
4968.27600002	9.945138
4970.26600003	9.945138
4972.273	0.18985
4974.27100015	0.063829
4976.27999997	1.759357
4978.28799987	0.36846
4980.29100013	0.03496
4982.27700019	2.975567
4984.26999998	3.680549
4986.26699996	10.693617
4988.27600002	11.269804
4990.27700019	12.045938
4992.26799989	6.592511
4994.27700019	0.881845
4996.2750001	5.830695
4998.26200008	0.062454
5000.28500009	2.617077
5002.27800012	0.004795
5004.2750001	9.829406
5006.27100015	0.062351
5008.27400017	0.571912
5010.27999997	4.974701
5012.27700019	0.96425
5014.26499987	0.025076
5016.27400017	1.817696
5018.27800012	6.171362
5020.26999998	9.640959
5022.51099992	9.640959
5024.27800012	9.640959
5026.51999998	9.640959
5028.31999993	9.640959
5030.52799988	0.058163
5032.52600002	3.023298
5034.52099991	0.07283
5036.38499999	0.482485
5038.51999998	0.6178
5040.523	0.748752
5042.51900005	1.362903
5044.53000021	0.097279
5046.53400016	1.705341
5048.55100012	1.706012
5050.5250001	0.799947
5052.52600002	2.347527
5054.51999998	1.996602
5056.51400018	0.824461
5058.52200007	0.066938
5060.51600003	2.4129
5062.5250001	2.865747
5064.52200007	0.050126
5066.52200007	0.015779
5068.5170002	3.091305
5070.5170002	3.716259
5072.52399993	3.904739
5074.51999998	0.231032
5076.53300023	0.01764
5078.53100014	0.351803
5080.523	0.819078
5082.51999998	0.051435
5084.54100013	0.791952
5086.51900005	4.370527
5088.52600002	4.453457
5090.5250001	0.034372
5092.51999998	0.377576
5094.52099991	0.801396
5096.53100014	0.025874
5098.51900005	2.697565
5100.51600003	0.01812
5102.5150001	0.540734
5104.53000021	0.831168
5106.52099991	0.038917
5108.52099991	5.068757
5110.5250001	3.335012
5112.51600003	0.044334
5114.5170002	0.024331
5116.52600002	0.08116
5118.52200007	5.803109
5120.52699995	5.682364
5122.5250001	0.025
5124.5170002	0.016816
5126.51600003	0.219952
5128.5170002	0.009683
5130.51999998	0.145993
5132.52699995	0.810744
5134.5170002	4.037929
5136.51999998	1.776038
5138.53500009	0.014502
5140.52799988	0.065115
5142.52699995	0.873892
5144.51600003	0.151168
5146.53100014	0.205625
5148.53900003	0.949161
5150.5250001	6.29009
5152.51600003	0.866038
5154.52200007	0.010004
5156.51099992	1.937494
5158.5150001	2.969664
5160.52399993	4.720356
5162.51400018	4.720356
5164.52600002	4.720356
5166.52899981	5.741178
5168.50999999	5.607685
5170.52699995	6.388023
5172.52600002	6.011039
5174.52699995	7.578812
5176.53100014	7.787854
5178.5250001	8.041029
5180.52899981	0.01161
5182.51400018	4.605327
5184.51900005	5.694653
5186.53300023	9.511897
5188.52099991	11.15207
5190.52699995	3.851093
5192.52600002	9.517991
5194.53100014	0.02261
5196.53500009	11.812959
5198.52200007	9.436981
5200.51999998	12.002875
5202.51800013	12.002875
5204.51999998	12.002875
5206.53000021	10.611372
5208.52099991	0.155132
5210.52600002	4.437132
5212.52200007	0.505355
5214.52399993	0.940027
5216.51200008	14.550808
5218.52200007	11.266409
5220.52600002	10.458641
5222.53000021	11.420429
5224.53000021	0.125716
5226.51600003	3.213106
5228.5250001	3.213106
5230.51600003	1.728738
5232.5170002	5.67423
5234.51999998	5.67423
5236.53000021	0.03777
5238.52600002	2.943232
5240.51600003	2.943232
5242.51400018	2.663114
5244.54200006	2.367994
5246.52699995	3.229384
5248.52200007	3.361654
5250.53200006	4.712235
5252.51999998	2.301612
5254.5150001	0.033302
5256.51999998	1.46044
5258.52399993	5.638422
5260.53100014	4.647374
5262.5250001	3.434031
5264.5250001	3.847127
5266.53800011	6.424805
5268.5150001	9.013423
5270.51600003	7.99673
5272.51999998	9.062323
5274.7750001	9.160216
5276.77600002	8.732655
5278.76600003	7.990651
5280.77100015	9.435239
5282.76600003	7.485861
5284.7650001	8.715989
5286.76899981	10.190124
5288.78100014	10.190124
5290.61000013	10.190124
5292.78200006	10.190124
5294.7750001	10.190124
5296.76699996	10.190124
5298.77300024	1.563451
5300.7650001	0.582942
5302.77900004	1.590524
5304.7650001	1.959289
5306.76999998	2.044057
5308.76699996	1.648714
5310.77100015	0.012733
5312.77999997	2.072471
5314.62400007	2.208939
5316.76099992	2.684916
5318.76699996	2.939301
5320.76699996	0.825861
5322.76999998	2.909044
5324.77400017	3.085544
5326.77400017	1.911558
5328.78799987	2.921348
5330.77800012	3.244371
5332.76699996	0.164235
5334.76600003	0.021601
5336.77200007	1.498204
5338.64400005	3.241981
5340.78200006	1.760698
5342.77699995	3.236618
5344.76600003	3.413386
5346.76999998	0.013963
5348.77300024	1.974181
5350.7650001	0.277381
5352.76699996	1.194837
5354.77200007	0.017322
5356.76899981	1.083474
5358.77200007	0.075871
5360.76999998	0.210911
5362.62100005	0.918431
5364.7650001	0.446378
5366.76600003	2.024673
5368.7750001	0.856063
5370.77999997	0.272482
5372.76200008	0.764598
5374.76099992	0.010148
5376.77600002	0.041302
5378.78100014	0.017463
5380.77100015	0.991325
5382.78499985	4.093473
5384.76799989	4.186323
5386.77699995	0.81703
5388.77200007	0.164903
5390.76999998	0.866933
5392.76200008	2.354757
5394.76399994	2.354757
5396.77100015	0.041785
5398.77699995	0.04187
5400.78200006	1.259718
5402.7750001	0.016554
5404.7750001	2.415465
5406.76999998	2.415465
5408.77300024	4.48155
5410.75999999	4.472495
5412.7650001	3.488873
5414.76999998	4.733574
5416.7750001	4.462794
5418.76200008	4.094815
5420.76099992	4.523894
5422.76200008	4.523894
5424.76799989	4.523894
5426.77999997	5.424646
5428.76399994	5.21668
5430.77699995	5.188467
5432.76899981	5.188467
5434.77600002	5.188467
5436.77200007	5.188467
5438.75999999	5.188467
5440.77600002	4.4351
5442.76699996	4.959096
5444.77100015	0.86471
5446.76600003	0.86471
5448.7650001	2.298972
5450.77800012	2.774959
5452.77200007	5.641692
5454.77200007	5.641692
5456.78399992	5.641692
5458.77200007	5.641692
5460.77100015	5.641692
5462.76799989	4.706534
5464.77400017	4.925301
5466.77200007	2.399259
5468.76399994	5.992624
5470.76699996	5.087108
5472.77300024	5.135747
5474.76099992	6.513371
5476.77600002	6.577403
5478.77400017	3.681241
5480.77699995	5.923604
5482.77600002	5.892187
5484.76399994	4.587575
5486.7650001	6.513383
5488.76999998	6.513383
5490.76600003	5.804978
5492.76699996	5.134483
5494.77600002	6.631958
5496.7650001	6.969168
5498.7750001	6.969168
5500.77100015	6.969168
5502.77400017	6.558254
5504.77600002	6.558254
5506.77100015	6.789685
5508.77300024	6.819259
5510.78499985	6.32907
5512.77999997	7.093425
5514.76999998	0.729608
5516.77200007	3.355877
5518.76899981	0.369828
5520.76600003	3.124881
5523.02100015	5.749305
5524.77200007	6.257543
5526.78900027	6.333186
5529.02600002	6.197721
5531.02699995	7.004061
5533.01300025	1.588237
5535.02399993	3.66496
5537.01999998	0.895645
5539.02200007	6.524431
5541.02799988	6.275143
5543.01600003	6.275143
5545.03000021	6.275143
5547.01099992	0.026449
5549.02100015	0.076196
5551.01600003	0.003636
5553.01699996	0.083244
5554.852	0.037487
5557.0079999	0.042788
5559.02200007	0.133451
5561.02900004	0.017361
5563.01600003	0.235818
5565.03200006	0.010641
5567.02799988	0.123782
5569.02799988	4.750318
5571.02200007	4.752036
5573.02200007	0.025689
5575.02399993	0.873931
5577.02799988	1.962017
5579.023	5.752917
5581.03600001	6.039925
5583.02699995	2.28999
5585.01600003	5.595496
5587.01400018	5.90516
5589.01900005	0.931408
5591.02200007	5.986217
5593.01800013	1.765058
5595.02600002	0.365553
5597.02499986	0.017401
5599.02100015	0.88953
5601.02100015	0.393831
5603.02799988	0.867376
5605.02699995	0.22055
5607.02799988	0.031457
5609.01200008	0.164638
5611.02200007	8.554495
5613.02699995	0.886061
5615.01699996	0.05915
5617.02200007	0.010902
5619.01800013	4.248641
5621.01699996	1.000541
5623.02600002	1.100972
5625.023	1.512511
5627.0079999	1.605479
5629.01699996	1.676585
5631.01999998	2.639555
5633.023	0.035645
5635.01800013	0.051703
5637.02399993	0.00968
5639.02100015	0.459258
5641.01099992	0.056302
5643.01300025	0.040342
5645.02600002	0.555384
5647.01600003	0.841128
5649.01900005	0.272501
5651.01900005	0.033374
5653.47800016	0.457064
5655.01600003	0.011166
5657.02600002	0.169891
5659.02499986	0.656748
5661.01999998	0.033704
5663.02600002	0.905112
5665.01800013	1.158005
5667.0150001	0.762122
5669.02200007	1.167945
5671.01200008	1.248243
5673.01200008	1.247453
5675.02499986	0.590206
5677.02499986	1.279261
5679.01800013	1.635999
5681.01099992	0.089079
5683.01900005	1.788304
5685.01600003	0.723879
5687.0150001	0.03319
5689.023	1.869148
5691.01900005	0.083735
5693.02200007	0.064405
5695.02200007	0.036737
5697.02100015	0.133229
5699.01999998	0.920922
5701.01900005	0.079925
5703.01099992	0.007848
5705.01300025	0.896265
5707.0150001	0.043149
5709.01999998	0.308448
5710.99700022	0.003426
5713.02399993	0.199656
5716.26200008	0.01804
5719.05699992	0.116715
5721.30100012	0.072411
5722.94799995	0.441156
5723.78699994	0.762844
5725.02499986	0.047061
5727.01800013	0.143275
5729.02499986	0.036725
