0.0	1.750295
0.700999975204	0.561439
1.4310002327	1.315236
2.02900004387	1.790545
2.77900004387	1.893083
4.0640001297	0.197464
5.47800016403	1.286681
6.54400014877	0.284072
7.45500016212	1.683065
8.52199983597	0.587444
9.74300003052	0.300253
10.7660002708	1.830833
12.0280001163	0.270277
13.1420001984	0.472858
14.521999836	0.357534
15.9960000515	1.612985
18.2080001831	0.354862
20.2060000896	0.045379
22.2080001831	0.612986
24.2070000172	0.831351
26.2090001106	1.881033
28.2080001831	2.021357
30.2179999352	0.109672
32.2080001831	1.966809
34.2060000896	0.212461
36.2070000172	1.919406
38.2070000172	0.049745
40.2070000172	2.147143
42.2090001106	1.268744
44.2080001831	0.80577
46.2080001831	1.533361
48.2080001831	0.009526
50.2060000896	0.025912
52.2060000896	0.01292
54.0880000591	0.666543
56.0460002422	1.017118
58.2070000172	0.103932
60.2100000381	1.514075
62.2060000896	0.924797
64.2080001831	0.704727
66.2090001106	0.020532
68.2080001831	0.025375
70.2090001106	2.233593
72.2070000172	0.988543
74.2070000172	0.937008
76.2080001831	2.064287
78.0899999142	2.262907
80.2080001831	2.269328
82.2070000172	1.920117
84.2070000172	2.189633
86.2070000172	0.666323
88.2100000381	0.017
90.2080001831	0.058743
92.2080001831	0.042772
94.2070000172	0.017006
96.2300002575	0.179363
98.2080001831	0.024484
100.208000183	2.029355
102.167000055	0.117061
104.208000183	0.593508
106.210000038	0.183432
108.207000017	0.031352
110.209000111	1.76334
112.209000111	0.185127
114.209000111	0.048676
116.208000183	0.302711
118.208000183	0.056738
120.210000038	0.235181
122.207000017	0.011747
124.208000183	0.084887
126.210000038	2.015455
128.208000183	0.345971
130.208000183	0.01193
132.210000038	0.667594
134.209000111	0.424345
136.209000111	1.794624
138.210000038	1.484113
140.215000153	0.05173
142.209000111	1.830023
144.210000038	1.750428
146.208000183	0.060235
148.209000111	0.248801
150.148000002	1.786747
152.210000038	0.044817
154.210000038	0.45167
156.211000204	0.195547
158.210000038	0.03181
160.21600008	0.020038
162.209000111	0.272536
164.209000111	1.488765
166.209000111	2.222571
168.210000038	1.637799
170.209000111	1.806102
172.211000204	2.231076
174.212000132	2.010622
176.209000111	1.786469
178.210000038	0.024639
180.210000038	1.982028
182.208000183	0.011457
184.208000183	0.02076
186.25	0.002605
188.209000111	1.970521
190.211000204	0.344267
192.210000038	0.063242
194.208000183	2.047528
196.209000111	2.106642
198.210000038	1.850124
200.210000038	0.432497
202.210000038	0.698108
204.211000204	0.014662
206.211000204	0.007049
208.210000038	0.023706
210.212000132	0.969984
212.209000111	1.866164
214.210000038	0.160489
216.210000038	0.026205
218.211000204	0.087574
220.209000111	0.36045
222.209000111	0.666597
224.211000204	0.35233
226.214000225	1.379038
228.210000038	1.840921
230.214000225	0.975084
232.222000122	0.032293
234.212000132	0.07216
236.209000111	1.401911
238.217000008	0.198838
240.212000132	1.711345
242.211000204	0.258622
244.212000132	0.050949
246.460999966	0.594927
248.460000038	0.49194
250.21600008	1.773108
252.459000111	0.015781
254.459000111	1.63795
256.459000111	2.180198
258.462000132	1.907126
260.460000038	1.776645
262.463999987	0.580574
264.460999966	0.012366
266.462000132	0.674603
268.460999966	1.68924
270.463000059	0.59384
272.462000132	1.062262
274.463000059	1.446604
276.460999966	1.438786
278.460000038	0.061161
280.459000111	1.448674
282.460000038	0.602818
284.460000038	1.620191
286.459000111	2.139369
288.459000111	1.778368
290.459000111	2.047436
292.462000132	2.122848
294.463000059	0.292265
296.460000038	0.921982
298.460999966	0.030069
300.462000132	0.032476
302.460000038	0.604683
304.460000038	0.686143
306.463000059	0.782516
308.462000132	1.764822
310.460999966	2.152682
312.460000038	2.081424
314.460000038	0.354614
316.460999966	1.407178
318.462000132	1.425225
320.460999966	1.475086
322.462000132	0.010603
324.462000132	1.561429
326.463999987	0.051158
328.771000147	0.68809
330.462000132	0.017259
332.460999966	0.021576
334.460999966	1.43538
336.462000132	0.946441
338.463999987	0.057391
340.471000195	0.13171
342.462000132	0.010871
344.463999987	0.737241
346.460999966	1.347357
348.462000132	2.09485
350.463000059	2.348993
352.462000132	1.066628
354.462000132	1.879418
356.462000132	1.887122
358.480999947	2.209494
360.467000246	1.594052
362.463000059	1.750393
364.462000132	2.092145
366.463000059	0.663639
368.463999987	2.004939
370.463999987	1.80986
372.460999966	1.822865
374.464999914	1.973675
376.47300005	1.668219
378.460999966	2.009686
380.462000132	2.10392
382.463999987	1.733202
384.463000059	1.631715
386.464999914	1.953909
388.463000059	1.965437
390.47300005	1.636236
392.463999987	1.768732
394.463000059	1.75309
396.463000059	1.703655
398.463999987	1.894398
400.462000132	1.612993
402.463999987	0.946202
404.463000059	0.619292
406.464999914	1.760983
408.463999987	1.402546
410.463000059	1.833602
412.463000059	1.941149
414.463999987	1.888786
416.463999987	2.051235
418.464999914	1.499842
420.463000059	1.936369
422.463000059	2.162842
424.464999914	2.08264
426.464999914	1.768459
428.464999914	1.451475
430.464999914	1.86729
432.463000059	1.421213
434.463999987	1.583103
436.463000059	1.470675
438.463999987	2.212306
440.464999914	1.479751
442.464999914	1.284332
444.463000059	1.829337
446.463999987	1.688723
448.463999987	0.858596
450.463999987	1.533865
452.463999987	2.138404
454.463999987	1.874167
456.463999987	1.700485
458.463999987	0.013766
460.463999987	0.018686
462.464999914	1.419088
464.464999914	1.77562
466.464999914	2.183668
468.463999987	2.010678
470.463999987	1.911313
472.463999987	1.87171
474.463999987	1.770871
476.463999987	1.635498
478.463000059	2.212962
480.463000059	1.876679
482.463999987	1.87525
484.465999842	1.848221
486.463999987	1.835888
488.463999987	1.778899
490.463999987	1.549641
492.463999987	2.055927
494.463999987	1.958626
496.715000153	1.160362
498.715000153	1.780103
500.595000029	0.636605
502.718000174	0.562398
504.71600008	0.173647
506.718000174	0.008462
508.832000017	0.04849
510.921999931	0.258859
512.713999987	0.221954
514.715000153	0.006132
516.717000008	0.040449
518.71600008	1.493152
520.726000309	0.023786
522.713999987	1.69396
524.593999863	0.653618
526.71600008	0.083352
528.715000153	1.351221
530.717000008	1.491585
532.717000008	1.688742
534.715000153	0.667745
536.713999987	1.860272
538.717000008	1.586939
540.71600008	1.37689
542.71600008	1.991388
544.715000153	1.705419
546.713999987	1.999806
548.598000288	1.102393
550.71600008	0.15145
552.71600008	0.246841
554.717000008	1.084383
556.717000008	0.942599
558.713999987	1.988444
560.715000153	1.440623
562.715000153	0.799544
564.71600008	0.185739
566.717000008	2.088079
568.71600008	0.635701
570.715000153	1.553078
572.595999956	0.622206
574.715000153	1.311016
576.715000153	0.111711
578.720000029	0.438409
580.715000153	0.049945
582.715000153	0.620331
584.71600008	0.153498
586.71600008	1.237064
588.717000008	1.315934
590.717000008	1.414906
592.715000153	1.66862
594.715000153	0.439083
596.684999943	0.064519
598.718000174	1.319632
600.715000153	0.360333
602.717000008	1.750709
604.717000008	1.381456
606.717000008	0.135891
608.718000174	0.618783
610.717000008	0.04224
612.715000153	0.069022
614.717000008	1.839251
616.720999956	1.2244
618.71600008	0.234328
620.846000195	0.517113
622.718000174	1.703815
624.715000153	0.010684
626.72300005	2.200741
628.71600008	2.064455
630.718000174	0.275442
632.71600008	0.307802
634.717000008	0.763449
636.71600008	1.456699
638.71600008	1.358627
640.71600008	1.247848
642.71600008	1.34941
644.71600008	0.12274
646.718000174	1.487933
648.719000101	1.766136
650.726000309	1.33777
652.71600008	1.591664
654.717000008	1.6067
656.71600008	0.115599
658.718000174	0.017355
660.720999956	1.672996
662.718000174	2.127811
664.71600008	1.410347
666.71600008	0.407905
668.71600008	0.624549
670.717000008	0.01238
672.717000008	1.8094
674.71600008	1.620396
676.717000008	1.981642
678.717000008	0.252994
680.723999977	1.251731
682.71600008	1.274106
684.71600008	0.285974
686.71600008	1.752015
688.719000101	0.638857
690.718000174	1.791334
692.71600008	0.744773
694.727000237	0.977566
696.718000174	1.050422
698.719000101	0.333524
700.718000174	0.153627
702.717000008	1.877757
704.723999977	0.965648
706.717000008	0.013132
708.717000008	0.049881
710.719000101	0.01211
712.718000174	2.161755
714.727000237	0.130171
716.717000008	0.743197
718.720000029	1.97578
720.717000008	1.875423
722.719000101	1.862437
