0.0	5.026336
0.197999954224	0.780069
0.384999990463	0.780069
0.496000051498	0.780069
0.611999988556	0.780069
0.796999931335	0.929437
0.928999900818	1.17249
1.10899996758	1.56338
1.53699994087	2.801377
3.53799986839	5.336383
5.53799986839	0.023207
7.54700016975	5.343686
9.53900003433	3.931821
11.5369999409	4.460812
13.5390000343	5.486721
15.5390000343	5.06983
17.5450000763	4.441982
19.5369999409	0.19452
21.5369999409	4.643944
23.5379998684	0.008847
25.5379998684	1.623015
27.5369999409	0.021457
29.5390000343	0.028142
31.5400002003	3.131939
33.5369999409	5.405755
35.5379998684	0.752365
37.5390000343	2.580046
39.5390000343	5.008516
41.5390000343	5.135752
43.5379998684	0.073675
45.5379998684	5.266091
47.5390000343	5.266091
49.5390000343	2.019598
51.5390000343	0.240274
53.5400002003	5.358825
55.5379998684	3.811947
57.5400002003	4.177103
59.5369999409	4.272109
61.5390000343	0.05352
63.5390000343	0.01138
65.5390000343	0.015819
67.5379998684	3.120195
69.5369999409	2.235689
71.5360000134	0.965957
73.5379998684	4.181121
75.5369999409	4.473086
77.5390000343	3.922469
79.5390000343	3.922469
81.5390000343	2.09419
83.5529999733	0.039647
85.5369999409	0.017781
87.5379998684	2.713995
89.5369999409	1.504121
91.5390000343	0.040291
93.5379998684	0.031257
95.5390000343	0.02208
97.5379998684	0.226842
99.5379998684	3.731624
101.539000034	0.092357
103.536999941	0.649654
105.5400002	1.345451
107.536999941	2.093915
109.541000128	0.01888
111.542999983	0.227861
113.539000034	0.812901
115.536000013	1.353856
117.789000034	0.728981
119.786000013	2.267369
121.667999983	0.804069
123.5400002	1.35734
