0.0	2.777332
0.65299987793	2.651217
0.842000246048	2.633066
0.959000110626	1.98851
1.04099988937	3.843894
1.11900019646	2.506457
1.21100020409	2.840734
1.33500003815	2.798031
1.94400000572	2.313253
3.94099998474	2.761538
5.98699998856	3.418784
7.94099998474	2.584653
9.99400019646	2.740766
11.9400000572	2.800773
13.9889998436	2.008792
15.9609999657	2.008792
18.0009999275	2.008792
19.9609999657	0.483584
21.9370000362	3.242658
23.9390001297	2.852769
25.9400000572	2.552084
27.9409999847	2.468851
29.9400000572	3.719593
31.9400000572	3.371845
33.9400000572	3.19248
36.1909999847	3.29155
38.2049999237	3.902964
40.1919999123	3.125454
42.2130000591	0.246132
44.2350001335	2.637216
46.1879999638	1.980074
48.1860001087	2.796948
50.1889998913	3.227231
52.1870000362	0.080106
53.978000164	2.065129
56.1889998913	3.233712
58.1870000362	3.233712
60.1860001087	2.766424
62.1870000362	3.328055
64.1879999638	3.318173
66.1879999638	3.281092
68.1870000362	1.912587
70.1870000362	3.458766
72.1899998188	3.062692
74.1960000992	3.640281
76.1879999638	3.765452
78.1879999638	2.742624
80.1870000362	1.847331
82.1889998913	2.790441
84.1870000362	2.682018
86.2230000496	3.175682
88.1870000362	1.695189
90.1909999847	1.695189
92.1879999638	2.351356
94.1870000362	3.34549
96.1879999638	2.797146
98.1849999428	3.757594
100.243000031	3.150328
102.018000126	3.150328
104.187999964	3.175856
106.187000036	2.877222
108.190999985	2.824243
110.184999943	1.858438
112.197999954	2.500209
114.187999964	0.968362
116.19299984	1.934254
118.184999943	3.27369
120.210000038	3.093576
122.187000036	1.262056
124.187999964	1.199403
126.186000109	1.356776
128.186000109	1.668568
130.187000036	1.391756
132.187999964	2.194731
134.187999964	2.37709
136.187999964	2.772312
138.187000036	3.244722
140.186000109	2.953868
142.194000244	3.546287
144.187000036	3.540703
146.189999819	2.75989
148.189999819	3.32622
150.186000109	3.527521
152.186000109	3.290229
154.186000109	4.296098
156.188999891	2.871993
158.188999891	2.387554
160.220999956	3.394323
162.184000015	3.425681
164.184999943	2.931085
166.187000036	3.517049
168.220000029	3.63241
170.187000036	2.875393
172.187999964	3.261595
174.189999819	2.838313
176.194000244	3.715165
178.187000036	3.634586
180.184999943	3.133677
182.184999943	2.498535
184.188999891	2.877796
186.187000036	2.76372
188.184999943	2.650219
190.186000109	3.273871
192.186000109	4.233743
194.184999943	3.08249
196.186000109	3.102155
198.186000109	2.358771
200.187999964	2.089422
202.187000036	2.302554
204.187000036	2.805707
206.187999964	2.75597
208.186000109	2.433365
210.187000036	3.1744
212.186000109	2.905025
214.186000109	3.133842
216.183000088	2.091744
218.186000109	2.394236
220.184000015	2.747909
222.188999891	2.717604
224.184000015	2.073915
226.187000036	3.826688
228.187000036	2.823504
230.184000015	3.286448
232.184000015	2.756126
234.184000015	3.699655
236.184000015	3.576691
238.184999943	3.728551
240.186000109	3.628902
242.184999943	3.04785
244.187000036	2.957222
246.184000015	3.908637
248.184999943	3.033368
250.194000244	3.141508
252.181999922	2.915436
254.184000015	3.248064
256.184999943	2.304421
258.186000109	3.876413
260.183000088	3.718824
262.184000015	1.385354
264.186000109	3.372599
266.184999943	1.993981
268.183000088	2.796995
270.184999943	2.704014
272.183000088	2.17583
274.186000109	3.549866
276.184000015	2.570995
278.184999943	3.34333
280.184000015	2.385348
282.184999943	4.122153
284.184999943	3.226761
286.435000181	3.345409
288.431999922	3.264665
290.434000254	3.572221
292.435000181	3.343171
294.435000181	3.987672
296.432999849	3.491216
298.432999849	2.861461
300.435000181	3.391518
302.436000109	3.436494
304.432999849	3.852313
306.432999849	2.601628
308.430999994	3.234345
310.434000254	0.243907
312.436000109	2.628333
314.443000078	2.727593
316.434000254	2.171657
318.435000181	3.241488
320.432999849	3.237625
322.436000109	3.69947
324.432999849	2.391644
326.431999922	3.327827
328.436000109	2.858148
330.431999922	2.862069
332.431999922	3.191904
334.435000181	3.072756
336.432999849	3.135707
338.436000109	2.637367
340.437999964	1.946236
342.434000254	1.885501
344.432999849	3.394518
346.434000254	2.940781
348.429999828	2.960967
350.432999849	2.677199
352.434000254	2.397634
354.430999994	2.645407
356.430999994	2.782221
358.435000181	2.573459
360.434000254	3.677592
362.436000109	3.269853
364.432999849	3.658831
366.430999994	2.270083
368.432999849	3.410205
370.434000254	2.655197
372.431999922	3.092601
374.431999922	3.343962
376.435000181	3.353678
378.434000254	2.954747
380.436000109	3.780815
382.432999849	3.545924
384.436000109	2.962811
386.428999901	2.674582
388.432999849	3.540232
390.427999973	2.964387
392.435000181	1.888419
394.435000181	4.720918
396.431999922	2.732391
398.432999849	3.874665
400.437999964	3.27849
402.434000254	3.190266
404.432999849	2.283434
406.432999849	2.771908
408.431999922	3.308987
410.434000254	1.935052
412.434000254	3.695763
414.437000036	3.032884
416.434000254	1.821994
418.430999994	2.79585
420.434000254	3.007338
422.431999922	3.672259
424.432999849	2.679166
426.431999922	3.470805
428.437999964	2.926666
430.434000254	2.512293
432.435000181	1.527078
434.430999994	3.855067
436.432999849	3.598502
438.431999922	3.302401
440.444000006	2.266978
442.430999994	1.922048
444.432999849	1.648264
446.431999922	3.090451
448.430999994	3.073078
450.432999849	2.323385
452.432999849	2.65734
454.429999828	3.54181
456.430999994	3.48325
458.430999994	2.520376
460.432999849	4.059271
462.429999828	3.063552
464.430999994	3.288755
466.431999922	2.715192
468.434000254	2.473031
470.431999922	2.721954
472.428999901	2.819157
474.429999828	2.142757
476.431999922	2.839215
478.431999922	3.926978
480.431999922	0.263886
482.430999994	2.798805
484.430999994	3.227427
486.434000254	2.089258
488.432999849	3.722365
490.429999828	2.925874
492.432999849	2.683137
494.432999849	4.384507
496.430999994	2.667385
498.434000254	3.684675
500.432999849	2.727496
502.430999994	1.856334
504.429999828	2.779915
506.432999849	2.86166
508.430999994	4.00091
510.434000254	3.893604
512.430999994	3.892605
514.431999922	3.135731
516.434000254	3.133725
518.431999922	3.725817
520.444999933	2.864061
522.431999922	3.156605
524.430999994	0.153938
526.450999975	2.780884
528.47300005	3.612425
530.430999994	2.317695
532.431999922	3.74933
534.430999994	3.354911
536.683000088	3.733301
538.684000015	3.471665
540.68200016	2.794549
542.680000067	3.437156
544.68200016	3.0826
546.680000067	3.818901
548.467000008	2.582375
550.68200016	3.34411
552.679000139	3.521426
554.683000088	1.616513
556.684000015	3.446388
558.680000067	2.176274
560.680000067	3.356958
562.680000067	3.085003
564.68200016	3.530272
566.68200016	1.624518
568.68200016	1.969106
570.684999943	2.843315
572.464999914	2.836925
574.684000015	2.919229
576.68200016	3.892933
578.680000067	3.004384
580.680999994	3.469925
582.679000139	2.358767
584.68200016	4.036359
586.680999994	2.583638
588.680000067	3.634603
590.677000046	3.031452
592.680000067	2.511452
594.680000067	1.641367
596.68200016	2.397835
598.684000015	2.978752
600.679000139	3.162607
602.680999994	3.126878
604.683000088	3.10344
606.68200016	2.462245
608.68200016	3.95117
610.68200016	3.253323
612.679000139	3.492628
614.687999964	3.955068
616.684000015	2.6418
618.68200016	2.643862
620.680999994	2.423867
622.679000139	2.898798
624.679000139	2.727297
626.680999994	2.800912
628.680000067	3.448152
630.680000067	2.864938
632.680999994	2.308569
634.684000015	2.592112
636.679000139	2.961145
638.68200016	3.179735
640.680000067	1.954116
642.68200016	2.195253
644.680999994	3.293944
646.680000067	2.186029
648.68599987	3.222253
650.683000088	3.476173
652.680000067	3.085625
654.680000067	3.154391
656.684999943	3.13334
658.677999973	2.856972
660.687000036	3.970182
662.679000139	3.108449
664.680000067	2.394179
666.677000046	3.256228
668.679000139	2.791292
670.683000088	2.945913
672.684999943	2.663483
674.680000067	2.897404
676.680000067	3.091374
678.68200016	3.237145
680.684000015	3.227739
682.679000139	3.200372
684.679000139	3.558316
686.680999994	3.022887
688.679000139	2.020004
690.704999924	3.239879
692.680000067	3.432042
694.679000139	3.677594
696.680999994	3.234403
698.679000139	3.395778
700.680000067	2.834267
702.680999994	3.321587
704.677000046	3.6866
706.679000139	2.66247
708.679000139	3.241958
710.677999973	3.180248
712.677999973	3.000044
714.680000067	3.688929
716.677999973	3.097025
718.68200016	3.200298
720.68200016	3.747188
722.680999994	2.893244
724.679000139	3.192489
726.68200016	1.706729
728.680000067	3.379105
730.679000139	3.464978
732.680000067	3.467449
734.680000067	3.469396
736.680999994	2.770941
738.680999994	3.312358
740.677000046	3.61343
742.680000067	3.051915
744.680000067	3.736112
746.677999973	2.947765
748.694000006	3.404357
750.680999994	3.440534
752.679000139	3.462712
754.679000139	3.778244
756.680999994	2.43828
758.679000139	3.471147
760.679000139	2.48188
762.714000225	3.796364
764.680000067	2.730065
766.679000139	3.495539
768.677999973	3.205625
770.679000139	2.738275
772.679000139	3.791536
774.679000139	2.905734
776.680000067	2.893889
778.680999994	3.060134
780.680000067	2.985746
782.679000139	3.309909
784.679000139	1.662966
786.930999994	3.450035
788.927000046	2.778204
790.928999901	3.730726
792.927999973	2.873015
794.927000046	2.8194
796.927999973	3.162722
798.930000067	2.439661
800.927999973	3.534058
802.733999968	1.440131
