0.0	1.140773
0.422999858856	1.170752
1.46399998665	1.236876
2.61699986458	0.082904
4.05999970436	1.182026
4.95899987221	1.161158
5.20199990273	0.816063
5.69099974632	0.574426
6.16599988937	1.175722
7.01600003242	1.104439
7.6709997654	1.167002
8.31399989128	1.105432
9.56299972534	1.087877
11.5999999046	1.185376
13.5739998817	1.194545
15.5629997253	1.182158
17.5729999542	1.14128
19.5649998188	0.840374
21.5859999657	1.201806
23.5659997463	1.174067
25.5649998188	1.197562
27.5769999027	0.324148
29.5669996738	0.045423
31.5680000782	1.199133
33.5699999332	0.013543
35.8169999123	1.140747
37.5749998093	1.119836
39.8229997158	0.336715
41.8289999962	0.413376
43.8249998093	0.09255
45.8239998817	1.219453
47.8129999638	1.205975
49.8119997978	0.024045
51.8199996948	1.186618
53.8139998913	1.169372
55.8289999962	1.023812
57.8149998188	0.148291
59.8279998302	0.411655
61.8199996948	0.063728
63.8159999847	0.145612
65.8320000172	1.194343
67.8139998913	0.972352
69.8179998398	1.20106
71.8149998188	1.123771
73.8159999847	1.200415
75.8189997673	1.179339
77.8209998608	1.14308
79.8169999123	1.211895
81.8179998398	1.079126
83.8269999027	1.142081
85.8129999638	1.201533
87.8279998302	0.805739
89.8259997368	1.209875
91.8149998188	0.790975
93.8179998398	1.246419
95.8149998188	1.114406
97.8209998608	0.100402
99.8229997158	1.220473
101.816999912	0.268719
103.819999695	0.037433
105.814999819	0.440812
107.825999737	1.012757
109.814999819	0.03138
111.814999819	0.688124
113.81799984	0.757116
115.82799983	1.060766
117.842999697	1.183321
119.821999788	0.455867
121.81799984	1.06455
123.824999809	1.14631
125.823999882	1.176817
127.821999788	1.150746
129.81799984	1.018222
131.828999996	0.938478
