0.0	0.88427
0.325000047684	0.742451
0.514999866486	0.619355
0.744999885559	0.316118
0.939999818802	0.873082
1.15999984741	0.64976
1.72300004959	0.883191
2.19599986076	0.887349
3.45000004768	0.791262
4.98100018501	0.189318
6.63100004196	0.113004
8.40099978447	0.75743
10.371999979	0.311577
14.0959999561	0.264772
15.8659999371	0.033851
17.7780001163	0.294269
19.8619999886	0.070451
21.7760000229	0.66702
22.9209997654	0.073442
24.0620000362	0.409446
28.5190000534	0.774592
32.5799999237	0.230943
35.4430000782	0.40178
36.1679999828	0.360358
38.3109998703	0.372475
39.6649999619	0.487547
41.010999918	0.386114
42.7630000114	0.836941
44.503000021	0.648797
45.6949999332	0.056432
46.5780000687	0.163915
47.5490000248	0.882135
49.5559999943	0.856385
52.5629999638	0.130398
54.381000042	0.049603
56.3980000019	0.625602
58.0620000362	0.060224
64.9790000916	0.344824
67.0499999523	0.350262
67.4009997845	0.343779
68.7300000191	0.359493
69.7159998417	0.566442
71.2359998226	0.780958
72.4329998493	0.097657
73.8229999542	0.770495
75.5629999638	0.017018
77.5720000267	0.716837
79.5769999027	0.879751
81.5810000896	0.726114
84.7220001221	0.863065
88.5260000229	0.023082
91.8259999752	0.250432
93.739000082	0.096477
95.5380001068	0.063545
97.3209998608	0.348517
98.5730001926	0.046229
99.5329999924	0.855535
101.710999966	0.111664
104.595999956	0.229296
106.263000011	0.261627
108.383999825	0.628694
111.467999935	0.810005
112.946000099	0.270208
114.342999935	0.855815
116.266000032	0.157531
120.395999908	0.159323
122.082999945	0.768671
123.026000023	0.081141
126.565999985	0.075879
128.381000042	0.704473
129.575999975	0.315979
131.690999985	0.252828
134.114000082	0.070292
135.578999996	0.815322
137.840999842	0.028084
139.227999926	0.017224
140.906000137	0.059196
142.990999937	0.093356
145.232999802	0.705235
147.130000114	0.157315
148.413000107	0.196009
149.766000032	0.011137
152.368999958	0.685327
155.120999813	0.748994
156.790999889	0.103905
158.480999947	0.222131
160.46600008	0.072349
162.217999935	0.79562
164.133000135	0.034653
166.552999973	0.175387
168.651000023	0.081149
170.141000032	0.847641
172.147000074	0.355819
173.895999908	0.823612
176.605999947	0.018061
179.215999842	0.497427
181.621999979	0.091516
183.686000109	0.084796
185.360999823	0.074819
187.038000107	0.216062
188.880999804	0.754907
192.197999954	0.80453
194.280999899	0.137823
196.569999933	0.067917
198.338000059	0.779968
200.183000088	0.29992
202.40899992	0.188562
204.56099987	0.041365
206.575999975	0.013386
209.111000061	0.072481
211.258000135	0.517941
212.920999765	0.478286
214.355999947	0.641396
215.704999924	0.033402
217.31099987	0.559078
219.217999935	0.071182
220.920999765	0.121258
223.575999975	0.224361
226.071000099	0.047389
228.131000042	0.510871
229.944000006	0.09878
232.407999992	0.307045
233.70600009	0.902793
234.851000071	0.427757
236.960999966	0.089286
238.607999802	0.818966
240.173000097	0.110224
241.93599987	0.0987
243.886000156	0.484162
247.82799983	0.661243
249.605999947	0.68927
251.230999947	0.312731
252.392999887	0.072304
253.648000002	0.193509
254.967000008	0.892764
258.371000051	0.569866
261.512999773	0.126741
263.501000166	0.023823
264.893000126	0.868156
266.701000214	0.578663
268.179999828	0.87482
271.562999964	0.147246
273.039000034	0.051164
274.735999823	0.175796
276.995999813	0.26648
279.470999956	0.155013
281.555999994	0.397737
282.672999859	0.680634
284.062000036	0.712673
286.118999958	0.375005
291.250999928	0.12512
292.246000051	0.754075
293.618000031	0.840074
294.93599987	0.51205
297.485000134	0.00348
298.530999899	0.068484
299.615999937	0.056692
303.741000175	0.225848
305.478000164	0.043426
306.987999916	0.85666
308.657999992	0.860671
310.562999964	0.253447
311.798000097	0.256155
313.152999878	0.048321
314.315000057	0.367378
315.81099987	0.803178
317.819000006	0.033079
320.210999966	0.162781
322.886000156	0.846644
324.98300004	0.842145
327.575999975	0.153328
330.33100009	0.857653
332.061000109	0.023695
335.495999813	0.803545
337.467999935	0.245635
338.865999937	0.067614
340.179999828	0.19651
341.741000175	0.011196
343.058000088	0.636197
345.066999912	0.107257
347.203999996	0.074216
351.786000013	0.030145
354.815999985	0.166889
356.624999762	0.415296
357.750999928	0.810594
359.055999994	0.755765
360.927999973	0.318821
362.680999756	0.814738
365.342999935	0.813436
367.055999994	0.124855
368.186000109	0.640454
370.469000101	0.111346
372.878000021	0.783482
374.263000011	0.438679
375.335000038	0.040278
376.536000013	0.647445
377.875	0.067568
379.880999804	0.075775
381.879999876	0.14235
383.879999876	0.121153
385.885000229	0.080594
387.885000229	0.087665
389.885000229	0.872974
391.890000105	0.028283
393.890000105	0.434309
395.895999908	0.246117
397.899999857	0.054492
399.899999857	0.478531
401.919999838	0.889211
403.904999971	0.049247
405.899999857	0.692513
407.914999962	0.692513
409.919999838	0.755291
411.910000086	0.042561
413.911999941	0.276847
415.914999962	0.848401
417.911000013	0.051581
419.93599987	0.131665
421.920999765	0.797293
423.925000191	0.789315
425.879999876	0.125237
427.925000191	0.823155
429.930000067	0.018477
431.930999994	0.867437
433.936999798	0.469365
435.930000067	0.750197
437.939999819	0.368269
439.939999819	0.728189
441.939999819	0.105205
443.950000048	0.879291
445.939999819	0.079127
447.954999924	0.535539
449.944999933	0.050597
451.950000048	0.912753
453.974999905	0.912753
455.950000048	0.844078
457.963999987	0.468343
459.960999966	0.034026
461.980000019	0.877611
463.965000153	0.874631
465.963000059	0.095682
467.970000029	0.10237
469.970000029	0.028243
471.965000153	0.452051
473.974999905	0.772101
475.970000029	0.846899
477.970000029	0.012857
479.980000019	0.826787
481.980000019	0.712669
483.984999895	0.845062
485.980000019	0.468834
487.990999937	0.108308
489.987999916	0.647681
491.990999937	0.177281
494.13499999	0.036118
496.013000011	0.114613
497.960999966	0.056082
500.825999975	0.048363
502.186000109	0.491677
504.005000114	0.771642
506.030999899	0.54461
509.141000032	0.776019
511.746000051	0.731295
514.730999947	0.163121
516.523000002	0.011363
518.520999908	0.102554
520.399999857	0.096648
521.937999964	0.627884
523.43599987	0.052894
525.638000011	0.12289
528.655999899	0.661474
530.381000042	0.699818
533.619999886	0.868214
537.864999771	0.751331
538.898000002	0.840159
540.605999947	0.071667
541.760999918	0.791565
542.770999908	0.834085
544.651000023	0.346924
546.480999947	0.513321
548.06799984	0.075494
550.776000023	0.031585
551.937999964	0.737096
553.781000137	0.821716
557.677999973	1.010726
559.747999907	0.153071
561.655999899	0.792628
563.80099988	0.509684
565.078000069	0.07228
566.565999985	0.279156
568.05099988	0.330373
569.986000061	0.645363
571.592999935	0.596665
572.858999968	0.17436
575.571000099	0.090249
578.326999903	0.087425
583.071000099	0.421169
584.838000059	0.774565
585.424000025	0.2653
585.926000118	0.173117
588.28399992	0.159714
590.273999929	0.246019
593.755999804	0.46857
596.338000059	0.726982
598.080999851	0.01116
599.528999805	0.115267
601.73300004	0.869064
603.360999823	0.11473
604.914000034	0.818296
607.50999999	0.417779
609.941000223	0.720167
611.934000015	0.147622
613.950999975	0.345215
615.520999908	0.126264
617.906000137	0.712327
619.547999859	0.237657
621.875	0.018293
622.710000038	0.180211
623.125	0.793454
624.119999886	0.437158
626.119999886	0.482614
628.119999886	0.786392
630.125	0.854174
632.125	0.814825
634.125	0.842195
636.128000021	0.298741
638.135999918	0.068132
640.502000093	0.27963
644.635999918	0.105516
647.355000019	0.874636
648.276000023	0.646467
649.671000004	0.170579
651.352999926	0.842173
653.819999933	0.077668
657.065999985	0.539211
659.771999836	0.534977
662.678999901	0.011899
665.915999889	0.8542
667.016000032	0.697773
668.322000027	0.810073
670.040999889	0.101935
671.619999886	0.057799
672.758000135	0.825527
673.967000008	0.607194
676.739000082	0.75697
679.31099987	0.186993
682.152999878	0.200786
683.763000011	0.051337
685.406000137	0.062029
686.928999901	0.31679
688.815999985	0.078888
690.217999935	0.854814
691.655999899	0.039006
692.978000164	0.846756
694.381000042	0.08033
696.345999956	0.072438
698.363999844	0.812809
700.626000166	0.157845
704.123999834	0.372583
707.250999928	0.104113
708.866999865	0.299382
712.273999929	0.245845
714.126000166	0.569331
715.255999804	0.070238
717.078000069	0.104811
719.053000212	0.24416
720.83100009	0.153225
722.81099987	0.240946
723.96600008	0.565641
725.802000046	0.153853
728.629000187	0.78179
732.065999985	0.787573
734.280999899	0.152952
735.417999983	0.759011
737.17599988	0.052094
738.93599987	0.098868
741.694000006	0.639606
743.825999975	0.125539
745.261000156	0.059137
746.446000099	0.215768
748.058000088	0.481039
750.266000032	0.014476
752.546000004	0.829368
755.766000032	0.100351
759.360999823	0.147547
761.195999861	0.622291
762.750999928	0.540932
764.146000147	0.696496
765.255999804	0.581008
767.143999815	0.759825
770.111000061	0.229695
771.891000032	0.08117
774.061000109	0.2022
776.430000067	0.619254
778.138000011	0.106676
779.83100009	0.113519
781.289999962	0.102774
782.229000092	0.333465
784.215999842	0.079731
785.93599987	0.149954
787.691999912	0.024412
790.618999958	0.640256
793.72300005	0.149662
795.838000059	0.110331
797.853000164	0.224624
799.430999994	0.621228
801.06799984	0.85286
802.640999794	0.622523
804.513999939	0.024889
806.946000099	0.510951
809.96600008	0.750086
812.742000103	0.059926
814.002000093	0.035196
815.648999929	0.623293
817.930999994	0.08258
820.000999928	0.615311
823.135999918	0.164605
825.148000002	0.05994
826.752999783	0.856925
828.487999916	0.101311
830.160999775	0.701121
831.608999968	0.805753
832.486999989	0.776905
835.288999796	0.74598
838.585999966	0.633053
839.763999939	0.197324
841.621000051	0.72726
843.960999966	0.301649
846.120999813	0.487057
847.680999756	0.070071
849.55700016	0.049578
852.470999956	0.156084
855.036000013	0.750695
856.423000097	0.858049
858.151000023	0.794908
859.786000013	0.548866
861.520999908	0.096654
863.559000015	0.890337
867.790999889	0.072958
869.874000072	0.163246
870.95299983	0.640707
872.455999851	0.082162
873.891000032	0.875886
875.261000156	0.800204
876.819999933	0.805826
878.571000099	0.781902
880.642999887	0.013167
883.320999861	0.136248
884.986000061	0.070417
886.259000063	0.894265
887.865999937	0.025152
890.069000006	0.814442
894.248999834	0.474235
896.480999947	0.787531
898.146000147	0.187777
899.371000051	0.772631
900.25999999	0.028917
901.496999741	0.662079
903.476999998	0.018076
