0.0	0.74854
0.115999937057	0.877667
0.1859998703	2.890315
0.256999969482	1.979526
0.34500002861	0.98922
0.470000267029	0.295164
0.558000087738	4.128895
1.15500020981	4.25566
2.14599990845	3.610811
3.32999992371	1.047017
5.34200024605	0.516265
7.33900022507	3.807324
9.32500004768	2.00931
11.3329999447	3.517491
13.3260002136	3.973973
15.3369998932	3.663103
17.3379998207	2.253771
19.3440001011	0.126076
21.3379998207	0.076015
23.3289999962	2.219118
25.3280000687	1.934335
27.3329999447	3.755435
29.3310000896	0.104819
31.3350000381	3.687053
33.3299999237	4.593056
35.3260002136	2.390127
37.3289999962	3.739175
39.3390002251	1.661619
41.3379998207	2.336549
43.3320000172	0.122068
45.3410000801	0.217117
47.5360000134	0.589684
49.342000246	2.258853
51.3329999447	0.380814
53.3470001221	0.035192
55.3320000172	0.069291
57.3260002136	2.454121
59.3359999657	3.711357
61.3310000896	0.652628
63.3340001106	4.563472
65.3369998932	1.066519
67.3430001736	3.121517
69.3400001526	3.908262
71.3329999447	0.72019
73.3430001736	0.033131
75.3310000896	1.288572
77.3450000286	0.70663
79.3390002251	0.042554
81.3320000172	3.909496
83.3310000896	1.913363
85.3369998932	0.627184
87.3359999657	3.963231
89.3400001526	1.375887
91.3359999657	4.614397
93.3379998207	0.107439
95.342000246	0.792006
97.3310000896	3.333774
99.3310000896	0.570072
101.337999821	3.162895
103.335000038	1.803869
105.342000246	2.341425
107.340000153	3.528777
109.332000017	3.67699
111.329999924	0.832174
113.329999924	4.578796
115.332000017	4.322368
117.337999821	2.067121
119.339000225	3.545716
121.332000017	4.071481
123.579999924	2.761384
125.343000174	3.876436
127.343000174	0.185697
129.590000153	2.934648
131.344000101	2.250513
133.585000038	1.753687
135.582000256	2.534917
137.590000153	0.401161
139.582000256	1.835474
141.579999924	2.369129
143.579999924	3.36607
145.579999924	3.871814
147.603000164	3.862789
149.587000132	3.596519
151.587000132	0.290662
153.588999987	4.104675
155.583000183	4.035184
157.595000029	1.896854
159.590000153	3.038061
161.584000111	3.650282
163.59100008	3.834114
165.585000038	0.501316
167.584000111	0.005625
169.596999884	0.226863
172.607000113	0.0049
173.73300004	0.457887
175.59100008	0.414931
177.583000183	0.192838
180.350000143	0.346121
182.712000132	2.065821
185.099000216	1.418224
187.495000124	1.815116
189.183000088	2.156106
189.944999933	1.964747
191.585999966	1.79694
193.587000132	2.065712
195.588999987	3.325307
197.590000153	4.575383
199.588000059	3.994871
201.585999966	0.968301
203.583000183	3.853117
205.584000111	3.527572
207.584000111	4.052293
209.587000132	4.786385
211.585000038	0.528652
213.595000029	2.29538
215.583000183	4.304245
217.595000029	2.268646
219.583000183	1.010031
221.593999863	2.861848
223.595000029	1.291764
225.595000029	3.372854
227.588999987	2.296122
229.587000132	4.274652
231.587000132	3.619665
233.585999966	2.973039
235.593999863	4.453482
237.592999935	2.994871
239.595000029	0.130689
241.585999966	0.118212
243.585000038	0.293614
245.59100008	0.486377
247.585999966	0.227511
249.585000038	0.152019
251.585000038	0.217205
253.601000071	0.436884
255.585000038	2.694157
257.592999935	0.809631
259.595999956	3.369026
261.592999935	4.010885
263.595000029	0.197009
265.588000059	0.15423
267.587000132	3.674169
269.583000183	2.069659
271.593999863	4.028459
273.590000153	0.40418
275.588000059	0.15511
277.592000008	0.002831
279.585000038	0.782602
281.59100008	0.121377
283.59100008	4.231951
285.585000038	4.693507
287.588999987	3.772068
289.588000059	3.756725
291.585000038	3.439487
293.588999987	3.820731
295.587000132	4.173749
297.582000256	4.651617
299.596999884	3.906779
301.593999863	4.19065
303.592999935	4.450911
305.582000256	3.990472
307.58100009	3.636489
309.596999884	3.611038
311.585999966	3.388739
313.584000111	3.679525
315.59100008	3.626384
317.588999987	3.626384
319.587000132	4.618709
321.588000059	3.646296
323.600000143	3.11737
325.587000132	4.071303
327.587000132	3.861406
329.585999966	4.222137
331.585999966	3.776385
333.588999987	4.113671
335.609999895	4.123101
337.587000132	4.176164
339.583000183	3.480786
341.599000216	3.780141
343.595000029	3.917676
345.585000038	4.255612
347.585999966	3.760536
349.584000111	4.203828
351.583000183	4.07559
353.588999987	3.655041
355.590000153	4.727323
357.593999863	4.209656
359.592000008	3.268844
361.59100008	2.308376
363.587000132	3.463392
365.593999863	4.066129
367.590000153	4.01442
369.598000288	4.031468
371.585000038	3.654364
373.835000038	3.917642
375.590000153	5.643428
377.588999987	4.078096
379.835000038	4.099916
381.843000174	2.296976
383.593999863	3.768168
385.842000008	4.569995
387.836999893	4.609313
389.835999966	0.355317
391.845000029	4.060359
393.846000195	3.709338
395.855000019	3.71623
397.835000038	3.810811
399.64199996	4.384197
401.843000174	4.217511
403.845000029	4.014205
405.851999998	3.536547
407.847000122	3.828253
409.84800005	4.677594
411.843000174	3.920809
413.842000008	3.457543
415.838000059	3.860811
417.842000008	3.837605
419.838000059	3.837605
421.838000059	3.837605
423.847000122	4.7161
425.835999966	3.174006
427.835999966	4.257154
429.849999905	3.426844
431.851000071	3.934647
433.861000061	3.807303
435.847000122	0.728071
437.843000174	3.894921
439.845000029	3.843133
441.846000195	2.306788
443.84800005	3.372586
445.848999977	3.81423
447.842000008	2.171123
449.838000059	2.386301
451.840000153	1.905383
453.840000153	4.181014
455.851999998	4.167571
457.852999926	2.281448
459.840000153	2.610091
461.843000174	3.335636
463.839000225	0.05861
465.839000225	4.280753
467.838000059	2.294875
469.839000225	3.799315
471.849999905	4.113799
473.847000122	4.078072
475.848999977	3.081059
477.836999893	2.190648
479.838000059	3.987394
481.840000153	2.293892
483.844000101	4.163667
485.836999893	0.149194
487.851999998	0.248701
489.847000122	3.78602
491.838000059	2.25964
493.851999998	0.256906
495.847000122	4.1021
497.843000174	1.254346
499.839000225	4.337948
501.852999926	3.396876
503.842000008	3.877576
505.843000174	2.260256
507.851000071	1.369683
509.852999926	0.693738
511.848999977	3.092258
513.865999937	0.226637
515.851000071	1.547312
517.84800005	3.414287
519.861000061	0.210049
521.854000092	0.94595
523.848999977	0.344015
525.847000122	0.30997
527.840000153	0.326256
529.843000174	0.112152
531.847000122	1.643744
533.843000174	3.640992
535.842000008	4.449369
537.839000225	3.29868
539.854000092	4.136192
541.851000071	0.207947
543.849999905	3.931983
545.846000195	3.435704
547.842000008	3.848732
549.843000174	0.615166
551.846000195	4.350718
553.846000195	1.1194
555.844000101	1.300916
557.852999926	1.679698
559.855999947	3.984288
561.851999998	0.431314
563.84800005	3.266474
566.695000172	0.195465
567.851000071	3.836101
569.840000153	0.845604
571.842000008	4.399622
573.843000174	2.270148
575.843000174	0.150432
577.849999905	0.860882
579.855999947	1.826335
581.846000195	0.121697
583.855999947	0.412213
586.244999886	0.245915
588.942000151	1.904302
590.847000122	1.558751
592.211000204	1.84075
593.851999998	1.802322
595.852999926	0.307951
597.854000092	0.119437
601.332999945	0.401615
604.548000097	1.933272
606.044000149	1.683128
606.732000113	1.803347
607.928999901	1.589181
609.843000174	1.666979
611.838000059	1.798794
613.855000019	4.256046
615.855999947	4.330315
617.851000071	4.330315
619.846000195	3.435978
621.843000174	3.664209
623.845000029	3.338061
625.84800005	4.072524
627.849999905	3.840218
629.916000128	2.080811
631.855000019	3.807364
634.097999811	3.900836
635.859000206	4.353518
638.101000071	0.376676
640.100000143	4.031719
642.100000143	1.741373
644.101000071	1.467055
646.095999956	4.005289
648.099000216	4.69514
650.100000143	2.106947
652.100000143	4.489643
653.911000013	0.107061
656.101000071	3.573048
658.107000113	3.991471
660.103000164	2.25702
662.092999935	1.976953
664.100000143	3.537509
666.099000216	1.471927
668.089999914	0.126271
670.092000008	4.389607
672.096999884	4.056845
674.100000143	0.156882
676.100000143	3.963387
678.102000237	3.111325
680.096999884	3.858827
682.092000008	3.633363
684.105999947	4.075189
686.100000143	3.033384
688.101000071	2.255084
690.105999947	0.120951
692.104000092	0.112383
694.092999935	3.86108
696.104000092	4.06593
698.105999947	4.042631
700.105999947	4.215555
702.092000008	3.851767
704.09100008	2.839003
706.095000029	3.822652
708.094000101	3.159705
710.102000237	4.460118
712.107000113	2.3633
714.092999935	3.647625
716.095000029	0.446142
718.097999811	4.807928
720.097999811	3.893636
722.103000164	3.701605
724.099000216	2.050681
726.096999884	0.159673
728.103000164	0.466818
730.096999884	0.777386
732.104000092	4.320141
734.101000071	1.42927
736.099000216	0.650702
738.097999811	0.108184
740.10800004	0.360801
742.095999956	0.785456
744.102000237	0.11841
746.095000029	0.3964
748.105000019	3.54764
750.099000216	0.83535
752.097999811	0.253828
754.108999968	1.463815
756.099000216	0.193981
758.095000029	0.13066
760.105000019	4.135977
762.096999884	0.495153
764.107000113	2.415241
766.102000237	4.408022
768.107000113	3.301947
770.103000164	0.153077
772.103000164	4.05251
774.099000216	4.01894
776.101000071	4.493328
778.105000019	0.203416
780.101000071	4.537756
782.11500001	3.75072
784.105000019	1.148114
786.100000143	0.06426
788.10800004	0.097048
790.095000029	0.82516
792.103000164	3.87037
794.103000164	2.292059
796.10800004	2.2541
798.092999935	2.24481
800.110000134	3.633028
802.099000216	0.004491
804.099000216	0.004352
806.097999811	0.189782
808.097999811	0.101167
810.095999956	4.774155
812.097999811	4.347918
814.099000216	4.332173
816.096999884	0.360644
818.096999884	2.29586
820.094000101	0.222146
822.095999956	3.87397
824.097999811	3.806874
826.099000216	0.064096
828.096999884	0.979166
830.096999884	0.27478
832.097999811	0.229301
834.096999884	0.275554
836.099000216	1.632121
838.097999811	3.116524
840.104000092	3.463024
842.097999811	3.78875
844.096999884	0.879274
846.102000237	3.94431
848.107000113	3.728123
850.111000061	4.430066
852.112999916	4.82767
854.110000134	4.047995
856.107000113	4.435663
858.105999947	0.500989
860.103000164	0.455911
862.099000216	0.114478
864.103000164	0.180484
866.107000113	2.081907
868.104000092	1.594321
870.105000019	2.297403
872.101000071	0.290957
874.11500001	1.745723
876.112999916	1.156593
878.112999916	4.004863
880.104000092	4.399539
882.099000216	3.710218
884.096999884	3.525007
886.100000143	0.004668
888.115999937	0.321784
890.110000134	0.431296
892.101000071	2.243673
894.102000237	3.893632
896.113999844	3.773314
898.351000071	0.844963
900.111000061	0.485677
902.351999998	0.184856
904.111999989	0.24023
906.353999853	3.219856
908.355999947	1.445033
910.375	1.865774
912.763999939	1.26146
914.158000231	1.917787
916.356999874	0.782793
918.348999977	3.08065
920.355000019	3.629238
922.361000061	4.192444
924.355999947	1.074526
926.363000154	3.706131
928.360000134	2.299344
930.36500001	3.449992
932.363000154	3.237208
934.358000278	3.611386
936.353999853	4.242628
938.350000143	3.79395
940.356999874	1.574648
942.356999874	2.255987
944.355000019	0.740088
946.359000206	2.154389
948.353999853	0.606249
950.356999874	1.323627
952.351999998	4.386628
954.359000206	2.887969
956.351000071	0.088583
958.363000154	3.283054
960.355000019	3.689209
962.363000154	2.241555
964.361000061	4.347468
966.367000103	2.259349
968.351999998	0.056672
970.358000278	0.179145
972.351999998	2.070736
974.356999874	0.406685
976.355999947	0.111216
978.367000103	2.758235
980.355000019	1.753646
982.34800005	3.361134
984.351999998	1.782955
986.356999874	2.067012
988.351000071	1.472166
990.363000154	1.667957
992.355000019	0.94685
994.351000071	2.177347
996.361000061	2.642689
998.361000061	2.338598
1000.352	0.166825
1002.36500001	1.599757
1004.3670001	0.135712
1006.36999989	2.293233
1008.35800028	3.825734
1010.36300015	1.674905
1012.35699987	0.581982
1014.36199999	2.294089
1016.43300009	2.456062
1018.35100007	3.936211
1020.36500001	3.917677
1022.35699987	4.842454
1024.35800028	0.224296
1026.3670001	2.227602
1028.352	1.406427
1030.35800028	3.684284
1032.35699987	0.465162
1034.35399985	0.469121
1036.37299991	1.997491
1038.35500002	2.259414
1040.35100007	0.722729
1042.36000013	3.178725
1044.36400008	4.395878
1046.3670001	3.706746
1048.36800003	3.464497
1050.352	4.470813
1052.35399985	3.577146
1054.35299993	4.130725
1056.35100007	4.326684
1058.35900021	4.192967
1060.36500001	3.97115
1062.36300015	4.4259
1064.35500002	3.684887
1066.35699987	3.90774
1068.35399985	3.71617
1070.35599995	4.026869
1072.35299993	3.708584
1074.35500002	3.289361
1076.36000013	3.456772
1078.35299993	3.802675
1080.35399985	4.070725
1082.36899996	4.28729
1084.35699987	0.81425
1086.35900021	3.874903
1088.35800028	3.978468
1090.35399985	4.404666
1092.35800028	3.423593
1094.35599995	3.101865
1096.35900021	4.67718
1098.35399985	4.195495
1100.3670001	4.195495
1102.36000013	3.756641
1104.35699987	0.33361
1106.36999989	4.315471
1108.35299993	3.985415
1110.36500001	3.684733
1112.36400008	4.573271
1114.36600018	3.868224
1116.36100006	3.409242
1118.35599995	4.269005
1120.36300015	3.154753
1122.36800003	4.555686
1124.36100006	3.622093
1126.35699987	4.393681
1128.35699987	3.795691
1130.36899996	3.776901
1132.35699987	3.216277
1134.352	4.178901
1136.35399985	3.740337
1138.36600018	3.649244
1140.36100006	3.782252
1142.36500001	3.208526
1144.602	4.077717
1146.36800003	3.927768
1148.3670001	4.308248
1150.60400009	4.004152
1152.36400008	4.159153
1154.36899996	3.891327
1156.37199998	4.16337
1158.62200022	3.298283
1160.61400008	4.069047
1162.60400009	3.943689
1164.6190002	3.943689
1166.61699986	3.919936
1168.61800003	3.581526
1170.61599994	4.1649
1172.4000001	4.478029
1174.61500001	2.54077
1176.60800004	0.84774
1178.61599994	3.745825
1180.6099999	0.942109
1182.6099999	2.256439
1184.61199999	4.328104
1186.61400008	0.046924
1188.61699986	0.046442
1190.61299992	2.537672
1192.60899997	3.431847
1194.6099999	3.903294
1196.60800004	3.660563
1198.60500002	3.335703
1200.62100005	1.597128
1202.62100005	2.919101
1204.62000012	1.700618
1206.61299992	2.289445
1208.62100005	2.342668
1210.61699986	4.487942
1212.61599994	3.880752
1214.62000012	3.353735
1216.60600019	4.254079
1218.62800002	4.32379
1220.6190002	2.942604
1222.61599994	3.620439
1224.60600019	3.438954
1226.61299992	3.657887
1228.61500001	3.657887
1230.61500001	3.112925
1232.61699986	1.904501
1234.6099999	2.906805
1236.60600019	3.938205
1238.60700011	3.521369
1240.60600019	3.732668
1242.61299992	4.642334
1244.60899997	2.292451
1246.61400008	2.399379
1248.61299992	2.628866
1250.61699986	0.17221
1252.61599994	2.395619
1254.60700011	2.251413
1256.61400008	3.990694
1258.62100005	4.511651
1260.61299992	1.011832
1262.61400008	0.085778
1264.60899997	3.396483
1266.61299992	3.109552
1268.61100006	1.189304
1270.61100006	2.360159
1272.6329999	1.626514
1274.62100005	1.402777
1276.61400008	0.055639
1278.6099999	0.057109
1280.62100005	1.4888
1282.61699986	3.704848
1284.61299992	4.409567
1286.62300014	3.201631
1288.61500001	3.754198
1290.6190002	0.441679
1292.61800003	0.863304
1294.60700011	3.667057
1296.61299992	1.617753
1298.61100006	3.768444
1300.60899997	3.37018
1302.6190002	1.982145
1304.61400008	2.894364
1306.6099999	4.617232
1308.62599993	4.354689
1310.62300014	3.404795
1312.61599994	4.008567
1314.6190002	4.043771
1316.61699986	3.397134
1318.6099999	2.705936
1320.61299992	4.459925
1322.62000012	2.296175
1324.61500001	4.361391
1326.61299992	3.878209
1328.62100005	3.648346
1330.62000012	0.608633
1332.62200022	3.626369
1334.61699986	3.512348
1336.61199999	2.246345
1338.62599993	3.384699
1340.61800003	2.239327
1342.62100005	1.053825
1344.62000012	2.756984
1346.62400007	0.476442
1348.62300014	0.28577
1350.61699986	0.334836
1352.625	2.686061
1354.61199999	1.542093
1356.61100006	0.377114
1358.61500001	0.175653
1360.6099999	0.124625
1362.6190002	0.837008
1364.62100005	3.372919
1366.61100006	2.998999
