0.0	0.018642
0.717000007629	0.177687
0.958999872208	0.210223
1.4240000248	0.387449
1.84800004959	0.065602
2.12399983406	0.424841
2.50699996948	0.164848
2.87499976158	0.781898
3.21999979019	1.273401
4.10799980164	0.450287
6.09999990463	0.651742
8.09999990463	0.006306
10.0999999046	1.543332
12.1040000916	0.11967
14.1319997311	0.458038
16.0549998283	2.402835
18.1029999256	1.611761
20.0999999046	0.26944
22.1019999981	0.502134
24.1040000916	0.039577
26.1040000916	0.390578
28.1079998016	0.516277
30.0999999046	0.269853
32.1079998016	2.167717
34.1029999256	1.18179
36.1089999676	0.396711
38.1040000916	0.296027
40.0559999943	0.994708
42.1029999256	0.579441
44.1079998016	0.795991
46.1119999886	0.171267
48.0999999046	0.247974
50.0999999046	0.397826
52.1040000916	2.100899
54.1040000916	2.819666
56.1040000916	2.483
58.1079998016	1.184033
60.1079998016	1.87716
62.1079998016	0.07953
64.0519998074	0.408697
66.1040000916	0.743614
68.1040000916	0.006581
70.1119999886	1.484133
72.1040000916	0.942791
74.1040000916	0.500632
76.1069998741	2.015081
78.1069998741	2.015081
80.1079998016	2.831927
82.1079998016	3.410649
84.1079998016	0.315707
86.1069998741	0.118632
88.0509998798	2.274236
90.1079998016	3.782478
92.1069998741	4.743501
94.1029999256	4.743501
96.1040000916	4.743501
98.1079998016	4.743501
100.104000092	0.891566
102.115999699	3.047945
104.106999874	0.096779
106.106999874	0.038675
108.106999874	0.170475
110.111999989	2.574003
112.061000109	2.660935
114.104000092	2.460648
116.107999802	0.635172
118.128000021	0.461823
120.110999823	2.486827
122.110999823	0.04668
124.111999989	0.390751
126.111999989	0.17807
128.107999802	0.621096
130.111999989	0.367146
132.115999699	0.291361
134.107999802	0.006583
136.106999874	0.550582
138.106999874	2.02108
140.120000124	2.02108
142.104000092	2.02108
144.111999989	0.448266
146.111999989	0.006733
148.117000103	0.001969
150.111999989	0.454168
152.107999802	0.336218
154.118999958	1.502447
156.107999802	0.006757
158.111999989	0.006747
160.111999989	0.413575
162.115999699	0.422132
164.21600008	4.095755
166.111999989	0.2233
168.114999771	0.650147
170.111999989	0.006596
172.111999989	0.578167
174.112999916	0.067461
176.114999771	0.019708
178.363999844	0.522384
180.360000134	0.141375
182.360000134	0.533449
184.362999916	0.844209
186.360000134	0.587883
188.363999844	0.046392
190.360000134	0.154483
192.366999865	0.828159
194.360000134	0.001979
196.360000134	0.072279
198.363999844	0.250502
200.362999916	0.006756
202.360000134	0.810337
204.363999844	0.238252
206.366999865	0.458812
208.363999844	1.356102
210.363999844	2.106304
212.362999916	2.483696
214.371999741	2.483696
216.374999762	2.483696
218.363999844	0.827381
220.362999916	1.165791
222.363999844	2.433674
224.362999916	1.718499
226.368000031	1.718499
228.358999968	0.013511
230.366999865	1.429843
232.363999844	2.268431
234.362999916	1.413548
236.362999916	0.060736
238.363999844	2.362527
240.363999844	0.401943
242.363999844	0.330618
244.363999844	0.871822
246.368000031	2.330314
248.363999844	2.857413
250.362999916	1.778189
252.363999844	2.891526
254.363999844	3.078319
256.363999844	3.12273
258.39199996	2.471654
260.368000031	2.871437
262.363999844	3.75281
264.366999865	0.154842
266.362999916	4.108947
268.362999916	2.432345
270.371999741	0.331858
272.368000031	2.166743
274.371999741	1.548083
276.368000031	1.856647
278.366999865	2.359567
280.363999844	2.32846
282.362999916	0.059089
284.36500001	1.703722
286.363999844	2.681462
288.368000031	1.048532
290.362999916	0.006601
292.366999865	4.385874
294.366999865	4.385874
296.366999865	0.349108
298.370999813	0.349108
300.363999844	0.413607
302.371999741	4.172336
304.370999813	4.172336
306.362999916	1.497826
308.371999741	0.342011
310.366999865	0.654172
312.374999762	1.607844
314.370999813	0.006752
316.779999733	0.354272
319.712000132	0.554074
321.904000044	0.747829
323.15899992	0.896203
324.363999844	0.621721
326.368000031	1.039263
328.370999813	1.267743
330.368000031	1.386396
332.366999865	0.006751
334.368000031	1.263442
336.370999813	0.006747
338.368000031	0.368994
340.363999844	2.12013
342.366999865	0.938678
344.368999958	0.002083
346.370999813	0.032956
348.371999741	1.485595
350.363999844	1.512117
352.370999813	3.099203
354.371999741	1.114979
356.387999773	0.330779
358.371999741	3.683804
360.374999762	3.417892
362.374999762	0.397261
364.363999844	0.397261
366.368000031	0.455236
368.368000031	0.870906
370.368000031	0.033323
372.376000166	0.178693
374.366999865	0.237455
376.371999741	0.913372
378.376000166	1.274488
380.368000031	0.420223
382.368999958	0.00673
384.368000031	0.006757
386.368000031	0.005013
388.368000031	0.327921
390.368000031	4.213077
392.370999813	4.213077
395.279999971	4.213077
396.370999813	0.377123
398.371999741	0.579711
400.376000166	0.125215
402.366999865	0.004887
404.376000166	0.171011
406.371999741	0.006748
408.368000031	0.138248
410.368000031	0.180856
412.370999813	2.247159
414.371999741	0.122878
416.382999897	2.270076
418.374999762	2.270076
420.370999813	0.005446
422.368000031	0.035772
424.371999741	0.005677
427.165999889	0.372938
429.683999777	0.610238
431.24000001	0.705576
432.424000025	0.635031
434.618999958	0.005797
436.632999897	0.139256
438.592000008	0.726165
440.619999886	1.242857
442.624000072	1.794585
444.63599968	2.005681
446.624000072	1.319256
448.624000072	0.010334
450.627999783	0.337269
452.619999886	0.479778
454.619999886	0.023958
456.619999886	0.006598
458.624000072	2.182905
460.627999783	3.250166
462.619999886	3.378075
464.624000072	0.049903
466.619999886	3.433116
468.624000072	1.195084
470.624000072	0.021635
472.624000072	3.27081
474.627999783	0.002055
476.619999886	3.540792
478.622999907	0.006609
480.624000072	1.035885
482.624000072	0.005267
484.634999752	1.429221
486.619999886	2.291612
488.619999886	3.416328
490.626999855	3.131214
492.619999886	2.600757
494.624000072	0.533373
