0.0	0.45157
0.119999885559	0.685306
0.250999927521	0.79978
0.396999835968	0.363172
0.561000108719	3.291995
0.742000102997	5.376632
1.05500006676	0.970702
1.47199988365	0.023098
2.10800004005	0.004348
3.39400005341	0.459921
5.36800003052	5.713307
7.36800003052	5.755175
9.36600017548	2.900557
11.3710000515	0.181459
13.371999979	0.163333
15.3690001965	2.055313
17.367000103	1.021132
19.367000103	0.234987
21.3649997711	0.231886
23.3680000305	0.743862
25.3680000305	0.022449
27.367000103	0.0051
29.370000124	0.909265
31.367000103	0.848997
33.370000124	6.744492
35.378000021	7.027845
37.3819999695	6.748844
39.3690001965	5.517912
41.3710000515	3.527861
43.3660001755	0.319914
45.3680000305	2.462272
47.3690001965	0.963558
49.3710000515	4.51508
51.3690001965	6.667648
53.3690001965	6.667648
55.367000103	1.717416
57.367000103	1.178404
59.3770000935	6.861472
61.367000103	2.807875
63.3680000305	1.171523
65.3729999065	0.475951
67.3870000839	0.109374
69.3680000305	0.28431
71.3770000935	6.305486
73.370000124	5.310509
75.378000021	5.240871
77.3680000305	7.189964
79.367000103	7.189964
81.3680000305	2.063836
83.3680000305	4.925185
85.3680000305	0.432336
87.367000103	1.249805
89.3710000515	1.098603
91.371999979	1.140365
93.3680000305	3.300125
95.3660001755	1.106883
97.3680000305	0.022203
99.3649997711	6.059519
101.363999844	3.024806
103.370000124	1.136412
105.368000031	1.136412
107.368000031	2.005064
109.368000031	5.67578
