0.0	4.853035
0.335000276566	1.535035
0.944999933243	0.778075
1.9960000515	4.465264
2.32000017166	5.140768
2.72600030899	1.2604
3.05000019073	5.272532
3.39900016785	5.577783
3.70700025558	5.154484
4.0790002346	5.271808
5.66000008583	1.810045
7.68099999428	2.293113
9.64899992943	4.296337
11.6560001373	3.312873
13.6570000648	0.008632
15.6540002823	0.007768
17.6500003338	3.071514
19.6750001907	1.315159
21.9000000954	0.637703
23.9010002613	0.597176
25.9120001793	0.020807
27.9000000954	3.767918
29.9350001812	1.303908
31.9010002613	3.716835
33.9000000954	3.716835
35.9090003967	3.716835
37.9090003967	3.716835
39.8990001678	3.716835
41.9010002613	3.716835
43.9000000954	3.716835
45.8280000687	0.529068
47.9030001163	4.433374
49.9030001163	1.612871
51.9010002613	4.249346
53.9110002518	3.829563
55.9070000648	0.224115
57.9000000954	2.947494
59.9000000954	4.384489
61.9030001163	0.00807
63.9210000038	2.726724
65.9100003242	4.263866
67.970000267	1.907581
69.9100003242	0.1653
71.9160001278	4.90246
73.9570002556	3.16092
75.9100003242	4.140459
77.9340002537	0.378335
79.9040000439	3.424622
81.9200000763	4.139971
83.9000000954	3.802963
85.9110002518	0.541685
87.9010002613	0.012672
89.9140002728	3.005428
91.9049999714	4.713603
93.8210003376	3.347881
95.9010002613	4.57517
97.8480000496	0.071869
99.9030001163	0.836978
101.911000252	4.224344
103.870000124	1.748018
105.897000074	1.484636
107.897000074	5.169439
109.906000137	0.515774
111.927000284	0.632012
113.89800024	1.815867
115.903000116	1.939282
117.924000025	1.008245
119.906000137	2.211729
121.904000044	0.082718
123.907999992	1.958927
125.900000095	2.410489
127.895000219	2.382483
129.910000324	2.087389
131.906000137	2.254501
133.897000074	2.603672
135.909000397	3.332291
137.93900013	2.759639
139.901000261	2.975685
141.907000065	3.449275
143.900000095	3.318197
145.900000095	3.732592
147.934000254	2.449475
149.900000095	3.627034
151.896000147	2.860422
153.934000254	2.860422
155.913000107	1.746827
157.936000109	3.572251
159.901000261	1.372212
161.903000116	3.653766
163.900000095	3.264633
165.900000095	3.130676
167.924000025	3.865569
169.904000044	2.68004
171.906000137	0.543551
173.900000095	3.217997
175.896000147	3.834142
177.912000179	3.299491
179.899000168	3.928509
181.901000261	3.962278
183.897000074	3.554654
185.912000179	4.343943
187.900000095	1.086844
189.896000147	3.910027
191.910000324	4.197164
193.899000168	4.491623
195.899000168	1.33428
197.902000189	4.46862
199.959000111	4.585767
201.904000044	3.849002
203.909000397	3.231812
205.916000128	4.488732
207.907999992	3.946335
209.904999971	2.791831
211.901000261	0.022754
214.550000191	0.51441
215.9150002	0.41638
217.906000137	2.846427
220.147000074	0.57288
221.902000189	1.24813
223.900000095	4.142838
225.909000397	4.130322
228.066000223	2.763009
229.901000261	4.152134
232.150000334	1.410349
233.896000147	1.909733
236.161000013	2.171303
238.151000261	2.010249
239.902000189	2.010249
242.152000189	4.652699
244.159000158	0.31441
246.189000368	2.42027
248.150000334	2.42027
250.150000334	3.620998
252.079000235	4.086701
254.176000118	3.532746
256.149000406	4.601704
258.186000347	2.812816
260.151000261	2.812816
262.170000315	2.812816
264.186000347	2.812816
266.150000334	2.812816
268.151000261	0.008955
270.1650002	0.019018
272.149000406	3.699512
274.176000118	3.699512
276.067000151	3.699512
278.15500021	1.020417
280.150000334	4.34114
282.150000334	3.685875
284.151000261	2.902416
286.1650002	2.629902
288.151000261	0.305356
290.596000195	4.649099
292.156000137	3.627855
294.160000086	4.376735
296.147000074	2.381487
298.167000055	4.474713
300.102000237	3.538768
302.153000116	0.594418
304.154000282	1.526619
306.171000242	1.82875
308.15500021	2.833523
310.151000261	0.514509
312.170000315	4.686871
314.150000334	2.680584
316.151000261	0.364888
318.154000282	4.218561
320.15500021	4.629574
322.150000334	3.885594
324.058000326	1.142411
326.151000261	4.516835
328.144999981	3.28732
330.18200016	4.615777
332.151000261	4.576228
334.161000013	0.424747
336.161000013	0.0211
338.167000055	0.041952
340.153000116	0.547423
342.157000303	0.2393
344.152000189	1.962248
346.153000116	0.0132
348.055999994	1.527981
350.152000189	3.359239
352.157000303	1.392063
354.191000223	0.008714
356.153000116	3.160524
358.151000261	0.960281
360.1650002	2.395392
362.153000116	3.217099
364.055999994	0.467125
366.191000223	0.042865
368.275000095	0.121688
370.159000158	2.059238
372.078000307	4.43842
374.153000116	4.378228
376.149000406	4.572481
378.203999996	0.498168
380.184999943	1.333931
382.149000406	1.023043
384.164000034	0.027844
386.175000191	1.923079
388.151000261	0.009181
390.161000013	2.43305
392.160000086	1.60179
394.159000158	2.247163
396.07400012	2.122955
398.168000221	2.700028
400.151000261	2.548703
402.166000128	2.514832
404.161000013	2.514832
