0.0	1.980068
0.405999898911	0.594998
1.08599996567	0.067942
1.44299983978	0.427067
1.64399981499	6.709194
1.85099983215	6.22176
2.13499999046	0.011191
2.50699996948	2.782635
3.14799976349	6.16267
3.9399998188	4.756356
6.13099980354	7.037336
7.88599991798	0.003391
9.882999897	0.581682
12.1319997311	0.993375
13.9189999104	0.162738
15.882999897	0.029478
17.8970000744	0.008406
19.8819999695	0.132352
21.885999918	6.875479
23.881000042	0.0181
25.8839998245	0.036269
27.885999918	0.167034
30.0829999447	0.014996
31.885999918	0.035513
33.8980000019	0.631
35.8849999905	1.286012
37.9370000362	0.012724
39.878000021	3.180784
41.8880000114	0.082829
43.8869998455	0.027931
45.8839998245	0.011884
47.8770000935	1.217512
49.8899998665	0.035682
51.881000042	0.205868
53.878000021	1.019307
55.8800001144	2.076524
57.878000021	6.874671
60.3819999695	1.048069
61.8869998455	0.089389
63.8980000019	6.76521
65.885999918	0.110716
67.878000021	0.003928
69.882999897	4.906463
71.8869998455	0.363515
73.878000021	1.055143
75.9289999008	0.192497
77.888999939	0.120167
79.8849999905	0.229713
81.9440000057	0.341797
83.8789999485	1.039105
85.8770000935	0.065074
87.8759999275	1.09623
89.9140000343	0.850928
91.8849999905	0.414159
93.9170000553	0.038866
95.8839998245	4.421686
97.8819999695	6.225277
99.8839998245	0.547707
101.878000021	1.350178
103.883999825	0.152708
105.878000021	0.066427
107.878000021	5.414896
109.881999969	6.508106
111.877000093	6.508106
113.877000093	0.56611
115.878000021	0.075438
117.883999825	6.650773
