0.0	2.769027
1.77300024033	0.027495
2.03200006485	0.451907
2.57100009918	0.59827
3.26499986649	0.013231
4.01800012589	0.290485
5.14200019836	0.071379
6.35599994659	0.066355
7.5680000782	0.018298
8.47400021553	0.012346
9.32700014114	0.277013
10.0300002098	0.138019
11.2300002575	0.958734
13.3840000629	0.11395
15.3800001144	0.095483
17.3800001144	1.477417
19.3880000114	0.159181
21.3790001869	0.013283
23.4489998817	5.343301
25.4509999752	0.018428
27.376999855	6.005616
29.3780002594	1.436085
31.3759999275	3.175363
33.3860001564	0.390286
35.2999999523	1.692646
37.3759999275	0.652126
39.376999855	0.043083
41.376999855	0.018642
43.3790001869	3.388133
45.3759999275	0.83355
47.4600000381	2.462523
49.3780002594	0.069489
51.3780002594	4.246553
53.3780002594	0.119902
55.376999855	1.899394
57.3780002594	0.033377
59.376999855	6.413154
61.4470000267	0.627504
63.4500000477	0.138848
65.3800001144	0.073454
67.376999855	0.09999
69.3790001869	0.013637
71.4400000572	4.210919
73.4509999752	3.532963
75.8320000172	0.372903
77.3759999275	0.013685
79.376999855	1.932141
81.4479999542	0.040732
83.3870000839	2.046967
85.4420001507	5.169263
87.3759999275	4.347891
89.4500000477	4.504894
91.4489998817	1.666828
93.3780002594	4.277407
95.3759999275	4.212853
97.3800001144	0.037561
99.3759999275	4.481735
101.43900013	3.412431
103.43900013	1.00634
105.450000048	2.170755
107.376999855	1.490521
109.450000048	4.337524
111.376999855	0.927362
113.376999855	0.03487
115.375999928	5.684127
117.375999928	0.858485
119.376999855	0.616439
121.380000114	5.258709
123.375	4.905974
125.375999928	5.807418
127.375	5.820423
129.375	6.046993
131.376999855	4.591433
133.378000259	3.572263
135.376999855	4.259629
137.375	5.670219
139.438000202	5.067719
141.375	6.215506
143.43900013	0.336711
145.43900013	4.120536
147.376999855	2.180813
149.447000027	4.479276
151.444000006	4.515805
153.437000275	1.422161
155.375	6.069553
157.443000078	0.051448
159.447999954	4.896765
161.43900013	5.88049
163.438000202	0.743394
165.376999855	5.46282
167.440000057	1.693783
169.447000027	1.891834
171.626000166	3.465287
173.626000166	5.47304
175.625	6.000588
177.627000093	5.882845
179.687999964	0.860406
181.686000109	5.963381
183.687999964	5.963381
185.687000036	4.84313
187.687000036	5.887334
189.626000166	2.21735
191.625	1.464826
193.700000048	5.328148
195.69900012	5.715598
197.812000036	0.01764
199.687999964	5.387425
201.687000036	4.946873
203.687999964	0.835322
205.687999964	5.545518
207.625	5.28874
209.698000193	4.63173
211.687999964	5.360378
213.688999891	5.360378
215.687999964	5.360378
217.627000093	6.31532
219.626000166	5.536737
221.626000166	2.5786
223.626000166	3.835082
225.627000093	2.940979
227.628000021	0.014401
229.630000114	6.050442
231.627000093	0.065163
233.630000114	4.116169
235.626000166	0.065049
237.627000093	1.290375
239.628000021	1.486919
241.627000093	1.157646
243.630000114	4.90836
245.630000114	1.781426
247.628000021	0.178977
249.688999891	5.510359
251.627000093	0.849167
253.630000114	1.00388
255.627000093	0.374198
257.629000187	2.017094
259.627000093	5.057851
261.629000187	0.863494
263.702000141	0.415289
265.690000057	5.160447
267.641000032	5.752582
269.687999964	5.866259
271.69900012	0.06606
273.627000093	0.034821
275.628000021	0.837747
277.635999918	0.069382
279.627000093	0.054162
281.628000021	5.908615
283.639000177	3.911458
285.627000093	0.856952
287.625	2.453768
289.687999964	5.062937
291.690000057	2.382558
293.688999891	1.170156
295.69900012	0.149003
297.627000093	0.064669
299.627000093	0.790273
301.632999897	1.087756
303.628000021	3.1237
305.627000093	0.036601
307.835000038	0.774418
309.627000093	0.871016
311.632999897	4.05024
313.629000187	1.448692
315.629000187	1.321777
317.63800025	4.942508
319.626000166	0.866306
321.627000093	2.035962
323.627000093	4.482972
325.628000021	0.24766
327.634000063	2.347796
329.698000193	0.017641
331.625	0.311559
333.555000067	0.018878
335.629000187	1.240132
337.626000166	0.079148
339.628000021	0.504113
341.627000093	3.695351
343.688999891	1.012151
345.628000021	3.044356
347.69900012	5.24342
349.687999964	0.321694
351.69900012	4.459829
353.625	3.703825
355.815000057	0.521502
357.635999918	0.016192
359.875999928	0.036271
363.077000141	0.018588
365.815999985	0.104631
367.642000198	1.413596
369.166000128	2.776328
370.115999937	0.026469
371.627000093	0.01715
373.630000114	0.638384
375.627000093	0.622527
377.626000166	4.262722
379.627000093	1.428187
381.688999891	0.837897
383.690000057	3.455923
386.051000118	0.218905
387.627000093	5.772276
389.628000021	2.842327
391.63499999	0.951837
393.626000166	1.988163
395.627000093	1.551253
397.630000114	0.052812
399.626000166	4.032214
401.802000046	2.16944
403.707999945	0.051601
405.69900012	0.858545
407.69900012	5.602004
409.690000057	1.504184
411.688999891	0.372981
413.687000036	6.116284
415.687000036	0.825586
417.637000322	2.213524
419.626000166	0.036631
421.640000105	0.400934
