0.0	0.468766
0.352999925613	0.738547
0.701999902725	0.738547
1.77999973297	0.032457
3.61499977112	1.842313
4.97199988365	0.031595
6.04200005531	2.728256
7.24000000954	0.06934
8.55200004578	2.373996
9.73000001907	2.791374
10.7200000286	0.063113
11.3930001259	0.182617
12.0650000572	5.865918
12.5029997826	6.483656
13.5179998875	6.415341
15.5209999084	0.981235
17.5199999809	7.682669
19.5199999809	1.74601
21.5309998989	4.717755
23.5239999294	0.007295
25.5250000954	2.884317
27.5250000954	9.803456
29.5209999084	4.105141
31.5299999714	2.874747
33.5329999924	5.792996
35.5209999084	0.434477
37.5199999809	0.058587
39.5229997635	1.89146
41.5199999809	4.68712
43.5290000439	1.041921
45.5329999924	0.019267
47.5290000439	2.18341
49.5250000954	0.594392
51.5329999924	2.540403
53.5339999199	2.708864
55.5369999409	2.97611
57.5309998989	2.64794
59.5309998989	3.01633
61.7969999313	2.12363
63.7760000229	2.12363
65.7709999084	2.745754
67.7809998989	3.358282
69.7890000343	3.417046
71.8010001183	3.417046
73.7779998779	3.417046
75.7789998055	3.48651
77.7890000343	2.931214
79.7869999409	3.76452
81.7760000229	3.494538
83.7730000019	2.79007
85.7760000229	4.125727
87.771999836	4.125727
89.779999733	4.841328
91.7819998264	4.841328
93.7749998569	4.841328
95.7769999504	0.00635
97.7929999828	1.818432
99.7829999924	4.970928
101.779999733	5.387933
103.778999805	5.60468
105.77699995	6.040168
107.771999836	4.478711
109.773999929	6.028439
111.780999899	6.028439
113.778999805	6.028439
115.779999733	5.993332
117.777999878	6.056559
119.773000002	5.993197
121.773999929	2.597704
123.780999899	2.597704
125.777999878	2.597704
127.784000158	2.879214
129.771999836	2.904376
131.781999826	2.904376
133.769999981	1.028938
135.770999908	1.018572
137.782999992	0.59469
139.780999899	1.4112
141.777999878	1.633739
143.781999826	2.027979
145.782999992	2.401198
147.769999981	2.726156
149.774999857	2.92928
151.77699995	1.10422
153.784000158	1.040997
155.781999826	1.805336
157.777999878	3.032137
159.780999899	1.583157
161.784000158	3.015489
163.778999805	2.964744
165.77699995	3.054064
167.778999805	3.250093
169.780999899	3.196822
171.786999941	2.890383
173.780999899	4.658295
175.778999805	3.989584
177.789000034	5.187462
179.780999899	1.629564
181.786000013	3.291798
183.773999929	5.380839
185.780999899	0.008315
187.776000023	5.616811
189.777999878	3.921176
191.784000158	3.43454
193.770999908	5.733556
195.781999826	6.181413
197.773999929	6.152013
199.773999929	5.632102
201.777999878	6.438519
203.779999733	3.122348
205.782999992	0.2505
207.784000158	2.397619
209.771999836	2.778801
211.770999908	0.006369
213.777999878	3.022988
215.782999992	3.022988
217.774999857	3.022988
219.780999899	3.022988
221.785000086	0.026763
226.407999992	0.290359
227.661999941	0.767284
228.973999977	1.033505
229.782999992	1.120686
231.781999826	1.120686
233.780999899	1.682892
235.778999805	1.810212
237.776000023	2.723171
239.784000158	2.926223
241.77699995	1.480984
243.789000034	1.480984
245.770999908	1.480984
247.786000013	2.865946
249.785000086	1.967216
251.781999826	3.065927
253.782999992	3.500589
255.782999992	3.707438
257.776000023	4.164776
259.777999878	4.164776
261.789999962	4.673456
263.792000055	3.698043
265.786999941	4.924658
267.786999941	6.200327
269.785000086	6.200327
271.777999878	6.328407
273.782999992	6.328407
275.774999857	6.328407
277.777999878	6.328407
279.777999878	3.221576
281.787999868	6.035468
283.786000013	6.1095
285.786000013	6.426538
287.779999733	6.426538
289.782999992	6.426538
291.777999878	6.426538
293.776000023	0.170309
295.776000023	6.429044
297.792000055	6.369069
299.782999992	6.369069
302.05099988	6.369069
303.787999868	6.369069
305.781999826	6.369069
308.029000044	6.454985
310.02699995	5.906234
312.034999847	0.041865
314.02699995	0.399346
316.024000168	3.182827
318.034999847	3.182827
320.034999847	4.736087
322.030999899	4.736087
324.027999878	4.736087
326.029999971	0.036261
329.881000042	0.491534
331.969000101	1.218086
332.857000113	1.902461
334.032000065	1.756987
336.02699995	2.270498
338.025000095	2.310976
340.042000055	2.310976
342.027999878	2.292119
344.032000065	2.708015
346.030999899	2.83189
348.026000023	2.748749
350.029000044	0.284681
351.971999884	3.603555
354.037999868	3.633325
356.03399992	4.467163
358.032000065	0.007907
360.035999775	0.198436
362.032999992	4.621327
364.027999878	4.822196
366.032999992	2.067709
368.034999847	4.943279
370.029000044	0.006647
372.026000023	0.986548
374.04399991	2.363199
375.981999874	0.426276
378.024000168	6.252374
380.026000023	0.589848
382.032000065	0.008324
384.024000168	5.978554
386.02699995	3.521094
388.034999847	6.199636
390.032999992	0.030802
392.027999878	8.116806
394.03399992	8.521784
396.03399992	0.436183
398.026000023	0.007729
399.973999977	0.400182
402.034999847	8.085018
404.02699995	2.701248
406.034999847	7.547051
408.032000065	7.227002
410.022999763	0.457794
412.025000095	0.078484
414.027999878	4.525852
416.029000044	10.071999
418.029999971	4.391545
420.02699995	7.579399
422.029000044	0.238402
423.953999996	6.046769
426.029000044	0.006388
428.027999878	0.223345
430.036999941	2.597138
432.021999836	6.973288
434.02699995	0.392969
436.032000065	0.12403
438.036999941	0.012152
440.02699995	0.008325
442.026000023	0.975649
444.027999878	1.632997
446.021999836	0.021953
448.029000044	0.331605
450.521999836	0.169206
453.193000078	0.080422
455.798999786	0.057572
457.832000017	0.063428
459.574999809	0.032316
461.642999887	0.08142
462.525000095	0.948835
464.03399992	5.380568
466.032000065	5.374056
468.026000023	5.790973
470.030999899	6.099459
471.978999853	3.320315
474.048000097	3.320315
476.022999763	3.320315
478.039999962	3.320315
480.029999971	6.096761
482.037999868	6.274058
484.032000065	6.205604
486.046999931	3.59871
488.025000095	0.008087
490.035999775	0.278103
492.029000044	3.020741
494.038999796	3.020741
495.976000071	6.691745
498.04399991	4.180924
500.035999775	5.196106
502.034999847	7.734886
504.032000065	7.734886
506.049000025	7.734886
508.035999775	1.891193
510.029000044	1.357795
512.034999847	5.35984
514.027999878	1.687701
516.025000095	1.760347
518.029000044	2.254412
520.024000168	2.133218
522.022999763	1.094209
524.02699995	1.156377
526.029999971	3.099767
528.036999941	3.088527
530.032999992	3.242351
532.035999775	0.006456
534.032000065	3.868208
536.032999992	1.821895
538.026000023	4.136452
540.030999899	4.665126
542.037999868	2.137615
544.037999868	4.385123
546.030999899	4.306353
548.035999775	4.778663
550.025000095	4.825574
552.032999992	0.024118
554.037999868	2.809527
556.037999868	4.568476
558.038999796	0.851588
560.281999826	0.008307
562.280999899	4.817664
564.039999962	0.395977
566.041000128	1.885029
568.27699995	0.42393
570.280999899	1.72404
572.286000013	1.235846
574.279999971	6.600297
576.286000013	0.019325
578.273999929	0.405704
580.277999878	5.911488
582.285000086	2.326726
584.279999971	5.215046
586.584000111	4.546633
588.289000034	0.008293
590.289000034	9.145701
592.280999899	9.145701
594.279999971	9.145701
596.279999971	9.145701
598.277999878	9.145701
600.279999971	9.145701
602.29399991	9.145701
604.290999889	9.145701
606.285000086	9.145701
608.280999899	9.145701
610.286999941	9.145701
612.291999817	9.145701
614.279999971	9.145701
616.280999899	2.82797
618.286000013	3.700237
620.281999826	0.531436
622.281999826	4.097574
624.274999857	4.321723
626.278999805	0.083132
628.285000086	4.562267
630.275999784	5.2747
632.281999826	0.014583
634.286000013	5.824166
636.273999929	2.490969
638.286000013	2.490969
640.282999992	2.490969
642.27699995	2.490969
644.28399992	2.490969
646.286000013	2.490969
648.286000013	1.378298
650.285000086	2.46124
652.285000086	2.453864
654.279999971	2.504777
656.285000086	2.606342
658.281999826	2.610165
660.27699995	3.282424
662.288000107	3.282424
664.274999857	3.397521
666.275999784	3.395236
668.289999962	3.440259
670.286000013	3.344553
672.289999962	3.921191
674.279999971	0.413056
676.281999826	3.134913
678.28399992	3.134913
680.286999941	3.134913
682.277999878	0.007263
684.278999805	0.864414
686.281999826	0.014066
688.285000086	3.853467
690.28399992	4.306406
692.286999941	4.306406
694.279999971	4.306406
696.282999992	4.306406
698.282999992	4.306406
700.286000013	4.306406
702.274999857	4.306406
704.274999857	4.306406
706.278999805	4.306406
708.279999971	4.306406
710.279999971	0.013148
714.687999964	0.191084
717.157999992	1.330553
717.941999912	2.045714
718.289000034	2.045714
720.279999971	2.045714
722.27699995	2.218702
724.285000086	2.875132
726.290999889	3.073455
728.279999971	0.66787
730.279999971	3.703551
732.285000086	0.008281
734.288000107	1.941144
736.275999784	4.971005
738.27699995	4.945612
740.286000013	2.711562
742.282999992	2.711562
744.280999899	4.726943
746.282999992	0.012866
748.281999826	0.226552
750.279999971	0.991524
752.277999878	6.262915
754.286000013	6.262915
756.286999941	0.018289
758.289000034	6.397446
760.27699995	0.019028
762.275999784	4.847057
764.289000034	0.04461
766.285000086	5.605341
768.290999889	0.007244
770.27699995	3.299355
772.289999962	3.299355
774.28399992	0.391365
776.28399992	0.026356
778.28399992	3.853299
780.285000086	0.433395
782.285000086	0.083141
784.280999899	0.045067
786.290999889	0.050707
788.278999805	3.803607
790.279999971	3.375617
792.277999878	0.645863
794.288000107	0.451271
796.288000107	3.83033
798.290999889	4.271071
800.27699995	4.713986
802.289999962	4.713986
804.289000034	2.325528
806.286000013	0.02705
808.541000128	1.958768
810.298999786	4.846592
812.288000107	5.253401
814.529999971	5.272247
816.537999868	0.072896
818.526000023	6.178652
820.536000013	7.506574
822.460999966	0.432906
824.537999868	5.791898
826.537999868	7.408782
828.544000149	0.008325
830.536999941	0.515159
832.419999838	0.141591
834.531999826	0.116501
836.530999899	0.035978
838.529000044	6.483284
840.542000055	0.00766
842.529999971	0.008287
844.529999971	0.936105
846.467999935	7.613533
848.52699995	6.091806
850.539999723	8.4903
852.538999796	9.148834
854.53399992	9.254133
856.536000013	3.715214
858.541000128	0.015299
860.528000116	0.007315
862.529000044	10.615087
864.528000116	3.572006
866.528000116	0.444578
868.546000004	0.158958
870.539999723	3.29246
872.531999826	0.008034
874.529000044	0.045534
876.536000013	0.008297
878.398999929	0.058671
880.546000004	0.033282
882.494999886	0.052524
884.861999989	0.00263
886.397000074	0.0225
888.541000128	5.979101
890.529000044	0.43371
892.529000044	6.717988
894.462999821	4.818252
896.539999723	1.925035
898.542999983	2.010537
900.541000128	0.107443
902.541000128	8.187099
904.542000055	0.834573
906.538999796	4.260431
908.53399992	0.158541
910.53399992	0.016557
912.407999992	0.006355
914.703999996	0.008372
916.534999847	0.179858
918.47300005	1.129555
920.542000055	0.109368
922.539999723	0.006711
924.539999723	0.012756
926.531999826	0.166977
928.53399992	0.032559
930.536999941	0.039
932.536999941	0.101126
934.532999992	0.041651
936.529999971	0.027828
938.539999723	0.012736
940.537999868	0.093892
942.539999723	0.425238
944.542000055	0.058056
946.537999868	4.479807
948.534999847	0.758633
950.534999847	0.040747
952.529000044	0.437299
954.529000044	7.717198
956.541000128	0.275553
958.538999796	0.075995
960.53399992	0.033519
962.710000038	0.008348
964.542000055	0.401795
966.443999767	5.288574
968.539999723	0.056911
970.531999826	0.021963
972.529999971	1.016264
974.539999723	0.014619
976.530999899	0.029897
978.537999868	0.032859
980.542000055	2.818102
982.542999983	7.125217
984.530999899	6.149886
986.538999796	2.036301
988.537999868	1.902462
990.47300005	0.438562
992.539999723	3.207546
994.541000128	3.207546
996.536999941	0.457702
998.537999868	2.053795
1000.52999997	0.050112
1002.52999997	0.016739
1004.53499985	0.801573
1006.53199983	3.872981
1008.52999997	3.809119
1010.5389998	3.947557
1012.5389998	3.854541
1014.52800012	4.179463
1016.53399992	2.226621
1018.53299999	4.327568
1020.5309999	4.356319
1022.5389998	3.311667
1024.52900004	2.03895
1026.53999972	2.354716
1028.53699994	0.019275
1030.53600001	0.359859
1032.53600001	2.513752
1034.53499985	2.513752
1036.53499985	1.843571
1038.53199983	4.437547
1040.53499985	0.343549
1042.5309999	0.007845
1044.5309999	0.058515
1046.54500008	0.016255
1048.54200006	1.058602
1050.54299998	2.738296
1052.53600001	6.307005
1054.57499981	1.461024
1056.53399992	1.123246
1058.5389998	0.013293
1060.54100013	0.741253
1062.53999972	1.40308
1064.78699994	0.17882
1066.78400016	0.930457
1068.78500009	0.066895
1070.78999996	0.020274
1072.7809999	1.797725
1074.78600001	2.514958
1076.74500012	7.234503
1078.79099989	7.234503
1080.78500009	7.234503
1082.78699994	1.744327
1084.78900003	0.022976
1086.78900003	8.063153
1088.78999996	0.120978
1090.78900003	0.13708
1092.78699994	4.37459
1094.79200006	0.023489
1096.79099989	0.439003
1098.78999996	0.034639
1100.72299981	0.439527
1102.78600001	9.961923
1104.78600001	0.08381
1106.78500009	4.732161
1108.78500009	0.031593
1111.84100008	0.002628
1113.61600018	0.036807
1115.00399971	1.355
1116.78500009	0.054277
1118.7809999	0.013171
1120.77999973	5.135939
1122.77999973	5.389153
1124.73099995	3.202536
1126.79299998	5.642487
1128.77999973	3.984632
1130.7809999	0.458125
1132.78699994	1.012377
1134.6960001	0.026166
1136.78500009	0.007862
1138.79599977	0.007885
1140.78500009	0.025597
1142.79499984	0.007847
1144.79399991	0.439498
1146.78400016	7.887626
1148.7809999	0.391803
1150.78799987	0.046929
1152.7809999	0.053126
1154.78900003	0.008326
1156.78799987	1.5599
1158.79399991	0.44032
1160.79200006	8.675542
1162.78799987	4.442777
1164.78999996	0.008323
1166.79299998	0.167725
1168.79599977	0.443558
1170.78199983	4.992966
1172.71899986	3.126853
1174.79399991	0.064338
1176.79399991	5.163791
1178.79399991	2.070759
1180.78199983	1.695646
1182.69199991	0.052846
1184.78400016	0.08604
1186.78400016	0.09221
1188.78400016	0.030251
1190.79399991	0.167225
1192.78299999	0.374041
1194.78299999	0.187486
1196.71499991	4.659623
1198.78999996	0.049004
1200.78699994	0.028254
1202.78500009	0.013244
1204.78400016	2.886416
1206.70900011	0.00649
1208.78699994	0.677539
1210.78600001	4.596797
1212.78299999	4.829958
1214.78199983	4.804792
1216.79200006	0.019555
1218.78699994	4.7382
1220.78999996	5.266521
1222.78999996	6.393717
1224.79399991	5.33689
1226.79099989	0.042024
1228.78199983	1.593073
1230.78799987	6.608641
1232.78900003	3.827339
1234.79399991	2.972287
1236.78199983	2.245365
1238.79499984	0.007901
1240.78500009	2.634874
1242.78500009	3.904773
1244.78400016	0.439564
1246.78299999	0.007888
1248.78400016	7.828608
1250.78799987	0.026017
1252.78299999	0.020883
1254.79099989	2.085044
1256.79399991	3.802685
1258.79499984	3.802685
1260.78199983	8.829261
1262.78500009	2.302505
1264.78500009	6.708004
1266.78799987	3.793844
1268.79499984	5.437543
1270.78500009	5.404333
1272.79899979	0.125099
1274.79599977	3.914309
1276.79299998	8.703737
1278.78199983	0.025794
1280.78600001	5.680207
1282.7809999	2.578077
1284.79399991	0.008318
1286.78500009	9.337594
1288.78400016	3.190366
1290.78500009	2.577499
1292.78199983	0.428189
1294.78400016	0.179813
1296.78699994	0.026099
1298.79399991	9.135999
1300.79200006	4.458256
1302.79099989	0.01953
1304.78799987	0.150434
1306.78699994	0.709918
1308.78900003	0.008339
1311.04299998	2.106613
1312.79499984	7.762349
1315.03799987	0.007913
1317.04200006	8.01658
1319.04699993	10.833013
1321.046	4.606905
1323.04699993	4.606905
1325.04399991	4.606905
1327.04100013	0.424047
1329.0389998	0.044225
1331.03999996	0.044173
1333.04299998	0.108449
1335.04100013	1.682755
1337.04399991	0.491196
1339.04200006	0.019134
1341.03799987	1.997674
1343.0480001	0.013579
1345.03599977	0.075131
1347.03299999	0.008331
1349.04500008	1.016287
1351.04500008	0.012905
1353.04900002	0.568952
1355.43200016	0.038895
1357.04399991	0.083203
1359.03699994	0.022612
1361.03599977	0.03334
1362.89899993	0.012616
1365.03999996	6.903552
1367.04299998	0.126656
1369.04699993	0.484947
1371.03999996	0.11292
1373.03799987	6.131305
1375.04100013	6.131305
1377.04299998	0.677558
1379.04399991	0.476356
1381.046	7.512695
1383.03299999	1.641558
1385.04100013	0.43662
1387.04500008	0.007871
1389.03299999	0.657982
1391.03399992	0.007901
1393.04900002	0.154902
1395.046	0.024967
1397.04200006	0.007957
1399.04399991	0.44038
1401.04299998	8.961243
1403.04399991	0.162174
1405.0389998	6.685604
1407.03999996	0.293645
1409.04900002	0.572391
1411.03599977	0.044535
1412.9749999	0.121119
1415.0480001	0.007652
1417.03299999	0.007891
1419.03699994	0.008328
1421.0389998	0.060051
1423.03999996	8.051586
1425.04500008	7.228649
1427.04699993	0.417921
1429.04699993	1.278636
1431.03399992	0.279569
1433.04299998	0.008337
1435.046	0.050048
1436.93999982	0.026325
1439.04200006	0.042979
1441.04399991	3.207933
1443.04299998	4.697872
1445.04399991	4.697872
1447.04399991	4.697872
1449.04299998	0.00668
1451.0480001	2.08355
1453.03499985	3.122474
1455.04100013	1.658061
1457.04299998	1.644589
1459.03799987	1.978437
1461.03699994	1.992306
1463.04100013	1.317059
1465.04500008	0.016742
1467.03699994	2.978384
1469.03499985	2.978384
1471.03999996	0.575287
1473.03599977	2.732392
1475.04900002	3.078174
1477.0389998	3.515758
1479.0480001	3.535143
1481.046	3.620693
1483.04500008	3.773985
1485.046	3.773985
1487.0480001	3.8267
1489.04699993	0.013774
1491.04100013	2.058865
1493.04100013	2.058865
1495.03699994	3.932261
1497.0480001	4.202233
1499.03599977	4.136846
1501.03399992	0.007075
1503.0480001	2.226865
1505.04299998	2.226865
1507.03599977	2.226865
1509.04399991	4.15764
1511.04299998	4.15764
1513.0389998	4.15764
1515.03599977	4.15764
1517.03399992	4.15764
1519.03699994	4.60612
1521.03999996	4.802503
1523.04299998	3.078557
1525.03999996	4.804309
1527.03999996	4.804309
1529.04200006	4.901025
1531.03799987	4.901025
1533.04500008	0.553197
1535.04699993	4.834298
1537.0389998	4.834298
1539.04299998	5.001902
1541.04100013	5.001902
1543.04900002	5.109188
1545.0480001	4.174397
1547.046	5.005975
1549.03499985	5.005975
1551.04699993	5.1929
1553.0480001	5.163685
1555.04699993	5.163685
1557.29699993	4.584188
1559.29899979	4.584188
1561.04999995	4.584188
1563.28699994	4.584188
1565.29299998	5.387368
1567.28900003	0.013046
1569.296	5.710144
1571.22399998	5.710144
1573.29699993	5.710144
1575.29199982	5.988541
1577.29899979	5.988541
1579.29199982	5.988541
1581.29899979	6.21703
1583.29699993	5.249385
1585.29699993	6.483849
1587.29999971	6.620666
1589.28699994	6.620666
1591.29399991	6.620666
1593.29499984	6.620666
1595.23300004	6.620666
1597.29399991	6.620666
1599.29299998	4.596148
1601.28900003	6.513778
1603.29299998	6.513778
1605.29699993	4.387853
1607.29399991	2.272326
1609.29099989	0.038849
1611.29699993	0.013585
1613.29699993	3.324805
1615.29199982	8.235157
1617.28999996	8.235157
1619.29999971	8.235157
1621.29399991	7.609928
1623.29699993	7.609928
1625.29199982	7.609928
1627.29799986	5.323403
1629.29499984	0.025872
1631.29199982	8.387187
1633.29699993	2.837832
1635.29799986	5.650862
1637.29899979	4.988262
1639.29299998	1.046169
1641.30299997	5.656636
1643.29199982	0.336995
1645.72000003	0.007599
1647.296	0.084663
1649.29799986	0.008324
1651.29499984	0.142207
1653.296	0.967116
1655.30100012	4.601823
1657.296	4.546258
1659.28600001	6.420075
1661.29699993	8.30401
1663.29399991	8.629047
1665.30100012	2.203249
1667.22099996	3.097759
1669.29499984	0.051951
1671.29799986	2.359145
1673.29899979	8.346568
1675.29799986	2.281153
1677.29999971	3.673312
1679.29999971	3.673312
1681.29099989	3.673312
1683.29699993	8.142071
1685.29999971	9.715732
1687.28800011	1.526471
1689.29699993	0.038954
1691.22099996	0.443819
1693.30200005	0.007935
1695.29399991	2.667665
1697.28699994	4.801141
1699.29499984	10.930165
1701.28999996	0.444424
1703.29499984	0.036273
1705.29399991	0.006384
1707.29099989	0.031849
1709.29799986	0.019775
1711.29199982	0.445667
1713.29199982	0.062834
1715.23099995	0.444301
1717.28900003	13.04428
1719.29999971	0.259008
1721.29099989	4.714232
1723.29099989	7.264545
1725.28800011	7.264545
1727.29999971	2.180889
1729.30100012	0.030217
1731.29999971	0.013027
1733.29499984	0.166604
1735.296	0.438935
1737.29699993	0.852681
1739.28900003	11.801571
1741.29899979	0.170195
1743.29999971	0.898015
1745.29999971	0.455876
1747.28699994	0.006589
1749.28900003	0.435289
1751.29699993	0.007885
1753.29399991	0.007638
1755.29399991	4.280911
1757.29399991	0.00785
1759.28999996	2.001088
1761.30200005	5.491618
1763.28600001	7.395573
1765.29199982	3.92826
1767.30100012	0.088492
1769.29799986	0.459731
1771.30400014	0.073656
1773.296	2.341384
1775.29699993	7.070049
1777.29299998	3.047791
1779.28900003	0.041641
1781.29399991	0.047178
1783.29299998	0.440014
1785.28900003	0.230913
1787.30200005	0.388458
1789.29699993	5.723719
1791.28699994	0.012747
1793.29799986	0.693539
1795.28800011	0.018056
1797.29099989	0.444422
1799.29299998	0.049832
1801.29199982	0.04662
1803.29699993	0.008321
1805.33899999	0.01557
1807.29299998	1.443074
1809.54200006	0.723554
1811.29899979	3.664614
1813.30200005	3.775181
1815.30400014	7.117281
1817.53799987	0.56814
1819.30299997	0.095563
1821.55099988	0.442795
1823.55200005	0.114042
1825.54400015	0.398434
1827.54200006	0.062479
1829.54500008	0.141555
1831.54100013	2.068459
1833.55099988	5.495789
1835.53699994	5.651392
1837.54100013	5.651392
1839.55200005	5.651392
1841.54100013	5.651392
1843.54500008	5.651392
1845.546	5.651392
1847.55099988	5.651392
1849.4829998	5.651392
1851.546	5.651392
1853.54500008	0.102404
1855.54699993	2.5149
1857.54200006	2.833226
1859.5389998	3.323931
1861.54999995	2.82927
1863.54299998	3.449078
1865.55200005	2.625253
1867.55099988	5.236767
1869.53799987	5.236767
1871.54200006	5.236767
1873.48199987	5.236767
1875.54699993	5.236767
1877.54200006	5.266191
1879.546	5.266191
1881.54900002	5.266191
1883.55200005	5.266191
1885.55099988	5.266191
1887.54900002	5.266191
1889.55299997	5.266191
1891.53699994	5.266191
1893.54299998	5.266191
1895.54400015	5.266191
1897.4829998	5.266191
1899.54299998	5.755472
1901.53999972	4.913085
1903.54799986	5.870136
1905.546	5.870136
1907.54299998	6.707407
1909.54699993	3.561644
1911.55099988	3.561644
1913.55200005	5.917969
1915.55099988	6.847262
1917.54999995	2.765793
1919.55299997	4.394432
1921.49499989	5.480483
1923.54999995	2.009122
1925.54100013	7.569424
1927.5539999	6.021475
1929.54500008	6.021475
1931.53799987	6.021475
1933.53999972	6.021475
1935.53799987	6.021475
1937.55200005	0.00831
1939.546	3.681255
1941.54999995	3.681255
1943.54900002	0.691611
1945.54100013	1.126741
1947.54799986	1.6922
1949.54699993	0.00714
1951.55200005	1.796463
1953.5389998	1.764715
1955.47899985	0.006639
1957.55200005	0.012777
1959.546	2.664026
1961.546	2.928966
1963.54500008	3.160969
1965.54500008	3.129077
1967.54799986	3.286714
1969.49499989	3.286714
1971.53999972	3.286714
1973.53999972	1.712205
1975.54900002	3.94261
1977.546	4.475356
1979.54400015	4.405554
1981.53999972	4.401607
1983.5389998	4.534994
1985.54500008	4.150381
1987.54999995	3.66392
1989.54799986	0.417908
1991.5389998	0.019618
1993.53999972	5.341226
1995.55200005	0.012886
1997.54799986	5.16011
1999.54400015	2.735704
2001.54200006	2.735704
2003.54400015	2.735704
2005.54500008	2.870226
2007.54699993	2.186622
2009.55099988	1.521807
2011.54799986	1.765663
2013.51599979	0.002538
2015.546	0.107864
2017.55499983	1.692704
2019.54799986	0.00744
2021.54799986	4.484011
2023.546	0.008341
2025.5539999	0.208865
2027.55200005	0.01313
2029.54699993	0.039261
2031.5389998	1.351579
2033.54299998	0.030633
2035.54500008	0.14858
2037.54400015	0.070737
2039.54999995	6.42072
2041.54799986	6.42072
2043.546	6.42072
2045.54200006	0.108682
2047.55299997	3.179391
2049.55699992	0.032732
2051.53999972	0.051012
2053.54999995	0.006304
2055.55200005	0.220983
2057.55099988	0.257813
2059.54799986	6.290276
2061.54799986	0.434775
2063.55299997	0.006309
2065.79499984	6.501641
2067.79299998	0.117501
2069.80200005	0.165315
2071.80299997	0.213547
2073.79299998	0.058382
2075.76999998	0.012584
2077.89899993	0.013192
2079.79599977	0.167959
2081.79799986	0.008317
2083.79499984	2.50098
2085.80000019	2.563776
2087.79099989	0.0984
2089.79200006	2.627942
2091.8039999	0.214077
2093.80299997	1.61455
2095.80500007	0.008349
2097.80100012	7.558135
2099.62400007	0.008313
2101.8039999	7.456914
2103.79299998	7.456914
2105.79899979	4.587639
2107.80299997	0.158394
2109.79699993	0.551616
2111.80299997	0.007002
2113.65499997	0.42518
2115.79399991	0.04721
2117.79299998	0.040939
2119.79200006	0.234245
2121.80000019	0.065881
2123.80200005	4.626996
2125.80200005	4.626996
2127.79399991	2.557748
2129.80200005	3.921786
2131.80100012	3.278333
2133.80599999	7.225375
2135.8039999	4.973141
2137.72399974	0.049785
2139.79099989	0.007893
2141.80599999	0.007564
2143.8039999	0.008322
2145.79799986	6.832862
2147.80299997	0.025521
2149.8039999	4.857613
2151.79099989	0.00743
2153.80299997	0.685178
2155.79099989	0.013264
2157.8039999	2.153065
2159.80599999	0.065587
2161.80699992	0.436138
2163.80599999	0.007837
2165.80699992	0.007851
2167.79099989	1.298483
2169.80200005	0.007848
2171.79299998	0.432686
2173.79699993	0.12585
2175.79399991	0.125482
2177.80599999	0.008313
2179.8039999	0.372432
2181.8039999	0.008314
2184.602	0.002435
2186.51799989	0.00805
2187.79799986	0.179117
2189.79699993	0.197596
2191.80100012	0.157204
2194.37899995	0.008374
2195.69899988	0.008295
2197.79200006	0.049998
2199.79299998	0.00642
2201.80200005	0.112766
2203.80500007	0.694328
2205.79399991	4.558637
2207.76699996	0.016702
2209.79399991	0.502019
2211.79499984	0.05726
2213.80299997	0.016717
2215.79099989	0.035898
2217.79599977	1.61736
2219.80699992	0.843501
2221.80000019	6.449138
2223.80100012	0.006794
2225.80200005	0.066892
2227.79599977	0.205237
2229.80299997	0.432098
2231.80299997	0.060345
2233.80299997	4.66019
2235.79299998	4.66019
2237.79699993	4.66019
2239.79699993	4.66019
2241.80299997	2.389559
2243.79899979	2.766758
2245.79799986	0.259522
2247.80200005	0.14211
2249.80800009	0.0436
2251.8039999	0.133514
2253.80500007	0.803143
2255.79299998	0.030412
2257.79200006	0.02591
2259.79399991	1.719508
2261.79899979	0.04075
2265.34299994	0.001417
2267.94299984	0.104695
2270.14999986	0.016663
2271.74099994	0.417705
2272.90799975	0.20946
2274.33899999	0.054712
2275.89899993	0.007659
2277.79599977	0.798611
2279.79799986	4.137895
2281.79299998	2.636162
2283.79299998	5.192616
2285.79899979	0.046379
2287.79599977	4.69163
2289.80200005	0.075147
2291.80699992	0.457666
2293.80599999	1.112315
2295.80599999	0.550666
2297.79599977	2.155778
2299.80800009	0.249537
2301.79499984	0.508885
2303.8039999	0.233348
2305.79699993	0.435864
2307.79499984	1.328662
2309.79899979	0.045445
2312.05799985	0.514354
2314.04699993	0.602454
2316.04900002	0.024701
2318.05199981	0.092426
2320.05099988	2.692516
2322.04900002	0.007892
2324.0480001	1.097518
2326.0480001	0.572034
2328.05099988	9.522761
2330.0539999	0.440509
2332.04999995	0.125942
2334.04399991	0.007781
2336.05599999	0.002546
2338.05499983	0.039226
2340.0599997	0.008289
2342.04500008	0.108119
2343.97799993	4.730862
2346.05899978	10.228681
2348.04299998	10.228681
2350.05299997	0.443403
2352.05899978	0.707509
2354.04500008	0.02579
2356.046	9.997415
2358.0480001	0.210171
2360.046	0.008306
2362.04299998	0.095507
2364.05499983	0.443851
2366.05099988	0.007938
2367.9829998	0.443632
2370.05599999	0.002535
2372.0539999	0.195484
2374.05699992	3.612457
2376.05699992	0.00776
2378.04500008	0.045761
2380.0480001	0.102465
2382.06100011	0.007793
2384.76199985	0.001076
2386.05899978	0.007331
2388.05199981	0.434017
2390.05599999	0.130684
2392.00099993	4.139455
2394.05499983	4.164481
2396.05499983	0.006758
2398.0539999	0.423411
2400.05299997	3.850414
2402.05699992	0.438629
2404.05499983	0.007911
2406.05599999	3.104841
2408.0539999	0.008344
2410.05499983	5.93792
2412.05499983	1.661365
2414.04999995	1.622935
2415.9849999	4.602535
2418.046	3.367998
2420.046	3.183166
2422.05499983	6.2414
2424.04999995	0.246246
2426.05199981	7.709734
2428.05599999	0.151762
2430.05299997	0.099446
2432.04500008	0.085716
2434.05899978	0.039042
2436.05699992	2.055686
2438.05599999	0.02956
2439.98799992	1.527204
2442.05599999	2.341522
2444.046	2.341522
2446.05699992	2.806767
2448.0539999	3.29217
2450.0539999	3.29217
2452.04999995	3.29217
2454.04999995	3.29217
2456.04500008	5.842857
2458.04399991	0.228716
2460.04399991	2.407416
2462.04500008	0.985021
2463.98099995	1.905264
2466.04500008	2.852105
2468.04500008	0.310883
2470.04699993	0.022227
2472.04399991	0.030001
2474.04500008	0.436055
2476.04399991	5.092129
2478.04399991	0.020162
2480.04399991	1.092014
2482.04399991	2.794218
2484.04399991	0.440672
2486.04399991	3.044845
2487.977	1.376912
2490.04399991	2.759932
2492.04399991	2.759932
2494.04500008	2.759932
2496.04399991	2.759932
2498.04399991	2.759932
2500.04500008	2.759932
2502.046	2.759932
2504.04500008	0.008338
2506.04500008	1.369732
2508.046	1.719953
2510.07799983	0.006914
2511.99499989	1.847902
2514.04399991	3.032161
2516.04500008	3.413124
2518.04500008	0.008327
2520.046	2.170973
2522.04500008	0.422557
2524.04399991	4.80226
2526.04399991	4.80226
2528.04399991	0.008337
2530.04500008	0.029737
2532.04399991	4.729505
2534.04500008	4.78024
2536.04500008	3.057791
2538.04500008	4.728417
2540.04500008	4.753452
2542.046	1.738601
2544.04500008	5.297813
2546.04500008	5.293849
2548.04500008	0.022423
2550.04500008	5.289358
2552.04500008	5.289358
2554.04500008	2.614771
2556.04399991	3.275681
2558.04500008	1.58247
2560.04399991	5.192609
2562.04500008	5.192609
2564.04399991	5.192609
2566.04399991	0.95149
2568.0480001	2.222078
2570.04399991	2.222078
2572.046	1.463498
2574.296	3.404776
2576.29499984	0.008348
2578.29499984	0.019115
2580.296	0.427591
2582.29499984	1.482832
2584.19899988	0.020144
2589.75399995	0.942964
2591.15499997	1.002205
2592.11499977	1.391842
2592.92000008	1.314249
2594.296	2.009213
2596.296	2.022295
2598.296	2.173355
2600.31200004	0.076368
2602.25199986	0.072888
2604.34699988	0.204529
2606.2349999	0.006768
2608.30599999	1.928808
2610.30999994	4.533893
2612.31099987	5.277513
2614.29999971	5.277513
2616.29999971	5.277513
2618.30599999	0.427891
2620.30299997	0.384306
2622.30500007	5.858001
2624.29499984	3.135802
