0.0	3.11951
0.137000083923	3.169402
0.933000087738	0.201806
2.21199989319	1.719357
3.12999987602	1.906849
4.43099999428	1.02619
5.65999984741	0.457808
6.86400008202	0.08788
8.16900014877	0.027284
9.125	0.869688
10.1979999542	2.284233
11.1239998341	1.348395
12.2779998779	0.710366
13.6869997978	2.312536
14.507999897	0.150279
15.385999918	0.746783
17.3479998112	0.895251
19.3389999866	0.208315
21.3580000401	0.11385
23.375	0.109041
25.3819999695	0.715036
27.9229998589	0.908989
31.3580000401	0.040043
34.3200001717	0.526558
36.5009999275	1.167109
38.4500000477	2.304177
41.4249999523	0.626971
43.5309998989	0.043474
45.489000082	0.28194
47.3519999981	0.022434
48.2130000591	2.370949
48.7909998894	2.146419
49.4769999981	2.975303
51.3760001659	4.087401
53.3389999866	2.219065
55.378000021	3.342845
57.3789999485	0.047494
59.3380000591	0.117896
61.3570001125	0.577245
63.3740000725	0.336818
65.381000042	1.340048
67.3970000744	0.389835
69.381000042	0.69051
71.3539998531	1.317298
73.3760001659	1.648325
75.5829999447	0.365483
77.3680000305	1.741161
79.5899999142	1.912359
81.5829999447	0.078192
83.617000103	0.125775
85.6109998226	0.104796
87.6449999809	0.6225
89.6330001354	0.030646
91.6380000114	0.00413
94.9549999237	0.171569
96.1159999371	0.141537
97.4690001011	0.420586
99.6540000439	0.039264
101.648000002	2.143475
103.437999964	1.965206
105.61199975	0.513397
107.65199995	0.036188
109.635999918	0.188883
111.619999886	1.888223
113.625	0.983785
115.626999855	1.75083
117.641000032	1.197197
119.60800004	1.358531
121.595999956	2.730657
123.638000011	2.700529
125.601000071	0.88802
127.625999928	4.733794
129.625999928	0.128259
131.625	0.777605
133.629999876	0.588363
135.650999784	0.317076
137.802999973	1.575226
139.541000128	0.205293
141.618000031	4.447664
143.63499999	0.894646
145.600000143	0.058736
147.646999836	0.425616
149.94900012	4.615785
151.562000036	0.87676
153.630999804	0.776021
155.621000051	2.137609
157.65899992	4.56815
159.625999928	0.07596
161.638000011	0.311449
163.602999926	4.48534
165.59499979	0.015772
167.633000135	1.037966
169.592000008	1.110413
171.625999928	3.364458
173.618999958	2.280742
175.605000019	6.590139
177.638999939	2.767474
179.582999945	0.078721
181.601999998	3.44877
183.635999918	0.147307
185.625	0.207174
187.621999979	2.270546
189.648999929	0.019129
191.61500001	4.745775
193.645999908	1.263304
195.661000013	0.737186
197.605000019	2.402719
199.60800004	6.18435
201.592000008	5.354449
203.585999966	2.307569
205.635999918	0.043405
207.621999979	1.530802
209.587999821	2.152211
211.589999914	7.019532
213.595999956	6.236202
215.617000103	6.377125
217.641000032	1.048074
219.634000063	3.090769
221.621999979	6.214698
223.626999855	0.013319
225.63499999	0.03655
227.627999783	0.1105
229.572999954	1.553802
231.606999874	5.92799
233.621000051	5.622854
235.609999895	2.264257
237.633000135	0.198343
