0.0	4.875294
0.667999982834	1.602964
1.06900000572	1.722318
2.43700003624	0.027007
3.65400004387	0.226746
5.58200001717	0.202074
6.5490000248	0.991736
7.33200001717	0.054062
7.97000002861	0.331881
9.13400006294	2.008507
10.967000246	4.215816
11.9419999123	0.026145
12.7619998455	3.896486
14.1229999065	1.572869
15.6390001774	0.652094
16.9040000439	6.966743
18.9040000439	1.238123
20.9040000439	5.289624
22.9040000439	5.677668
24.9190001488	5.976498
26.9040000439	5.483324
28.9049999714	7.779653
30.9040000439	2.054426
32.9099998474	0.060806
34.9049999714	3.218771
36.9040000439	7.386898
38.9190001488	0.272667
40.9059998989	3.796451
42.9340000153	8.898107
44.9040000439	5.563018
46.9049999714	2.119381
48.9040000439	3.1165
50.9040000439	1.305484
52.9449999332	2.031269
54.9049999714	7.430467
56.9140000343	0.112226
58.9049999714	2.214304
60.9040000439	3.207857
62.9040000439	4.229413
64.9120001793	1.36475
66.9210000038	0.206968
68.9079999924	3.209973
70.9200000763	4.517091
72.9079999924	1.91258
75.1619999409	6.733685
77.1560001373	3.60816
79.1579999924	8.423186
81.1540000439	0.197076
83.1530001163	2.520726
85.1540000439	6.619102
87.1560001373	8.784367
89.1549999714	6.532034
91.1579999924	1.311896
93.1640000343	9.332918
95.1240000725	9.332918
97.1530001163	6.302632
99.1549999714	9.605177
101.154999971	0.111376
103.157000065	3.354299
105.164000034	8.857637
107.156000137	3.774302
109.156000137	7.523338
111.156000137	0.028064
113.152000189	8.91668
115.152000189	8.91668
117.153000116	6.561499
119.212000132	3.894176
121.157000065	1.274446
123.162999868	1.133606
125.156000137	5.705167
127.161999941	4.583632
129.162999868	4.222785
131.154000044	2.312998
133.160000086	0.131082
135.153000116	1.213415
137.156000137	4.571428
139.159000158	8.217669
141.153000116	0.083472
143.154000044	3.733479
145.152000189	6.577655
147.167000055	11.254122
149.157000065	3.499718
151.153000116	0.114993
153.154000044	1.9396
155.161000013	8.90835
157.154000044	4.558594
159.164000034	9.094148
161.156000137	2.586635
163.16899991	0.023503
165.154000044	0.155774
167.160000086	0.335034
169.184999943	0.972307
171.164999962	0.592774
173.157000065	1.441132
175.153000116	5.098433
177.161999941	4.435618
179.162999868	4.435618
181.152000189	2.113235
183.154999971	4.399419
185.154000044	3.870746
187.164999962	0.458043
189.165999889	6.222243
191.190000057	1.326095
193.157999992	1.701857
195.175000191	0.03338
197.152000189	1.689281
199.165999889	2.769525
201.154999971	1.466522
203.154999971	4.952617
205.162999868	3.379946
207.157999992	0.041619
209.176000118	8.268463
211.153000116	2.005893
213.157999992	1.824473
215.161999941	3.039815
217.153000116	0.077369
219.170999765	9.501022
221.154000044	0.110868
223.152000189	2.228716
225.154999971	3.41175
227.153000116	4.416172
229.160000086	0.520041
231.153000116	0.780848
233.165999889	2.821299
235.154999971	2.014366
237.153000116	4.514649
239.154000044	2.050553
241.156000137	6.327247
244.178999901	0.342678
245.277999878	0.545841
247.152000189	0.855589
249.164000034	4.359199
251.153000116	2.147928
253.153000116	4.120593
255.153000116	4.624556
257.167999983	4.960602
259.175000191	0.159315
261.154999971	0.092816
263.156000137	1.341596
265.157999992	2.62987
267.156000137	0.045795
269.180999994	0.200563
271.153000116	3.477812
273.164999962	2.243531
275.154999971	0.756838
277.156000137	5.32159
279.162999868	6.599884
281.154999971	0.217766
283.161000013	5.057285
285.157000065	0.166162
287.159000158	3.550496
289.170999765	6.086829
291.157999992	6.017622
293.162999868	3.090125
295.164999962	1.611892
297.17200017	5.996957
299.169999838	5.632414
301.186999798	1.954607
303.180000067	0.069803
305.161000013	0.263471
307.178999901	1.514019
309.165999889	0.054764
311.157000065	0.255389
313.188999891	0.654329
315.153000116	0.356784
317.165999889	0.966244
319.164000034	0.664516
321.159000158	0.875956
323.405999899	0.54627
325.404999971	0.565119
327.407000065	3.197191
329.44299984	2.418031
331.417999983	0.251782
333.404999971	2.302804
335.412000179	1.421698
337.407000065	1.75822
339.428999901	4.389313
341.4150002	0.128327
343.409999847	2.482558
345.407000065	0.343782
347.402999878	3.704656
349.428999901	4.614232
351.416000128	0.041
353.402999878	6.593588
355.404000044	6.47373
357.404000044	4.336118
359.40899992	6.545647
361.420000076	0.069899
363.407000065	0.560205
365.404999971	8.20989
367.407000065	7.873286
369.424000025	3.855165
371.404000044	0.598731
373.409999847	6.13924
375.407000065	0.084569
377.412000179	0.694706
379.4150002	3.031153
381.423000097	5.621926
384.234999895	1.498484
386.762999773	0.049992
391.410999775	2.271372
394.548000097	1.411016
397.060000181	1.803767
398.407000065	1.958426
400.260999918	0.762957
401.097000122	2.188266
402.184000015	0.445258
403.085000038	2.126149
403.980999947	0.158695
405.414000034	0.436911
407.412000179	0.227637
409.404999971	2.130639
411.404999971	1.317293
413.405999899	2.500485
415.402999878	0.047133
417.407000065	1.808027
419.412000179	2.983728
421.40899992	1.18175
423.404999971	1.703706
425.404999971	4.987173
427.445999861	4.736486
429.4150002	0.040892
431.407000065	4.366014
433.413000107	5.942768
435.402999878	0.056664
437.405999899	2.948023
439.410999775	3.262644
441.407000065	2.998619
443.404999971	2.218289
445.404999971	0.121233
447.413000107	5.477051
449.407999992	6.730753
451.421999931	2.158265
453.453000069	2.158265
455.40899992	1.950192
457.402999878	6.782636
459.405999899	6.942327
461.412000179	1.221082
463.404999971	2.074636
465.407000065	8.367315
467.407999992	0.07801
469.413000107	4.018584
471.421999931	0.016091
473.407000065	1.736088
475.414000034	0.051718
477.404999971	2.200422
479.424000025	0.056528
481.412000179	0.211809
483.412000179	2.88797
485.40899992	2.375342
487.405999899	1.05685
489.4150002	1.907088
491.405999899	3.872232
493.404999971	6.10321
495.410999775	3.997627
497.404999971	0.853977
499.40899992	2.022228
501.412000179	0.101583
503.4150002	4.81015
505.409999847	5.986023
507.407999992	8.098556
509.407999992	0.081437
511.40899992	0.182494
513.404999971	1.925811
515.410999775	7.13549
517.407999992	3.693178
519.471000195	0.026182
521.405999899	1.46814
523.417999983	9.260057
525.40899992	2.184237
527.417999983	9.37801
529.429999828	0.434789
531.417000055	0.866955
533.490999937	1.679207
535.404999971	3.79353
537.424000025	2.321798
539.404000044	6.035619
541.404000044	0.190757
543.412000179	4.200658
545.575999975	2.180195
547.40899992	0.08615
549.421999931	1.700303
551.409999847	5.939769
553.407000065	2.647816
555.407000065	0.198421
557.402999878	2.567042
559.4150002	0.004
561.421999931	1.472797
563.407000065	3.148823
565.407999992	4.132683
567.40899992	5.249114
569.412000179	0.050337
571.410999775	2.916731
573.404999971	3.589032
575.405999899	4.482421
577.4150002	0.990375
579.413000107	0.099506
581.410999775	4.253474
583.65899992	4.940089
585.661999941	0.132562
587.665999889	0.415061
589.65899992	0.369923
591.660000086	1.124832
593.664999962	2.660456
595.664000034	0.012233
597.65500021	0.313032
599.654000044	4.637965
601.656000137	5.335452
603.681999922	4.899629
605.664000034	2.438408
607.654000044	2.087325
609.661000013	2.172098
611.661999941	0.918382
613.47300005	2.775948
615.661999941	5.049956
617.660000086	0.018439
619.694000006	2.145242
621.65899992	3.136292
623.657999992	0.002771
625.663000107	0.625914
627.656000137	0.106721
629.661999941	5.025444
631.656000137	0.126617
633.690999985	1.6708
635.657000065	0.027409
637.477999926	6.920732
639.680000067	0.145006
641.653000116	1.710002
643.712000132	4.957502
