0.0	0.580049
2.22300004959	0.007717
3.1939997673	0.16526
4.95199990273	0.369214
6.67699980736	1.20398
8.98799991608	0.027254
10.4670000076	0.527309
12.4429998398	0.998647
14.9029998779	1.603919
18.017999649	1.350629
20.7559998035	1.477199
21.884999752	1.844093
23.3989999294	0.433259
24.276999712	1.423923
25.0979998112	1.208098
26.9729998112	4.156849
28.3929998875	0.142714
29.4709999561	2.50709
30.8510000706	0.084683
32.007999897	0.049113
33.1889998913	0.056818
34.007999897	0.250528
34.9019999504	1.955086
35.8229999542	0.379203
37.1559998989	0.018239
38.5119998455	0.236166
40.504999876	0.009937
42.5149998665	0.165681
44.4990000725	0.021267
46.504999876	1.004965
48.4079999924	0.761448
50.5059998035	0.846385
52.5059998035	0.737066
54.5149998665	0.016166
56.5139997005	0.157516
58.507999897	0.022886
60.5039999485	0.035114
62.5119998455	0.370286
64.5190000534	0.68351
66.5740001202	0.013839
68.5020000935	3.139234
70.510999918	0.62464
72.5099999905	1.197211
74.5309998989	0.430988
76.5059998035	0.10468
78.5069999695	0.115174
80.5089998245	0.009159
83.7969999313	0.182043
86.4329998493	1.480087
88.7919998169	0.422676
90.9639999866	0.118262
92.5659999847	0.089417
93.7939996719	0.104852
94.9529998302	0.03102
96.5069999695	3.760855
98.512999773	3.511147
100.513999701	2.403447
102.50999999	2.215051
104.506999969	2.218681
106.503000021	1.069244
108.506999969	0.21717
110.507999897	0.524741
112.505999804	0.546045
114.504999876	1.04498
116.508999825	0.612867
118.512999773	3.449882
120.511999846	0.018183
122.707000017	0.034797
124.755999804	0.004792
126.551999807	0.170739
128.670000076	0.498824
130.504999876	1.294635
132.802999973	0.022453
134.446000099	0.993765
136.50999999	3.452437
138.513999701	0.058429
140.510999918	3.057461
142.532999754	0.335705
