0.0	0.039388
1.88400006294	3.213003
2.8220000267	1.436907
3.33399987221	2.285697
4.18099999428	1.185048
4.81299996376	3.626857
5.26800012589	4.008695
5.99899983406	1.829243
6.75999999046	0.063559
7.70199990273	2.199178
8.33600020409	2.514198
9.02300000191	1.736388
11.2110002041	2.428986
13.2110002041	1.141336
15.2100000381	3.20007
17.2030000687	1.878914
19.2100000381	2.08391
21.1880002022	0.624804
23.2120001316	2.602817
25.1870002747	1.703818
27.2120001316	1.82171
29.1930000782	3.480332
31.2110002041	1.019491
33.1930000782	0.028348
35.2219998837	2.616713
37.1989998817	0.202116
39.1920001507	0.034716
41.2170000076	2.103413
43.603000164	0.1934
47.5099999905	0.033822
50.8539998531	0.01754
53.8380000591	0.058083
56.3440001011	0.043195
57.9819998741	0.026702
59.4930000305	0.00328
60.7419998646	0.117364
65.3680000305	0.091771
70.757999897	0.488987
71.9300000668	1.985572
72.756000042	1.050011
73.8819999695	0.622773
74.5009999275	3.930491
76.4340000153	1.992769
78.6019999981	0.170016
80.8339998722	1.01687
82.8000001907	1.227142
83.9500000477	0.719459
84.5590000153	0.894646
85.2179999352	1.308164
86.8970000744	0.105029
87.7000000477	1.316931
89.2000000477	1.393087
91.2000000477	1.023444
93.1950001717	1.388615
95.2110002041	1.071139
97.2039999962	1.822473
99.1920001507	1.196861
101.211000204	1.9054
103.201999903	0.594847
105.200999975	1.515361
107.229000092	1.403315
109.212000132	2.420809
111.220999956	2.693339
113.201999903	2.666799
115.219000101	3.405022
117.198999882	2.635625
119.212000132	3.041117
121.212000132	3.794718
123.219000101	2.151278
125.211000204	3.897081
127.220999956	0.012569
129.211000204	4.569734
131.220999956	2.512108
133.211000204	4.413876
135.200999975	4.413876
137.229000092	2.659386
139.201999903	2.667715
141.441999912	3.12905
143.232000113	2.128085
145.451000214	4.309302
147.452000141	0.083673
149.438999891	3.811154
151.461999893	3.811154
153.480000019	0.755813
155.460000038	2.51828
157.451000214	3.965441
159.459000111	3.62493
161.450000048	0.383305
163.451000214	2.851225
165.45600009	2.920225
167.460000038	3.261467
169.441999912	4.905444
171.454999924	2.803921
173.47300005	4.865307
175.452000141	1.477541
177.451000214	2.83724
179.480999947	2.83724
181.480999947	2.83724
183.451000214	2.554922
185.448000193	0.331057
187.447000027	1.426685
189.45600009	0.16624
191.460000038	1.225905
193.463999987	1.149312
195.443000078	1.339673
197.450000048	1.437281
199.452000141	1.099218
201.44900012	1.077765
203.444000006	0.707602
205.460999966	1.336589
207.460000038	0.022394
209.460000038	2.01358
211.453000069	0.015821
213.453999996	0.644895
215.461999893	0.120642
217.448000193	3.256599
219.452000141	0.013814
221.45600009	0.033058
223.452000141	0.098564
225.440000057	0.04656
227.453000069	0.050564
229.452000141	3.451344
231.453000069	1.478315
233.452000141	0.010664
235.49000001	0.039085
237.461999893	0.829598
239.460000038	0.43649
241.470000029	0.026734
243.452000141	0.188946
245.489000082	0.042234
247.462999821	0.079
249.453000069	0.543414
251.447000027	0.311818
253.470000029	2.497262
255.440999985	0.033624
257.491000175	3.648666
259.461999893	0.61746
261.470999956	4.359458
263.452000141	4.359458
265.459000111	4.359458
267.440999985	4.359458
269.460999966	4.359458
271.453999996	4.122847
273.452000141	5.078213
275.450000048	2.60073
277.459000111	2.60073
279.453000069	0.816643
281.443000078	0.241123
283.483000278	0.037558
285.453999996	0.95653
287.441999912	1.740897
289.460000038	1.659014
291.451000214	2.636057
293.452000141	0.814424
295.461999893	1.301031
297.460000038	0.970933
299.480999947	0.015095
301.444000006	3.692406
303.382999897	0.282028
305.472000122	0.329918
307.44900012	0.503513
309.452000141	2.482035
311.459000111	3.233713
313.451000214	2.690042
315.480999947	2.923849
317.452000141	0.721146
319.452000141	0.8139
321.453000069	0.864864
323.460000038	0.062194
325.470999956	2.969612
327.451000214	4.184549
329.459000111	2.433575
331.470999956	2.612138
333.453999996	2.765826
335.451000214	0.295293
337.460000038	2.351273
339.461999893	0.041133
341.453000069	0.886486
343.582999945	0.473501
345.454999924	0.928204
347.452000141	1.436023
349.452000141	2.276414
351.452000141	0.061192
353.452000141	0.143686
355.453000069	0.01761
357.470000029	0.598284
359.452000141	0.191977
361.438999891	0.003015
363.452000141	0.020327
365.44900012	2.858851
367.460000038	2.27627
369.451000214	1.49409
371.457000017	1.754813
373.451000214	0.845923
375.450000048	0.00733
377.452000141	0.984264
379.451000214	0.50932
382.694000006	0.166297
385.651000261	2.523458
386.992000103	2.507612
387.737999916	0.013911
389.451000214	2.433417
391.453000069	3.459132
393.451000214	0.037605
395.701999903	4.569962
397.481999874	0.150338
399.452000141	0.544733
401.454999924	0.112426
403.700000048	1.762284
405.691000223	0.01787
407.692000151	0.643011
409.70600009	1.099731
411.732000113	0.532323
413.694000006	0.629878
415.691000223	0.754719
417.592000008	0.245675
419.68900013	1.573773
421.700999975	0.025714
423.69900012	0.023343
425.721999884	2.726279
427.68599987	0.01752
429.712000132	1.049234
431.717000008	0.013959
433.812000036	0.163914
435.53399992	0.311559
437.732000113	3.742071
439.710000038	0.079768
441.552000046	1.933853
443.692000151	1.876961
445.710000038	1.397945
447.692000151	2.560736
449.709000111	0.198219
451.693000078	0.089741
453.693000078	0.297137
455.720000029	0.238288
457.693000078	0.153046
459.713000059	0.263951
461.572999954	0.06014
463.704999924	0.124671
465.67200017	0.013204
467.692000151	0.179377
469.701999903	0.033253
471.700999975	2.461332
473.701999903	1.956794
475.692000151	5.028805
477.690000057	0.017291
479.70299983	1.057388
481.693000078	0.532928
483.70600009	0.090259
485.72300005	3.639736
487.703999996	0.050742
489.568000078	3.064027
491.720999956	0.176702
493.701999903	3.453586
495.691000223	2.482075
497.700999975	0.216992
499.700999975	4.789592
501.700999975	2.891166
503.691000223	5.087295
505.731000185	4.059221
507.701999903	0.016565
509.700000048	4.606078
511.725000143	5.750816
513.680000067	0.055101
515.710000038	2.056131
517.692000151	0.09942
519.694999933	1.963184
521.710999966	0.186106
523.694000006	0.889125
525.720999956	0.050495
527.913000107	0.035937
529.718999863	0.042563
531.692000151	2.587518
533.690000057	4.104229
536.388999939	0.077519
537.580000162	3.216098
539.70299983	0.18759
541.720999956	0.121662
543.692000151	4.809327
545.684999943	3.13326
547.701999903	1.588667
549.710999966	0.040236
551.701999903	3.077559
553.700000048	0.392081
555.691000223	1.0857
557.731000185	0.802703
559.694000006	0.027659
562.153000116	0.020632
565.208000183	0.033261
567.243000269	0.026849
568.95600009	0.870527
570.832999945	0.020941
572.648000002	0.977198
574.305999994	0.16432
575.630999804	0.072701
577.696000099	0.55501
579.720999956	4.254125
581.692000151	0.075995
583.700999975	0.065392
585.69900012	1.590845
587.700999975	0.094833
589.700999975	4.208004
591.704999924	0.228695
593.697999954	0.041263
595.692000151	0.466414
597.70299983	0.359925
599.692000151	1.297293
601.701999903	3.654343
603.692000151	1.038027
605.69900012	0.032146
607.692000151	0.017225
609.710000038	0.588434
611.710000038	0.120041
613.691000223	1.228923
615.701999903	2.418352
617.692000151	1.599592
619.691000223	3.906893
621.703999996	0.043306
623.709000111	0.07278
625.720999956	1.715368
627.700000048	3.994211
629.701999903	2.297025
631.680999994	1.802407
634.769999981	0.48228
637.544000149	0.678776
639.691000223	1.67967
641.660000086	2.423468
643.052000046	2.376508
643.71600008	0.179262
645.681999922	0.987603
647.701999903	0.120654
650.400000095	1.009554
652.733999968	0.026104
654.136000156	1.520778
655.931000233	1.980804
658.012000084	0.729958
659.937999964	2.792788
661.980999947	1.847184
663.93200016	3.262562
668.262000084	0.361458
670.477999926	0.293772
672.030999899	1.408096
673.59800005	0.438468
674.475000143	0.638091
675.97300005	0.281955
680.352999926	0.236814
682.774999857	0.630269
686.912000179	0.121836
689.170000076	0.012542
693.748000145	0.008593
703.285000086	0.340448
704.578000069	0.248435
705.715000153	0.371392
706.924000025	0.068876
708.348999977	0.552406
709.029999971	0.662184
710.125	0.01832
710.815999985	0.343937
713.217000008	0.239814
714.420000076	0.817391
715.757999897	0.119574
718.536999941	0.201874
720.463999987	0.268897
721.619000196	1.779862
723.94900012	0.021502
724.737999916	2.304815
726.278999805	2.096213
728.233999968	2.914844
730.212000132	0.370996
731.317000151	2.644416
732.309000015	3.193569
733.065999985	2.165344
734.428000212	2.245945
736.453000069	0.188706
738.430999994	0.058484
740.43200016	0.41757
742.292000055	1.31815
744.453999996	0.988073
746.313999891	2.059841
748.463999987	2.869175
750.436000109	2.917743
752.454999924	1.661583
754.447000027	0.001916
756.444999933	2.488951
758.451000214	0.562355
760.44900012	3.554231
762.450000048	1.649352
764.434000015	1.454412
766.441999912	1.014432
768.470999956	1.561548
770.372000217	0.681001
772.469000101	1.676531
774.491000175	3.458587
776.470999956	2.920742
778.453000069	0.997941
780.453000069	0.815154
782.491000175	2.09798
784.470999956	3.679956
786.451000214	2.530237
788.461999893	2.64064
790.450000048	0.702585
792.470999956	3.591288
794.44900012	0.681185
796.441999912	2.022382
798.507000208	0.615405
800.461999893	3.867642
802.478999853	4.504416
804.469000101	4.504416
806.440999985	4.504416
808.488000154	0.269905
810.481999874	1.399703
812.460999966	0.033357
814.460999966	3.625413
816.452000141	0.339914
818.452000141	3.398816
820.441999912	0.019695
822.5	3.202452
824.480000019	4.529192
826.485000134	1.509437
828.461999893	4.213226
830.491000175	2.267917
832.472000122	4.260857
834.489000082	4.05341
836.461999893	4.085353
838.452000141	0.671854
840.472000122	1.569077
842.44900012	4.154261
844.478999853	2.282812
846.499000072	4.278577
848.441999912	0.891552
850.469000101	2.452497
852.470999956	0.781487
854.491000175	0.401889
856.47300005	0.012127
859.110999823	0.563021
860.958999872	0.533692
862.469000101	0.509431
864.463999987	0.544463
866.440999985	1.158483
868.452000141	0.783527
870.460000038	0.593582
872.472000122	1.504957
874.470999956	0.194979
876.43200016	1.014441
878.440999985	1.908072
880.470999956	0.163721
882.451000214	1.21352
884.571000099	0.117779
886.459000111	0.851868
888.470999956	1.471634
890.430999994	0.656307
892.572000027	1.276403
894.499000072	1.357137
896.472000122	1.209856
898.440999985	0.114928
900.441999912	0.040011
902.492000103	1.725854
904.473999977	1.494584
906.47300005	2.326741
908.443000078	1.725614
910.493999958	0.142137
912.481999874	0.453947
914.451000214	0.015052
916.683000088	0.569809
918.500999928	4.325942
920.713000059	3.255143
922.683000088	1.326448
924.56400013	2.771838
926.813999891	0.052903
928.733999968	0.052222
930.712000132	0.083814
932.713000059	0.080816
934.692000151	0.178133
936.694000006	2.399548
938.693000078	0.824152
940.724000216	0.059963
942.70299983	3.946783
944.73300004	4.264667
946.72300005	0.031236
948.730000019	0.021381
950.74000001	1.38134
952.483000278	0.383832
954.692000151	2.224715
956.691000223	0.013323
958.713000059	4.116916
960.688000202	2.64496
963.713999987	0.009195
966.174999952	0.040898
966.777999878	1.37764
968.73300004	2.505617
970.712000132	3.3047
972.721999884	0.8265
974.710000038	4.872815
976.73300004	3.198203
978.730000019	4.699148
980.721999884	0.051922
982.693000078	0.080827
984.692000151	0.125347
986.774999857	0.042786
988.691000223	2.967708
990.681999922	0.647965
992.840000153	0.208016
994.688000202	0.027371
996.555999994	2.440149
998.688000202	3.132073
1000.68099999	0.011939
1002.68300009	3.545897
1005.12100005	0.42699
1006.83500028	0.812583
1009.53200006	0.177649
1010.648	0.12282
1012.70099998	0.039434
1014.68300009	0.01336
1016.72600007	0.207012
1019.84800005	1.233583
1022.91700006	2.217764
1024.19099998	0.491987
1025.14499998	1.938851
1026.70499992	1.435261
1028.69200015	0.392263
1030.68900013	2.212712
1032.78200006	1.496385
1034.69400001	0.730682
1036.99099994	0.010467
1040.14999986	0.070306
1042.52300024	1.280398
1044.33299994	3.955061
1045.88199997	2.536181
1047.2019999	4.369249
1048.73200011	0.174044
1050.72300005	1.449834
1052.69200015	0.102141
1054.69900012	0.069492
1056.70299983	2.310539
1058.68900013	2.83714
1060.69000006	0.392397
1062.70000005	3.090371
1064.7019999	1.031899
1066.68199992	2.81097
1068.70000005	1.809856
1070.69300008	0.97567
1072.68000007	4.151542
1074.71399999	3.958323
1076.6880002	0.489008
1082.43600011	0.039368
1095.602	0.078297
1097.50999999	0.412235
1099.36000013	0.025655
1100.98000002	0.406103
1102.52699995	0.305656
1103.43899989	0.164123
1104.30700016	0.653698
1104.9000001	0.014091
1106.78999996	0.937102
1108.19000006	1.399466
1109.48699999	0.186939
1111.61400008	1.286195
1113.58700013	1.890861
1115.12599993	0.129549
1116.2579999	0.123493
1117.36999989	0.374135
1118.29799986	1.241338
1119.88899994	0.037015
1121.36199999	0.832624
1122.47799993	0.18259
1123.5710001	0.719025
1125.40199995	0.178094
1127.39300013	0.123167
1129.20600009	0.053463
1131.079	0.309833
1132.26600003	0.544171
1133.93200016	1.039628
1135.95000005	0.143969
1137.94599986	1.941086
1139.95200014	0.085436
1141.94199991	2.648867
1143.94400001	0.071468
1145.796	2.011612
1147.93200016	3.556655
1149.94599986	0.124242
1151.93000007	0.011395
1153.96199989	0.271193
1155.93600011	0.732463
1157.93700004	3.207208
1159.93000007	0.031078
1161.93300009	4.287402
1163.94199991	2.524934
1165.95099998	2.453157
1167.94900012	3.124635
1169.79099989	3.124635
1171.93100023	3.19543
1173.97000003	3.101943
1175.98000002	0.01874
1177.94900012	3.795983
1179.94099998	5.004914
1181.97200012	4.873864
1183.94000006	4.2797
1185.94099998	4.200604
1187.96099997	4.200604
1189.97100019	4.650508
1191.93600011	4.033041
1193.89400005	0.01387
1195.94900012	3.894619
1197.94299984	3.010024
1199.92800021	3.437095
1201.94099998	2.605737
1203.93499994	3.593942
1205.94099998	2.837263
1207.94099998	3.257163
1209.93100023	3.238029
1211.94099998	3.555317
1213.93400002	4.049615
1215.94900012	0.88402
1217.93499994	0.908781
1219.94900012	2.516609
1221.93100023	2.855585
1224.09100008	2.501209
1225.93900013	3.101869
1227.94800019	3.315303
1229.97100019	0.254643
1231.93200016	2.524212
1234.01100016	2.936814
1235.94099998	3.729368
1237.93100023	3.811481
1239.94099998	4.276872
1241.93200016	4.339909
1243.95000005	4.339909
1245.93100023	3.835365
1247.93000007	0.718814
1249.92900014	2.80501
1251.93900013	2.687733
1253.94900012	4.664959
1255.94599986	3.791571
1257.93900013	3.791571
1259.94299984	4.287511
1261.94800019	0.811628
1263.95000005	3.474457
1265.89900017	0.028546
1267.93700004	3.513166
1269.93100023	3.513166
1271.94099998	3.513166
1273.94199991	3.686327
1275.94099998	3.489398
1277.96099997	3.740343
1279.93200016	1.577987
1281.94000006	4.268416
1283.97200012	3.312788
1285.96199989	2.720507
1287.96000004	3.624872
1289.94099998	3.624872
1291.93900013	3.624872
1293.93300009	4.466895
1295.96199989	3.666335
1297.94099998	4.478488
1299.94199991	4.092694
1301.93200016	5.137398
1303.93200016	1.280206
1305.93000007	1.267106
1307.93000007	4.035215
1309.92900014	0.892616
1311.94900012	2.332552
1313.92000008	0.833498
1315.93000007	0.026328
1317.93600011	2.258186
1319.93600011	2.61134
1321.93000007	1.9441
1323.94900012	1.405419
1325.93900013	3.319795
1327.93200016	1.275292
1329.93799996	1.52804
1331.94199991	4.105506
1333.93900013	0.80485
1335.94099998	4.510807
1337.93400002	0.725881
1339.93499994	2.430106
1342.18299985	0.034365
1343.93499994	3.65773
1346.32200003	0.589555
1348.25200009	0.647762
1349.94900012	2.091774
1352.19200015	1.002273
1353.97000003	1.252941
1356.19200015	0.063604
1358.21300006	3.683069
1360.18299985	0.535859
1362.20300007	2.468217
1364.25200009	2.749446
1366.21200013	4.255198
1368.22000003	2.592791
1370.20099998	1.820203
1372.2110002	5.158227
1374.19099998	3.519788
1376.22800016	4.883823
1378.33399987	1.217297
1380.2110002	3.622226
1382.23000002	3.265202
1384.2110002	0.644688
1386.34000015	3.106924
1388.25999999	0.031705
1390.2019999	3.187931
1392.2019999	4.839822
1394.21300006	4.282464
1396.25200009	0.981817
1398.21200013	0.053915
1400.2110002	2.058851
1402.2110002	0.003006
1404.18299985	3.802179
1406.19200015	3.910495
1408.19300008	0.023329
1410.20300007	0.566065
1412.19200015	4.180942
1414.18099999	0.027013
1416.19200015	0.223158
1418.20000005	0.203445
1420.19300008	0.172904
1422.18599987	4.534005
1424.03699994	0.105624
1426.19200015	2.808268
1428.17000008	3.897769
1430.17499995	0.799201
1432.19899988	0.130633
1434.19500017	1.910358
1436.25399995	4.150143
1438.19500017	2.620794
1440.20099998	4.609985
1442.19099998	3.964312
1444.18400002	5.334108
1446.48900008	1.060163
1448.23600006	0.25521
1450.33100009	0.017435
1452.19099998	1.37619
1454.23000002	0.014624
1456.19000006	1.126477
1458.18299985	1.808386
1460.21300006	4.019715
1462.18099999	3.094921
1464.18900013	2.403877
1466.20099998	4.261005
1468.18299985	3.990629
1470.22000003	3.697282
1472.23099995	2.321765
1474.22000003	0.124792
1476.18199992	1.272732
1478.2110002	0.012007
1480.19200015	3.855891
1482.18099999	3.943499
1484.19200015	0.107058
1486.19000006	0.022552
1488.21200013	0.011906
1490.33200002	2.833635
1492.19300008	0.538283
1494.20300007	2.536972
1496.21300006	2.751611
1498.18900013	0.082845
1500.18199992	0.046151
1502.18900013	1.084802
1504.22900009	0.202041
1506.21000004	0.085519
1508.18299985	0.052931
1510.18299985	0.097003
1512.44599986	0.100316
1514.32300019	3.206356
1516.6099999	0.221959
1519.24000001	0.976221
1521.79799986	0.542952
1523.52200007	0.070943
1525.41600013	0.737567
1527.0400002	2.534356
1528.26300001	0.750051
1530.2110002	0.905333
1532.19200015	0.554382
1534.20000005	2.98272
1536.19400001	1.435214
1538.19799995	2.229832
1540.19000006	0.015258
1542.22299981	0.862277
1544.18199992	2.367511
1546.33900023	0.01456
1548.25999999	0.07304
1550.18400002	0.026876
1552.24000001	0.098469
1554.18400002	0.037413
1556.2019999	1.184534
1558.19200015	0.052716
1560.2190001	1.178366
1562.18000007	1.726341
1564.25399995	2.050347
1566.2019999	3.096159
1568.19899988	0.069402
1570.18400002	0.034253
1572.19400001	0.271479
1574.19099998	3.454909
1576.24000001	0.703672
1578.2019999	0.765654
1580.18299985	2.964646
1582.22000003	2.408956
1584.22299981	3.267256
1586.32300019	3.422425
1588.25100017	4.229904
1590.2110002	4.984269
1592.21300006	0.046431
1594.39300013	0.009837
1596.19300008	1.54661
1598.35800004	0.09262
1600.19700003	0.018553
1602.46399999	2.691043
1604.25300002	0.264832
1606.4920001	1.856473
1608.4690001	0.02916
1610.44199991	0.016733
1612.43099999	0.778281
1614.42400002	1.454817
1616.35500026	0.066723
1618.44900012	0.423727
1621.27699995	0.029673
1622.76099992	0.355015
1624.47099996	2.590675
1626.47099996	0.303483
1628.55299997	0.03278
1630.62299991	0.095983
1632.41700006	0.195642
1634.4690001	2.502925
1636.829	0.037428
1638.49300003	3.034054
1640.47099996	0.768366
1642.47099996	2.736128
1644.46000004	1.202501
1646.46299982	2.358285
1648.45300007	1.744344
1650.44099998	4.965871
1652.47099996	3.921476
1654.5	1.027431
1656.45300007	0.016482
1658.45200014	0.072697
1660.58200002	0.014805
1662.44900012	0.01357
1664.28999996	0.799648
1666.44199991	0.974658
1668.47899985	0.222504
1670.4920001	0.753078
1672.47200012	0.100373
1674.43300009	0.653275
1676.43200016	0.408814
1678.46399999	0.031928
1680.45900011	0.077469
1682.43000007	3.031
1684.46099997	2.979863
1686.46099997	3.590148
1688.33100009	4.120133
1690.43200016	4.482758
1692.43200016	4.658234
1694.43300009	1.563715
1696.44300008	0.720877
1698.42499995	2.830847
1700.42900014	2.355012
1702.42800021	0.218788
1704.4690001	3.891571
1706.43500018	0.18943
1708.42800021	1.800144
1710.43099999	0.401222
1712.44199991	0.030467
1714.398	0.113483
1718.09800005	0.05087
1721.50999999	0.034859
1728.94299984	0.481993
1731.31099987	0.626213
1732.79200006	1.122351
1734.14199996	0.537438
1735.55800009	0.382473
1737.48300028	1.143783
1740.12199998	0.002577
1741.51200008	0.093675
1742.95500016	0.098329
1744.61400008	0.08001
1745.82800007	1.971219
1746.8920002	0.727223
1747.71399999	1.382344
1748.90199995	0.192356
1750.3499999	0.745707
1751.6309998	1.285628
1752.45100021	5.300996
1754.47000003	0.136567
1756.44000006	2.829938
1758.44900012	1.02664
1760.40300012	4.640951
1762.43200016	1.225959
1764.44099998	0.228883
1766.43300009	3.529811
1768.44099998	0.974619
1770.44099998	0.669258
1772.46700025	3.852797
1774.43300009	2.295013
1776.47000003	3.925973
1778.46199989	0.055907
1780.43200016	0.806486
1782.43300009	0.316397
1784.43400002	0.905593
1786.42400002	0.177324
1788.57200003	0.099712
1790.49300003	0.238485
1792.46399999	0.613553
1794.44300008	1.957976
1796.42299986	5.061097
1798.44900012	0.058973
1800.47000003	3.345291
1802.45200014	2.495752
1804.44700003	0.745417
1806.43400002	0.509184
1808.44099998	0.015147
1810.43799996	0.160295
1812.40899992	2.312371
1814.47200012	0.529046
1816.42199993	2.715183
1818.44800019	1.592511
1820.42199993	2.081643
1822.50099993	0.492325
1824.46299982	0.033656
1826.44300008	1.312699
1828.58100009	0.098749
1830.43300009	0.072187
1832.44199991	2.46479
1834.46199989	3.544038
1836.45499992	0.929268
1838.49300003	1.724934
1840.44199991	4.283743
1842.45100021	2.224088
1844.46199989	3.696019
1846.42299986	3.89213
1848.43300009	3.552017
1850.43799996	4.885202
1852.43000007	2.027903
1854.43400002	4.181382
1856.44300008	2.461004
1858.68499994	0.104099
1860.69499993	1.041821
1862.69300008	4.080183
1864.68199992	0.129376
1866.6730001	0.018398
1868.68599987	0.100282
1870.69200015	0.010116
1872.74099994	0.123523
1874.71300006	1.210061
1876.71300006	1.11842
1878.69300008	4.612499
1880.6730001	0.773834
1882.71300006	0.873102
1884.72000003	0.239297
1886.71200013	0.054394
1888.69100022	0.148386
1890.71200013	1.428498
1892.71899986	0.02506
1894.65799999	5.605276
1896.70000005	4.990481
1898.69900012	4.691998
1900.71000004	3.989931
1902.71200013	5.04705
1904.67799997	0.849226
1906.71200013	2.923348
1908.71099997	4.518082
1910.83099985	2.151867
1912.68000007	0.027696
1914.70800018	4.238689
1916.72199988	1.891883
1918.60000014	0.812473
1920.72000003	1.472625
1922.71700001	4.673359
1924.69200015	0.019787
1926.70099998	0.010694
1928.6730001	0.747471
1930.71300006	2.5371
1932.68300009	4.413266
1934.69200015	0.036908
1936.68300009	0.981531
1938.69300008	1.492394
1940.6869998	4.142795
1942.57900023	1.168095
1944.71000004	0.617519
1946.71399999	0.18286
1948.71399999	0.019795
1950.8210001	0.157135
1952.73200011	0.019131
1954.71200013	2.061893
1956.6730001	1.005404
1958.70099998	0.033957
1960.69400001	0.086492
1962.68300009	0.022796
1964.68599987	0.942201
1966.69100022	4.391723
1968.71000004	3.50121
1970.67700005	0.458464
1972.93799996	1.56387
1975.57399988	1.432934
1976.7349999	2.7661
1978.68099999	0.946234
1980.6730001	0.213257
1982.68300009	0.07424
1984.74199986	2.482217
1986.7019999	2.991158
1988.68300009	4.045955
1990.67200017	3.290432
1992.68300009	4.259953
1994.671	0.310319
1996.68300009	0.920294
1998.68099999	0.022596
2000.7019999	0.73844
2002.67200017	0.013795
2004.704	0.030141
2007.0389998	0.231443
2008.7019999	0.057608
2010.78200006	0.136335
2014.9749999	0.024855
2018.99600005	0.169166
2021.05200005	0.290377
2022.91300011	0.014925
2025.72199988	0.831859
2035.5480001	0.423513
2036.74199986	0.153191
2037.37900019	0.113643
2037.92000008	0.268856
2038.5630002	1.830736
2039.3349998	0.155927
2040.30700016	0.041019
2043.88999987	0.207855
2046.64699984	0.807005
2050.11500025	0.067546
2053.27799988	0.054131
2055.10299993	0.534262
2057.25900006	0.111135
2059.57299995	0.129928
2062.05499983	0.019189
2063.48699999	0.277047
2064.954	0.494484
2066.80900002	1.041846
2068.23000002	1.403441
2069.47500014	1.195214
2070.42199993	1.74573
2071.38100004	1.918042
2072.53499985	3.190031
2073.64300013	3.676457
2074.96099997	3.558282
2075.86899996	5.098077
2076.65200019	0.959235
2076.92199993	5.985769
2078.7019999	5.757289
2080.73200011	2.66289
2082.71200013	2.040536
2084.71200013	2.3013
2086.68199992	0.909318
2088.73300004	4.097266
2090.66499996	1.692374
2092.68000007	3.476821
2094.81900024	1.829305
2096.73300004	0.82444
2098.68199992	0.103086
2100.71300006	0.263739
2102.82000017	0.172533
2104.74199986	0.014438
2106.7019999	1.916607
2108.9230001	3.997305
2110.69000006	2.490239
2112.97200012	5.097799
2114.93499994	3.606956
2116.96199989	0.464642
2118.92800021	0.012886
2120.94499993	0.020225
2122.92199993	0.438392
2124.95099998	0.55699
2126.94299984	0.058694
2128.93600011	1.074705
2130.98000002	0.032668
2132.95300007	0.63815
2134.93200016	0.596507
2136.94000006	3.842207
2138.93799996	0.052029
2140.93400002	1.271924
2142.93700004	3.269137
2144.93200016	0.069816
2146.94099998	0.010967
2148.74700022	1.228493
2151.30900002	0.180541
2153.08100009	0.057066
2154.92199993	0.319506
2156.95300007	1.82361
2158.97000003	3.702782
2160.93200016	4.157592
2162.95700002	1.238383
2164.96099997	1.425519
2166.96099997	0.025942
2168.93300009	4.28514
2170.92800021	1.673799
2172.96199989	3.702717
2174.95000005	3.865761
2176.98000002	3.602619
2178.97100019	4.320416
2180.93100023	0.377109
2182.95099998	0.937267
2185.05100012	3.59443
2186.97100019	3.185647
2188.93100023	3.483223
2190.92199993	3.483223
2192.91600013	3.483223
2194.92400002	0.006137
2197.53900027	0.723963
2198.93400002	2.07981
2200.92800021	0.843405
2202.97200012	1.988836
2204.97100019	1.423149
2206.93100023	1.834462
2208.94199991	1.834462
2210.95200014	0.013213
2212.93300009	0.312695
2214.95300007	0.033642
2216.93600011	0.756343
2218.97200012	1.780909
2220.95099998	3.718976
2222.93200016	0.428762
2224.93200016	2.184675
2226.93700004	0.099106
2228.91600013	3.851726
2230.94000006	0.012532
2232.93100023	0.018769
2234.93600011	2.859803
2236.91799998	3.380717
2238.93600011	3.380717
2240.92400002	3.380717
2242.91899991	2.59024
2244.92699981	1.577861
2246.93200016	1.343494
2248.93200016	1.615492
2250.97100019	0.990731
2252.93900013	3.123759
2254.96099997	3.975044
2256.9690001	3.998087
2258.97100019	4.33831
2260.96099997	3.523925
2262.93000007	3.523925
2264.92900014	3.523925
2266.93900013	3.523925
2268.92900014	3.523925
2270.93100023	4.206233
2272.97100019	4.423119
2274.97100019	4.336304
2276.92199993	3.895181
2278.95300007	3.093291
2280.97900009	3.797791
2282.94800019	1.893533
2284.96099997	0.019525
2286.96000004	4.051537
2288.93200016	2.605715
2290.93900013	2.642503
2292.921	2.642503
2294.93100023	4.118985
2296.9690001	3.267003
2298.95099998	3.267003
2300.94099998	4.451005
2302.95099998	4.005369
2304.93300009	0.665446
2306.97300005	0.113138
2308.97300005	0.556754
2310.9230001	0.373383
2312.93100023	1.742462
2314.97200012	0.149958
2316.96399999	4.130496
2318.954	0.099502
2321.05200005	0.184907
2322.97300005	1.420092
2324.93300009	5.760958
2326.9690001	4.361101
2328.94199991	5.331421
2330.97100019	0.219339
2332.96000004	3.929888
2334.93100023	3.840721
2336.94199991	2.669445
2338.97200012	0.889672
2340.96199989	0.362871
2342.94000006	0.569053
2345.05200005	0.356484
2346.94400001	0.385234
2348.97200012	2.242466
2350.954	0.934217
2353.06800008	0.200101
2354.98000002	3.439302
2357.18099999	0.283838
2359.18000007	3.71797
2360.94499993	0.887745
2363.21399999	2.050159
2365.02800012	3.562244
2367.18499994	3.988934
2369.17200017	2.57179
2371.20300007	0.017302
2373.21200013	0.153495
2375.19000006	0.051195
2377.09200001	0.01314
2379.40199995	0.027981
2381.52100015	0.044702
2383.7019999	0.167124
2385.43799996	2.302251
2387.30000019	2.499593
2389.02900004	2.593371
2391.16900015	2.789705
2393.17700005	4.33717
2395.1730001	3.484719
2397.21200013	0.065209
2399.22900009	1.285105
2401.21000004	0.771138
2403.90299988	0.014027
2407.58200002	0.384192
2409.89300013	0.357818
2412.04100013	0.156193
2414.05299997	3.776543
2415.35399985	2.540848
2416.26200008	4.530248
2417.15899992	0.543524
2419.29200006	2.480856
2421.19200015	4.977964
2423.2110002	0.691239
2425.18499994	0.141428
2427.21200013	5.216457
2429.21300006	0.354291
2431.20300007	2.281732
2433.19000006	0.059265
2435.21200013	0.123566
2437.15400004	0.414586
2439.20300007	0.056788
2441.204	0.406616
2443.30200005	2.224532
2450.35600019	0.424112
2453.10299993	0.012511
2454.47799993	1.268681
2455.43899989	1.922161
2456.61300015	0.834203
2457.54200006	3.740001
2458.6170001	0.183444
2459.59200001	0.144149
2461.12100005	0.16154
2463.17400002	0.877384
2465.17400002	0.022741
2467.18199992	3.009299
2469.19000006	3.979561
2471.1880002	0.835002
2473.17200017	3.583983
2475.17200017	0.070493
2477.19000006	1.334754
2479.2110002	0.034425
2481.22000003	0.005928
2483.17200017	0.686853
2485.07800007	0.590165
2487.59700012	0.512536
2489.46700025	0.044664
2491.17200017	0.431384
2493.1730001	1.916435
2496.15100002	2.061198
2498.64400005	0.032392
2501.16300011	0.615559
2503.76999998	0.495171
2505.94000006	0.866326
2507.80900002	0.796054
2509.5	0.044224
2511.01300001	0.910878
2513.01499987	0.253904
2514.54900002	0.418991
2516.67700005	0.229305
2518.45900011	0.878388
2520.48699999	0.243196
2522.8670001	0.028928
2525.898	0.055947
2526.60300016	0.416766
2531.08599997	0.18249
2540.34599996	0.118652
2543.52100015	0.016237
2544.94099998	0.567142
2546.12899995	0.849865
2547.125	0.113127
2548.17799997	0.293451
2549.63200021	0.01817
2550.99799991	0.877859
2553.046	0.286689
2555.72000003	0.235837
2557.43400002	1.212113
2558.69900012	0.728366
2559.80900002	0.430154
2561.34299994	0.963763
2562.75	1.624536
2563.69400001	0.405436
2564.63400006	1.554512
2566.08599997	1.311951
2567.29100013	2.264308
2568.09499979	3.205992
2569.18099999	3.289194
2571.2019999	1.140311
2573.21300006	3.552398
2575.2019999	0.937262
2577.16499996	0.094511
2579.91400003	0.023442
2582.52400017	0.376929
2587.08300018	0.658589
2588.44900012	0.681881
2596.16599989	0.421396
2601.48099995	0.023253
2604.68199992	0.058814
2605.21799994	0.114128
2605.88999987	0.073847
2606.67799997	0.103432
2607.921	0.054992
2608.86100006	0.241409
2609.8499999	0.034714
2610.67600012	0.469733
2611.75200009	0.130505
2613.09299994	0.006027
2614.29200006	0.651301
2616.97100019	1.038185
2620.2190001	0.56348
2623.70099998	0.746685
2626.12199998	0.914087
2628.65799999	0.01291
2630.21200013	0.621528
2631.50700021	0.076949
2635.7579999	0.271947
2638.30400014	0.646085
2640.30800009	0.003248
2642.21000004	0.00195
2643.36500001	0.040094
2644.71500015	0.725691
2647.296	0.697442
2650.97200012	0.202889
2651.90400004	0.248864
2653.28600001	0.358619
2654.2019999	0.664367
2656.63800001	0.396249
2658.65499997	0.49196
2659.01200008	0.882834
2661.0539999	0.947166
2662.75300002	0.684233
2663.75500011	1.299486
2664.42700005	1.187235
2665.29399991	0.296703
2666.1170001	0.375446
2667.32800007	0.625539
2669.43099999	0.656606
2671.42400002	0.85177
2673.43899989	0.678234
2675.42700005	0.162052
2677.26400018	0.734908
2679.43899989	0.743627
2681.421	0.953022
2683.42900014	0.999816
2685.42299986	0.43248
2687.41799998	0.985647
2689.43200016	1.229416
2691.33800006	0.863493
2693.43400002	1.17737
2695.41799998	0.576147
2697.42499995	1.121561
2699.40799999	0.425605
2701.43099999	0.191428
2703.43000007	0.623333
2705.41900015	0.076118
2707.30000019	0.051901
2709.41600013	0.163668
2711.94499993	0.43631
2714.33200002	0.784182
2715.95700002	1.181963
2717.43200016	0.7421
2719.42000008	1.3234
2721.43000007	2.094026
2723.29699993	0.027627
2725.42499995	1.428659
2727.42299986	1.286825
2729.43600011	1.311092
2731.42299986	0.217243
2733.42199993	0.979466
2735.41799998	0.417084
2737.41900015	0.405675
2739.36899996	0.42682
2741.42900014	0.349909
2743.43300009	1.527764
2745.42800021	1.160099
2747.43099999	0.699061
2749.477	0.332877
2751.50900006	0.791247
2753.54400015	0.901412
2755.42499995	1.125213
2757.546	1.016689
2759.42000008	0.472268
2763.12000012	0.352225
2764.60300016	0.707077
2766.28300023	0.115204
2767.56200004	0.42028
2769.48699999	0.876399
2771.43300009	0.774772
2773.41700006	0.408217
2775.41700006	0.029802
2777.42599988	0.818214
2779.42700005	1.098565
2781.41799998	0.455415
2783.42000008	0.664991
2785.44400001	0.664991
2787.36500001	0.866185
2789.41799998	0.032866
2791.50199986	0.380443
2793.53299999	0.550042
2796.05200005	0.441095
2799.04200006	1.062846
2801.20800018	0.132658
2803.02000022	0.757072
2805.09200001	0.257203
2807.29799986	0.269334
2809.72300005	0.061756
2812.11199999	1.311989
2814.41000009	0.019782
2818.82200003	0.32326
2826.95000005	0.271828
2831.63300014	0.228579
2832.58400011	0.364351
2833.09100008	0.635167
2833.62299991	0.567257
2835.48900008	0.060347
2837.94400001	0.146342
2839.50500011	0.452599
2840.95799994	0.718174
2842.30100012	0.398051
2843.28600001	1.019612
2844.37800002	0.533326
2845.704	1.390975
2847.63899994	1.216798
2849.81399989	0.196896
2851.92699981	0.897358
2853.65100026	1.721834
2856.22199988	1.454669
2857.20300007	0.107415
2859.57299995	0.205177
2863.41700006	0.091144
2866.19700003	0.098023
2868.6309998	0.60118
2870.13100028	0.013187
2872.19500017	0.029861
2873.62400007	0.364319
2877.11800003	0.183954
2879.12699986	1.058108
2882.04100013	0.53469
2884.99099994	0.573923
2886.5710001	0.826516
2889.01699996	0.093577
2891.48000002	0.48584
2893.01799989	0.283167
2894.41200018	0.071038
2896.1880002	0.089375
2899.09700012	0.59131
2900.17400002	1.35411
2902.00800014	1.597438
2903.90700006	1.093679
2905.71200013	0.356352
2907.15400004	1.409499
2908.06200004	0.309034
2909.77100015	0.014588
2911.50800014	0.285358
2913.01699996	0.034916
2914.16499996	0.094041
2915.41000009	0.073158
2916.92000008	0.052232
2919.7349999	0.153711
2922.08899999	0.029583
2926.58999991	0.156324
2929.41700006	0.68217
2932.046	0.270837
2934.37700009	0.691642
2936.36199999	0.218303
2937.12800002	0.159706
2944.15500021	0.029473
2944.98800015	0.014523
2945.94199991	0.030648
2946.62400007	0.125032
2947.15700006	0.270468
2948.21700001	0.478509
2948.86800003	0.759302
2950.94900012	0.560168
2953.24199986	0.060962
2956.33200002	0.386624
2960.09200001	0.207063
2963.75	0.487118
2965.89600015	0.523054
2966.78600001	1.006982
2967.69200015	0.224902
2970.09200001	0.046387
2974.97399998	0.071656
2978.60699987	0.357506
2980.11500025	0.156994
2980.921	0.150224
2981.921	0.052983
2982.58899999	0.693219
2984.03600001	0.12807
2985.25499988	0.686908
2986.51099992	0.484925
2988.28600001	0.705238
2988.38499999	0.705238
2990.11899996	1.234085
2991.22099996	2.476983
2992.28200006	0.760378
2993.28300023	1.246878
2994.35099983	2.050995
2996.30599999	0.807633
2998.00800014	0.072445
2999.14199996	1.226753
3000.42199993	1.426106
3002.42299986	0.425541
3004.43099999	2.288346
3006.5	2.314141
3008.68400002	1.243992
3010.81200004	0.001824
3012.43099999	1.614193
3015.24300027	0.45814
3017.2110002	1.384595
3019.23200011	0.521037
3021.97200012	0.848334
3025.75699997	0.128931
3028.93900013	0.53332
3030.90100002	0.713383
3032.03200006	1.528647
3033.04200006	1.574853
3033.98400021	1.96639
3035.34000015	0.733585
3037.23099995	0.292104
3040.05299997	0.836068
3042.23899984	0.444248
3045.02100015	0.456809
3047.40899992	0.314921
3049.82000017	0.33934
3052.921	0.182877
3056.00099993	0.81794
3059.3920002	1.669207
3061.38999987	2.682863
3062.8360002	1.89159
3063.65700006	4.083736
3064.23500013	3.876913
3064.59099984	4.497012
3065.05200005	4.101161
3066.51399994	1.790637
3068.69900012	1.601547
3070.68000007	3.354259
3072.66199994	0.017065
3074.671	0.593934
3076.68099999	1.958685
3078.67200017	3.493804
3080.67200017	0.009925
3082.67799997	0.043497
3084.68000007	0.699479
3086.81200004	0.109333
3088.6730001	0.392621
3090.54900002	0.83428
3092.67200017	3.063041
3094.67000008	0.076813
3096.67200017	0.165886
3098.67600012	0.511496
3100.7019999	0.874228
3102.69300008	0.090032
3104.671	0.020984
3106.66199994	0.079948
3108.66400003	0.036778
3110.66400003	0.436445
3112.67400002	2.102279
3114.53799987	0.826805
3116.65700006	0.150056
3118.67799997	0.285289
3120.66700006	0.152917
3122.69300008	0.466531
3124.68300009	4.628728
3126.68000007	1.726288
3128.67200017	0.802411
3130.66299987	0.037453
3132.70099998	4.203352
3134.68900013	2.953597
3136.66799998	0.024973
3138.68000007	0.743327
3140.68099999	0.016958
3142.81399989	0.02024
3144.73200011	0.090389
3146.7019999	0.215339
3148.6730001	0.090198
3150.66299987	0.124906
3152.73300004	3.725501
3154.7019999	4.312754
3156.69100022	5.093313
3158.66799998	0.012009
3160.829	0.038939
3162.66599989	0.932795
3165.02999997	0.172599
3166.75300002	0.047902
3168.80500007	0.57316
3171.148	0.117297
3172.82200003	1.374423
3174.71000004	1.178604
3176.72300005	1.026012
3178.69000006	0.197379
3180.7019999	4.772415
3182.69200015	0.853213
3184.67000008	2.134181
3186.63300014	0.023373
3188.67200017	0.950721
3190.68000007	0.301454
3192.68000007	0.023028
3194.66299987	0.053501
3196.68099999	0.714586
3198.67500019	2.313459
3200.66900015	0.124654
3202.67200017	1.044064
3204.66499996	3.111286
3206.67000008	2.154708
3208.66400003	2.915807
3210.65400004	2.795259
3212.6789999	2.054002
3214.66700006	0.28001
3216.65900016	0.929465
3218.69900012	0.721495
3220.66199994	0.035403
3222.81200004	0.275637
3224.73399997	0.070199
3226.70099998	0.152025
3228.7019999	0.617429
3230.81399989	0.286842
3232.73200011	1.79995
3234.671	0.040985
3236.66400003	4.477611
3238.6869998	1.009767
3240.83399987	2.158192
3243.73900008	0.3664
3245.10000014	0.060608
3246.66700006	0.37393
3248.73200011	0.116521
3250.66400003	0.906506
3252.68000007	2.508607
3256.01200008	2.150526
3258.41200018	1.30336
3259.81900024	0.150576
3260.66499996	0.065024
3262.67200017	0.198076
3264.91300011	0.363183
3266.78000021	0.025101
3268.76200008	0.211287
3270.954	0.172943
3272.85600019	4.965866
3274.97200012	4.364284
3276.95099998	0.280492
3278.94099998	1.003145
3280.91300011	1.804462
3282.93200016	0.036267
3284.93600011	4.577281
3286.91300011	3.141428
3289.05100012	4.092795
3290.921	5.221878
3292.91100001	5.23392
3294.921	6.001218
3296.921	3.275629
3298.97900009	0.016316
3300.95099998	3.001064
3302.95899987	0.827911
3304.93100023	1.697467
3306.98000002	0.187998
3308.954	0.056407
3311.53699994	0.019144
3312.93000007	0.107382
3314.97300005	0.090529
3317.89400005	0.390297
3321.07299995	0.076727
3322.87700009	1.706968
3324.29100013	0.37939
3326.00099993	1.92087
3327.54500008	0.086968
3329.12000012	0.053862
3333.20900011	0.642538
3337.0389998	0.265369
3341.04900002	0.0512
3344.09700012	1.297588
3347.80800009	0.303658
3351.125	0.707423
3354.57200003	0.614744
3356.46099997	0.905155
3357.20000005	0.725018
3358.22700024	0.110475
3359.50900006	0.204244
3361.09800005	0.283783
3362.77100015	1.271965
3364.75999999	1.022674
3366.46800017	0.010509
3368.11099982	0.532992
3368.90499997	1.66401
3371.43400002	0.400418
3375.04200006	0.055757
3376.602	0.724923
3377.671	0.646782
3380.3920002	0.041303
3382.41499996	0.645925
3385.04200006	0.087017
3388.91600013	0.246652
3391.27699995	0.903329
3393.00099993	0.033866
3394.47200012	0.124668
3396.24199986	1.258589
3397.773	1.084408
3399.4690001	0.296364
3400.77100015	2.1865
3401.6309998	1.678343
3403.02900004	1.481285
3408.46000004	1.244137
3409.94599986	1.88672
3411.38199997	1.171641
3412.99000001	1.672162
3413.65200019	0.634824
3414.58500004	0.24117
3415.65499997	0.01618
3416.15600014	1.811634
3416.773	0.34038
3417.29100013	1.755773
3418.97900009	1.507927
3420.91200018	1.566656
3422.92400002	0.128393
3424.93100023	1.629296
3426.9230001	2.226073
3428.92599988	2.019302
3430.91100001	0.337659
3432.91000009	0.98435
3434.921	0.88841
3436.91799998	0.307846
3438.91600013	1.121449
3440.93799996	0.796542
3442.98500013	1.036585
3444.92499995	0.14159
3446.94099998	1.109298
3448.9150002	0.130614
3450.91799998	1.744194
3452.92900014	2.2002
3454.91200018	1.598967
3457.05299997	1.353564
3458.98400021	1.257082
3460.921	1.926078
3462.95099998	0.632193
3464.91100001	1.310317
3466.93900013	0.315623
3468.94099998	1.576785
3470.91300011	0.155689
3472.93900013	0.498506
3474.97100019	1.375441
3476.9150002	0.024237
3478.93100023	1.028965
3480.93000007	0.598376
3483.33800006	1.475852
3484.94900012	1.287973
3486.92199993	0.317331
3488.91100001	0.664757
3490.91600013	1.680541
3492.92900014	0.1422
3494.92400002	0.92332
3496.9150002	1.014768
3498.92499995	0.301836
3500.91100001	1.026481
3502.91000009	0.661195
3504.91000009	0.48896
3506.91700006	1.141961
3508.9150002	0.194001
3510.91799998	0.668671
3512.92000008	0.436097
3515.01900005	0.630495
3517.16699982	0.673902
3519.30500007	0.430204
3521.16900015	0.105101
3523.09299994	0.79657
3525.17000008	0.988007
3527.20900011	0.447645
3529.16100001	1.276331
3531.16000009	1.203541
3533.12100005	0.648702
3535.16199994	1.162238
3537.1170001	0.789473
3540.18900013	0.737299
3543.27200007	0.042693
3546.64400005	1.223085
3549.36000013	1.163989
3552.16199994	0.352412
3555.04400015	0.477262
3558.50300002	0.647764
3561.99399996	0.073173
3564.70700026	0.013861
3566.1099999	0.613748
3568.61100006	0.798995
3569.88499999	0.547011
3571.08200002	0.579741
3573.69499993	0.307442
3576.06200004	0.873921
3578.09600019	1.14098
3582.53399992	0.751469
3583.95899987	0.833156
3584.86100006	0.479298
3585.49900007	2.1537
3587.91000009	0.709291
3589.41100025	2.562438
3590.51200008	2.426392
3591.12999988	1.40801
3591.33299994	1.40801
3591.47799993	1.40801
3591.72500014	1.40801
3593.16499996	1.40801
3595.16599989	0.006108
3597.17000008	1.196898
3599.16100001	0.024957
3601.20099998	0.53775
3603.18199992	1.199833
3605.17100024	1.669436
3607.79799986	0.176115
3612.82200003	0.269754
3617.23500013	0.112604
3620.04999995	0.904766
3622.73699999	0.3829
3625.72500014	0.805311
3629.83200002	0.39578
3631.6789999	0.611511
3633.29699993	0.226574
3635.04100013	0.076149
3636.13400006	0.545095
3637.65799999	0.303319
3638.98099995	0.286631
3640.31700015	0.686743
3642.07099986	0.036077
3644.44800019	0.405088
3647.01200008	1.363514
3649.98400021	0.448424
3653.76900005	0.228355
3657.69900012	0.13636
3660.65700006	0.232883
3661.398	0.693215
3662.36400008	0.874081
3663.62899995	0.620245
3665.50700021	0.019298
3667.38999987	0.563232
3671.1170001	0.282557
3672.58500004	0.637334
3673.84300017	0.726057
3674.79399991	1.076269
3675.85500002	1.552425
3676.58100009	0.887937
3677.34100008	2.786434
3677.921	3.4652
3678.47799993	2.259554
3678.92000008	4.529643
3679.28200006	4.214865
3681.16100001	4.685411
3683.16400003	3.838926
3685.17499995	0.014954
3687.19200015	0.04179
3689.17100024	3.96638
3691.30100012	2.792937
3693.19099998	3.250814
3695.20099998	4.052781
3697.20900011	5.119879
3699.18099999	1.612845
3701.2110002	0.907102
3703.19099998	0.105242
3705.12000012	0.036386
3707.18299985	0.18986
3709.16300011	0.019653
3711.16199994	0.574438
3713.16499996	0.342865
3715.17100024	0.177416
3717.16699982	0.029494
3719.20099998	0.181976
3721.16199994	2.26317
3723.66299987	0.311392
3726.23000002	0.047305
3728.08500004	1.330552
3729.16199994	0.811043
3731.19200015	0.026974
3733.16300011	2.325424
3735.19200015	0.06833
3737.2019999	0.18474
3739.17100024	0.199176
3741.16499996	1.662876
3743.16699982	0.059426
3745.16100001	0.527259
3747.17000008	0.107237
3749.16300011	0.161777
3751.16300011	1.133347
3753.19099998	0.978472
3755.18199992	3.45481
3757.15400004	1.998843
3759.17799997	1.774942
3761.17200017	1.554197
3763.15200019	0.011063
3765.17100024	2.756797
3767.45200014	2.64784
3769.44900012	2.741299
3771.17200017	1.643288
3773.54100013	1.684508
3775.45200014	3.317841
3777.44099998	3.952437
3779.41100025	0.031137
3781.53100014	2.178758
3783.421	0.019624
3785.40300012	2.523156
3787.41900015	0.037981
3789.42299986	4.241956
3791.29699993	1.692758
3793.41100025	0.09824
3795.41499996	1.654773
3797.43000007	1.380036
3799.41499996	1.343215
3801.40199995	0.15321
3803.42800021	0.896121
3805.42700005	0.897752
3807.42299986	0.421557
3809.42000008	2.484726
3811.41900015	0.012739
3813.41200018	0.408535
3815.37200022	0.029812
3817.43300009	0.069137
3819.43200016	4.984325
3821.43500018	0.015587
3823.45900011	1.52301
3825.43099999	1.206508
3827.43099999	2.16714
3829.40400004	1.983811
3831.50800014	1.119882
3833.41600013	1.302034
3835.43000007	0.020297
3837.43099999	0.03934
3839.42599988	1.38887
3841.41700006	1.799239
3843.76099992	3.402078
3845.352	3.073383
3847.41200018	2.877447
3849.43099999	2.509699
3851.41100025	0.455399
3853.53100014	2.141995
3855.45100021	0.580973
3857.44300008	0.159549
3859.42299986	3.535325
3861.42900014	0.079384
3863.2670002	0.881542
3865.41200018	0.095561
3867.40400004	0.080147
3869.45300007	0.04789
3871.45200014	0.003225
3873.44300008	0.013856
3875.45100021	0.085592
3877.41200018	0.030793
3879.45900011	5.378037
3881.45300007	3.274347
3883.41100025	2.754583
3885.53100014	6.167856
3887.42199993	0.874601
3889.46500015	0.09467
3891.44199991	1.44553
3893.53100014	3.173957
3895.45300007	0.251681
3897.44199991	0.067426
3899.44199991	0.148379
3901.42000008	0.056169
3903.42800021	0.344572
3905.43300009	1.053139
3907.43200016	1.874448
3909.53200006	3.757677
3911.41200018	0.017687
3913.44199991	4.04839
3915.42199993	0.391984
3917.41900015	0.692879
3919.41200018	3.732813
3921.421	4.574865
3923.42900014	3.002756
3925.42599988	4.181438
3927.40100002	0.036172
3929.41000009	3.358383
3931.40499997	0.728119
3933.42900014	3.981558
3935.41100025	3.224409
3937.44099998	4.705102
3939.44900012	3.750845
3941.42900014	4.66945
3943.40699983	4.694431
3945.43200016	0.655608
3947.44199991	0.041763
3949.45300007	0.16597
3951.89900017	0.153475
3953.46000004	5.011745
3955.77699995	0.738507
3957.44900012	0.868148
3959.41100025	2.435027
3961.44700003	2.441762
3963.43099999	1.750234
3965.43099999	2.861626
3967.41300011	3.864692
3969.43099999	3.19763
3971.44099998	2.502619
3973.40199995	2.838949
3975.42800021	0.007373
3977.45000005	0.045083
3979.43200016	2.50062
3981.42400002	2.094951
3983.40300012	0.048997
3985.41200018	3.709553
3987.43300009	1.100298
3989.41400003	0.028161
3991.41200018	0.931605
3993.41400003	2.523047
3995.44199991	0.304092
3997.42299986	4.524094
3999.40799999	0.134713
4001.42400002	3.201146
4003.41200018	1.263086
4005.42000008	4.166064
4007.40499997	0.027665
4009.41499996	4.188693
4011.45300007	2.486393
4013.44000006	1.087928
4015.41400003	0.023079
4017.42199993	0.04482
4019.66199994	0.057354
4021.46800017	0.145192
4023.78100014	0.629223
4025.66299987	4.298266
4027.66000009	0.047693
4029.53200006	3.256478
4031.78000021	4.465864
4033.66100001	3.708618
4035.66199994	0.009206
4037.66499996	0.449489
4039.78100014	4.640652
4041.66199994	2.884649
4043.7019999	0.143449
4045.87400007	1.1424
4047.69200015	1.482951
4049.67200017	3.650689
4051.69300008	3.597657
4053.69300008	3.155544
4055.51399994	1.608163
4057.69300008	0.881861
4059.69400001	3.591113
4061.70099998	0.015069
4063.66499996	0.040923
4065.671	0.024079
4067.66400003	0.017732
4069.68199992	2.897806
4071.68300009	3.937524
4073.97399998	5.110451
4075.6730001	5.118447
4077.6730001	1.547141
4079.773	4.035087
4081.66299987	0.038087
4083.64899993	0.740782
4085.64999986	1.968474
4087.66100001	2.417321
4089.66900015	0.053261
4091.66000009	3.417114
4093.65799999	0.055175
4095.66100001	0.026475
4097.65799999	2.227431
4099.6880002	0.212746
4101.65600014	3.220722
4103.5400002	3.064602
4105.66000009	3.840833
4107.65300012	2.057491
4109.66199994	1.022679
4111.66199994	0.107614
4113.65300012	0.048697
4115.68099999	3.077864
4117.66599989	0.295714
4119.66199994	0.362484
4121.65100026	3.639726
4123.66199994	0.760763
4125.66199994	2.631841
4127.78000021	2.215941
4129.69300008	0.076617
4131.70000005	3.766509
4133.69200015	1.448143
4135.69300008	2.315406
4137.70600009	0.077968
4139.69400001	3.338805
4141.69200015	2.941712
4143.77100015	4.120679
4145.69100022	0.068015
4147.69000006	0.911123
4149.69400001	0.060154
4151.65400004	0.910942
4153.66299987	0.037365
4155.68000007	1.40362
4157.68300009	0.233562
4159.6730001	0.01697
4161.70000005	1.155095
4163.67000008	0.936049
4165.70000005	1.631557
4167.773	1.433035
4169.71600008	0.701569
4171.7019999	1.574074
4173.671	4.496453
4175.773	0.085506
4177.69300008	0.107292
4179.70099998	3.609321
4181.70000005	5.304387
4183.773	3.967451
4185.69200015	0.0599
4187.66700006	4.440267
4189.67200017	0.175909
4191.78000021	0.132661
4193.66299987	4.772794
4195.67200017	4.60794
4197.67200017	0.031108
4199.69200015	5.54867
4201.66299987	5.193465
4203.66299987	5.373342
4205.66400003	4.741354
4207.65100026	1.068904
4209.65100026	0.027596
4211.66100001	3.761753
4213.66000009	3.426403
4215.64999986	4.47395
4217.66100001	0.031859
4219.96800017	0.036834
4221.66199994	0.338834
4223.66100001	0.834106
4225.69200015	2.960064
4227.69200015	4.086794
4229.70000005	0.601409
4231.773	4.762688
4233.69000006	0.026832
4235.69200015	0.93887
4237.66100001	2.786346
4239.69200015	1.389398
4241.66599989	0.271428
4243.69300008	0.973264
4245.671	3.146364
4247.68000007	1.280279
4249.69300008	3.334681
4251.68499994	1.225342
4253.69900012	4.044075
4255.69300008	0.808139
4257.69200015	0.032427
4259.69300008	0.061529
4261.66199994	4.837665
4263.69400001	4.061139
4265.69100022	4.993013
4267.69200015	5.234728
4269.68000007	4.194956
4271.66900015	0.744607
4273.6789999	2.113479
4275.93200016	1.907056
4277.94000006	2.998585
4279.94499993	1.145198
4281.91899991	2.815384
4283.6789999	2.4178
4285.79299998	3.515297
4287.9150002	2.508281
4290.01100016	0.009961
4291.90100002	3.270275
4293.92000008	3.555081
4295.91000009	4.244602
4297.91200018	4.06327
4299.91100001	4.731957
4301.91300011	1.866089
4303.90499997	1.866089
4305.921	3.674064
4307.91200018	2.76084
4309.77900028	3.376339
4311.90299988	3.937184
4313.91200018	0.049187
4315.91000009	3.684623
4317.91300011	3.858098
4319.8920002	4.867913
4321.91100001	2.234005
4323.93100023	4.938705
4325.94000006	0.935749
4327.93100023	3.568474
4329.93100023	5.022633
4331.93499994	4.112197
4333.80200005	4.112197
4335.921	1.94669
4337.93900013	0.211487
4339.94000006	4.183583
4341.93100023	4.425998
4343.92000008	4.222341
4345.93799996	2.66075
4347.93000007	3.184536
4349.93100023	3.184536
4351.90499997	1.899029
4353.93200016	3.10746
4355.93200016	2.978114
4357.78100014	2.559241
4359.93200016	3.237605
4361.95099998	3.15642
4363.93100023	3.402218
4365.95700002	3.513159
4367.93100023	2.771265
4369.90100002	2.771265
4371.93200016	2.411463
4373.91899991	3.671855
4375.91100001	3.671855
4377.92000008	3.671855
4379.91899991	3.671855
4381.92199993	2.914842
4383.90700006	0.06175
4385.9059999	1.488148
4387.9150002	4.539285
4389.90700006	2.68903
4391.90499997	3.873774
4393.9059999	1.909046
4395.90199995	3.189522
4397.91300011	4.101886
4399.90299988	0.054195
4401.90299988	4.083781
4403.921	0.039338
4405.921	0.803114
4407.93300009	4.229085
4409.91200018	4.415428
4411.93200016	4.097509
4413.93100023	3.332608
4415.9000001	0.99071
4417.93300009	2.579729
4419.94000006	0.446055
4421.95000005	3.590221
4423.93300009	4.097792
4425.91400003	0.843757
4427.91200018	1.21896
4429.91200018	6.235607
4431.8920002	0.124315
4433.93200016	4.076736
4435.93200016	1.093846
4437.93200016	4.511267
4439.90199995	0.797735
4442.01300001	0.192307
4443.921	4.427885
4445.95500016	5.697175
4448.09399986	0.076431
4450.01900005	5.147507
4451.91200018	4.628367
4453.91200018	0.818496
4455.91200018	0.166792
4457.92000008	5.510553
4459.90199995	0.037668
4461.91300011	0.037114
4463.91300011	0.911544
4465.9150002	0.025611
4467.92199993	0.386694
4469.91300011	4.15238
4471.91400003	4.991674
4473.91799998	5.125218
4475.89900017	1.221788
4477.92199993	3.403692
4479.91200018	0.305812
4481.90799999	0.792822
4483.92000008	0.812185
4485.91000009	1.621592
4487.921	0.025577
4489.90400004	0.027229
4491.93400002	3.085066
4493.93200016	0.829638
4495.93300009	2.15392
4497.921	0.088523
4499.93200016	1.503998
4501.91799998	0.704044
4503.92000008	0.225358
4505.93400002	0.464967
4507.98400021	3.325537
4509.94299984	5.061181
4511.91100001	0.038046
4513.93900013	1.95476
4515.91100001	4.070849
4517.93100023	4.070849
4519.92000008	3.521085
4521.91100001	3.092436
4523.93100023	3.092436
4525.90400004	3.092436
4527.921	3.092436
4529.93100023	3.092436
4531.92199993	3.092436
4534.17200017	3.882629
4536.19099998	3.696151
4538.18900013	4.393513
4540.18000007	1.137287
4542.17900014	1.798521
4544.18099999	4.470483
4546.1730001	3.895935
4548.16300011	0.051461
4550.1730001	2.473025
4552.18099999	0.367253
4554.16400003	5.727629
4556.18000007	2.791093
4558.16199994	3.05337
4560.19200015	0.676236
4562.17200017	2.41446
4564.17100024	1.059636
4566.16000009	3.899675
4568.17200017	2.191997
4570.16199994	5.769896
4572.17200017	4.761904
4574.17200017	4.558988
4576.1730001	4.783202
4578.18000007	3.213634
4580.26800013	6.277615
4582.17200017	5.041835
4584.18199992	4.610542
4586.18000007	0.049698
4588.17200017	2.274017
4590.16199994	0.527609
4592.17400002	0.751527
4594.17200017	0.052383
4596.18099999	0.15938
4598.18199992	0.788462
4600.17200017	3.286956
4602.18099999	2.083034
4604.17400002	1.308265
4606.18299985	0.105752
4608.1730001	0.040808
4610.15200019	1.330197
4612.17400002	0.071215
4614.1730001	0.151304
4616.15799999	0.283842
4618.17200017	0.040562
4620.1730001	0.776735
4622.17400002	1.970719
4624.19400001	0.956383
4626.16199994	1.763548
4628.17400002	0.155535
4630.17400002	0.134884
4632.1730001	1.080086
4634.15300012	4.743677
4636.25200009	5.217797
4638.17200017	0.103982
4640.14199996	0.031105
4642.1730001	0.040555
4644.17499995	0.075298
4646.90400004	0.158102
4649.3440001	1.683329
4651.06100011	2.333413
4652.27899981	0.888883
4654.16100001	0.385183
4656.15899992	0.818776
4658.16199994	0.252997
4660.16400003	0.080392
4662.17200017	4.536847
4664.1730001	3.77844
4666.15200019	3.898123
4668.16100001	3.576762
4670.16000009	1.944679
4672.16199994	3.324435
4674.16100001	3.972549
4676.15200019	4.548803
4678.15200019	0.190026
4680.14999986	0.841578
4682.16699982	2.165549
4684.15500021	0.078188
4687.59700012	0.980947
4688.68599987	3.787829
4690.1880002	0.27888
4692.17200017	0.032022
4694.16100001	0.035263
4696.18299985	0.227398
4698.18199992	0.245455
4700.25300002	0.051156
4702.15200019	0.150667
4704.16300011	0.017373
4706.16300011	0.064432
4708.51600003	3.690758
4712.7650001	0.020239
4718.41000009	0.378751
4722.62999988	0.085439
4726.4059999	0.325978
4728.62999988	0.681744
4730.57600021	0.379451
4731.92900014	0.061101
4733.19500017	0.209014
4734.4000001	0.370784
4736.57600021	0.352405
4739.80100012	0.691793
4740.90199995	1.259706
4741.77900028	1.877195
4743.16400003	0.068231
4745.72400022	1.995881
4746.64199996	2.682294
4747.42199993	3.497653
4748.38999987	0.018393
4749.2190001	1.202439
4749.88899994	0.839473
4750.58299994	0.285782
4752.17100024	1.1268
4754.16100001	0.10575
4756.16400003	4.967093
4758.15300012	4.380758
4760.16000009	2.931823
4762.17000008	0.022487
4764.15100002	3.265728
4766.14499998	1.3463
4768.15200019	3.825162
4770.15100002	1.340747
4772.17100024	4.531876
4774.15899992	2.481357
4776.18099999	2.54044
4778.17200017	0.74801
4780.17200017	0.040529
4782.18099999	0.09016
4784.16199994	1.977237
4786.43200016	0.164655
4788.41100025	0.07561
4790.41200018	0.833793
4792.40300012	0.127516
4794.43200016	0.023023
4796.2440002	0.221012
4798.43799996	0.142375
4800.80400014	0.551702
4802.93600011	0.397545
4804.19899988	0.935836
4806.41400003	0.095682
4808.50199986	0.065458
4810.69499993	0.90084
4812.41000009	0.013749
4814.41499996	0.040591
4816.41300011	0.032371
4818.44700003	2.40774
4820.40199995	0.380726
4822.50099993	4.204764
4824.41200018	1.206359
4826.40199995	0.07845
4828.35299993	0.125206
4830.49300003	0.04906
4832.41200018	0.02125
4834.40899992	0.408782
4836.44300008	0.306161
4838.41400003	0.01666
4840.41400003	0.791294
4842.40400004	3.537808
4844.41300011	1.835858
4846.41000009	4.532328
4848.41400003	0.030937
4850.41100025	1.064869
4852.30100012	0.597567
4854.41200018	1.497408
4856.40100002	1.425887
4858.45600009	0.031398
4860.41400003	0.068287
4862.40400004	3.735661
4864.41600013	4.044602
4866.42299986	2.78104
4868.41200018	0.808478
4870.41300011	1.454131
4872.421	0.03661
4874.43200016	1.939223
4876.41200018	2.386287
4878.50600004	0.441576
4880.40400004	0.466542
4882.42299986	2.771216
4884.44400001	1.877184
4886.41300011	3.086904
4888.41300011	3.599058
4890.43200016	2.531384
4892.41200018	2.084275
4894.42000008	3.399998
4896.41200018	0.987843
4898.43200016	0.864126
4900.27699995	0.800996
4902.43400002	0.080643
4904.43400002	0.185165
4906.43300009	4.292656
4908.41300011	4.816799
4910.41200018	0.050153
4912.40300012	0.088814
4914.45100021	1.184916
4916.41300011	1.069118
4918.40400004	4.252817
4920.41300011	3.524155
4922.41100025	1.232956
4924.41300011	2.979458
4926.41300011	3.981196
4928.421	4.553673
4930.42000008	0.21799
4932.41200018	3.297193
4934.43899989	0.764367
4936.40699983	3.381438
4938.40100002	0.034485
4940.4000001	0.521043
4942.36100006	0.621841
4944.43899989	0.499909
4946.54299998	0.895059
4948.50099993	1.126517
4950.41300011	0.078165
4952.42000008	0.897142
4954.42199993	0.15504
4956.41100025	0.113429
4958.41400003	0.063046
4960.41300011	2.919243
4962.43200016	3.806479
4964.421	0.267032
4966.40100002	3.417417
4968.40300012	0.845564
4970.41600013	0.030454
4972.69900012	4.674206
4974.67000008	0.11383
4976.4000001	3.060123
4978.42199993	5.367688
4980.40199995	1.054195
4982.4920001	0.0436
4984.39899993	3.881613
4986.4000001	1.689359
4988.41200018	2.615931
4990.42199993	2.237997
4992.63899994	0.012558
4994.43899989	0.054872
4996.40300012	0.055911
4998.93600011	0.063627
5001.06000018	0.03366
5003.94800019	0.500088
5005.81499982	2.165031
5007.06100011	1.864664
5008.40400004	2.726382
5010.3920002	3.921649
5012.43200016	3.964714
5014.41300011	2.606672
5016.41200018	3.526528
5018.40100002	5.071467
5020.41200018	3.772416
5022.41200018	4.837481
5024.41900015	4.084528
5026.41300011	5.097915
5028.42199993	4.042585
5030.7019999	4.75467
5032.40400004	4.470318
5034.41200018	5.167905
5036.64599991	4.368408
5038.40400004	4.368408
5040.64999986	4.368408
5042.65600014	4.276192
5044.65200019	2.213547
5046.64100003	3.146117
5048.64899993	0.323532
5050.69300008	0.547027
5052.69799995	3.585131
5054.65200019	3.305892
5056.66000009	3.990735
5058.51399994	3.428615
5060.67000008	4.082003
5062.66199994	4.478916
5064.65200019	2.395755
5066.66900015	2.654895
5068.64999986	4.229505
5070.65100026	4.229505
5072.65100026	4.229505
5074.65100026	1.130305
5076.65100026	3.826782
5078.68099999	3.62082
5080.65100026	4.401518
5082.55900002	4.401518
5084.66499996	4.401518
5086.64999986	4.401518
5088.66000009	4.401518
5090.66199994	4.401518
5092.67200017	0.010882
5094.65200019	0.517374
5096.67200017	1.014748
5098.67500019	0.815728
5100.671	2.396458
5102.65300012	2.464424
5104.66799998	1.918555
5106.51099992	0.798419
5108.65300012	1.318338
5110.66199994	2.489407
5112.66100001	2.91094
5114.66900015	4.821862
5116.65900016	3.44747
5118.66100001	3.776873
5120.66599989	3.627577
5122.65900016	4.154714
5124.65200019	4.048987
5126.65100026	4.31104
5128.65400004	4.31104
5130.54500008	4.31104
5132.64699984	4.31104
5134.65100026	4.31104
5136.65300012	1.030699
5138.65200019	0.55383
5140.68199992	0.03323
5142.69200015	0.063915
5144.66100001	0.016887
5146.66000009	2.413211
5148.65200019	3.773928
5150.65200019	0.768543
5152.65300012	0.244238
5154.65200019	0.837012
5156.67200017	0.02952
5158.64400005	0.095597
5161.03500009	0.020261
5162.65200019	0.623621
5164.66400003	0.677857
5166.65400004	2.831024
5168.6730001	0.02428
5170.65300012	0.015793
5172.64300013	1.028062
5174.68199992	0.747052
5176.66199994	3.584317
5178.60000014	0.067496
5180.69300008	0.911264
5182.65300012	4.113283
5184.65300012	0.035073
5186.66199994	2.12923
5188.64300013	0.009554
5190.65200019	2.857607
5192.65600014	0.863381
5194.65200019	0.032274
5196.671	0.278225
5198.68000007	0.039206
5200.65200019	0.268604
5202.602	0.096455
5204.65400004	2.07921
5206.65300012	4.500847
5208.66299987	0.0197
5210.65100026	3.66032
5212.65300012	0.012872
5214.6400001	3.41177
5216.64999986	4.300874
5218.6789999	2.913283
5220.65200019	4.199658
5222.65300012	2.078729
5224.65100026	3.070326
5226.65200019	4.273278
5228.66000009	2.830862
5230.65300012	0.023183
5232.64400005	0.612
5234.65100026	0.221138
5236.65200019	0.674605
5238.68099999	0.692578
5240.6400001	1.22112
5242.65100026	2.809326
5244.66000009	2.249494
5246.65200019	2.963026
5248.65900016	0.154337
5250.64999986	0.072715
5252.65300012	1.528332
5254.65200019	0.022687
5256.65200019	0.113892
5258.65300012	1.949221
5260.66100001	2.972153
5262.65300012	1.461258
5264.65200019	3.665772
5266.65300012	3.210311
5268.66100001	3.046929
5270.65100026	4.185472
5272.65200019	4.394579
5274.66299987	3.856772
5276.65200019	4.304975
5278.65900016	4.361469
5280.66199994	3.610071
5282.65200019	3.629581
5284.65200019	0.716786
5286.66100001	1.022411
5288.65200019	0.265111
5290.64400005	0.160993
5292.921	0.047632
5294.90400004	3.449963
5296.65700006	2.584679
5298.92199993	0.912989
5300.90199995	0.017061
5302.90299988	4.07047
5304.921	4.501473
5306.91100001	4.449171
5308.91300011	1.702875
5310.88899994	1.143443
5312.97100019	0.673844
5314.89600015	0.031698
5317.97200012	0.796257
5319.01600003	3.491856
5320.90199995	4.345141
5322.90199995	0.874935
5324.90100002	3.020875
5326.90199995	1.183768
5328.91200018	0.018887
5330.921	0.01768
5332.91200018	0.073923
5334.91799998	0.249937
5336.91100001	0.72797
5338.90400004	1.292907
5340.91000009	0.059333
5342.91100001	0.06495
5344.90299988	0.059503
5346.91300011	1.506974
5348.8920002	0.083687
5350.8920002	2.313942
5352.89400005	2.53747
5354.93300009	2.839697
5356.93200016	0.014406
5358.92199993	0.938533
5361.05100012	0.854576
5362.90299988	0.140748
5364.90199995	0.383959
5366.94299984	0.01717
5368.91200018	0.055012
5370.91300011	3.792868
5372.90199995	0.035552
5374.91000009	0.103555
5376.90299988	0.195461
5378.921	1.670182
5380.93200016	0.185656
5382.90199995	0.923859
5384.90400004	0.167029
5387.03699994	0.063605
5390.13300014	0.077742
5391.73799992	0.137081
5393.34200001	0.028853
5394.85299993	3.243112
5396.90899992	0.041975
5398.91200018	2.408153
5400.90899992	2.894396
5402.89499998	1.772054
5404.90299988	0.920613
5406.95099998	0.073883
5408.921	0.149823
5410.89300013	0.002861
5412.90299988	0.229129
5414.93200016	0.098728
5416.91300011	0.240793
5418.91100001	0.146515
5420.8920002	0.014418
5422.90199995	1.824678
5424.89300013	0.127836
5426.9059999	1.194094
5428.94000006	3.388822
5430.93200016	3.690627
5432.90199995	3.715657
5434.90199995	2.765932
5436.8920002	4.446453
5438.91100001	1.582515
5440.91200018	3.878185
5442.90199995	0.880353
5444.91200018	4.613952
5446.93100023	0.625861
5448.89300013	1.028325
5450.93200016	0.098822
5452.90299988	2.497588
5454.9230001	0.173214
5456.90299988	0.022717
5458.90199995	0.525406
5460.91400003	0.797216
5462.9230001	0.193537
5465.0539999	0.501041
5466.93100023	0.060128
5468.8920002	0.10234
5470.90199995	0.017242
5472.90299988	2.552262
5474.90199995	0.048664
5476.91000009	4.533062
5478.89700007	0.40795
5480.9000001	3.207055
5482.90199995	0.788515
5484.91700006	0.016678
5486.90100002	3.125932
5488.90100002	0.039073
5490.91000009	3.70671
5492.89400005	0.134758
5494.92900014	0.046261
5496.90299988	0.055969
5498.90299988	2.0048
5500.91000009	2.735967
5502.90199995	3.325945
5504.91000009	3.192014
5507.23799992	1.183303
5508.90199995	1.484949
5510.91799998	2.804539
5512.93100023	1.825947
5514.92199993	3.612036
5516.8920002	1.096033
5518.90700006	0.024657
5520.90100002	1.196673
5522.90199995	0.769991
5524.9000001	3.578542
5526.91000009	3.272751
5529.06000018	0.472889
5530.90100002	2.763295
5532.90299988	0.465495
5534.90299988	0.582168
5536.90100002	0.026026
5538.90199995	2.695199
5540.91600013	4.029899
5542.93300009	2.352889
5545.14299989	3.915178
5547.30100012	2.071953
5549.14299989	4.80337
5550.93200016	3.963052
5552.99099994	1.958353
5555.15200019	5.305171
5557.14199996	2.634114
5559.17200017	3.421548
5561.17200017	2.16267
5563.14199996	3.163503
5565.14199996	0.022212
5567.15300012	4.106211
5569.14199996	3.002126
5571.14299989	4.764644
5573.14899993	3.602473
5575.14999986	4.609078
5577.00800014	4.072806
5579.14599991	0.634425
5581.15200019	1.75403
5583.15200019	1.018356
5585.18400002	0.054251
5587.29299998	0.215959
5589.22000003	0.087016
5591.18299985	0.525594
5593.14499998	3.874854
5595.16400003	0.060238
5597.15100002	0.099055
5599.18099999	0.011364
5601.14299989	0.878362
5603.29399991	4.677731
5605.602	4.747969
5607.19000006	1.307806
5609.18199992	0.099829
5611.14199996	0.765156
5613.15300012	3.793045
5615.15100002	0.149359
5617.18199992	0.248026
5619.29299998	0.254808
5621.21399999	2.804175
5623.1730001	5.386835
5624.99699998	0.925585
5627.16100001	0.153988
5629.2110002	0.72196
5631.18000007	3.829645
5633.18199992	4.285841
5635.17200017	0.083041
5637.22800016	2.937942
5639.16400003	0.062141
5641.15799999	4.980328
5643.16199994	0.35064
5645.16199994	3.417018
5647.15600014	0.011518
5649.15200019	0.011101
5651.13499999	0.039644
5653.59399986	0.353098
5655.47500014	1.455892
5659.77200007	0.479891
5661.61300015	0.732312
5662.9920001	2.818093
5663.84599996	0.800227
5665.15100002	3.734883
5667.16000009	0.669641
5669.15300012	0.662127
5671.14100003	3.18596
5673.15200019	0.28805
5675.17200017	2.671524
5677.17400002	3.268484
5679.19099998	0.535498
5681.14199996	4.452101
5683.15200019	0.837334
5685.2110002	0.67843
5687.19000006	2.261522
5689.18199992	3.379751
5691.15200019	0.784951
5693.23699999	0.012537
5695.15200019	0.57483
5697.16900015	1.403681
5699.29299998	0.028537
5701.21399999	0.012165
5703.23099995	0.564453
5705.1730001	0.040349
5707.14100003	0.060938
5709.21200013	0.37826
5711.16000009	0.009924
5713.14199996	0.167926
5715.29299998	1.146259
5717.16000009	2.904724
5719.18299985	2.870326
5721.14100003	2.711638
5723.14199996	0.067785
5725.18000007	0.027794
5727.16199994	0.931428
5729.14299989	1.883664
5731.15400004	0.018343
5733.22099996	0.044872
5735.14100003	3.025067
5737.14199996	0.26348
5739.14199996	0.194536
5741.15200019	0.013554
5743.15200019	0.034594
5745.14400005	0.803267
5747.13800001	0.046958
5749.15400004	3.163452
5751.15799999	2.068237
5753.14400005	0.085912
5755.14999986	3.417492
5757.21300006	0.60741
5759.16199994	1.217177
5761.16100001	0.044772
5763.29299998	0.066224
5765.15200019	0.702641
5767.18199992	0.085539
5769.4920001	0.091833
5771.16300011	0.2158
5773.17100024	0.126126
5775.14599991	1.996429
5777.18099999	3.688633
5779.16100001	0.014625
5781.16100001	2.71494
5783.18299985	0.619825
5785.14299989	2.488346
5787.15300012	3.646548
