0.0	1.84779
0.206000089645	2.388026
0.286999940872	2.388026
0.359999895096	1.207622
0.455000162125	1.252792
0.647000074387	0.841875
0.930000066757	3.574038
1.63499999046	2.460839
1.73500013351	0.637623
3.53000020981	2.184604
5.54299998283	3.164712
7.52900004387	5.510592
9.53900003433	4.99026
11.5279998779	3.729732
13.5429999828	1.900487
15.5290000439	3.34865
17.5439999104	1.794339
19.5369999409	0.75894
21.5290000439	0.815936
23.5420000553	1.288189
25.5429999828	3.28781
27.5429999828	2.093822
29.5410001278	0.099573
31.5529999733	2.903723
33.5439999104	2.644416
35.5290000439	3.771213
37.5420000553	0.352944
39.5330002308	5.223184
41.5639998913	0.129554
43.5410001278	3.253445
45.5290000439	0.052645
47.5429999828	4.432743
49.7799999714	3.89077
51.7910001278	3.276448
53.5700001717	3.905188
55.7940001488	3.193738
57.7929999828	1.668774
59.7929999828	3.845636
61.7940001488	2.680313
63.7990000248	3.807783
65.7880001068	3.344224
67.8090000153	5.815701
69.7790000439	0.738022
71.7799999714	0.845455
73.7900002003	0.345612
75.7900002003	0.844086
77.5810000896	2.028116
79.7920000553	1.08021
81.7940001488	3.551056
83.7929999828	3.194181
85.7810001373	4.873882
87.7790000439	2.422376
89.7810001373	2.549559
91.7829999924	0.197167
93.7900002003	1.068941
95.7810001373	0.165879
97.7810001373	0.150129
99.7790000439	0.083326
101.779000044	2.673946
103.779999971	1.619904
105.781000137	2.432312
107.792000055	3.132149
109.788000107	1.575726
111.798000097	2.413552
113.779999971	2.860764
115.7900002	0.30401
117.778000116	2.484744
119.7900002	1.863359
121.792000055	1.521807
123.792000055	0.019052
125.794000149	2.225513
127.792999983	1.496405
129.792000055	3.075846
131.803999901	3.065877
133.792000055	0.602607
135.781000137	0.106753
137.796000004	1.517819
139.779000044	0.59901
141.778000116	1.067927
143.781000137	3.605683
145.781000137	2.356338
147.779000044	2.885771
149.779000044	2.182601
151.792999983	0.755455
153.792999983	0.297901
155.795000076	3.345299
157.786999941	1.763598
159.778000116	3.180087
161.795000076	1.278928
163.779000044	2.072735
165.779000044	0.957925
167.792000055	0.109622
169.795000076	1.151949
171.792999983	0.036557
173.779000044	0.243429
175.795000076	0.14907
177.779000044	0.142697
179.802000046	0.233808
181.779999971	0.548199
183.779000044	0.164672
185.792000055	0.279023
187.788000107	0.948128
189.786999941	1.893871
191.781000137	1.72697
