0.0	0.291587
1.51999998093	0.830962
2.03999996185	2.50763
2.51999998093	1.539688
2.77299976349	1.539688
3.29099988937	2.660831
3.63899993896	2.566339
3.94600009918	2.566339
4.47300004959	1.058299
4.93899989128	2.035695
7.01700019836	2.035695
9.01299977303	2.349044
11.015999794	0.011216
13.015999794	0.058198
14.986000061	0.707834
17.0180001259	0.308186
19.015999794	0.577684
21.013999939	0.006949
23.0190000534	3.164833
25.0250000954	1.575073
27.0190000534	3.507077
29.0149998665	2.640437
31.013999939	0.006786
33.0359997749	1.350766
35.0149998665	3.903243
37.0149998665	3.903243
38.9850001335	3.903243
41.0299999714	3.903243
43.0190000534	2.189048
45.0170001984	0.384185
47.0149998665	0.073372
49.012999773	0.696747
51.012999773	0.237169
53.015999794	0.472976
55.013999939	1.967857
57.0199999809	0.006585
59.013999939	1.1368
61.015999794	2.260242
62.9850001335	1.468696
65.012999773	1.468696
67.013999939	0.142903
69.013999939	2.350659
71.013999939	2.350659
73.013999939	0.361786
75.013999939	1.088981
77.0149998665	1.088981
79.0180001259	0.411375
81.012999773	2.734441
83.0149998665	0.391712
85.0149998665	3.014614
87.2650001049	2.537092
89.0149998665	2.086751
91.0149998665	0.198161
93.263999939	0.051209
95.263999939	4.180711
97.013999939	2.966987
99.2650001049	2.351183
101.268999815	1.029867
103.266000032	0.398325
105.287999868	4.492091
107.267999887	1.529793
109.263999939	1.982373
111.266000032	1.446088
113.267999887	0.005944
115.266000032	0.042567
117.275999784	0.016374
119.26699996	2.774691
121.263999939	0.370709
123.26699996	0.054655
125.265000105	0.075065
127.140999794	0.036217
129.266000032	0.438964
131.26699996	0.031506
133.263999939	0.077803
135.265000105	0.414776
137.268999815	0.059818
139.263999939	0.267937
141.275999784	1.554439
143.266000032	3.292437
145.279000044	0.399853
147.26699996	3.916699
149.265000105	1.891977
151.263999939	0.083126
153.263999939	0.034154
155.266000032	0.408259
157.281000137	0.123606
159.263999939	0.392901
161.273000002	0.937598
163.294999838	0.110007
165.265000105	0.005127
167.265000105	0.063833
169.263999939	4.520295
171.263999939	0.006103
173.263999939	0.422447
175.265000105	0.033886
177.266000032	0.250468
179.276999712	0.399519
181.263999939	0.407132
183.265000105	0.400358
185.263999939	5.152005
187.265000105	2.232236
189.266000032	0.352068
191.265000105	0.035072
193.282000065	0.39371
195.26699996	0.228869
197.263999939	0.04778
199.263999939	0.075306
201.265000105	0.023341
203.265000105	0.020979
205.265000105	0.054435
207.265000105	0.419846
209.266000032	0.025157
211.281000137	0.161018
213.263999939	0.283739
215.263000011	0.005307
217.263999939	0.374067
219.263999939	0.239134
221.273000002	0.005604
223.263999939	0.986319
225.266000032	4.146044
227.270999908	0.435951
229.263000011	0.055893
231.198999882	0.010242
233.263999939	0.023425
235.271999836	0.270481
237.265000105	0.157167
239.263999939	0.031547
241.265000105	0.385016
243.26699996	0.027566
245.273000002	0.146535
247.265000105	0.506659
249.265000105	0.015495
251.265000105	0.007
253.263999939	0.071365
255.265000105	0.398802
257.265000105	0.149395
259.266000032	0.023381
261.267999887	0.232618
263.263000011	1.152659
265.263999939	0.632513
267.263999939	0.02157
269.282999992	0.081959
271.263999939	0.002208
273.265000105	0.027517
275.263999939	0.363406
277.268999815	0.056848
279.26699996	0.419381
281.263999939	0.04927
283.265000105	0.014501
285.263999939	0.006693
287.26699996	1.419404
289.265000105	0.729634
291.265000105	0.006356
293.267999887	0.135513
295.266000032	0.122354
297.263000011	5.005242
299.263999939	0.001924
301.265000105	0.097814
303.265000105	0.41418
305.296000004	5.703487
307.26699996	0.006247
309.26699996	0.005544
311.263999939	0.385034
313.263999939	0.547199
315.265000105	1.079667
317.265000105	0.82322
319.263999939	4.764255
321.265000105	0.157078
323.267999887	0.492982
325.267999887	0.147013
327.523999929	0.415218
329.265000105	0.173525
331.270999908	0.679571
333.515999794	0.026735
335.954999924	0.002136
337.28399992	2.467672
339.519000053	0.018036
341.267999887	0.282544
343.515999794	0.164111
345.263999939	2.247526
347.265000105	1.870983
349.513999939	0.513897
351.513999939	0.021025
353.514999866	1.740859
355.513000011	0.267893
357.513999939	2.33871
359.523999929	0.015616
361.513999939	0.413238
363.513999939	0.005571
365.358999968	0.290598
367.513999939	0.467522
369.513999939	0.562802
371.513999939	0.766054
373.513999939	0.97059
375.514999866	0.960113
377.545000076	0.042248
379.516999722	0.826906
381.513999939	0.00529
383.513999939	0.012077
385.529000044	0.007006
387.516999722	2.57385
389.484999895	2.751291
391.513999939	0.064153
393.519000053	0.350256
395.518000126	1.83774
397.513999939	1.665253
399.526000023	0.010966
401.524999857	0.029724
403.539000034	0.030747
405.539999962	2.841995
407.507999897	0.005698
409.514999866	0.402217
411.529999971	0.14896
413.481000185	0.392664
415.539999962	1.778532
417.514999866	2.552566
419.514999866	0.549816
421.513999939	0.017445
423.516999722	0.467032
425.514999866	2.548783
427.515999794	2.548783
429.514999866	0.055559
431.513999939	1.33611
433.514999866	0.847205
435.513999939	0.017166
437.473999977	0.993283
439.521000147	0.956645
441.515999794	0.005989
443.513999939	0.011644
445.513999939	3.545215
447.513999939	1.072523
449.530999899	0.09867
451.513999939	2.909665
453.529000044	0.006724
455.516999722	0.130656
457.394000053	0.028431
459.513999939	0.005565
461.500999928	0.360162
463.513999939	1.714462
465.531999826	0.041061
467.513999939	1.655009
469.513999939	1.231441
471.513999939	0.786185
473.514999866	0.223124
475.515999794	0.012018
477.513999939	2.832262
479.513999939	0.351376
481.530999899	0.451554
483.513999939	0.040518
485.474999905	0.411002
487.514999866	0.151617
489.515999794	0.00598
491.516999722	0.70379
493.514999866	0.048425
495.513999939	0.379031
497.514999866	0.187704
499.514999866	0.963174
501.514999866	1.5698
503.515999794	1.269721
505.514999866	0.439616
507.523999929	0.525842
509.502000093	1.245233
511.515999794	0.006133
513.513999939	0.01222
515.514999866	1.422241
517.530999899	0.065178
519.516999722	0.415052
521.514999866	0.164984
523.519000053	0.416172
525.518000126	0.029214
527.514999866	0.005938
529.513999939	2.975097
531.513999939	0.045107
533.514999866	0.423149
535.514999866	1.715929
537.529999971	5.069421
539.514999866	0.618885
541.513999939	0.57353
543.513999939	2.411788
545.513000011	1.122867
547.513999939	0.083599
549.513999939	0.006936
551.513999939	2.05077
553.514999866	0.015034
555.514999866	0.469768
557.514999866	3.191002
559.519000053	0.125913
561.514999866	0.006023
563.513999939	0.689541
565.513999939	0.037753
567.514999866	0.416266
569.514999866	0.035316
571.514999866	0.230219
573.514999866	1.445502
575.513999939	0.135095
577.513999939	0.400877
579.763999939	0.227811
581.513999939	0.472275
583.764999866	2.235451
585.513999939	1.724462
587.513999939	1.794743
589.766000032	3.005694
591.531999826	2.968771
593.763999939	0.262172
595.763999939	2.787075
597.513999939	2.784016
599.763999939	0.967729
601.764999866	3.244087
603.764999866	3.292044
605.763999939	0.415497
607.774999857	3.473803
609.766000032	4.25145
611.763999939	4.42596
613.764999866	2.053722
615.763999939	4.338812
617.763999939	4.419195
619.707999945	3.80532
621.764999866	0.013696
623.766000032	0.005955
625.777000189	0.525761
627.763999939	4.377571
629.763999939	0.399437
631.786999941	2.187114
633.763999939	0.223253
635.764999866	0.00691
637.766000032	2.209568
639.76699996	1.679796
641.764999866	2.914641
643.764999866	0.301274
645.764999866	4.38201
647.778000116	5.850026
649.763999939	0.00552
651.763000011	0.304131
653.767999887	0.404904
655.766000032	0.53727
657.764999866	0.078623
659.764999866	0.377278
661.787999868	0.012712
663.764999866	1.060694
665.774999857	0.064897
667.72300005	0.402213
669.764999866	1.195215
671.76699996	2.664536
673.774999857	2.844661
675.766000032	2.830124
677.787999868	1.452136
679.763999939	2.279568
681.763999939	2.279568
683.763000011	2.347151
685.763999939	2.347151
687.763000011	2.347151
689.763999939	2.347151
691.764999866	2.347151
693.763999939	0.073346
695.763999939	1.946428
697.763000011	3.1056
699.763999939	2.951569
701.76699996	1.699102
703.764999866	0.046771
705.764999866	3.30658
707.763000011	3.970644
709.790999889	3.987429
711.763999939	4.052891
713.763000011	0.944453
715.718999863	0.3955
717.763999939	1.143876
719.763000011	0.146335
721.769000053	1.561407
723.764999866	1.929353
725.763999939	0.40519
727.763999939	0.021415
729.763999939	3.998687
731.763999939	4.398778
733.791999817	0.776555
736.059999943	0.035761
737.764999866	0.035533
739.722000122	0.389708
741.763999939	0.005944
743.771999836	0.43343
745.763999939	0.249803
747.763999939	1.777626
749.764999866	2.578441
751.763000011	2.578441
753.780999899	0.074993
755.779000044	0.006694
757.815999985	0.028783
759.763999939	0.016343
761.763999939	0.345073
763.727999926	0.404619
765.764999866	3.311882
767.779000044	1.495521
769.764999866	0.039708
771.766000032	0.439426
773.770999908	0.402474
775.763999939	0.015796
777.763999939	0.011381
779.763999939	0.261115
781.763999939	0.499714
783.764999866	0.387799
785.763999939	0.076023
787.766000032	0.200729
789.769000053	0.050433
791.763999939	0.017632
793.763999939	0.045367
795.763999939	0.01059
797.763000011	0.400022
799.763999939	0.062429
801.764999866	0.059269
803.764999866	0.024663
805.766000032	0.26927
807.764999866	0.858257
809.79399991	1.603866
811.763000011	1.192212
813.767999887	0.007192
815.763999939	0.005958
817.763000011	0.617464
819.764999866	0.107523
821.771999836	0.403335
823.770999908	0.038093
825.764999866	0.00976
827.763999939	1.377655
829.763999939	1.890988
831.76699996	0.406825
834.012999773	0.219375
836.012999773	0.294906
837.766000032	0.033275
840.013999939	0.092466
841.763999939	3.49135
843.794999838	4.313648
846.014999866	0.419387
847.763999939	0.358377
850.014999866	2.443535
852.013999939	0.084298
854.020999908	0.015834
856.013999939	0.417451
858.020999908	0.124219
860.090999842	0.577248
862.013999939	0.098995
864.013999939	1.453085
866.012999773	1.453085
868.013999939	1.453085
870.014999866	0.337344
872.018000126	1.147759
874.012999773	1.448531
876.012999773	0.017733
878.013999939	0.005295
880.013999939	1.563684
882.012999773	1.532778
883.996999741	1.210622
886.014999866	1.579615
888.014999866	1.470345
890.015999794	0.03444
892.013999939	0.032569
894.012999773	0.399873
896.013999939	0.761742
898.013999939	0.467604
900.019000053	0.033103
902.013999939	0.044388
904.022000074	0.347781
906.013999939	0.037036
908.012999773	1.440543
910.012999773	1.480575
912.012999773	0.172287
914.012999773	2.12045
916.013999939	0.012326
918.013999939	0.409125
920.015999794	0.022905
922.012999773	0.01187
924.012999773	0.006848
926.014999866	0.635385
928.039000034	0.443097
930.012999773	2.523725
932.012999773	0.388059
934.013999939	2.517456
936.013999939	2.436423
938.014999866	0.044399
940.014999866	0.16174
942.019999981	0.386651
944.039000034	1.733187
946.012999773	0.412588
948.012999773	0.00665
950.014999866	1.140433
952.013999939	0.422379
954.018000126	3.756931
956.019000053	0.390876
958.012999773	0.0051
960.012999773	0.006063
962.012999773	0.017447
964.012999773	0.554273
966.027999878	0.01992
968.025000095	0.08797
970.013999939	0.019492
972.036999941	1.683499
974.014999866	0.499074
976.012999773	1.877481
978.012999773	1.856247
979.980999947	1.977143
982.025000095	0.676691
984.013999939	1.904353
986.026000023	1.236861
988.013999939	1.236861
990.012999773	1.236861
992.012999773	1.236861
994.012999773	0.9272
996.014999866	2.357424
998.012999773	0.006354
1000.01900005	2.51493
1002.01900005	0.02785
1003.94500017	0.027809
1006.03900003	0.145212
1008.01299977	0.017575
1010.01599979	1.523952
1012.01399994	0.904892
1014.01399994	0.009832
1016.01499987	0.121326
1018.01399994	3.133419
1020.01499987	3.251395
1022.01299977	0.479065
1024.01399994	0.413348
1026.01399994	2.088782
1027.96700001	1.638512
1030.01299977	0.183567
1032.01800013	0.052635
1034.01499987	0.013757
1036.01800013	0.136791
1038.01399994	0.464991
1040.01499987	0.139369
1042.01399994	0.037119
1044.01299977	0.270627
1046.01399994	0.017417
1048.01399994	0.406142
1050.01399994	0.088034
1052.0170002	0.347719
1054.01399994	0.479447
1056.01499987	0.023608
1058.01399994	2.060715
1060.01399994	0.458893
1062.01399994	1.262405
1064.01900005	0.757085
1066.01399994	0.021514
1068.01399994	2.684724
1070.01399994	2.684724
1072.03299999	0.816953
1074.01199985	0.648696
1076.01199985	1.505894
1078.02200007	0.049872
1080.01399994	1.584755
1082.01299977	1.43196
1084.2650001	1.420067
1086.26899981	1.934458
1088.01299977	2.359763
1090.03499985	2.243396
1092.26899981	2.616165
1094.01299977	0.736841
1096.26300001	0.016087
1098.01399994	1.912951
1100.26899981	3.133663
1102.26399994	3.133663
1104.26300001	3.133663
1106.26399994	3.133663
1108.26300001	2.820976
1110.26300001	0.396707
1112.2650001	4.306494
1114.26399994	1.816838
1116.26300001	0.336211
1118.26300001	1.555803
1120.26999998	1.666479
1122.26399994	3.507892
1124.2650001	0.370217
1126.28499985	0.101313
1128.26399994	1.269238
1130.26399994	0.476934
1132.26399994	1.326783
1134.27099991	0.452025
1136.2650001	1.67071
1138.22300005	0.395285
1140.2650001	0.270496
1142.2650001	2.289365
1144.26300001	2.289365
1146.26399994	0.071818
1148.26399994	0.971267
1150.26600003	0.585517
1152.26300001	0.320394
1154.27499986	0.07009
1156.26600003	0.204226
1158.26300001	1.236176
1160.26600003	2.08189
1162.25099993	1.069984
1164.26300001	1.402482
1166.27099991	1.801046
1168.26600003	1.936878
1170.26600003	1.330111
1172.26300001	2.057866
1174.26300001	2.046547
1176.2650001	0.558246
1178.26399994	0.302863
1180.26399994	0.69117
1182.26399994	0.323282
1184.26300001	1.648684
1186.21999979	0.401895
1188.26399994	0.149176
1190.27399993	0.037772
1192.26600003	0.325045
1194.2650001	0.321202
1196.26300001	0.401375
1198.273	0.663324
1200.26999998	2.337246
1202.2650001	0.630617
1204.26399994	4.968384
1206.26399994	0.383075
1208.27399993	1.078171
1210.26399994	0.343815
1212.2650001	0.005847
1214.26600003	0.069668
1216.26699996	0.098492
1218.27599978	0.087814
1220.26300001	0.413324
1222.26399994	0.120032
1224.26399994	0.38832
1226.28699994	0.180676
1228.26399994	0.819882
1230.26399994	0.024841
1232.2650001	0.021054
1234.22799993	1.565336
1236.2650001	1.024993
1238.26399994	0.053254
1240.26799989	0.890255
1242.26399994	0.112586
1244.26600003	0.420288
1246.26699996	0.193306
1248.26600003	0.212952
1250.26699996	0.798413
1252.2650001	0.157558
1254.26399994	0.421698
1256.26300001	0.047883
1258.24000001	0.60951
1260.26300001	0.01702
1262.26399994	0.060349
1264.26799989	0.469746
1266.26600003	0.284921
1268.26600003	0.421995
1270.26300001	0.018013
1272.2650001	0.134352
1274.28999996	0.154035
1276.26300001	0.141858
1278.26300001	1.066056
1280.26600003	0.018065
1282.22600007	0.393902
1284.2650001	0.011608
1286.27099991	0.011004
1288.29099989	0.015593
1290.26899981	0.361107
1292.26399994	0.021026
1294.2650001	0.782057
1296.26399994	0.606205
1298.26899981	0.061069
1300.26300001	0.629693
1302.26399994	0.01599
1304.26399994	0.081068
1306.26300001	0.415044
1308.26399994	0.088041
1310.26300001	0.009998
1312.26300001	0.129337
1314.26699996	0.020323
1316.26699996	0.006956
1318.26600003	0.005809
1320.2650001	0.01092
1322.26399994	0.025239
1324.26300001	0.075795
1326.2650001	0.248622
1328.26399994	0.062024
1330.2650001	0.372153
1332.26600003	0.094139
1334.26699996	0.070295
1336.27099991	0.628208
1338.26300001	1.620751
1340.51800013	0.416516
1342.51399994	0.048862
1344.2650001	0.042536
1346.51900005	0.060965
1348.523	0.04052
1350.51900005	2.743102
1352.51499987	0.526555
1354.51300001	0.38161
1356.51300001	0.005671
1358.51399994	0.056523
1360.51699972	0.006889
1362.51499987	0.005943
1364.51599979	0.301029
1366.51800013	0.052153
1368.51300001	0.05787
1370.51300001	0.685088
1372.51399994	0.121896
1374.51399994	0.014242
1376.51300001	2.633717
1378.51399994	4.791567
1380.52799988	0.308934
1382.51900005	0.05935
1384.51499987	0.006872
1386.51399994	0.197306
1388.51300001	1.233661
1390.51499987	0.037363
1392.51999998	0.045389
1394.51499987	1.285027
1396.51900005	0.076453
1398.51499987	1.063515
1400.51499987	0.016187
1402.51300001	0.683176
1404.52100015	0.019114
1406.51399994	0.397626
1408.51399994	0.065523
1410.51499987	0.176542
1412.51499987	0.006975
1414.52100015	0.095201
1416.51999998	0.023527
1418.51300001	0.069364
1420.51300001	0.038901
1422.51499987	0.401628
1424.51599979	0.04997
1426.46700001	0.009643
1428.51399994	0.126814
1430.54099989	1.305619
1432.52399993	2.69653
1434.51499987	0.065915
1436.51399994	1.068609
1438.51300001	0.200281
1440.51399994	0.867376
1442.51499987	0.474841
1444.51399994	0.07327
1446.51599979	1.793312
1448.51499987	0.073197
1450.51399994	0.420372
1452.51300001	0.124566
1454.51399994	0.025939
1456.51499987	0.964817
1458.51399994	3.138143
1460.51399994	0.005405
1462.51399994	0.053797
1464.51800013	0.112388
1466.51599979	1.024597
1468.51399994	1.30055
1470.51300001	3.82219
1472.51399994	3.82219
1474.44499993	0.01543
1476.51300001	0.040876
1478.51699972	0.147538
1480.51300001	3.676359
1482.52699995	1.258161
1484.51399994	0.39272
1486.51199985	0.017308
1488.51300001	1.544587
1490.51399994	1.544587
1492.51300001	0.025211
1494.51300001	0.968197
1496.51499987	1.196993
1498.45599985	0.011682
1500.51599979	0.163018
1502.51300001	0.407166
1504.52600002	1.813754
1506.51300001	0.168419
1508.54799986	1.886436
1510.51300001	0.526913
1512.51399994	1.901528
1514.52600002	0.616298
1516.51300001	2.726151
1518.51300001	2.634632
1520.51300001	2.598035
1522.51300001	0.390062
1524.51300001	1.506774
1526.51300001	1.171235
1529.28999996	0.006948
1530.51399994	0.011665
1532.51399994	2.90327
1534.51399994	1.2536
1536.51399994	1.302176
1538.51399994	3.589049
1540.51399994	0.005989
1542.51900005	2.612861
1544.51399994	1.73504
1546.51499987	0.01542
1548.51699972	0.015381
1550.51300001	1.213681
1552.51300001	2.376649
1554.51300001	0.082222
1556.51199985	0.401313
1558.51300001	0.401313
1560.51499987	0.401313
1562.51399994	1.767162
1564.51399994	0.005894
1566.51399994	4.470841
1568.51399994	0.041542
1570.51399994	1.940324
1572.51300001	1.906374
1574.51300001	4.464955
1576.51499987	4.464955
1578.51399994	4.386236
1580.76600003	0.359274
1582.51499987	0.513442
1584.51900005	2.103284
1586.77999997	0.15532
1588.51399994	0.218169
1590.76699996	0.42489
1592.51699972	2.064979
1594.52600002	0.384691
1596.76499987	0.13753
1598.76600003	1.415131
1600.51699972	0.006928
1602.76699996	0.006357
1604.76699996	2.76895
1606.78500009	4.397801
1608.73399997	0.400274
1610.76999998	0.13305
1612.76900005	0.999563
1614.76499987	0.208072
1616.76799989	0.094947
1618.76799989	3.501283
1620.76399994	4.973012
1622.76799989	1.677471
1624.76699996	3.184997
1626.76699996	0.936671
1628.76900005	0.425398
1630.77199984	2.214073
1632.72200012	0.809504
1634.76600003	3.087666
1636.76399994	4.986309
1638.76799989	1.902318
1640.76900005	0.694993
1642.76499987	0.439276
1644.76300001	0.144386
1646.76799989	0.270381
1648.76900005	1.272969
1650.76300001	0.306762
1652.76300001	1.287584
1654.76399994	0.614415
1656.73000002	0.41545
1658.76399994	0.652406
1660.76999998	0.016768
1662.76699996	1.381319
1664.76399994	0.016725
1666.76399994	0.042281
1668.77099991	0.028324
1670.76300001	0.021587
1672.76300001	1.90526
1674.76399994	0.799149
1676.76900005	0.006621
1678.76999998	1.247561
1680.76300001	0.373192
1682.76699996	1.345192
1684.76999998	2.43288
1686.76300001	2.482889
1688.76399994	0.011481
1690.77299976	0.389886
1692.76699996	1.359725
1694.76499987	1.845894
1696.76999998	0.050247
1698.77099991	3.736218
1700.76499987	4.33024
1702.76399994	2.61076
1704.76399994	0.373807
1706.76300001	3.098527
1708.76499987	0.135014
1710.76600003	0.049052
1712.76499987	2.190906
1714.76300001	0.427736
1716.76300001	0.043691
1718.76300001	2.583906
1720.76399994	0.0068
1722.76499987	0.016515
1724.76499987	0.03428
1726.76300001	0.173161
1729.29399991	0.222141
1730.76300001	0.340036
1732.76300001	1.715226
1734.76399994	0.059296
1736.76399994	0.011148
1738.76399994	0.415997
1740.79299998	0.041625
1742.77199984	0.046682
1744.76499987	0.558891
1746.76300001	0.00591
1748.76300001	3.398766
1750.76300001	0.01724
1752.71799994	0.376888
1754.76300001	0.393339
1756.76399994	0.264783
1758.76399994	0.771542
1760.76499987	1.705565
1762.76499987	0.016105
1764.76300001	3.271297
1766.76399994	0.022052
1768.76699996	0.012311
1770.76399994	0.070277
1772.79299998	0.091134
1774.71599984	0.907549
1776.76300001	0.422008
1778.77299976	1.548866
1780.76600003	0.027244
1782.78799987	0.202608
1784.76399994	0.014738
1786.76399994	0.368127
1788.77499986	1.218602
1790.76499987	0.09415
1792.76399994	0.06003
1794.76499987	0.081451
1796.76499987	0.025303
1798.76300001	0.216454
1800.73799992	0.391716
1802.76300001	0.526337
1804.76600003	1.288654
1806.82200003	5.365892
1808.77399993	1.080076
1810.76799989	0.419469
1812.76799989	0.299645
1814.76399994	2.2815
1816.76399994	0.011109
1818.76300001	0.039821
1821.29399991	0.033955
1822.76300001	0.063069
1824.7809999	0.681468
1826.76699996	0.285221
1828.76999998	0.936193
1831.03900003	0.109163
1833.01299977	4.861808
1834.76300001	2.458363
1837.01999998	0.447449
1838.76300001	0.178719
1840.77399993	0.75305
1843.01499987	0.010697
1844.76399994	0.438467
1847.01499987	4.829834
1849.01599979	0.352445
1850.76399994	0.131776
1853.0170002	0.007074
1855.01399994	0.14753
1857.01499987	0.035091
1859.01800013	0.408592
1861.01599979	1.059661
1862.97000003	1.175838
1865.01599979	2.563646
1867.01499987	1.560278
1869.01900005	1.923105
1871.01399994	0.028444
1873.0309999	0.004731
1875.01800013	0.148035
1877.01800013	0.024496
1879.12699986	0.0115
1880.82099986	0.019672
1883.79199982	0.006225
1884.93700004	0.168268
1887.03199983	0.424752
1889.0170002	1.632922
1891.0250001	0.445586
1893.0170002	0.027937
1895.01900005	0.454955
1897.0170002	0.507457
1899.01299977	0.006095
1901.01499987	0.145406
1903.02999997	4.098403
1905.01399994	0.093612
1907.01800013	0.630338
1909.01800013	0.024488
1910.96399999	1.1154
1913.01299977	0.148234
1915.02099991	0.077349
1917.01399994	0.532457
1919.01299977	0.750091
1921.01900005	5.681008
1923.01399994	1.508737
1925.01900005	0.693915
1927.01800013	1.388272
1929.01399994	0.92849
1931.01499987	2.49002
1933.01399994	0.061645
1934.95899987	0.428356
1937.01399994	0.21007
1939.02099991	0.708613
1941.01499987	0.070488
1943.01399994	0.02959
1945.03199983	0.424121
1947.01299977	0.122591
1949.01399994	0.184024
1951.01399994	0.012425
1953.01399994	2.103284
1955.01399994	0.390761
1957.01599979	1.273569
1958.97399998	0.379881
1961.01599979	0.039648
1963.01399994	0.065393
1965.01399994	0.037092
1967.01399994	0.808081
1969.01499987	0.007211
1971.01299977	1.17888
1973.01499987	0.100369
1975.01499987	0.104987
1977.02200007	0.227822
1979.01399994	2.856954
1981.01299977	0.007182
1982.98500013	0.429396
1985.01299977	0.021892
1987.01399994	0.185913
1989.01399994	0.015972
1991.01399994	0.035474
1993.01499987	0.388772
1995.01199985	0.128422
1997.01299977	0.06113
1999.01299977	0.03232
2001.01599979	0.002247
2003.01299977	0.407835
2005.01399994	0.071744
2006.98799992	2.44391
2009.06500006	0.010717
2011.01499987	0.021632
2013.01299977	0.582815
2015.0309999	0.130086
2017.01299977	0.400383
2019.01499987	0.029062
2021.01499987	1.767337
2023.01599979	2.979056
2025.01499987	0.026456
2027.01399994	0.520849
2029.01299977	1.090104
2030.96700001	0.403265
2033.01299977	0.274904
2035.01299977	0.006148
2037.03599977	0.438887
2039.01399994	0.024991
2041.01499987	0.401095
2043.01499987	0.005896
2045.23099995	0.326304
2047.01299977	0.528524
2049.01399994	0.561687
2051.01599979	0.412182
2053.01399994	0.128809
2055.01299977	0.343471
2057.01399994	1.830972
2059.01599979	0.028769
2061.01299977	0.521103
2063.01299977	0.171692
2065.01299977	0.554743
2067.01399994	0.247133
2069.01399994	0.045611
2071.01399994	0.005901
2073.01499987	0.016596
2075.01299977	0.463904
2077.01599979	0.088803
2079.0170002	0.349415
2081.01499987	0.785487
2083.01599979	1.200522
2085.01399994	0.1807
2087.26399994	2.003849
2089.26399994	0.442444
2091.01900005	0.08092
2093.26600003	0.204535
2095.01299977	0.605944
2097.01399994	0.105736
2099.2650001	0.226215
2101.01399994	0.040049
2103.26399994	0.398978
2105.26399994	0.832064
2107.26399994	0.006272
2109.26399994	0.010384
2111.26399994	0.781009
2113.2650001	0.841704
2115.27699971	2.279764
2117.27499986	2.056833
2119.2650001	1.33587
2121.2650001	0.086268
2123.26600003	0.013433
2125.26799989	0.870907
2127.26399994	3.070045
2129.26600003	0.567066
2131.28100014	0.221019
2133.26600003	0.03755
2135.2650001	0.027176
2137.26600003	2.03976
2139.26999998	0.089164
2141.26699996	2.760288
2143.27099991	0.00676
2145.2650001	0.693547
2147.26600003	0.549452
2149.26600003	2.176388
2151.19099998	0.01099
2153.26600003	0.021912
2155.26600003	0.120569
2157.27999997	0.16881
2159.26699996	3.675978
2161.26600003	0.404619
2163.26600003	0.016612
2165.2650001	0.120938
2167.26600003	0.47265
2169.26600003	0.208688
2171.26600003	1.638795
2173.26600003	0.022273
2175.26699996	1.724739
2177.26699996	1.961431
2179.26899981	0.835778
2181.26699996	0.025208
2183.27999997	3.078186
2185.26600003	0.412892
2187.26600003	0.909883
2189.273	0.048719
2191.26600003	0.21107
2193.26899981	1.778214
2195.26300001	0.312884
2197.26300001	0.967087
2199.27999997	0.462413
2201.51999998	1.209654
2203.273	0.010832
2205.27099991	1.673152
2207.26300001	1.927505
2209.26300001	1.835535
2211.26200008	2.173438
2213.28399992	2.173438
2215.26300001	1.082455
2217.26399994	2.032807
2219.26699996	2.032807
2221.26799989	2.29052
2223.26799989	2.528487
2225.26899981	2.260875
2227.26399994	2.670365
2229.26600003	2.722217
2231.26300001	3.039719
2233.26799989	3.310713
2235.27199984	3.62059
2237.2650001	3.411886
2239.3039999	0.32308
2241.26399994	0.024353
2243.26799989	4.476981
2245.26200008	1.275486
2247.26099992	0.40436
2249.26300001	0.030701
2251.28399992	1.549836
2253.26399994	2.621307
2255.26999998	0.094307
2257.2650001	0.403174
2259.26300001	3.949271
2261.26999998	3.949271
2263.26300001	1.108978
2265.26200008	0.011002
2267.26300001	2.105626
2269.26300001	0.479469
2271.26399994	0.41374
2273.26399994	0.814956
2275.26300001	1.633248
2277.26899981	1.945275
2279.26200008	0.853225
2281.26999998	0.40774
2283.26399994	0.866064
2285.26300001	2.455643
2287.26399994	2.184003
2289.26399994	0.012629
2291.26600003	0.390043
2293.26200008	1.115357
2295.26200008	0.360333
2297.26200008	0.846428
2299.26999998	2.857702
2301.26300001	2.857702
2303.26300001	0.034453
2305.26399994	1.17023
2307.26399994	1.17023
2309.26999998	1.176991
2311.26300001	2.260367
2313.27099991	0.502417
2315.26300001	0.026656
2317.26200008	0.666059
2319.26300001	1.027849
2321.2650001	0.136212
2323.26600003	0.024118
2325.26300001	0.048649
2327.26300001	0.636055
2329.51199985	0.399449
2331.66899991	1.484919
2333.27599978	0.109592
2335.26600003	2.794299
2337.51399994	0.12547
2339.51999998	0.078865
2341.28699994	0.120333
2343.51699972	0.238731
2345.51300001	0.090338
2347.26399994	0.038881
2349.9599998	2.417916
2351.51300001	0.796829
2353.51499987	0.014163
2355.51399994	2.048891
2357.47599983	1.660178
2359.51300001	0.017423
2361.51300001	0.053641
2363.71499991	0.669022
2365.55999994	4.813003
2367.51399994	0.413429
2369.51300001	0.032103
2371.51499987	0.089387
2373.51599979	0.327078
2375.51300001	2.239295
2377.51399994	0.398654
2379.51399994	0.022254
2381.51800013	0.348667
2383.54699993	0.027005
2385.51399994	0.015071
2387.52399993	0.011609
2389.80799985	0.179085
2391.51399994	1.763391
2393.51399994	0.023019
2395.77399993	0.006005
2397.51900005	0.066676
2399.51399994	0.077071
2401.51399994	0.021403
2403.51399994	0.050385
2405.47399998	0.399813
2407.51699972	0.059722
2409.51900005	0.060184
2411.53599977	0.006949
2413.52900004	2.450391
2415.51599979	0.421422
2417.51399994	0.210645
2419.51499987	3.909192
2421.51499987	0.455937
2423.52100015	0.301633
2425.51499987	1.464773
2427.51499987	0.055369
2429.47599983	0.747799
2431.51599979	0.005985
2434.33899999	0.069106
2435.37999988	0.794028
2437.51800013	0.460629
2439.51399994	0.987165
2441.77499986	1.428695
2443.51599979	0.738351
2445.51599979	0.018044
2447.51900005	0.800572
2449.51900005	0.415891
2451.51599979	1.458346
2453.52999997	0.289246
2455.51900005	0.399921
2457.51699972	0.06849
2459.51900005	0.020604
2461.51199985	3.594788
2463.52900004	0.407585
2465.51900005	5.170066
2467.52200007	4.611063
2469.51599979	0.022115
2471.51800013	0.587252
2473.76999998	0.409989
2475.51300001	0.025231
2477.51399994	1.588712
2479.51800013	0.388033
2481.51300001	0.023548
2483.52100015	0.006437
2485.51699972	1.983146
2487.51699972	0.409759
2489.51999998	0.007192
2491.51800013	4.058536
2493.51300001	4.739884
2495.51800013	0.738281
2497.51900005	4.860006
2499.523	1.013594
2501.50600004	0.541166
2503.52100015	0.10158
2505.51300001	0.239661
2507.51300001	0.006974
2509.51300001	0.928624
2511.51300001	0.391798
2513.51399994	1.859764
2515.51300001	0.764433
2517.51499987	0.577785
2519.51399994	0.018599
2521.51900005	0.00683
2523.51699972	2.681656
2525.51300001	0.35999
2527.51900005	0.055333
2529.51300001	0.038512
2531.51900005	3.123196
2533.51499987	0.21946
2535.51699972	3.806545
2537.51699972	0.216753
2539.51499987	0.048432
2541.51300001	0.026506
2543.51300001	0.01922
2545.51599979	0.005197
2547.51699972	0.07073
2549.51199985	0.360113
2551.51300001	0.04094
2553.51599979	1.92522
2555.54399991	0.036254
2557.51399994	1.72768
2559.51599979	1.268296
2561.51599979	0.025239
2563.51300001	0.043817
2565.51300001	0.117843
2567.51199985	0.016344
2569.51399994	0.401391
2571.51999998	0.207284
2573.51599979	0.398428
2575.51399994	0.02682
2577.52499986	0.011474
2579.51199985	0.010357
2581.51300001	0.447053
2583.51499987	0.025958
2585.76600003	0.042667
2587.51300001	0.547185
2589.51499987	0.010923
2591.51300001	3.22506
2593.76600003	0.011219
2595.76600003	1.020267
2597.71699977	0.024311
2599.78500009	1.875134
2601.78200006	5.416423
2603.52200007	0.007025
2605.76499987	1.929161
2607.76600003	1.147663
2609.76499987	0.2782
2611.72399998	0.41279
2613.76600003	0.002089
2615.76999998	1.488687
2617.76399994	0.408336
2619.76499987	0.077174
2621.72600007	0.020254
2623.76499987	1.529069
2625.76300001	1.359855
2627.76200008	0.110546
2629.76300001	0.007156
2631.76399994	0.375704
2633.76399994	0.091393
2635.71000004	0.416004
2637.76499987	0.060393
2639.7980001	0.358576
2641.64599991	0.00695
2643.76300001	0.043262
2645.76300001	1.449443
2647.76399994	0.829282
2649.76399994	0.040405
2651.76499987	0.424952
2653.76799989	0.167945
2655.76300001	0.372703
2657.76300001	0.002071
2659.72300005	0.3842
2661.76499987	0.058997
2663.76300001	0.05237
2665.77800012	0.049427
2667.76399994	0.298069
2669.70500016	0.005051
2671.76799989	0.021019
2673.76399994	0.028045
2675.76399994	0.063184
2677.76399994	0.384743
2679.78399992	0.231986
2681.76399994	1.196245
2683.76499987	0.389659
2685.76499987	0.029021
2687.76399994	0.063688
2689.77900004	0.453838
2691.76799989	0.068501
2693.76399994	4.239832
2695.76399994	1.05047
2697.76200008	0.925645
2699.76499987	0.102898
2701.76499987	0.120532
2703.77900004	0.034048
2705.82799983	0.070183
2707.76499987	0.247553
2709.76499987	1.210828
2711.76499987	0.052934
2713.76399994	0.399955
2715.78799987	0.055435
2717.76200008	0.402006
2719.76699996	0.079285
2721.76600003	0.012757
2723.76499987	1.945937
2725.76499987	1.884678
2727.76900005	2.318518
2729.76300001	0.03797
2731.74300003	0.356976
2733.76399994	2.256983
2735.76600003	2.143486
2737.76499987	2.793102
2739.76600003	0.840842
2741.69400001	0.005771
2743.76600003	1.082273
2745.76300001	1.538891
2747.76300001	0.006869
2749.76600003	2.946257
2751.76600003	3.199038
2753.76600003	3.199038
2755.76699996	0.011651
2757.76300001	0.312975
2759.76300001	0.029507
2761.76600003	0.409234
2763.76300001	0.082163
2765.76600003	0.403123
2767.78999996	0.045195
2769.76399994	0.027993
2771.76300001	0.002165
2773.76200008	0.005632
2775.76600003	1.045072
2777.76200008	1.191463
2780.20300007	0.022167
2781.76699996	0.85298
2783.76699996	0.451165
2785.76499987	1.392923
2787.76200008	1.526717
2789.76200008	3.023408
2791.76699996	3.023408
2793.76699996	3.023408
2795.76200008	1.630504
2797.76699996	1.600174
2799.76300001	1.65945
2801.76600003	0.018381
2803.76999998	0.118223
2805.77199984	0.0116
2808.09099984	2.96585
2809.76999998	2.96585
2811.76499987	3.078506
2813.76300001	0.016343
2815.76300001	2.760983
2817.76399994	0.187886
2819.76900005	0.399495
2821.76200008	0.573225
2823.76300001	1.114827
2825.76200008	1.114827
2827.76200008	1.114827
2829.76900005	0.042586
2831.76300001	0.09063
2834.01399994	0.449072
2835.76499987	3.20111
2837.76100016	3.355826
2840.04299998	3.355826
2842.01199985	2.045154
2844.01299977	2.203781
2846.01399994	3.387442
2847.77299976	0.470176
2850.01399994	0.150742
2852.01299977	0.393401
2854.01199985	0.030676
2856.01399994	0.063132
2858.01299977	0.130745
2860.04399991	0.694593
2862.0170002	1.451398
2864.29700017	1.944096
2866.01499987	0.996872
2868.01499987	0.128088
2870.0309999	1.894159
2872.04299998	0.006984
2874.01199985	2.504767
2875.954	0.015525
2878.01299977	0.239415
2880.01399994	0.29904
2882.01399994	0.071504
2884.01299977	0.001999
2886.0250001	0.015352
2888.01299977	0.026645
2890.01299977	0.229345
2892.01299977	0.022921
2894.01299977	0.573044
2896.01299977	0.404657
2898.01299977	0.779053
2900.02600002	0.371435
2902.01499987	0.072212
2904.01199985	0.44483
2906.01299977	0.016291
2908.01299977	0.839322
2910.01299977	0.392615
2912.01399994	0.115113
2914.01399994	0.043766
2916.01399994	0.083527
2918.01499987	0.594754
2920.01499987	1.732523
2922.01299977	0.049212
2924.01299977	3.653614
2926.01299977	0.338657
2928.01299977	0.014313
2930.02099991	0.495622
2932.01199985	0.289577
2934.01900005	0.037759
2936.01299977	0.110293
2938.01399994	2.137084
2940.04699993	0.177369
2942.01199985	0.016047
2944.01399994	0.011099
2946.01499987	0.134333
2948.01800013	0.395845
2950.01499987	0.041254
2952.02899981	0.017775
2954.01599979	0.639804
2956.01299977	0.628289
2958.01299977	0.944801
2960.01800013	2.090086
2962.03599977	2.090086
2964.01299977	0.006893
2966.01499987	1.015382
2968.01399994	0.426662
2970.01399994	0.005971
2972.01399994	1.846297
2974.01399994	0.105141
2975.92299986	0.001976
2978.01299977	0.230281
2980.01499987	0.005325
2982.01599979	0.431676
2984.01499987	3.019373
2986.0170002	0.088622
2988.01499987	0.024563
2990.01299977	2.356838
2992.01599979	0.019875
2994.01399994	0.120946
2996.01399994	0.384439
2998.01499987	0.161382
3000.01499987	0.010426
3002.01199985	0.078755
3004.01199985	0.096305
3006.01499987	0.413517
3008.01599979	1.475877
3010.01499987	0.742475
3012.01599979	0.029518
3014.02799988	1.008706
3016.01599979	0.416065
3018.01299977	0.061643
3019.94899988	0.010663
3022.01599979	0.070431
3024.01599979	1.100732
3026.01599979	0.069875
3028.01599979	2.660718
3030.01199985	0.399867
3032.01900005	1.207528
3034.01599979	0.095334
3036.01599979	0.34757
3038.04100013	0.156438
3040.01599979	0.010481
3042.0309999	0.074398
3044.01599979	0.016764
3046.01599979	2.177654
3048.0170002	0.018535
3050.0170002	0.586297
3052.01999998	0.0231
3054.02399993	0.39714
3056.01199985	2.185724
3058.01299977	0.010941
3060.0170002	0.021871
3062.0170002	0.006028
3064.01800013	0.028631
3066.0170002	0.045173
3068.01299977	2.83249
3070.01299977	1.745924
3072.01299977	0.050103
3074.01299977	1.236489
3076.01299977	0.064455
3078.01399994	0.03566
3080.01299977	0.258906
3082.01399994	3.642989
3084.01599979	3.973976
3086.28100014	0.119339
3088.01199985	0.21428
3090.26300001	0.538792
3092.01299977	3.958928
3094.01800013	1.719121
3096.26200008	3.820934
3098.02200007	4.325279
3100.28399992	3.845499
3102.26200008	0.010504
3104.27900004	0.535201
3106.25399995	0.412973
3108.26200008	0.167246
3110.26300001	4.661422
3112.26399994	0.447491
3114.26999998	0.335357
3116.26399994	0.408918
3118.273	0.037407
3120.26300001	0.038232
3122.26300001	0.07873
3124.26200008	0.100351
3126.26300001	0.360686
3128.26300001	0.05062
3130.25	3.181964
3132.29299974	3.181964
3134.26099992	3.181964
3136.26200008	0.416468
3138.26099992	0.082409
3140.26300001	0.951221
3142.26300001	0.845903
3144.34399986	0.495072
3146.27399993	0.745227
3148.26600003	1.232431
3150.29399991	1.225297
3152.26300001	1.307285
3154.25199986	1.299666
3156.26200008	0.011734
3158.26200008	1.551035
3160.26099992	1.806871
3162.27099991	1.68892
3164.26699996	0.349948
3166.26200008	1.381456
3168.26200008	0.006155
3170.26300001	2.106857
3172.28600001	1.85856
3174.26200008	2.172065
3176.26300001	2.561461
3178.26399994	0.365486
3180.26799989	0.666659
3182.26399994	0.027927
3184.26300001	0.080736
3186.27699971	0.242424
3188.26300001	0.742351
3190.26200008	3.275374
3192.26300001	3.654706
3194.26300001	0.00693
3196.26600003	0.140525
3198.26300001	4.176471
3200.26300001	0.011341
3202.22200012	1.622684
3204.26200008	0.021622
3206.47899985	0.033262
3208.26200008	0.229681
3210.28600001	2.052609
3212.26300001	2.052609
3214.2650001	0.047401
3216.27099991	0.456431
3218.27499986	0.015733
3220.26200008	0.753394
3222.26200008	0.855524
3224.26200008	0.378229
3226.26300001	0.997568
3228.26300001	0.997568
3230.26399994	0.997568
3232.27599978	0.011976
3234.26200008	0.530363
3236.26300001	0.337269
3238.26300001	0.194194
3240.26300001	0.022251
3242.26600003	1.382132
3244.26300001	1.233512
3246.28299999	0.924205
3248.26300001	0.025366
3250.23199987	2.180442
3252.26300001	1.816784
3254.26600003	2.573932
3256.26300001	2.617809
3258.26399994	0.163777
3260.26300001	0.370342
3262.26300001	0.406837
3264.70300007	0.061332
3266.26699996	0.051449
3268.26600003	1.501008
3270.2650001	0.395326
3272.26399994	0.017172
3274.25199986	1.063642
3276.27199984	1.19594
3278.26399994	1.19594
3280.26600003	1.19594
3282.2650001	0.083328
3284.28699994	1.012891
3286.2650001	0.115875
3288.26300001	2.08561
3290.26600003	2.172145
3292.26600003	0.006223
3294.2650001	0.016422
3296.2650001	0.011878
3298.21199989	0.413279
3300.26600003	0.005926
3302.26999998	1.502909
3304.2650001	0.312275
3306.2650001	0.053073
3308.26300001	0.411313
3310.26600003	0.143812
3312.26799989	0.035936
3314.26899981	0.816258
3316.26699996	0.035436
3318.26699996	2.614727
3320.26600003	1.052508
3322.26300001	4.084196
3324.26300001	2.221361
3326.26300001	1.322895
3328.26600003	0.456952
3330.26600003	0.348456
3332.26699996	0.010321
3334.26799989	0.041534
3336.51300001	0.36839
3338.29099989	0.864501
3340.51399994	0.350537
3342.51599979	0.006532
3344.26699996	0.227626
3346.45299983	0.015479
3348.26699996	1.588033
3350.26699996	0.033422
3352.51300001	0.012101
3354.273	0.004856
3356.51399994	0.024766
3358.51199985	0.067156
3360.51399994	0.005881
3362.51399994	0.239742
3364.51300001	0.02755
3366.51399994	0.411368
3368.51199985	0.012654
3370.53199983	0.403794
3372.51300001	1.464402
3374.52799988	0.052838
3376.53199983	0.413839
3378.51300001	0.019187
3380.51199985	0.94175
3382.51300001	0.045384
3384.65799999	1.094242
3386.51199985	2.367031
3388.51199985	1.033757
3390.51199985	1.642947
3392.51499987	0.455428
3394.47799993	0.038148
3396.51199985	0.061706
3398.51300001	0.035597
3400.51199985	0.457261
3402.51900005	0.028361
3404.51300001	0.36089
3406.51199985	0.010955
3408.51399994	0.143569
3410.51999998	2.403263
3412.51499987	1.412865
3414.51300001	0.476592
3416.51399994	0.078097
3418.51300001	0.403406
3420.51699972	0.341661
3422.51199985	0.193788
3424.51300001	0.015812
3426.51399994	0.021552
3428.51300001	3.892659
3430.51399994	1.1099
3432.51199985	0.04164
3434.51199985	2.696447
3436.51099992	0.049886
3438.51199985	0.056232
3440.51199985	5.063502
3442.51399994	0.416405
3444.51599979	0.034972
3446.51199985	0.006505
3448.51199985	0.082493
3450.51300001	3.456898
3452.51199985	0.010299
3454.53499985	0.010821
3456.51300001	0.059253
3458.49900007	0.101516
3460.51399994	0.006521
3462.51599979	0.046996
3464.51499987	0.045599
3466.51300001	1.020919
3468.51199985	1.263767
3470.51199985	1.024931
3472.51800013	0.83733
3474.51499987	0.077719
3476.51399994	0.449027
3478.51699972	0.080384
3480.51300001	0.131617
3482.51300001	0.064237
3484.53599977	0.18566
3486.51300001	0.006938
3488.51599979	0.018292
3490.51399994	1.551016
3492.51099992	0.253199
3494.51199985	0.084174
3496.51699972	0.115136
3498.51300001	2.872429
3500.51300001	0.441235
3502.51199985	0.011444
3504.51300001	0.016164
3506.51300001	0.059245
3508.51300001	0.005928
3510.52600002	1.651386
3512.51300001	0.049834
3514.51300001	0.411799
3516.51300001	0.427497
3518.51300001	0.014981
3520.51300001	5.17288
3522.51499987	5.17288
3524.51300001	0.458915
3526.51399994	0.824419
3528.51399994	0.108418
3530.51499987	0.094918
3532.51300001	0.006078
3534.51399994	0.02183
3536.51499987	1.845669
3538.51399994	0.406757
3540.51399994	1.277703
3542.53700018	0.029118
3544.51499987	0.415025
3546.51199985	0.54721
3548.51499987	0.698978
3550.51699972	1.165226
3552.51499987	0.02426
3554.51499987	0.04645
3556.51499987	0.088343
3558.51399994	0.137443
3560.51499987	0.323157
3562.51900005	0.842574
3564.51300001	0.036203
3566.51199985	0.02152
3568.51499987	0.023433
3570.51499987	0.028751
3572.51499987	0.385877
3574.51499987	0.045318
3576.51499987	0.869196
3578.51599979	0.066049
3580.51399994	0.06603
3582.523	0.076246
3584.55299997	0.032007
3586.51599979	0.238505
3588.51499987	0.030087
3590.76300001	2.688213
3592.76600003	0.006436
3594.51499987	0.724364
3596.76900005	0.026239
3598.76200008	0.01746
3600.51599979	0.137202
3602.76200008	0.026698
3604.76300001	0.038031
3606.76399994	0.028101
3608.76699996	0.635932
3610.76499987	0.419542
3612.64199996	0.025954
3614.77199984	0.013998
3616.76300001	0.142329
3618.76200008	0.102863
3620.76300001	0.010705
3622.76200008	0.006124
3624.71300006	0.416132
3626.77700019	2.069319
3628.79299998	0.567936
3630.76699996	0.082453
3632.76300001	0.070379
3634.76300001	0.02642
3636.76399994	0.084309
3638.76300001	0.083149
3640.76999998	0.006956
3642.77800012	3.020157
3644.76600003	0.007231
3646.76399994	0.019925
3648.74399996	0.366098
3650.76200008	0.005332
3652.76300001	0.984594
3654.76200008	3.722326
3656.76300001	1.205543
3658.76300001	0.38074
3660.76699996	0.048055
3662.76200008	0.049624
3665.148	0.006576
3666.76399994	0.074106
3668.76300001	0.006748
3670.76300001	0.258033
3672.77099991	0.346359
3674.77299976	0.005905
3676.76600003	0.005882
3678.76399994	0.093704
