0.0	4.277826
0.585999727249	0.151466
0.924999952316	0.039057
1.16099977493	1.630603
1.81900000572	0.036505
2.21599984169	0.414243
2.77099990845	4.746018
3.31599998474	4.341664
3.95499992371	4.973061
4.4849998951	1.001242
5.74599981308	2.605217
7.74599981308	4.582859
9.74999976158	4.508415
11.7499997616	0.88934
13.7400000095	0.126796
15.7209999561	0.033796
17.7489998341	4.60157
19.7479999065	2.911197
21.7459998131	5.568502
23.7429997921	0.145897
25.7459998131	0.80232
27.7489998341	6.682531
29.7419998646	0.229175
31.7449998856	0.486732
33.7400000095	0.103626
35.743999958	0.907262
37.7409999371	2.105186
39.7489998341	2.570251
41.7459998131	2.570251
43.7429997921	2.570251
45.7419998646	2.570251
47.7400000095	2.695014
49.7449998856	2.695014
51.746999979	0.971456
53.7429997921	0.41298
55.7509996891	1.839871
57.7509996891	0.128621
59.7429997921	7.083018
61.7409999371	0.167877
63.7419998646	5.611119
65.7419998646	1.188661
67.7429997921	0.837366
69.7449998856	5.165194
71.756000042	5.966932
74.0	5.49055
75.9929997921	0.4899
77.8429999352	5.911556
80.0089998245	6.490723
81.996999979	5.693617
83.995000124	5.485148
85.995000124	6.791892
87.995000124	5.152077
89.9979999065	6.814204
91.9939997196	7.594812
93.9979999065	1.406268
95.9989998341	5.263132
97.996999979	2.918141
99.9899997711	5.313344
101.839999914	4.67165
103.99399972	6.299046
105.989999771	6.182032
107.998999834	5.86698
109.992999792	5.556346
111.998999834	1.159765
113.996999979	4.690224
115.998999834	5.567824
117.997999907	5.369718
119.992999792	0.657822
121.991999865	0.037083
123.99399972	3.380305
125.848999977	0.74906
127.996999979	6.748896
129.99399972	2.857383
131.997999907	0.026348
133.992999792	0.690735
136.003999949	7.080595
138.006999731	1.210362
140.000999928	1.444541
141.997999907	1.675605
143.991999865	0.066762
146.004999876	3.883506
147.995000124	3.357952
149.838999748	5.331917
151.992999792	4.805022
153.991999865	6.785508
155.992999792	5.92969
158.000999928	3.272126
159.991999865	0.05389
162.0	1.772253
163.997999907	1.56187
165.997999907	4.444635
167.997999907	1.176001
170.009999752	5.758541
171.992999792	5.691802
173.928999901	4.060648
175.990999699	0.989632
178.448999882	0.119335
179.905999899	1.321939
181.99399972	1.248705
184.003000021	1.557926
185.990999699	1.548914
188.0	1.837838
189.998999834	2.299358
191.997999907	2.477551
193.99399972	0.818861
195.996000051	3.377734
197.992999792	3.449142
199.997999907	0.018873
201.998999834	3.463735
204.004999876	0.046114
205.996000051	0.113064
208.000999928	0.028751
209.997999907	4.469312
212.000999928	0.15266
213.99399972	0.830094
215.99399972	0.242686
218.003000021	4.594506
219.996999979	0.077021
221.995000124	2.150001
223.99399972	2.150001
225.996000051	2.713922
227.991999865	2.713922
229.992999792	6.023294
232.000999928	5.675968
233.992999792	6.050632
235.998999834	6.510704
237.995000124	0.136425
239.99399972	6.792136
242.0	2.562952
243.997999907	0.011084
245.996000051	0.914151
247.991999865	0.662024
249.991999865	0.834155
251.995000124	3.729768
253.998999834	7.114572
255.997999907	1.042805
257.992999792	0.474767
259.991999865	6.588315
261.992999792	1.263255
263.996000051	1.395715
265.996999979	0.906996
267.995000124	3.707946
269.997999907	0.907324
272.008999825	3.776978
273.996999979	3.398399
275.992999792	5.475282
277.997999907	5.261635
279.998999834	1.153119
282.000999928	0.218961
284.009999752	0.014815
285.996999979	0.299029
