0.0	0.867272
0.178999900818	0.558127
0.31299996376	0.558127
0.425999879837	0.558127
0.581999778748	0.7777
0.77799987793	0.927089
1.08800005913	0.124892
1.26299977303	0.908606
2.29299998283	1.834481
4.29299998283	1.642262
6.29399991035	1.600699
8.29399991035	1.283417
10.2929999828	1.839
12.2929999828	1.257378
14.2939999104	1.160243
16.2960000038	1.310599
18.2939999104	0.086947
20.2939999104	1.554002
22.2939999104	1.587116
24.2949998379	1.257682
26.2929999828	1.166121
28.2969999313	1.993211
30.2939999104	1.249901
32.2939999104	1.2883
34.2929999828	0.626659
36.2929999828	1.898658
38.5429997444	1.590998
40.2939999104	1.906867
42.2960000038	1.563379
44.2939999104	1.84911
46.5429997444	1.551464
48.2949998379	1.208374
50.2939999104	1.208374
52.2960000038	0.378153
54.2929999828	1.335193
56.2939999104	1.859148
58.3919999599	1.806034
60.387999773	1.247118
62.2960000038	0.373139
64.5449998379	0.184469
66.5429997444	1.285014
68.5439999104	1.117252
70.2939999104	1.850552
72.2939999104	0.681672
74.5439999104	1.647559
76.5439999104	1.657463
78.2939999104	1.816679
80.2939999104	1.611778
82.5439999104	1.85817
84.5439999104	1.141504
86.5449998379	1.141504
88.2949998379	0.550402
90.5449998379	1.199738
92.5449998379	1.858407
94.5439999104	1.377089
96.2939999104	1.855351
98.5439999104	1.678186
100.544999838	1.568417
102.544999838	1.698907
104.54399991	1.266052
106.54399991	1.42225
108.544999838	0.739943
110.544999838	1.573506
112.294999838	1.71668
114.545999765	1.862526
116.544999838	1.862526
118.54399991	1.872214
120.429999828	1.244927
122.544999838	1.854111
124.545999765	1.864662
126.54399991	1.864662
128.544999838	1.546316
130.549000025	1.864729
132.54399991	1.580059
134.544999838	1.632408
136.544999838	0.706186
138.545999765	1.074569
140.544999838	1.532755
142.544999838	1.671826
144.544999838	1.378906
146.54799962	1.752406
148.545999765	1.806235
150.544999838	1.758889
152.544999838	1.220352
154.544999838	0.831088
156.544999838	1.580627
158.544999838	1.859303
160.544999838	1.824798
162.544999838	0.08053
164.545999765	1.467539
166.544999838	1.543423
168.544999838	1.378396
170.637999773	0.350585
172.545999765	1.303481
174.549000025	1.705241
176.545999765	1.549953
178.54799962	1.791268
180.544999838	1.859367
182.545999765	1.865522
184.544999838	0.071914
186.545999765	1.256201
188.482999802	0.96391
191.368000031	0.477919
194.636999846	1.776058
196.363999844	0.162911
197.832999945	1.21242
200.241999865	0.504373
202.105000019	1.208967
204.902999878	0.700142
207.445999861	1.289449
208.991999865	0.981764
210.505999804	1.946069
212.150999784	0.5391
213.836999893	1.852485
214.771999836	1.685416
216.590999842	1.179133
219.289000034	1.544327
221.06099987	1.699146
222.720999956	1.610487
224.546999693	1.582842
226.592000008	0.389007
229.396999836	1.122535
232.490999699	0.290249
234.144999981	0.474219
235.279999971	1.851638
236.54799962	1.186807
238.546999693	0.78101
240.944000006	1.686085
242.549000025	1.267912
245.505999804	0.246763
249.583999872	1.688634
251.260999918	0.096195
252.549999952	2.106392
255.128000021	0.035232
257.342999697	1.163403
258.732999802	1.252542
260.263999939	0.566686
261.179999828	0.90264
262.54799962	1.394686
264.784999847	1.893565
268.03399992	0.016889
271.036999941	0.249538
273.051999807	1.553384
275.814999819	0.220218
277.31799984	0.742111
278.296999931	1.166166
280.766999722	1.675053
282.590999842	1.163
283.422999859	1.408002
284.977999926	1.284777
286.816999912	0.334688
289.170999765	0.117504
291.666999817	0.092305
294.345000029	0.456966
296.69299984	1.617226
297.809999943	1.194188
298.681999922	1.398988
300.549000025	1.337468
302.680999994	0.63591
304.581999779	1.533016
307.433999777	0.166291
310.989999771	0.014584
312.237999916	0.116153
313.244999886	1.228955
314.621999741	0.201599
317.076999903	0.002859
318.72699976	0.653792
320.659999609	1.242114
322.549999952	0.265673
324.55099988	0.459609
326.681999922	1.531085
328.641000032	1.30885
330.792000055	1.412152
332.797999859	1.244265
334.798999786	1.476008
336.754999876	0.383936
339.661999941	1.31889
341.776000023	0.75304
344.142999887	1.943188
347.380999804	0.700693
349.597999811	1.283726
350.421999931	1.141522
351.494999886	1.804271
353.472999811	0.246565
355.944000006	0.192752
359.314999819	1.715408
360.906999826	0.628841
362.776000023	0.474369
364.871999979	1.597598
367.360999823	1.785064
367.565999746	1.607054
368.666999817	1.203589
370.949999809	0.991455
374.309999943	0.064645
377.433999777	0.774623
379.180999994	0.366412
380.274999857	1.316662
382.513999939	1.147257
385.365999937	1.144094
386.993000031	0.936423
389.749999762	1.169717
392.368000031	1.257104
393.211999655	1.188327
393.978999853	1.8347
395.411999702	1.858708
396.790999889	1.194794
398.721999884	0.496245
400.799999952	1.843034
402.799999952	0.603676
406.078999758	1.200805
408.061999798	0.611017
410.597999811	0.930476
413.074999809	0.131848
415.150999784	0.827827
418.645999908	1.296109
420.061999798	1.170232
421.661999941	0.981427
423.272000074	0.068567
427.549000025	0.280929
429.585999966	0.175703
430.864000082	0.059121
431.898999691	0.359112
434.60199976	0.679606
436.139999628	0.843666
438.265999794	0.235266
439.914999723	0.685966
442.477999926	0.464545
444.354999781	0.124574
446.664999962	0.653294
449.755999804	0.62705
452.258999825	0.342334
455.619999647	0.073166
457.443999767	0.252052
459.096999884	1.041307
460.617999792	0.773036
461.923999786	0.790166
462.929999828	0.197873
463.673999786	0.058647
465.144000053	0.503747
466.528999805	0.634338
467.478999853	1.108605
468.799999952	1.701123
470.799999952	1.550046
472.80099988	1.374335
474.799999952	1.03797
476.799999952	0.100573
478.801999807	1.404827
480.799999952	1.68437
482.799999952	1.526023
484.799999952	0.1226
486.799999952	1.1754
488.799999952	0.913138
490.809000015	1.173441
492.801999807	0.454582
494.80099988	1.635658
496.80099988	0.10006
498.799999952	0.332455
500.799999952	1.808007
502.80099988	1.473851
504.801999807	1.399661
506.80099988	1.865522
508.80099988	1.523577
510.80099988	1.23604
512.799999952	0.023442
514.799999952	1.615014
516.80099988	1.833472
518.802999735	1.313435
520.80099988	1.194083
522.801999807	1.826624
524.80099988	1.868227
526.80099988	1.314124
528.80099988	1.766613
530.801999807	1.412062
532.80099988	1.527003
534.801999807	1.71807
536.80099988	1.85309
538.80099988	1.374927
540.799999952	1.353793
542.80099988	1.522469
544.801999807	1.193949
546.80099988	1.629577
548.80099988	1.857836
550.801999807	0.037067
552.80099988	0.12611
555.051999807	1.213085
556.80099988	0.308865
558.80099988	0.109022
560.80099988	1.471388
562.801999807	1.870452
565.052999973	1.605154
566.80099988	0.694739
568.80099988	0.682606
571.051999807	1.509935
573.051999807	1.857787
574.804999828	1.585219
576.802999735	0.251869
578.801999807	0.881509
581.051999807	1.193383
582.802999735	0.61787
585.051999807	1.61198
587.051999807	1.857287
588.801999807	1.578983
590.801999807	1.846721
593.051999807	1.722539
595.052999973	0.478536
597.248999834	1.268314
599.811999798	0.195419
601.052999973	0.83903
603.406999826	1.320055
605.731999636	1.491856
606.906999826	1.184931
609.051999807	1.238824
611.051999807	1.850022
612.801999807	1.126048
615.055999994	0.62839
617.051999807	1.328537
619.054999828	1.265078
621.053999901	0.232457
623.052999973	1.34818
624.801999807	1.388454
627.053999901	1.174033
629.052999973	1.89645
631.052999973	1.836928
633.052999973	1.867061
635.051999807	1.252154
637.053999901	1.304172
639.053999901	1.583022
641.051999807	1.686449
643.052999973	1.855278
645.051999807	0.940455
647.051999807	1.532376
649.052999973	0.546865
651.051999807	0.546865
653.051999807	0.546865
655.052999973	1.491983
657.921000004	1.257007
661.461999893	0.248838
664.440000057	0.894441
665.190999746	0.751448
665.471999884	1.077363
667.052999973	1.237828
669.056999922	1.422814
671.052999973	1.346912
673.053999901	0.750892
675.256999969	1.266314
677.052999973	0.20775
679.052999973	1.210316
681.054999828	1.653923
683.052999973	1.637756
685.053999901	1.365714
687.476999998	0.499788
689.054999828	1.826515
691.053999901	1.818678
693.052999973	1.235528
695.052999973	1.834234
697.052999973	1.678064
699.053999901	1.84801
700.944000006	1.503621
703.053999901	1.240886
705.052999973	1.153248
707.052999973	0.733556
709.052999973	1.0763
711.052999973	0.593028
713.052999973	1.474049
715.052999973	1.857706
717.053999901	1.324194
719.053999901	1.252284
721.052999973	1.500792
723.052999973	1.350067
725.052999973	1.316896
727.053999901	1.316896
729.054999828	1.827706
730.989999771	1.603695
733.053999901	1.18033
735.053999901	1.158553
737.052999973	1.860979
739.053999901	1.492189
741.053999901	1.428909
743.052999973	1.585179
745.053999901	1.832533
747.053999901	1.834025
749.054999828	1.649792
751.054999828	1.37229
753.054999828	1.198675
755.053999901	1.901225
757.053999901	1.88004
759.052999973	1.567913
761.053999901	1.567913
763.053999901	1.853698
765.054999828	0.456172
767.056999922	1.099046
769.053999901	1.841817
771.054999828	1.347998
773.054999828	1.134465
775.053999901	1.326856
777.053999901	1.337078
779.054999828	1.603776
781.058999777	0.047894
783.054999828	0.574187
785.054999828	0.619744
787.433999777	0.269293
789.488999844	1.819056
791.054999828	1.168844
793.409999847	1.415407
796.2099998	1.163541
797.055999994	0.050261
799.055999994	1.404061
801.690999746	0.995497
804.19299984	0.260235
805.779999733	0.525953
807.621999741	1.142217
809.055999994	0.168844
811.056999922	0.561557
813.161999941	1.218577
816.193999767	0.154082
818.915999651	0.451145
821.484999895	0.468011
823.95299983	0.5959
826.037999868	1.18886
827.426999807	0.751768
829.80099988	1.232814
832.187999725	1.164449
833.941999912	0.80443
836.177999973	0.185054
838.061999798	1.342734
840.179999828	0.372503
842.198999882	0.193594
844.598999739	0.421946
846.250999689	1.21118
847.988999844	1.150422
849.796999931	0.02243
852.036999941	1.319162
853.505999804	0.973836
855.222999811	1.883135
856.089999914	1.637475
857.164999962	1.506515
859.90199995	0.015579
861.539999723	0.350014
863.307999611	0.589239
865.057999849	0.863354
867.056999922	1.191399
869.194999695	1.832836
871.657999754	0.173789
875.190999746	0.099418
879.059999704	0.082623
882.258999825	1.565982
884.513999939	1.847558
886.608999968	1.571328
887.898999691	1.327106
889.381999969	1.680463
890.665999889	1.574307
891.645999908	1.877577
892.463999987	1.198139
893.625999928	1.846841
895.309000015	1.559857
897.306999683	1.107431
899.306999683	1.392809
901.306999683	1.225753
903.307999611	0.588548
905.309000015	1.863834
907.307999611	0.367511
909.306999683	1.277107
911.306999683	1.149114
913.306999683	1.535098
915.309000015	1.188131
917.194999695	1.854129
919.312999964	0.821966
921.307999611	1.340916
923.307999611	1.623541
925.307999611	1.523754
927.307999611	1.279178
929.306999683	1.434268
931.307999611	1.458231
933.309000015	1.625336
935.307999611	1.24309
937.307999611	1.86176
939.307999611	1.834227
941.194999695	1.860576
943.307999611	1.226625
945.309000015	1.673486
947.309999943	0.814336
949.309000015	1.448977
951.307999611	0.34375
953.325999737	1.729537
955.309000015	1.250739
957.307999611	1.761832
959.307999611	1.074501
961.309000015	1.867641
963.307999611	1.022394
965.193999767	0.625918
967.307999611	0.049897
969.309000015	0.788149
971.309000015	1.431797
973.309000015	1.358746
975.309000015	1.479338
977.309000015	1.846566
979.31099987	0.068689
981.307999611	1.572346
983.307999611	1.407292
985.309000015	1.649974
987.309000015	0.380763
989.418999672	1.183219
991.309999943	0.044871
993.661000013	0.016651
995.309999943	0.159596
997.309999943	0.456845
999.377999783	1.771068
1001.51499987	0.014339
1003.29399991	0.062243
1005.31299996	1.346369
1007.31299996	0.007226
1009.31099987	1.049277
1011.30900002	1.826983
1013.30900002	1.091649
1015.30999994	1.395542
1017.30900002	1.145114
1019.30900002	1.845869
1021.30900002	0.977468
1023.30999994	1.393522
1025.30999994	0.190871
1027.30900002	1.81596
1029.30900002	1.491569
1031.30999994	1.640224
1033.30900002	0.567633
1035.30900002	0.976863
1037.30999994	1.836929
1039.30999994	1.827414
1041.30900002	1.380917
1043.30999994	1.198838
1045.30900002	1.386189
1047.55999994	1.333245
1049.30900002	0.722433
1051.30999994	1.300454
1053.55899978	1.564545
1055.30999994	1.849345
1057.30900002	0.211453
1059.55999994	1.542896
1061.24999976	0.735067
1063.30999994	1.671232
1065.55999994	1.830342
1067.30999994	1.608429
1069.30999994	1.512376
1071.31099987	1.546921
1073.31099987	0.246647
1075.31399989	1.651593
1077.31099987	0.309183
1079.31099987	1.8387
1081.55999994	1.790556
1083.31099987	1.790556
1085.30999994	1.185593
1087.55999994	1.309714
1089.56099987	1.392092
1091.31099987	1.854055
1093.31099987	1.34423
1095.56099987	0.642925
1097.56099987	1.196604
1099.31599975	1.196604
1101.31099987	1.196604
1103.56099987	1.194784
1105.56099987	1.589818
1107.56099987	1.403759
1109.31099987	1.836252
1111.56099987	1.173608
1113.5619998	1.600778
1115.5619998	1.835657
1117.31099987	1.339263
1119.56099987	1.670921
1121.56099987	1.512411
1123.44599986	0.623614
1125.31200004	1.682324
1127.5619998	1.620065
1129.55999994	1.573738
1131.56099987	1.173163
1133.56099987	1.854239
1135.5619998	1.566913
1137.5619998	1.37289
1139.56099987	1.37289
1141.5619998	1.86068
1143.5619998	1.856276
1145.4849999	1.299565
1147.44699979	1.00162
1149.56299973	0.380573
1151.56499982	0.110617
1153.56299973	0.103958
1155.5619998	1.205454
1157.69099975	1.561066
1159.56499982	0.745282
1161.5619998	1.864689
1163.5619998	0.23807
1165.56699967	1.34304
1168.55699992	0.88322
1170.67499971	0.853183
1172.93099976	1.326409
1173.99599981	1.464618
1175.5619998	1.050309
1177.56299973	1.669845
1179.56299973	1.387196
1181.56299973	0.930439
1183.5619998	1.361457
1185.56299973	1.294464
1187.5619998	1.644222
1189.56399965	0.082765
1191.56299973	1.726748
1193.56999993	1.462064
1195.54999995	0.538753
1197.56399965	1.658474
1199.56299973	0.202701
1201.55099988	0.307736
1203.5619998	1.199155
1205.56299973	0.712493
1207.56499982	1.876244
1209.56499982	1.159355
1211.67799997	0.986392
1213.56299973	1.279534
1215.56399965	1.426131
1217.56299973	1.190241
1219.44799995	1.206971
1221.56399965	1.47463
1223.56399965	0.891372
1225.56399965	1.490817
1227.56699967	1.490817
1229.48099995	0.763383
1231.56399965	1.361182
1233.74599981	0.013459
1235.66699982	0.858673
1237.4829998	1.709348
1240.1389997	0.677536
1241.79399991	1.226987
1243.50399995	0.718611
1245.56499982	1.438093
1247.56399965	1.861623
1249.56499982	1.343115
1253.07799983	0.048587
1256.98999977	0.695302
1259.83399987	1.198207
1261.71399975	1.269979
1263.88999987	0.105775
1266.30999994	0.313167
1267.87799978	1.454082
1269.06399989	1.227164
1270.47399974	1.900415
1271.77699995	1.69547
1272.93299985	1.17005
1274.33799982	1.270459
1275.57999969	1.260451
1277.56399965	1.669314
1279.56399965	1.305859
1281.56499982	0.220541
1283.56499982	0.064446
1285.56399965	1.388578
1287.56499982	1.52596
1289.56499982	1.271706
1291.56499982	1.184174
1294.01600003	0.173334
1298.52199984	0.104458
1302.23199987	0.103977
1304.78799963	0.4324
1306.1869998	0.818683
1308.24999976	0.133583
1309.95399976	0.942285
1313.08899999	1.157235
1315.67499971	1.105714
1316.7329998	0.139777
1317.81699991	1.119942
1320.01699996	1.192767
1320.53600001	0.965808
1322.21700001	1.299002
1323.89299989	1.846048
1325.773	1.88068
1327.67099977	1.378382
1328.67399979	1.391125
1330.40899992	0.089244
1331.94099998	0.358027
1334.93999982	0.124822
1338.70299983	0.016662
1340.4749999	0.334754
1342.02199984	1.00875
1343.59799981	0.33187
1345.34899998	0.02912
1346.75300002	1.167337
1348.97899985	1.295492
1352.41299987	0.11371
1355.95499969	0.560222
1359.06799984	0.495428
1361.2809999	0.957564
1362.76099992	1.428093
1364.79200006	0.620926
1366.83299994	0.454427
1368.15499973	1.600905
1369.48599982	1.308085
1370.38400006	1.390043
1371.23399997	0.488054
1371.91499972	1.575356
1373.56499982	1.504426
1375.81599998	1.394811
1377.60500002	0.998175
1379.82299972	0.276278
1383.98699975	0.222489
1387.20099998	1.147664
1390.89099979	0.212588
1393.33699989	1.231897
1394.02299976	1.156693
1394.50899982	1.557681
1395.55899978	1.274786
1397.71399975	0.320831
1401.37199974	0.719408
1403.55200005	1.163915
1405.41999984	1.181767
1407.31899977	0.436121
1408.73099971	1.913212
1409.60099983	1.400315
1410.3599999	0.646578
1411.81699991	1.469252
1413.81699991	1.050195
1415.81599998	1.235323
1417.81699991	1.380206
1419.81699991	1.875805
1422.09199977	1.546288
1425.60599995	0.170089
1428.8829999	1.538441
1430.44299984	1.846081
1431.54900002	0.244716
1432.36099982	1.408429
1433.81699991	1.323263
1435.81699991	0.98418
1437.81799984	1.435775
1439.81599998	1.825915
1441.80299973	0.808676
1443.81999969	1.836637
1445.81999969	1.178079
1447.81699991	0.377964
1449.82999992	0.488465
1451.81699991	1.073623
1453.81799984	0.096107
1455.81599998	0.433945
1457.81799984	1.170414
1459.81699991	1.355863
1461.81699991	1.32272
1464.8499999	0.5836
1468.24999976	0.261507
1470.79099989	1.366132
1474.14299989	1.353118
1476.79399991	1.845057
1479.10599995	1.667866
1479.69499969	0.883534
1480.56099987	0.752533
1482.21999979	0.752897
1482.73600006	1.487607
1484.83899975	0.5676
1486.61699986	1.175336
1488.70799971	0.044739
1492.72599983	0.000962
1494.87199998	1.174052
1497.19299984	1.27132
1498.89399981	0.016432
1499.80399966	1.849993
1500.65999961	0.452387
1501.76099992	0.003651
1503.81799984	1.390939
1505.81799984	1.193197
1507.82299972	0.740167
1509.81999969	0.23127
1511.977	0.848401
1515.21999979	1.307547
1518.07999992	1.161243
1519.95899987	1.450242
1521.40199995	1.219993
1522.91499972	1.125112
1524.60099983	1.297202
1525.81899977	1.823465
1528.58899999	0.227836
1530.21499968	0.205089
1534.17999983	1.491366
1536.13199973	0.704318
1538.09499979	0.966395
1539.48699975	1.093066
1540.40399981	1.804381
1541.81799984	0.935544
1543.81799984	0.682248
1545.81899977	1.275308
1547.81899977	1.095137
1549.87899971	1.413808
1551.85599995	0.58946
1553.81899977	1.277324
1555.96000004	1.260809
1559.23899984	1.465317
1562.09899974	0.599405
1565.20000005	0.667566
1567.37199974	0.560896
1569.71599984	0.387147
1571.98099995	0.328131
1574.55599976	0.016752
1576.10899997	1.251493
1578.21199965	0.078741
1579.71799994	0.715074
1581.31999993	0.546795
1583.33199978	1.476452
1585.07499981	0.884167
1587.29699993	0.966808
1587.76599979	1.514257
1589.81799984	1.285568
1591.16499996	1.429217
1592.35699987	1.074853
1594.03799987	0.077503
1595.82299972	0.094787
1598.06900001	1.054143
1600.06900001	0.205792
1601.82099986	0.69292
1603.81999969	0.499237
1607.27099991	0.767791
1610.86899996	0.003572
1612.296	0.422809
1613.54199982	0.065763
1616.1079998	0.831359
1617.829	1.455712
1619.04399967	1.011765
1619.96000004	1.337192
1622.06999993	0.148671
1624.07299995	1.841267
1626.06900001	0.192916
1627.81999969	0.593734
1630.06999993	1.735308
1632.06999993	0.137759
1634.06999993	1.671475
1635.84500003	1.356471
1638.07099986	1.042938
1640.07099986	0.728382
1642.66999984	0.659681
1644.92499995	0.199419
1647.86899996	0.348667
1650.56299973	0.15904
1652.37299991	1.149698
1654.86799979	1.072726
1656.41699982	0.226521
1657.65699983	1.796011
1658.93899989	1.221852
1661.27399993	0.048663
1663.71799994	0.699889
1666.41999984	0.194634
1668.55299997	0.838895
1671.34099984	0.604926
1673.62899995	1.200243
1675.33999968	1.267833
1676.39499974	1.412796
1677.24699974	1.176135
1678.15499973	0.215192
1680.07099986	1.840035
1682.07099986	1.277567
1684.07200003	1.524642
1686.07099986	1.198342
1688.06999993	0.160113
1690.02699971	0.442177
1692.07200003	1.844882
1694.07099986	0.142165
1695.91099977	0.104183
1698.07200003	1.128992
1700.07099986	1.763598
1702.07200003	0.161756
1704.07099986	1.308407
1706.07099986	1.356794
1708.07200003	1.22432
1710.07200003	1.853671
1712.07200003	1.009209
1713.95700002	1.317716
1716.07299995	1.167512
1718.07200003	1.321919
1720.07200003	1.845124
1722.11899972	1.832163
1724.07200003	1.874285
1726.78499985	0.016974
1728.74599981	1.219834
1731.06999993	1.551698
1733.36699986	1.234901
1736.0539999	1.573995
1738.54799962	0.165931
1741.63799977	1.165997
1744.09799981	1.762301
1745.15099978	1.852445
1745.79599977	1.828039
1746.84800005	0.122764
1748.07299995	1.099669
1750.07299995	1.226332
1753.23399997	0.989331
1756.66999984	0.050092
1758.96599984	0.232204
1761.36899996	0.316025
1764.14599991	0.311514
1765.98999977	1.270092
1766.93199968	0.624186
1768.12299991	0.166582
1770.38899994	1.220315
1772.0480001	0.338452
1772.82399988	1.129046
1774.07399988	0.046962
1778.60299969	0.051817
1781.60500002	1.160077
1784.43799996	1.182556
1787.15799975	0.712477
1789.55299997	1.700616
1792.09499979	1.083033
1792.77199984	0.272636
1793.40199995	1.173087
1795.11399984	0.746242
1796.57799983	0.011863
1797.37899971	1.839721
1798.09999967	1.588778
1800.07299995	1.568354
1802.07299995	0.577484
1804.07299995	1.328949
1806.07399988	0.383609
1808.41099977	0.30157
1812.20699978	1.045689
1814.88899994	0.327707
1817.91899967	0.042956
1819.68099999	1.589942
1821.43299985	1.429152
1823.76099992	1.854346
1825.2869997	0.398952
1826.04399967	1.167512
1827.41999984	0.58265
1828.15499973	0.940785
1830.0769999	1.280962
1834.76799989	0.049279
1836.93899989	1.09695
1838.49199963	0.512636
1840.26199985	1.306714
1841.06900001	1.19594
1842.24499989	1.406533
1844.19199991	0.530092
1846.32399964	1.322345
1848.07799983	1.322246
1850.32499981	0.357175
1853.89999962	0.289327
1856.79599977	0.098734
1859.97299981	0.17988
1860.91099977	1.787702
1862.29299998	0.866382
1863.69899988	0.365467
1864.95700002	1.228065
1866.08199978	1.718912
1868.07499981	1.33808
1870.32299972	1.530813
1872.26299977	0.88335
1874.32399964	0.356687
1876.07399988	1.561338
1878.07399988	1.884849
1880.32399964	1.847309
1882.32499981	1.388479
1884.32499981	0.785517
1886.32499981	1.086432
1888.3269999	1.542946
1890.32599974	1.582854
1892.07399988	0.625958
1894.32399964	1.422891
1896.21099973	1.794558
1898.32499981	1.442828
1900.32499981	1.510315
1902.32499981	1.205622
1904.35699987	1.238621
1906.32399964	1.520501
1908.3269999	1.9064
1910.32499981	1.607093
1912.32499981	1.695434
1914.32499981	1.344725
1916.32499981	0.627262
1918.32599974	1.080037
1920.32499981	1.107268
1922.32499981	1.40733
1924.32499981	1.876884
1926.32499981	1.559052
1928.32599974	1.559052
1930.32499981	0.636174
1932.32499981	1.797628
1934.32499981	0.684796
1936.32499981	0.867638
1938.32499981	1.63625
1940.32599974	1.440944
1942.32599974	1.858265
1944.21099973	1.545585
1946.32599974	1.193782
1948.32599974	1.317794
1950.32499981	1.496555
1952.32599974	1.496555
1954.32499981	1.849668
1956.32599974	1.140631
1958.32499981	1.463884
1960.32599974	1.867504
1962.3269999	1.867504
1964.32599974	1.823478
1966.32499981	1.878297
1968.27499986	0.668119
1970.32599974	1.685241
1972.32800007	1.383189
1974.32599974	1.509616
1976.32599974	1.906559
1978.32499981	1.828676
1980.32599974	0.356316
1982.32499981	1.575709
1984.32599974	0.633187
1986.32599974	1.862494
1988.32599974	1.367895
1990.32599974	1.89412
1992.21700001	1.542005
1994.32599974	1.379089
1996.329	0.677785
1998.32599974	1.560197
2000.3269999	1.876063
2002.32599974	1.327467
2004.32800007	0.791247
2006.329	1.543727
2008.32599974	1.208181
2010.3269999	0.456593
2012.3269999	1.196011
2014.3269999	1.266417
2016.32599974	1.176337
2018.3269999	1.440325
2020.32800007	1.847718
2022.32599974	1.345685
2024.3269999	1.849567
2026.3269999	0.932271
2028.32800007	0.011294
2030.3269999	1.518114
2032.33899975	0.950829
2034.32999992	1.523433
2036.32800007	0.879742
2038.3269999	1.873298
2040.3269999	1.455755
2042.3269999	0.144616
2044.3269999	1.409659
2046.3269999	1.823944
2048.3269999	1.416837
2050.3269999	1.358316
2052.32800007	1.357399
2054.3269999	1.354694
2056.3269999	1.316207
2058.32800007	0.430912
2060.32800007	1.981994
2062.3269999	0.016993
2065.66199994	0.569728
2069.50799966	0.288802
2072.07099986	0.732875
2074.96999979	0.691124
2077.05499983	1.11118
2078.74899983	1.631352
2080.24499989	1.191556
2081.74599981	1.57679
2083.08999991	0.535954
2084.38699985	0.064359
2086.04599977	1.527207
2087.62799978	1.382362
2089.39799976	1.509175
2090.7329998	1.314307
2092.32999992	1.177543
2094.57799983	1.468512
2096.57799983	0.161136
2098.32800007	0.666763
2100.32800007	1.605051
2102.58399987	0.243543
2104.57999969	0.506958
2106.33199978	1.455926
2108.57999969	1.407115
2110.57799983	1.239741
2113.0539999	0.810348
2115.52799988	0.495459
2118.88899994	0.136692
2120.48000002	0.241493
2121.56699967	0.714118
2122.69199967	1.346778
2124.329	1.134439
2128.74499989	0.118958
2132.74899983	1.079701
2134.4119997	1.278925
2136.12099981	0.002636
2137.24999976	1.441009
2138.81299996	0.907424
2140.40799999	0.422947
2142.08500004	0.015226
2143.52899981	1.824556
2145.28199983	1.342981
2146.6789999	1.034525
2148.329	1.337148
2150.57899976	0.409011
2152.57999969	1.232976
2154.57999969	0.662902
2156.51799989	1.187841
2158.57999969	0.232666
2161.66400003	1.228256
2163.58899999	1.186044
2165.61799979	0.798353
2167.36500001	0.501197
2169.02099991	0.056723
2170.45600009	0.003133
2172.79899979	0.558462
2176.08399963	0.466801
2179.24000001	1.701136
2181.41099977	0.89954
2181.829	1.195309
2183.22399998	0.730443
2185.34799981	0.660166
2186.63699985	0.039986
2188.57999969	0.271574
2190.57999969	1.662055
2192.57999969	1.179753
2194.57999969	0.420238
2196.58099985	1.149549
2198.69899988	0.010484
2201.22599983	0.116659
2204.477	0.319092
2205.8499999	0.799217
2207.93399978	0.07549
2211.92499995	1.248957
2215.29499984	0.623553
2215.97899985	1.221444
2216.86099982	0.916139
2219.3599999	0.13295
2221.52799988	0.910734
2224.57099986	0.943011
2227.29199982	0.037881
2228.36999989	1.081452
2230.54299974	1.867244
2231.84099984	1.195594
2232.64499998	0.924083
2233.34099984	1.77074
2234.67599964	1.545689
2236.58099985	1.382357
2238.58099985	0.003223
2240.58099985	0.129671
2243.2249999	0.108385
2247.06799984	0.471199
2248.84899998	0.938406
2251.95700002	0.062088
2253.72199988	1.208194
2255.36500001	1.900206
2257.17099977	1.894133
2258.76599979	1.596581
2259.15599966	1.865706
2260.57999969	1.855828
2262.58099985	1.628105
2264.58099985	0.601826
2266.58099985	0.628884
2268.58199978	1.863589
2270.58199978	1.307511
2272.58099985	1.624442
2274.58199978	0.038024
2276.58099985	1.563211
2278.58099985	1.219075
2280.58199978	1.817453
2282.58099985	1.628139
2284.58199978	1.397565
2286.58199978	1.197612
2288.58099985	0.401749
2290.58299971	0.684419
2292.58099985	0.669888
2294.58099985	1.80375
2296.58099985	1.77174
2298.58199978	1.850486
2300.58099985	1.800707
2302.58199978	1.52923
2304.58099985	0.634998
2306.58099985	0.009853
2308.58099985	0.881099
2310.58699989	1.857063
2312.58099985	0.167496
2314.58199978	1.394207
2316.58099985	1.657563
2318.58199978	1.841173
2320.83099985	1.247848
2322.58099985	0.627964
2324.59099984	1.873076
2326.58199978	0.298809
2328.84099984	1.408536
2330.58199978	1.83767
2332.58199978	1.792763
2334.58099985	0.309289
2336.58199978	1.551542
2338.58199978	1.519278
2340.58199978	1.321482
2342.7869997	0.669738
2344.58299971	1.242885
2346.58699989	1.224904
2348.58199978	1.790119
2350.83299994	1.790119
2352.58199978	1.855945
2354.83200002	1.286661
2356.83200002	0.441308
2358.58299971	1.766999
2360.58299971	1.428228
2362.58199978	1.588636
2364.83200002	0.036971
2366.71700001	0.625858
2368.58399987	1.446319
2370.83399987	1.431137
2372.83200002	0.808683
2374.58299971	1.847032
2376.83299994	1.575507
2378.8349998	2.06033
2380.83299994	1.556891
2382.58199978	1.853757
2384.58399987	1.863263
2386.83399987	0.025705
2388.83599973	1.495046
2390.72599983	1.635029
2392.83299994	1.635029
2394.83399987	1.841561
2396.83299994	1.176284
2398.83599973	0.553818
2400.83599973	1.789059
2402.83399987	1.844915
2404.58799982	1.331872
2406.83399987	0.869477
2408.83599973	1.197954
2410.83599973	0.012614
2412.7329998	0.160429
2415.54399991	0.899873
2419.28599977	0.614974
2420.72099996	0.450069
2422.11699986	0.935023
2423.26399994	0.174601
2424.83399987	0.541646
2426.83399987	1.125545
2428.83399987	1.03129
2430.83399987	1.222156
2433.2329998	0.014297
2436.1869998	1.309243
2438.55899978	0.065249
2441.39199996	0.863275
2443.60800004	0.515116
2445.45799994	0.430687
2446.94099998	1.096387
2449.91099977	1.245351
2452.5769999	0.024203
2453.57899976	0.03514
2455.48399973	0.215328
2457.12299991	0.762677
2459.53999972	0.253031
2461.66599989	0.224705
2462.54999995	1.185614
2463.34699988	0.509682
2464.8349998	1.856365
2466.83699989	1.191149
2468.83399987	1.854945
2470.8349998	1.861191
2473.65099978	0.129889
2475.79399991	0.283449
2478.27899981	0.438181
2479.96899986	0.857264
2482.12899995	0.22241
2483.51799989	1.406937
2484.8349998	1.789376
2486.80099988	0.190311
2489.79599977	0.615395
2491.67599964	0.032586
2494.37599993	1.154413
2496.55999994	0.016795
2498.51999998	0.003585
2501.45600009	0.576528
2504.06599975	1.635303
2504.90400004	1.328027
2505.51899981	0.510574
2506.83599973	1.60959
2508.8349998	1.761341
2510.79200006	0.358674
2512.77600002	1.282662
2514.83699989	1.352404
2517.73600006	0.570845
2518.83599973	0.053383
2520.83599973	1.176312
2522.8349998	0.752256
2524.83599973	0.635407
2526.83699989	1.066679
2528.83799982	1.154145
2531.2019999	0.568697
2534.0599997	1.246977
2535.89499974	0.722949
2539.24999976	0.003372
2542.81299996	0.003534
2545.53699994	0.539378
2547.40699983	0.261257
2548.41699982	1.280715
2549.03499985	1.317309
2549.921	1.542379
2550.83699989	1.627619
2552.83599973	1.286947
2554.83599973	1.599202
2556.83699989	1.812314
2558.83899975	0.600939
2561.81899977	0.536905
2564.72799993	0.687583
2567.71700001	0.016238
2569.85499978	1.161948
2571.64499998	0.03505
2573.00099993	1.125959
2575.26999974	0.54454
2577.74499989	1.270739
2578.14899993	1.491983
2578.83699989	0.058968
2583.42999983	0.067162
2585.92399979	1.205861
2587.15599966	0.57385
2588.37299991	1.157414
2591.32800007	1.081845
2594.77399993	0.263237
2596.41099977	1.330606
2597.31899977	1.522317
2598.4119997	0.784731
2600.0539999	1.466491
2602.0079999	0.01562
2605.57399988	0.330026
2608.54999995	0.132508
2610.54900002	0.559707
2611.74099994	0.229103
2613.04599977	0.199659
2614.92399979	0.614871
2617.16899991	0.688942
2619.75200009	0.057123
2621.86799979	0.695981
2624.59099984	0.022583
2627.89199972	0.149813
2628.96199989	1.02559
2630.36599994	0.049189
2632.75399995	0.033358
2635.18999982	0.278868
2637.96499991	0.058544
2639.43599963	1.124856
2640.42299986	0.33075
2641.94699979	0.452839
2643.46299982	0.532102
2644.31299996	0.841797
2645.49899983	0.214709
2648.74299979	0.058781
2651.9519999	1.354382
2652.96499991	1.975118
2653.80900002	0.71566
2655.08699989	1.923637
2657.08800006	1.220563
2659.08699989	1.829473
2661.08800006	1.793661
2663.08899999	1.775608
2665.71899986	0.021101
2668.08999991	0.252383
2671.40499997	0.212324
2674.33199978	0.152441
2676.80999994	1.030561
2678.20299983	1.168776
2678.60399961	1.168696
2680.22299981	1.81543
2681.08899999	1.195841
2683.08999991	1.762046
2688.30299973	0.335832
2690.34500003	0.097521
2692.64999986	0.531539
2694.4749999	0.339493
2695.9289999	0.68211
2697.56299973	0.103364
2700.63399982	0.030053
2702.06699967	0.900756
2703.01099968	1.477646
2703.75099969	1.849021
2705.09899974	1.436827
2707.08899999	1.837938
2709.08899999	1.374461
2711.02699971	0.805629
2713.32599974	0.647595
2715.67099977	0.324512
2718.50799966	0.967545
2721.29799986	0.07062
2722.07599974	0.177394
2725.15299988	0.533973
2727.6099999	0.70529
2728.97799993	0.879789
2730.31499982	1.22759
2731.08999991	1.260235
2733.09299994	1.673076
2736.95499969	0.908271
2740.33599997	1.207766
2741.54599977	0.772459
2742.85699987	0.188045
2745.68099999	0.382204
2746.58500004	0.873812
2748.21399975	1.592236
2749.73899984	0.321741
2752.21899986	0.164977
2755.19899988	0.510952
2758.80399966	0.166294
2760.65499973	0.179303
2762.74699974	0.050089
2765.47799993	0.191782
2766.73399997	1.264523
2768.4849999	0.701819
2770.33999968	1.160263
2771.09499979	1.010596
2771.76999974	1.696583
2773.23099971	0.743771
2776.92399979	0.016706
2779.92000008	0.539768
2781.13799977	1.540032
2782.72099996	1.212846
2785.31599975	0.191326
2786.91699982	1.10908
2788.8579998	0.047169
2791.20599985	1.08352
2793.61599994	0.41807
2794.62599993	0.712885
2796.09899974	0.827972
2799.05299997	0.258802
2802.16699982	0.264855
2805.40499997	0.911585
2808.15299988	0.064856
2810.98799968	0.030734
2812.97299981	1.37046
2815.25300002	1.301905
2816.35499978	0.111044
2816.95799994	0.836995
2817.73099971	1.211907
2819.0059998	1.349649
2820.29699993	1.324255
2821.09099984	1.39041
2823.27099991	1.254421
2825.79999995	0.303501
2827.09099984	0.692399
2829.09099984	0.06332
2831.09099984	1.097921
2833.09099984	1.508941
2835.09499979	1.311006
2837.09099984	1.316059
2839.09199977	0.886113
2841.09099984	1.174875
2843.34199977	0.875081
2845.66999984	0.065586
2847.9519999	0.06191
2849.84199977	1.17089
2852.82799983	0.400957
2855.04399967	1.174224
2857.00099993	1.127874
2858.26099992	1.200447
2859.09399986	1.438336
2861.22699976	1.843964
2863.34099984	1.622147
2865.09199977	1.643738
2867.34199977	1.305852
2869.34099984	0.214877
2871.09099984	1.816124
2873.10099983	1.82215
2875.34099984	0.355696
2877.34199977	1.410185
2879.09199977	1.340326
2881.34099984	1.243977
2883.34199977	1.861574
2885.09099984	0.024567
2887.09099984	1.398734
2889.34199977	0.016507
2891.97199965	0.162458
2898.66799974	0.066219
2899.79499984	1.729395
2901.2019999	1.419325
2902.99599981	1.836213
2903.33599997	0.346178
2903.89299989	1.251335
2905.34199977	1.163798
2907.34199977	1.296181
2909.23199987	1.826063
2911.34199977	1.876657
2913.34099984	0.231956
2915.09099984	0.83641
2917.34199977	1.848329
2919.34199977	1.845991
2921.34199977	1.848463
2923.34199977	1.666974
2925.34199977	1.572213
2927.34199977	1.348649
2929.3440001	1.849915
2931.37699986	1.180806
2933.3429997	1.845046
2935.34199977	1.36162
2937.3429997	1.797632
2939.3429997	0.058821
2941.3440001	1.034009
2943.12199974	1.131671
2945.3429997	0.876434
2947.3429997	0.517791
2949.3429997	0.167646
2951.3429997	1.873277
2953.34199977	1.884222
2955.3429997	0.559806
2957.22899985	1.730743
2959.3440001	1.868011
2961.3429997	1.169362
2963.3440001	1.861454
2965.3440001	1.860412
2967.3429997	1.859192
2969.34500003	1.456435
2971.3440001	1.838295
2973.3429997	1.676022
2975.3440001	1.335777
2977.3440001	1.319084
2979.43799996	1.209794
2985.57399988	0.001667
2985.85299993	1.621622
2986.12399983	1.809062
2987.3429997	1.606631
2989.3440001	1.456972
2991.34500003	1.833432
2993.3440001	1.488791
2995.3440001	1.247586
2997.34500003	1.582402
2999.34500003	1.596916
3001.34500003	0.626369
3003.3440001	1.636044
3005.2329998	1.863171
3007.3440001	1.398058
3009.3440001	0.143661
3011.3440001	0.287753
3013.3440001	0.177381
3015.34899998	1.143189
3017.34500003	0.015553
3019.34899998	1.227812
3021.34500003	0.536111
3024.16100001	0.016389
3027.65499973	1.434229
3031.15399981	1.195904
3032.58899999	1.587581
3033.62799978	1.260304
3035.18499994	0.014416
3035.77600002	1.615053
3037.34699988	1.426551
3039.34500003	0.572461
3041.34500003	0.084265
3043.34599996	0.276408
3045.34599996	1.215089
3047.34500003	1.777518
3049.34500003	0.663362
3051.34699988	1.844245
3053.34599996	1.483479
3055.34599996	1.237298
3057.34599996	1.359226
3059.34599996	1.501518
3061.34599996	1.363233
3063.44699979	1.185725
3066.29199982	0.262735
3068.86299968	0.137735
3070.10099983	0.003142
3073.20699978	0.299754
3075.81999969	1.098658
3078.17399979	0.087329
3079.27999997	0.999928
3080.40899992	1.183972
3084.39299989	0.683498
3087.53199983	0.794901
3090.04199982	1.202487
3092.58500004	1.057389
3094.83399987	0.004292
3095.88800001	1.160278
3096.99300003	1.230402
3098.68199992	1.491977
3099.65799975	1.049913
3101.8579998	1.195774
3103.80999994	0.201271
3105.77699995	0.036178
3107.4349997	0.574163
3109.24299979	1.175346
3112.42799973	1.87651
3113.648	0.724777
3115.75099969	0.058046
3117.49399996	1.082401
3120.3829999	0.182671
3122.4349997	0.81236
3124.33999968	0.425219
3126.19099975	0.929853
3128.21099973	1.058658
3128.95799994	0.365078
3130.71899986	0.756731
3133.329	0.0332
3136.84099984	0.513065
3139.09499979	1.288312
3140.77600002	1.338776
3143.03999996	0.938895
3145.41499972	1.71375
3145.9849999	1.145732
3146.46299982	1.51532
3148.87099981	0.320004
3151.89999962	0.281224
3154.88800001	0.155964
3158.51499987	1.279859
3160.09499979	0.303644
3161.60800004	0.248608
3162.93399978	1.859211
3163.64999986	1.504124
3164.32199979	1.220173
3165.59699988	1.725313
3167.59699988	1.87536
3169.59799981	1.61066
3171.7329998	0.784028
3174.59200001	0.316353
3177.70099998	1.149651
3179.25099969	0.994945
3181.75499988	0.694592
3183.05799985	0.268883
3185.51399994	0.503145
3186.00399971	0.609051
3188.1789999	1.134944
3191.62599993	0.065539
3194.13799977	0.066835
3196.48999977	0.267975
3198.47099972	0.36442
3200.61199975	0.065712
3203.77099991	1.620512
3205.14100003	1.902824
3206.06999993	1.142917
3206.79799986	1.85253
3207.45099974	1.701836
3209.59799981	1.857719
3211.4849999	1.194751
3213.59899974	0.223566
3216.6329999	0.105264
3219.44000006	0.254493
3223.02599978	0.196822
3226.75200009	0.519163
3228.85299993	1.86185
3230.59799981	1.616103
3231.28799987	1.336032
3231.78599977	0.461637
3233.38799977	0.986955
3236.71899986	0.305537
3240.59099984	0.482696
3242.57399988	0.120254
3244.43199992	1.223511
3245.92199993	1.346619
3247.16299987	1.446819
3248.16299987	1.813149
3249.1789999	0.123465
3249.93399978	1.845089
3251.59799981	1.863514
3253.59899974	1.624926
3256.50499988	0.216717
3259.98099995	0.246134
3263.96099997	0.986829
3267.08399963	0.048889
3268.4749999	0.7438
3268.98699975	1.339774
3269.91899967	0.144306
3272.45099974	0.63285
3274.75499988	1.205212
3276.0079999	1.21055
3276.5389998	1.808994
3277.59899974	1.84984
3279.59899974	0.935874
3281.5999999	1.8357
3283.59899974	1.151509
3285.59899974	1.354554
3287.5999999	1.499134
3289.5999999	1.63483
3291.59899974	0.266849
3293.59899974	1.197951
3295.59899974	0.214658
3297.59899974	1.451361
3299.5999999	1.304444
3301.59899974	0.237119
3303.60099983	1.169403
3306.06499982	0.156239
3307.60099983	0.746059
3310.7329998	0.078003
3314.94799972	0.571864
3317.71099973	1.281064
3320.11399984	0.032936
3320.58399987	1.775404
3322.0539999	1.196415
3322.40999985	0.833928
3324.30699968	0.192643
3325.87399983	0.538192
3327.60099983	0.266993
3330.99599981	0.646021
3333.82399988	0.480389
3335.47399974	0.276451
3337.07899976	1.732567
3338.54399991	1.846158
3339.84399962	0.512355
3342.04499984	1.158549
3345.125	0.107488
3348.72199988	0.815555
3351.45099974	0.601074
3352.24099994	0.869265
3354.71599984	1.149023
3357.59399986	1.294294
3359.75999999	1.283951
3360.79699993	1.85702
3361.22199988	0.288315
3361.81499982	1.844549
3363.60099983	0.540232
3365.5999999	1.343167
3367.85099983	0.674348
3369.85099983	1.550545
3371.60099983	1.840351
3373.60099983	1.921554
3375.85099983	1.861113
3377.85099983	1.622829
3379.60099983	1.813386
3381.85099983	1.45778
3383.85099983	1.336605
3385.60099983	1.287947
3387.60199976	1.272968
3389.8499999	1.871465
3391.85099983	1.427454
3393.60099983	0.349206
3395.5999999	1.450138
3397.85099983	1.854521
3399.85099983	1.168057
3401.60099983	1.682195
3403.60099983	0.634806
3405.85099983	1.357883
3407.85099983	1.629154
3409.85199976	1.371907
3411.85099983	1.85827
3413.85399985	1.153373
3415.85199976	1.338482
3417.85099983	0.956845
3419.85199976	0.842051
3421.85299993	1.792453
3424.30799961	0.153176
3426.02599978	0.119769
3427.85199976	0.636159
3429.85199976	0.020807
3431.85199976	0.479567
3434.29299998	1.432723
3435.85199976	1.837622
3437.85199976	0.700617
3439.85199976	1.605631
3441.85499978	1.849128
3443.87399983	1.860122
3445.85199976	1.847955
3447.85199976	0.872343
3449.85099983	1.339206
3451.85099983	1.583783
3453.85499978	1.728887
3455.85199976	1.244865
3457.85199976	1.959289
3459.85199976	0.635737
3461.85199976	1.844976
3463.85199976	1.527247
3465.85299993	1.275595
3467.85399985	1.402338
3469.85199976	1.19723
3471.85199976	1.787614
3473.85299993	1.638357
3475.85199976	1.898763
3477.85299993	1.379052
3479.85199976	1.648172
3481.85199976	1.503764
3483.86799979	1.194955
3485.85299993	1.388387
3487.85299993	1.283054
3489.85299993	0.70905
3491.85499978	1.858108
3493.85299993	1.617113
3495.85299993	0.576065
3497.85299993	1.26719
3499.85299993	1.868801
3501.85299993	1.860028
3503.85299993	0.982478
3505.87399983	1.331514
3507.96699977	0.955944
3511.56099987	0.116576
3515.51499987	1.150869
3517.4679997	1.29599
3519.26999974	1.014775
3520.10699987	1.414764
3520.89699984	1.85966
3521.85299993	0.496393
3523.85399985	1.340961
3525.85299993	1.452418
3527.85399985	1.833798
3530.05499983	0.932812
3532.43899989	0.16908
3535.25300002	0.235244
3538.19299984	0.033298
3539.4599998	1.177335
3541.50499988	0.187989
3543.83599973	0.862877
3545.81899977	0.915999
3547.79200006	0.162701
3549.84699988	1.187182
3551.00199986	1.327766
3551.75099969	0.14415
3553.87999988	1.850113
3555.86099982	1.629784
3557.85399985	0.634515
3559.85399985	0.977677
3561.85499978	0.578985
3563.85399985	0.892129
3565.85399985	1.171604
3567.85399985	0.418059
3569.85299993	0.250004
3571.98199987	0.542251
3573.85499978	1.177391
3576.0480001	0.557453
3580.63699985	0.002441
3584.17099977	0.035288
3584.93399978	1.828544
3585.7579999	0.194821
3588.13799977	0.002399
3589.8829999	0.042554
3591.69700003	0.677844
3595.31399989	1.036467
3596.17799997	0.549697
3596.84800005	1.371555
3598.58599997	0.018992
3601.50499988	0.015969
3605.12399983	0.957752
3608.16699982	0.582356
3609.7099998	1.779103
3610.91299987	1.265303
3611.72199988	1.809066
3612.07200003	1.864668
3614.10400009	1.676179
3615.85499978	1.865875
3617.85499978	1.834772
3619.85399985	1.355977
3622.10400009	1.355977
3624.10500002	1.719158
3625.86099982	1.838708
3628.10500002	1.865446
3629.85499978	0.655938
3631.85599995	1.67737
3633.99300003	0.618926
3636.10500002	1.197952
3638.10400009	1.404493
3639.85399985	1.775104
3641.85499978	1.775104
3644.10500002	1.475348
3646.10500002	0.127894
3647.85499978	0.848505
3650.10599995	1.120589
3652.10500002	1.233027
3654.10500002	1.129869
3656.10500002	1.855399
3657.85599995	1.252775
3660.10500002	1.308414
3662.10500002	1.485139
3664.10599995	1.328343
3665.85599995	1.819364
3668.10500002	1.370952
3670.11299992	1.384448
3672.10599995	0.782781
3673.89299989	1.449046
3676.10699987	1.14038
3678.10599995	1.15379
3680.10599995	0.805142
3681.99499989	1.832487
3684.10599995	0.556539
3685.93299985	0.556539
3688.10599995	1.801294
3690.10500002	1.312419
3692.10599995	1.087821
3694.10699987	0.796555
3696.10599995	0.122621
3698.10599995	1.560458
3700.10699987	1.816789
3702.1079998	1.282754
3704.10599995	0.125872
3705.99499989	1.437046
3708.10599995	1.207643
3710.10599995	0.229662
3712.10599995	0.86506
3714.10599995	2.076377
3716.10699987	2.076377
3718.10599995	2.076377
3720.10599995	1.81399
3722.10599995	1.70212
3724.10500002	0.142838
3726.10599995	1.498324
3728.10599995	1.166241
3729.99499989	1.550665
3732.10699987	1.550665
3734.10699987	0.073104
3736.10699987	1.508856
3738.10699987	1.413406
3740.10699987	0.642493
3742.10599995	1.574154
3744.10599995	1.873429
3746.10599995	1.252786
3748.10699987	1.854988
3750.10699987	1.617997
3752.10699987	1.855763
3753.99199986	1.660159
3756.10699987	1.834408
3758.10599995	1.249763
3760.1079998	0.062458
3762.15499973	0.80713
3764.10699987	0.887038
3766.1079998	1.049836
3768.10699987	1.478886
3770.1079998	1.855393
3772.10699987	1.821089
3774.10699987	1.848648
3776.10699987	1.90088
3778.1079998	1.30626
3780.11099982	1.852864
3782.10699987	1.276062
3784.10699987	1.195945
3786.10699987	1.241399
3788.10699987	1.536803
3790.10699987	0.143022
3792.53699994	0.388687
3796.43099976	0.059818
3799.51499987	0.13331
3800.57299995	0.636192
3803.03399992	0.931396
3806.45099974	1.296621
3807.17799997	1.767219
3808.26099992	1.519048
3809.19700003	1.753568
3810.4909997	0.012822
3813.22399998	0.263372
3816.20799994	0.094921
3818.11199999	1.383359
3819.90199995	1.143146
3820.69899988	1.144903
3822.10699987	1.87559
3824.1079998	1.737593
3826.1079998	0.618662
3828.1079998	1.330933
3830.1079998	0.317852
3832.46499991	0.511112
3835.51099968	0.255077
3838.67499971	0.39321
3840.95799994	0.463879
3842.29299998	1.078028
3845.3499999	0.11161
3847.48399973	0.343577
3849.60699987	0.153436
3850.85099983	1.3046
3851.21499968	1.782378
3852.35899973	0.209312
3854.35399985	0.443161
3856.1079998	0.13707
3858.10899997	0.601403
3860.78399992	0.268751
3862.37899971	0.45429
3864.1099999	0.447338
3866.2579999	0.202964
3869.35299993	0.163711
3873.3269999	0.016648
3874.54499984	0.849449
3876.2249999	1.247953
3877.921	0.180595
3880.14499998	1.861008
3881.3429997	0.88896
3883.26599979	0.012366
3886.10500002	0.002169
3888.2349999	1.121229
3890.26099992	1.519391
3892.773	0.002556
3893.79899979	1.199427
3895.31499982	1.260556
3896.10899997	1.275538
3898.36399984	0.872292
3900.36199975	0.844519
3902.1099999	1.876489
3904.3599999	1.65615
3906.8499999	0.320154
3909.16299987	1.030644
3910.25399995	0.696027
3912.24699974	1.815719
3914.41799974	1.426925
3916.10899997	1.862106
3918.99599981	0.359136
3921.17399979	0.432889
3924.72999978	0.713383
3928.27399993	0.345252
3930.86799979	1.201365
3933.12099981	0.270006
3934.96899986	1.299714
3936.21899986	1.180946
3937.49300003	1.295508
3939.14100003	0.463527
3940.69399977	1.610182
3941.50899982	1.848825
3942.352	1.790452
3944.36099982	1.861357
3946.4059999	1.699753
3948.94699979	0.021417
3951.27699995	1.342847
3952.22299981	1.68237
3954.36099982	0.408642
3956.36099982	0.258422
3959.6960001	0.718406
3964.24299979	1.045768
3967.15199995	0.227155
3968.99799991	0.131069
3969.58799982	1.114984
3972.3269999	0.294934
3975.8579998	0.780678
3976.58799982	0.047485
3978.7019999	0.099597
3980.31699991	0.049663
3982.60800004	0.003609
3984.26799965	0.915927
3985.62799978	0.312009
3987.91599965	0.231761
3990.27699995	0.703554
3991.16199994	1.48429
3992.5999999	0.999012
3993.33399987	0.252427
3994.36099982	1.017763
3996.36099982	1.254203
3998.36099982	1.492851
4000.36099982	1.803911
4002.88399982	0.309554
4005.05499983	0.644864
4007.8349998	0.095296
4010.98999977	1.138171
4013.6559999	0.88453
4015.43799996	1.202474
4016.14400005	0.482672
4017.90999985	1.037
4020.89999962	0.341577
4023.21399975	1.141361
4024.98999977	0.7608
4026.39099979	0.367339
4027.85299993	0.269609
4029.65099978	1.242996
4032.97999978	0.074385
4036.78299975	0.09883
4038.30599976	0.246045
4040.74899983	0.016605
4043.41299987	1.023945
4045.65799975	0.24665
4047.32999992	0.030675
4048.34799981	0.196272
4050.14499998	1.208845
4053.52899981	1.582998
4054.98699975	0.117322
4055.63499975	0.468921
4057.44799995	0.629798
4061.40199995	1.165975
4062.16999984	0.719639
4062.98099995	1.216026
4063.93899989	1.655174
4064.97799993	0.297601
4066.36199975	0.659502
4068.36299968	1.296545
4071.09099984	1.168958
4072.57899976	1.459111
4074.36299968	1.189983
4078.70699978	0.353287
4079.91699982	0.28494
4082.06999993	0.643853
4089.2249999	0.127459
4090.0079999	0.110488
4091.89899969	0.206055
4093.87199998	0.14358
4095.95599961	0.178755
4097.66799974	0.609545
4098.79399991	0.063981
4101.33099985	0.192079
4105.18899989	0.430229
4106.52499986	0.38396
4107.48799992	1.046054
4109.07899976	1.255144
4110.46899986	0.813042
4111.58599997	0.480719
4112.7349999	0.349894
4113.49699998	1.217164
4114.3809998	1.438027
4116.61399984	0.751011
4118.65999961	0.021392
4120.98699975	0.765575
4124.06900001	0.079328
4127.06699967	0.153147
4130.01999974	0.519956
4131.52799988	1.067153
4133.08800006	0.646347
4135.14199996	0.003415
4136.99399996	0.514454
4139.69799995	0.242444
4141.99699998	0.128501
4143.39499974	0.716923
4146.22099996	0.341023
4149.26599979	0.6245
4150.01600003	0.132915
4152.4829998	0.084839
4154.4909997	0.588473
4155.80399966	0.828442
4156.78900003	0.443464
4160.7099998	0.016692
4162.96199989	0.939436
4164.6789999	1.163693
4166.49399996	1.582063
4167.29699993	0.905161
4168.25099969	0.831153
4169.22699976	1.214947
4170.76099992	0.990961
4173.7579999	0.846002
4177.05299997	0.573113
4179.55200005	1.173961
4181.78900003	0.362958
4184.78599977	1.136265
4186.79200006	1.085991
4187.67099977	1.238411
4188.06999993	1.09434
4190.72299981	0.160013
4191.98999977	1.22616
4195.20599985	0.263745
4197.921	0.0326
4200.69199967	0.33409
4202.90799975	0.304312
4203.87099981	1.241876
4206.08699989	0.691529
4209.24999976	1.171372
4210.28999996	1.859623
4210.95399976	1.857355
4211.57999969	1.400882
4212.61599994	0.022212
4214.61499977	0.434105
4216.79299998	1.178944
4219.85899973	0.637364
4220.92799997	0.961661
4222.61799979	0.430211
4224.78999996	0.09886
4226.61699986	0.113871
4230.46099997	0.003394
4234.05899978	0.508137
4237.36099982	0.136208
4239.41599989	0.050055
4241.48999977	0.805162
4243.55999994	0.116504
4245.67299986	0.471935
4247.69199967	0.681995
4250.08099985	1.150126
4252.33199978	0.517462
4253.61499977	0.617162
4255.17499971	0.279885
4255.94799972	0.42993
4256.58799982	0.312538
4258.03699994	0.015457
4260.72899985	0.676513
4263.73699999	0.399678
4265.51699996	0.21685
4267.29699993	0.202011
4270.22399998	0.480315
4272.29799986	1.388541
4274.22299981	1.088298
4275.69199967	0.736904
4276.56399965	1.671249
4277.32499981	0.410354
4278.61599994	0.693047
4280.80599976	0.232476
4283.52199984	0.003103
4288.02899981	0.00364
4291.96599984	0.116595
4292.77099991	0.92815
4294.55999994	0.427459
4295.84800005	0.736547
4296.88999987	0.051204
4297.15899968	1.428133
4300.15299988	0.285994
4303.82999992	0.479567
4304.54900002	1.378665
4305.2019999	1.235354
4307.38699985	1.111572
4309.21499968	0.184677
4312.08199978	0.125575
4315.02899981	0.453396
4316.6869998	0.570826
4318.44099998	0.629766
4321.42599988	0.045831
4323.93700004	1.087937
4325.86699986	0.313031
4328.48000002	0.391071
4331.19899988	0.115114
4333.3349998	0.417956
4333.704	0.780179
4336.2349999	0.315308
4340.25499988	1.23596
4342.81999969	0.012206
4345.05699992	1.006105
4346.02499986	1.84072
4347.21600008	1.752515
4347.89699984	0.376654
4348.81099987	1.83378
4349.51200008	1.160337
4350.76799989	1.773346
4352.61699986	0.812614
4354.61799979	1.236896
4356.61899972	1.892141
4358.61699986	1.478142
4360.61699986	1.870335
4362.86799979	1.469259
4364.61799979	1.172201
4366.61699986	1.803981
4368.86799979	0.628269
4370.61699986	1.330476
4372.61799979	1.022108
4374.61599994	1.817599
4376.86799979	1.856025
4378.86899996	0.837323
4380.61699986	1.814682
4382.61799979	1.538256
4384.86799979	1.794298
4386.86799979	1.641609
4388.86999989	1.847402
4390.61699986	1.859606
4392.61799979	1.869275
4394.86799979	1.195763
4396.87099981	0.182666
4398.61799979	0.240423
4400.61799979	1.207595
4402.86999989	1.209928
4404.86899996	1.859229
4406.61799979	0.791024
4408.86899996	1.097224
4410.86999989	1.349661
4412.86899996	0.778514
4414.61799979	0.741967
4416.61799979	1.843988
4418.86799979	1.638571
4420.86899996	1.834564
4422.87199998	1.870017
4424.87699986	0.369396
4426.86799979	0.985417
4428.87199998	1.556738
4430.75300002	0.639539
4432.86799979	1.859679
4434.86899996	1.654996
4436.87499976	1.166697
4438.86799979	0.25809
4440.87299991	1.59731
4442.86899996	0.914277
4444.86899996	1.190672
4446.86999989	1.208573
4448.86899996	0.753336
4450.86999989	0.725634
4452.86899996	1.330359
4454.75399995	1.431579
4456.86899996	1.260718
4458.87199998	1.421067
4460.86899996	1.624013
4462.86899996	1.870126
4464.87099981	0.595756
4467.90400004	0.421815
4470.91899967	0.0624
4471.49699998	0.776711
4472.86999989	1.854787
4474.86799979	1.327327
4476.86899996	0.327686
4478.76099992	1.525862
4480.86899996	1.849858
4482.86899996	1.829426
4484.87299991	0.182762
4486.86799979	1.782482
4488.86999989	1.875596
4490.86899996	1.409569
4492.87099981	1.273598
4496.07799983	0.756604
4500.7019999	0.231824
4503.50499988	1.111562
4506.22599983	0.04862
4507.89199972	0.989268
4509.94299984	0.05104
4511.74299979	0.164017
4513.44499993	0.346194
4515.51599979	0.150218
4517.24299979	0.187464
4518.51799989	0.01679
4520.16899991	0.091805
4522.93999982	0.332027
4525.85999966	0.828485
4527.921	1.436972
4529.23199987	1.46077
4530.27999997	1.856984
4531.12699986	0.012436
4531.68399978	1.845446
4532.86899996	1.869896
4534.86999989	1.564322
4536.86999989	0.626875
4538.86999989	1.620624
4540.86999989	1.17466
4542.86999989	1.858611
4544.86999989	1.506323
4546.87099981	0.857589
4548.86999989	1.529526
4550.7579999	1.869708
4552.87099981	1.51508
4554.87099981	1.368975
4556.87399983	0.46617
4558.87099981	0.055812
4562.3499999	0.19458
4565.55200005	0.236395
4567.94099998	1.130729
4568.85699987	1.029536
4571.63399982	0.049359
4573.99899983	1.16993
4576.04900002	0.50703
4577.79999995	0.276568
4579.88699985	0.552614
4585.90299988	0.003314
4588.66400003	0.036816
4589.91299987	0.151577
4591.32999992	0.187215
4592.47899985	0.093477
4594.52899981	0.171631
4596.78399992	0.100893
4598.16199994	0.064251
4599.19299984	0.269378
4600.11199999	0.269378
4600.67399979	0.180453
4601.19599962	0.392024
4603.04499984	0.317636
4604.94199991	0.066579
4607.41699982	0.037405
4611.85599995	0.082498
4619.25899982	0.010353
4619.86199975	0.246747
4620.9289999	0.150024
4621.52299976	0.182434
4622.26199985	0.368597
4622.63399982	0.463089
4623.36699986	0.168319
4625.27699995	0.159636
4626.87499976	0.839707
4628.87199998	0.246046
4630.97299981	0.341839
4633.12099981	0.012541
4635.12299991	0.035991
4636.87199998	0.191527
4639.77799988	0.059468
4642.01899981	1.10788
4642.87299991	0.945344
4645.12399983	0.246025
4648.41099977	0.177568
4650.93099976	0.049172
4652.78299975	0.12224
4654.34199977	0.92944
4656.01199985	0.748377
4658.43199992	1.231065
4661.50399995	0.841259
4663.2579999	1.59745
4664.15099978	1.14795
4665.1099999	0.537118
4666.87199998	0.130177
4669.12299991	0.716221
4671.12299991	0.049029
4673.12199974	0.184537
4675.39099979	0.258609
4677.73899984	0.707337
4679.81899977	0.187995
4681.12299991	1.108374
4682.87199998	1.239902
4685.12199974	0.180984
4687.12299991	1.229364
4688.89099979	1.85456
4691.12299991	0.630918
4693.12299991	0.00879
4695.66199994	0.232976
4698.35599971	0.210565
4700.14400005	1.473606
4701.99599981	1.388929
4703.64999986	0.586329
4705.04599977	0.241744
4707.58399987	0.021952
4709.09599996	0.09695
4712.30099988	0.016282
4715.38699985	0.187657
4718.07899976	1.085093
4720.03999996	0.013178
4722.60299969	0.163428
4724.95299983	0.455436
4726.78599977	1.204115
4729.70899987	0.003041
4730.35299993	1.187073
4731.54699969	0.196202
4733.94400001	0.35562
4736.10500002	0.107431
4737.87799978	0.854215
4739.83299994	0.083081
4742.2329998	0.296629
4743.95899987	0.250548
4746.29499984	1.160463
4749.50099993	0.454994
4750.30499983	0.788665
4751.27099991	0.177367
4754.40999985	0.355877
4757.86099982	1.154559
4760.09899974	1.354257
4762.05499983	0.330376
4763.59699988	1.375782
4764.79599977	0.096159
4766.30799961	0.842176
4767.38999987	1.190786
4767.76599979	1.783101
4769.17599988	1.411855
4771.12299991	1.788383
4773.125	1.631743
4775.12399983	1.321082
4777.12399983	0.632438
4779.12299991	1.891161
4781.12399983	0.625443
4783.12399983	1.585677
4785.12399983	0.035067
4787.12699986	1.1198
4789.13599992	0.091334
4791.12399983	1.862381
4793.12399983	1.863368
4795.125	1.668889
