0.0	0.014087
0.809000015259	5.564339
1.33699989319	2.315918
1.68700003624	0.27415
2.09399986267	1.597116
2.50500011444	0.804713
2.8630001545	3.646151
3.16599988937	6.082338
3.5	4.177351
4.32000017166	6.190377
6.50500011444	0.119105
8.42199993134	0.422063
10.4230000973	3.019783
12.6730000973	4.449239
14.4249999523	0.723892
16.4259998798	2.422467
18.4839999676	0.206632
20.6720001698	0.682023
22.6730000973	4.763536
24.6720001698	5.808248
26.7449998856	0.919554
28.6730000973	0.728341
30.6760001183	0.458706
32.7369999886	6.592621
34.754999876	0.42346
36.6720001698	1.3086
38.6730000973	0.710069
40.6720001698	0.248877
42.6730000973	0.929387
44.6720001698	0.121082
46.6720001698	4.656263
48.6740000248	3.20044
50.6730000973	1.076166
52.6730000973	0.705527
54.748000145	0.291433
56.6720001698	6.974652
58.6730000973	2.545836
60.743999958	3.541446
62.6730000973	0.743716
64.7449998856	1.569523
66.6749999523	0.093643
68.6740000248	6.620482
70.6730000973	7.608613
72.6720001698	5.529457
74.6730000973	0.399862
76.6740000248	0.69139
78.6749999523	7.023123
80.7350001335	6.751315
82.6760001183	0.972788
84.6730000973	7.348739
86.7460000515	0.895681
88.6720001698	7.072879
90.7449998856	3.554361
92.6720001698	7.076644
94.6740000248	0.575878
96.7400000095	7.38166
98.7539999485	2.891909
100.674000025	3.026965
102.744999886	0.492857
104.67200017	1.349122
106.671000242	3.406246
108.671000242	3.421788
110.674000025	1.048764
112.744999886	1.466219
114.674000025	6.586652
116.674000025	1.132501
118.746999979	5.44571
120.746000051	0.010265
122.673000097	3.328718
124.673000097	3.494517
126.673000097	3.833584
128.674000025	1.450664
130.676000118	3.061113
132.773000002	5.089639
134.679000139	0.696665
136.744999886	5.80836
138.673000097	5.921096
140.744999886	1.341348
142.677999973	3.959309
144.674000025	0.727575
146.744999886	1.764526
148.677999973	2.543087
150.673000097	6.480511
152.725999832	1.885121
154.746000051	0.013906
156.67200017	3.646506
158.673000097	5.459719
160.746999979	5.459719
162.677000046	0.547882
164.674999952	2.066604
166.740999937	2.815897
168.67200017	2.017577
170.674000025	2.578347
172.744999886	2.711465
174.67200017	2.838671
176.743999958	2.838671
178.674999952	2.838671
180.676000118	0.294018
182.679000139	2.266037
184.67200017	6.128265
186.673000097	0.010531
188.67200017	6.167254
190.67200017	3.103898
192.673000097	6.220568
194.673000097	6.697619
196.676000118	0.8242
198.696000099	1.992456
200.744999886	5.090883
202.673000097	0.013432
204.748000145	0.537669
206.67200017	5.101869
208.67200017	2.507374
210.673000097	3.142897
212.735000134	0.38017
214.733999968	0.542779
216.673000097	5.841037
218.746000051	5.841037
220.67200017	5.841037
222.743999958	6.308148
224.746000051	6.451645
226.673000097	1.573065
228.674999952	0.159204
230.677000046	6.667131
232.736000061	6.28519
234.744999886	4.535788
236.67200017	6.360838
238.674999952	6.921359
240.67200017	1.212573
242.770999908	3.062193
244.674000025	3.308172
246.676000118	3.249641
248.677000046	3.713359
250.673000097	3.713359
252.922999859	8.070167
254.673000097	4.014108
256.746000051	0.486421
258.674000025	3.905975
260.674000025	1.01729
262.736000061	0.011304
264.674000025	0.752538
266.680000067	1.583595
268.921999931	1.96414
270.924000025	2.76178
272.744999886	0.51409
274.924000025	0.049842
276.994999886	0.900763
278.922999859	2.506803
280.92599988	1.894304
282.805000067	2.173806
284.996000051	0.383015
286.921999931	3.22207
288.996000051	0.271377
290.922999859	0.963752
292.924000025	6.241602
294.927000046	0.145971
296.92599988	1.414396
