0.0	0.776795
0.733000040054	0.733508
0.782999753952	1.946488
0.87700009346	2.702738
1.2389998436	1.021907
1.51200008392	1.135261
1.69799995422	2.542205
1.90799999237	2.203995
2.64499998093	1.63372
4.39800000191	0.334119
6.46900010109	0.839879
8.2009999752	0.365327
10.3699998856	2.014702
12.3960001469	1.604997
14.1870000362	3.010225
16.3710000515	2.106613
18.393999815	1.08258
20.4579999447	1.73672
22.3680000305	3.004297
24.4179999828	1.83853
26.393999815	0.533551
28.378000021	2.851692
30.3929998875	1.191485
32.3710000515	4.397206
34.393999815	0.484782
36.393999815	3.577588
38.2000000477	1.153066
40.4789998531	1.616333
42.3630001545	2.667841
44.4379999638	2.331952
46.3919999599	0.575463
48.3980000019	2.386658
50.3680000305	0.868049
52.3919999599	3.403423
54.3680000305	0.53132
56.3929998875	5.474361
58.368999958	2.223132
60.3699998856	2.142981
62.3169999123	0.075888
64.4579999447	1.626612
66.368999958	0.327393
68.4000000954	1.356427
70.393999815	0.139681
72.3699998856	2.767544
74.3950002193	0.143565
76.3710000515	3.140401
78.3680000305	3.322313
80.368999958	4.610609
82.4979999065	3.031937
84.368999958	3.191933
86.4600000381	5.096048
88.3680000305	2.992559
90.4179999828	3.817565
92.3699998856	2.304916
94.6540000439	4.92121
96.3710000515	4.885805
98.3680000305	3.025923
100.377000093	2.203353
102.374999762	4.726569
104.377000093	1.282727
106.478999853	2.517268
108.368999958	0.601672
110.259000063	3.643779
112.387000084	0.126961
114.400000095	4.906501
116.392999887	0.099525
118.369999886	3.735797
120.373999834	2.655943
122.369999886	3.936826
124.395000219	1.551051
126.368999958	3.683016
128.39199996	0.745198
130.460000038	2.149005
132.368000031	1.185081
134.417999983	1.819971
136.369999886	0.312994
138.380000114	1.086716
140.369999886	1.454199
142.368000031	3.747934
144.39199996	1.348347
146.369999886	1.830694
148.373999834	0.747681
