0.0	0.018735
0.140999794006	1.970119
0.771999835968	2.453947
1.8220000267	3.133211
2.67100000381	2.09115
2.9319999218	1.001889
3.37400007248	3.448021
3.99199986458	0.822816
4.78200006485	1.465926
5.56200003624	3.059384
6.13199996948	3.094444
7.52100014687	2.710165
9.5119998455	2.837719
11.4909999371	1.334693
13.5370001793	4.268677
15.5050001144	0.678327
17.5309998989	1.69523
19.5319998264	1.561742
21.5210001469	3.323911
23.4420001507	0.06001
25.4909999371	2.692668
27.5370001793	0.747012
29.5239999294	0.130954
31.5009999275	3.418239
33.5210001469	0.999661
35.5210001469	3.361921
37.5210001469	3.967513
39.4919998646	2.117357
41.496999979	1.012265
43.5220000744	0.509916
45.5230000019	3.171602
47.3320000172	1.029672
49.5039999485	3.402007
51.5119998455	3.402007
53.5020000935	3.043498
55.4919998646	2.471976
57.4919998646	3.264077
59.5319998264	3.133775
61.5009999275	4.095483
63.5009999275	0.025414
65.5119998455	4.24191
67.506000042	4.410229
69.507999897	4.042219
71.361000061	2.763606
73.4919998646	3.578309
75.4919998646	0.697177
77.5220000744	2.642879
79.5210001469	0.093363
81.5220000744	0.924276
83.496999979	3.089818
85.5220000744	3.615235
87.5319998264	1.01377
89.5020000935	1.41203
91.5350000858	0.027907
93.4909999371	2.977544
95.3409998417	4.067905
97.5210001469	3.65577
99.5050001144	3.384874
101.531999826	1.343479
103.493999958	3.137944
105.490999937	2.383078
107.531999826	3.276607
109.521000147	0.06676
111.521000147	4.139588
113.522000074	3.934201
115.490999937	3.16181
117.530999899	2.789727
119.506000042	4.559954
121.521000147	2.959919
123.521000147	3.205588
125.521000147	3.416341
127.490999937	2.044719
129.522000074	2.944582
131.536000013	3.843919
133.492999792	3.991755
135.531999826	3.57539
137.521000147	3.237342
139.503000021	1.073589
141.513000011	1.845935
143.503000021	3.000585
145.506999969	2.912524
147.511999846	0.675181
149.521000147	0.114432
151.531999826	3.135983
153.521000147	3.503015
155.511999846	3.736608
157.506999969	0.415175
159.510999918	0.366003
161.500999928	3.132246
163.490999937	2.908091
165.521000147	2.12068
167.500999928	2.986691
169.490999937	2.964986
171.511999846	0.566018
173.521000147	2.610002
175.505000114	3.055354
177.500999928	2.843756
179.530999899	2.569204
181.521000147	4.06618
183.519999981	3.909253
185.530999899	2.232321
187.511999846	3.57825
189.506000042	2.999516
191.511999846	2.30529
193.521000147	3.381723
195.521000147	3.77668
197.530999899	1.963362
199.491999865	1.82106
201.490999937	2.194086
203.506999969	3.102208
205.490999937	1.743525
207.531999826	3.400657
209.531999826	0.697845
211.531999826	1.106206
213.521000147	3.195732
215.500999928	2.490527
217.530999899	2.692341
219.5	3.508114
221.531999826	0.203636
223.537000179	0.241073
225.522000074	0.978935
227.522000074	1.262785
229.522000074	0.03658
231.490999937	0.084328
233.505000114	3.408013
235.529999971	3.647403
237.515999794	4.050266
239.491999865	1.749162
241.490999937	2.246892
243.490999937	2.394764
245.491999865	2.394764
247.521000147	3.525959
249.537000179	3.666327
