0.0	0.81979
0.350000143051	0.988662
0.486999988556	1.019354
0.615000009537	1.019354
0.772000074387	1.019354
0.935000181198	1.041136
1.13199996948	1.188663
1.5490000248	1.310479
2.83500003815	2.464737
3.78099989891	2.891873
5.62000012398	1.427872
7.61800003052	2.968474
9.62400007248	3.796229
11.628000021	0.481513
13.6319999695	0.467639
15.6180000305	4.533216
17.623000145	2.48253
19.6190001965	3.322874
21.631000042	0.181123
23.6210000515	0.476705
25.6270000935	0.189944
27.6289999485	0.100402
29.631000042	0.729945
31.6910002232	6.640449
33.6190001965	5.164736
35.625	0.666401
37.6349999905	0.83859
39.623000145	6.985201
41.632999897	5.141007
43.6270000935	3.420972
45.6210000515	3.019115
47.6300001144	0.103221
49.628000021	0.033626
51.632999897	0.193721
53.628000021	0.529753
55.871999979	1.592355
57.6289999485	1.641272
59.881000042	2.467734
61.875	6.188943
63.6319999695	5.209928
65.8819999695	0.016769
67.8870000839	5.233491
69.8840000629	5.579929
71.8800001144	6.413791
73.731000185	2.764457
75.8710000515	2.002142
77.8819999695	3.234997
79.8710000515	6.623544
81.8800001144	6.487965
83.8830001354	6.443142
85.8729999065	5.523195
87.8849999905	1.864686
89.8770000935	6.257688
91.8800001144	4.962618
93.888999939	1.332352
95.8790001869	7.402095
97.8579998016	0.022451
99.8800001144	4.737915
101.892999887	1.350049
103.877000093	0.017277
105.877000093	0.100678
107.883000135	0.308283
109.886000156	0.210526
111.872999907	0.905145
113.88499999	5.936742
115.894000053	6.642238
117.881999969	6.339398
119.886000156	0.03478
121.730000019	6.684538
123.886000156	5.989911
125.875999928	6.991268
127.887000084	4.086569
129.884000063	1.23561
131.884000063	6.460786
133.879000187	6.840526
135.872999907	4.766634
137.871999979	0.738936
139.880000114	3.208043
142.19900012	0.184075
143.88499999	0.354492
145.744999886	0.751591
147.883000135	2.066045
149.884000063	1.479715
151.883000135	0.597731
153.886000156	3.676095
155.881999969	6.438013
157.888999939	0.907132
159.883000135	3.456371
161.887000084	0.548272
163.886000156	0.149508
165.878000259	0.017342
167.887000084	0.194511
169.875999928	3.668374
171.883000135	6.555758
173.881999969	7.1501
175.872999907	7.454977
177.878000259	6.970549
179.88499999	6.916641
181.883000135	3.394418
183.875999928	0.086801
185.886000156	0.016094
187.879000187	4.139026
189.884000063	0.816106
191.875	1.303851
193.815000057	0.525219
195.877000093	0.585436
197.880000114	2.571491
199.886000156	0.023733
201.887000084	5.140127
203.887000084	4.00713
205.884000063	0.695679
207.888999939	1.18124
209.888999939	0.257147
211.880000114	1.368774
213.881000042	0.791971
215.888999939	0.363986
217.891000032	0.822855
219.889999866	0.003579
221.881999969	0.003692
223.887000084	0.209362
225.897000074	0.903385
227.888000011	0.253993
229.879000187	2.297462
231.880000114	0.85418
233.888999939	6.844102
235.880000114	2.924756
237.877000093	4.75403
239.891000032	4.902176
241.825000048	0.033099
243.886000156	0.085036
245.881000042	4.450168
