0.0	7.682525
0.326000213623	0.346678
0.642000198364	0.346678
0.848999977112	0.346678
1.0720000267	0.346678
1.59900021553	0.175477
2.15900015831	3.48878
2.65900015831	3.48878
3.30700016022	0.117908
4.01000022888	0.638271
5.4880001545	0.9596
7.59600019455	0.025915
9.62300014496	1.19284
11.603000164	0.073604
13.5990002155	0.047662
15.6080000401	1.595299
17.617000103	1.419527
19.5929999352	1.822174
21.598000288	1.801205
23.6050002575	3.163914
25.5960001945	0.749143
27.5880000591	2.531734
29.6220002174	0.079943
31.598000288	4.278688
33.5920000076	4.205757
35.5890002251	5.310707
37.5880000591	3.242183
39.6020002365	6.761023
41.5970003605	6.949808
43.606000185	0.715922
45.5070002079	7.123991
47.6510002613	0.719463
49.6180002689	0.045766
51.5910000801	0.189568
53.6690003872	1.974285
55.5880000591	6.907638
57.6270000935	9.364418
59.6000001431	2.423688
61.5970003605	1.496284
63.6350002289	0.088931
65.7060003281	4.60606
67.6100001335	12.070479
69.6210002899	13.008721
71.5940003395	6.913688
73.628000021	0.833141
75.6070001125	0.119453
77.5990002155	6.404096
79.628000021	15.156502
81.5890002251	0.147663
83.5929999352	0.013422
85.6220002174	8.737669
87.603000164	0.684891
89.6070001125	15.697632
91.6089999676	0.069945
93.5590002537	0.092174
95.6010000706	0.079501
97.5960001945	1.162988
99.5910000801	0.959114
101.567000151	9.782314
103.616000175	14.150339
