0.0	0.080281
0.292999982834	0.076876
0.398999929428	0.66842
0.493999958038	1.66542
0.678999900818	4.321709
0.781000137329	9.732825
1.03099989891	0.04858
1.34699988365	2.892638
2.52200007439	0.044296
4.52100014687	0.500254
6.56699991226	1.740765
8.53600001335	0.149171
10.6010000706	6.043748
12.7669999599	0.349566
14.6080000401	1.677643
16.7779998779	0.193238
18.7699999809	0.358024
20.7680001259	1.50318
22.7760000229	0.367761
24.7680001259	1.711434
26.7680001259	0.091411
28.7690000534	7.05541
30.7699999809	0.147277
32.7690000534	0.24139
34.7690000534	0.044941
36.7680001259	0.43165
38.6779999733	0.168874
40.7680001259	0.250273
42.7680001259	0.015506
44.7709999084	0.061886
46.7669999599	0.318263
48.7669999599	2.728878
50.7669999599	2.728878
52.7669999599	2.728878
54.7680001259	5.539575
56.7669999599	5.539575
58.7690000534	5.539575
60.7650001049	5.539575
62.6819999218	0.031529
64.7730000019	1.957512
66.7690000534	5.840867
68.7690000534	5.840867
70.7669999599	5.840867
72.7680001259	0.035442
74.7669999599	1.000531
76.7660000324	0.005329
78.7669999599	4.17085
80.7680001259	0.153483
82.7699999809	5.88653
84.7699999809	4.532848
86.5829999447	1.807108
88.7680001259	4.404033
90.7669999599	0.114829
92.7680001259	1.713722
94.7840001583	6.058915
96.7669999599	1.713433
98.7730000019	4.880281
100.76699996	6.448612
102.765000105	0.11406
104.76699996	0.005143
106.785000086	0.048498
108.765000105	0.073015
110.76699996	0.105462
112.771999836	0.2339
114.76699996	0.313524
116.770999908	0.027274
118.771999836	6.384759
120.768000126	6.590313
122.769999981	5.184246
124.777999878	6.076592
126.76699996	6.076592
128.768000126	7.895481
130.769999981	6.093271
132.770999908	6.849643
134.635999918	0.346755
136.773999929	1.084271
138.76699996	6.347677
140.76699996	3.629527
142.765000105	5.898834
144.769000053	5.981916
146.769000053	5.817108
148.790999889	6.767476
150.774999857	6.23621
152.769000053	6.23621
154.76699996	6.23621
156.773000002	6.23621
158.769000053	0.213191
160.770999908	3.150372
162.769000053	0.004449
165.042999983	3.176553
166.769999981	0.968586
168.765000105	2.890293
170.773999929	2.065814
172.769999981	1.892464
174.765000105	0.681579
176.768000126	2.764375
178.770999908	1.427017
180.768000126	3.640039
182.768000126	0.905565
184.769000053	6.109202
186.76699996	0.685242
188.769000053	5.435961
190.76699996	0.005158
192.76699996	0.028831
194.770999908	1.575186
196.771999836	0.601945
198.769999981	2.771056
200.769000053	4.024254
202.770999908	1.878981
204.776000023	4.833886
206.769000053	7.71272
208.765000105	8.317917
210.768000126	7.31765
212.768000126	0.100826
214.768000126	5.774675
216.771999836	0.049667
218.76699996	1.55566
220.769000053	9.195243
222.778999805	0.10471
224.768000126	5.116819
226.76699996	4.820458
228.768000126	8.688659
230.773000002	2.13512
232.768000126	0.247914
234.769000053	2.640783
236.770999908	3.042628
238.769000053	0.61165
240.76699996	2.059424
242.76699996	7.832672
244.768000126	3.3341
246.770999908	6.532527
248.771999836	8.367753
250.769000053	1.757913
252.792999983	0.029306
254.771999836	0.027215
256.765000105	0.064702
258.769999981	0.357481
260.773000002	0.152732
262.769000053	5.572458
264.769000053	0.050571
266.769999981	0.027283
268.776000023	1.726363
270.768000126	0.004925
272.765000105	0.294388
274.76699996	0.054744
276.76699996	0.040131
278.777999878	0.135474
280.773999929	0.859989
282.769999981	0.168933
284.768000126	0.029538
286.774999857	0.019893
288.76699996	5.649235
291.017999887	0.024098
293.018999815	6.008938
295.019999743	0.005144
297.019999743	0.231113
299.022000074	1.970555
301.016000032	1.566479
303.019999743	2.744698
305.018999815	6.390014
307.029999971	6.863206
309.017999887	5.965437
311.018999815	8.274725
313.01699996	8.567644
315.021000147	10.353382
317.023000002	0.139348
319.014999866	13.191854
321.018999815	5.883692
323.01699996	6.155415
325.017999887	0.327583
327.018999815	13.114509
329.018999815	0.44909
331.018999815	12.021947
333.018999815	1.944003
335.024000168	11.038472
337.017999887	12.482467
339.016000032	10.91987
341.018999815	0.478971
343.018999815	1.755986
345.017999887	0.699566
347.023000002	1.831138
349.035999775	0.095204
351.01699996	2.458589
353.029000044	0.210666
355.017999887	0.18331
357.026000023	11.190544
359.017999887	9.587887
361.023000002	0.960663
363.017999887	5.638011
365.019999743	11.225452
367.023000002	2.254339
369.019999743	4.245048
371.01699996	2.113195
373.014999866	0.103888
375.01699996	0.844302
377.017999887	4.752475
379.021000147	5.644269
381.021000147	5.644269
383.017999887	0.081243
385.022000074	1.838454
387.029000044	8.076638
389.01699996	0.038804
391.017999887	0.035062
393.018999815	0.155245
395.01699996	1.867182
397.019999743	0.139208
399.017999887	2.153874
401.025000095	7.057412
403.017999887	1.578246
405.017999887	6.435947
407.018999815	7.028102
409.023000002	3.42549
411.038000107	3.381915
413.021000147	6.699756
415.022000074	8.137302
417.022000074	6.475555
419.529999971	6.149206
421.523000002	0.040128
423.553999901	8.874479
425.555999756	0.167073
427.523999929	9.5542
429.517999887	5.881223
431.523000002	3.759778
433.521000147	1.529802
435.518999815	10.690122
437.536000013	10.780408
439.515999794	0.114889
441.51699996	3.341779
443.51699996	9.105573
445.520000219	2.429831
447.518999815	11.80634
449.51699996	11.80634
451.520000219	0.462055
453.517999887	4.947821
455.51699996	5.629174
457.521000147	6.355503
459.51699996	0.157054
461.528000116	0.025159
463.518999815	0.262424
465.517999887	9.960007
467.523999929	0.063192
469.517999887	8.762085
471.51699996	3.814283
473.515999794	0.350497
475.518999815	0.184877
477.518999815	0.207561
479.521000147	0.135975
481.517999887	1.99689
483.522000074	0.031324
485.517999887	0.017382
487.515999794	0.022625
489.515999794	0.049532
491.51699996	0.033243
493.529000044	0.322746
495.518999815	1.600192
497.523000002	4.789869
499.565000057	5.208506
501.517999887	2.022781
503.517999887	5.018835
505.51699996	0.203718
507.520000219	2.977618
509.578999996	5.389691
511.770999908	5.615681
513.769000053	4.829137
515.768000126	0.074955
517.769000053	4.986961
519.769000053	3.672636
521.773999929	4.499667
523.79700017	6.201477
525.768000126	0.157158
527.76699996	5.042101
529.773000002	1.771943
531.773999929	2.482427
533.587999821	3.143326
535.773999929	0.30075
537.765000105	0.075123
539.82400012	1.983462
541.789999962	0.487532
543.76699996	0.112037
545.82400012	0.351403
547.768000126	0.018839
549.769000053	0.422338
551.76699996	0.200292
553.765000105	3.324112
555.768000126	4.263681
557.774999857	0.326092
559.768000126	2.781465
561.779999971	0.262352
563.769000053	4.301147
565.769000053	2.188318
567.773000002	0.016124
569.773000002	2.675812
571.76699996	0.762358
573.769999981	6.538856
575.769000053	0.035457
577.773000002	0.070619
579.784000158	0.207232
581.700999975	0.190755
583.769000053	0.021133
585.77699995	0.105069
587.76699996	3.886056
589.76699996	5.079145
591.782000065	2.13289
593.769000053	0.235555
595.773000002	1.542108
597.769999981	0.329008
599.76699996	0.121245
601.768000126	1.442441
603.76699996	8.466657
605.766000032	7.790181
607.769999981	0.033591
609.779999971	0.584224
611.769999981	1.97883
613.768000126	2.208607
615.781000137	1.447263
617.769000053	0.018705
619.76699996	0.137306
621.76699996	7.500351
623.768000126	9.461919
625.768000126	0.144098
627.776000023	0.019446
629.768000126	1.874323
631.768000126	0.448285
633.782000065	1.949007
635.789999962	2.736121
637.76699996	2.431586
639.771999836	0.112373
641.768000126	6.456309
643.768000126	0.056274
645.769999981	0.896468
647.768000126	6.530703
649.768000126	0.019861
651.782999992	0.106452
653.768000126	2.112466
655.774999857	0.027079
657.769000053	0.252572
659.773000002	0.019247
661.774999857	0.208204
663.770999908	0.004347
665.770999908	0.059626
667.768000126	1.854132
669.784000158	0.148657
671.769000053	1.661277
673.768000126	4.769676
675.786000013	0.03636
677.773000002	1.930432
679.76699996	0.02211
681.784000158	0.073508
683.777999878	0.045225
685.76699996	0.341308
687.769999981	0.020862
689.776000023	0.004597
691.76699996	5.242013
693.773000002	0.091668
695.770999908	4.58143
697.770999908	0.038028
699.76699996	6.248152
701.766000032	2.02672
703.773000002	0.092072
705.76699996	0.107534
707.768000126	1.431575
709.770999908	0.321295
711.799000025	1.839473
713.782999992	0.132196
715.766000032	4.776625
717.768000126	3.08384
719.766000032	0.249122
721.768000126	0.511828
723.768000126	6.807778
725.769999981	1.89836
727.768000126	1.633609
729.782000065	3.496904
731.76699996	1.928002
733.76699996	2.226597
735.76699996	5.848233
737.769999981	3.908759
739.769999981	0.16393
741.782999992	2.854263
743.770999908	3.729329
745.768000126	1.80692
747.769000053	0.567843
749.76699996	0.084335
751.766000032	0.043815
753.77699995	0.067303
755.770999908	0.0465
758.018999815	0.315933
760.018999815	0.033044
762.016000032	0.284463
763.950000048	0.03891
766.01699996	0.209236
768.01699996	0.024505
770.014999866	1.372634
772.01699996	0.116193
774.019999743	2.022346
776.017999887	4.124063
778.016000032	0.905
780.01699996	0.027738
782.02699995	4.95564
784.016000032	1.613028
786.01699996	1.764979
787.920000076	0.036246
790.017999887	2.950073
792.019999743	3.956065
794.019999743	5.040584
796.022000074	2.77635
798.017999887	3.932398
800.021000147	5.380382
802.01699996	9.664507
804.018999815	8.932535
806.021000147	7.271996
808.024000168	2.054112
810.018999815	11.27478
812.01699996	10.25632
814.019999743	0.289221
816.021000147	0.287433
818.017999887	9.572622
820.017999887	2.599024
822.018999815	2.029853
824.017999887	7.636445
826.017999887	0.190762
828.021000147	8.876347
830.018999815	9.484404
832.017999887	4.664224
834.035999775	7.339941
835.90199995	2.132284
838.018999815	5.808219
840.017999887	2.487045
842.017999887	8.567309
844.019999743	5.235477
846.017999887	7.084669
848.021000147	9.202914
850.016000032	7.986302
852.016000032	0.025838
854.017999887	7.347854
856.018999815	1.630664
858.018999815	6.81164
860.022000074	4.816507
862.023000002	5.858438
864.017999887	0.141544
866.01699996	3.400391
868.014999866	0.695355
870.022000074	2.132433
872.021000147	8.483621
874.01699996	9.083906
876.019999743	2.131439
878.017999887	8.400826
880.018999815	10.828891
882.021000147	0.910691
884.021000147	10.333169
886.021000147	10.649016
888.018999815	0.212445
890.021000147	2.235316
892.024000168	7.810589
894.019999743	1.894837
896.021000147	0.130788
898.02699995	0.081316
900.018999815	1.745446
902.018999815	0.39705
904.017999887	1.886756
906.01699996	0.308746
908.019999743	1.460426
910.018999815	0.140613
912.017999887	0.116025
914.014999866	0.06781
916.016000032	0.104298
918.014999866	0.058342
920.016000032	0.077045
922.019999743	0.360266
924.026000023	0.537604
926.025000095	0.049019
928.014999866	0.039868
930.018999815	3.757683
932.016000032	3.215214
934.014999866	2.757044
936.019999743	2.757044
938.017999887	1.232054
940.017999887	0.559788
942.01699996	0.063664
944.019999743	0.76094
946.017999887	0.427299
948.017999887	0.035009
950.01699996	0.158811
952.016000032	0.098289
954.017999887	0.156922
956.017999887	3.486546
958.017999887	4.836688
960.01699996	0.117844
962.019999743	1.273201
964.018999815	0.498343
966.017999887	3.95051
968.016000032	3.400423
970.017999887	1.300805
972.019999743	0.027792
974.019999743	4.830881
976.019999743	1.518835
978.024000168	4.244007
980.022000074	6.01524
982.01699996	5.268757
984.014999866	5.640809
986.048000097	4.212622
988.019999743	3.050392
990.01699996	1.779704
992.269000053	5.009964
994.275999784	4.564814
996.272000074	4.88107
998.269999981	4.98264
1000.27200007	4.574136
1002.27200007	1.909423
1004.26699996	1.925309
1006.26999998	5.71315
1008.27699995	5.336161
1010.26600003	5.336161
1012.26799989	5.269569
1014.26600003	1.985539
1016.26699996	0.095929
1018.26999998	8.177593
1020.28999996	7.821413
1022.27499986	0.920724
1024.26900005	0.115227
1026.26999998	3.156282
1028.26699996	1.856453
1030.26999998	1.506278
1032.26799989	2.199904
1034.27699995	0.170543
1036.27200007	4.107697
1038.26999998	0.070043
1040.27099991	1.201822
1042.26699996	0.530463
1044.30100012	0.646868
1046.27399993	0.047463
1048.26799989	1.785205
1050.28699994	6.099215
1052.73600006	1.847024
1054.52000022	0.018156
1056.55200005	0.204929
1058.51699996	1.885863
1060.51499987	1.51401
1062.523	0.048465
1064.51899981	0.583518
1066.52100015	0.857811
1068.52699995	0.031319
1070.51899981	3.588427
1072.51899981	1.664686
1074.52100015	1.870021
1076.52000022	1.934418
1078.51899981	0.038923
1080.51799989	0.217426
1082.51599979	5.173793
1084.51599979	0.052188
1086.52000022	1.950526
1088.52000022	7.625322
1090.51899981	0.224031
1092.51799989	0.046683
1094.52000022	4.208542
1096.51599979	1.737612
1098.51699996	0.125267
1100.50900006	0.016511
1102.51799989	0.01726
1104.52000022	0.255909
1106.52699995	0.155952
1108.51799989	0.728756
1110.54100013	0.029771
1112.53499985	0.597507
1114.51799989	0.028093
1116.51799989	1.391596
1118.52600002	0.492377
1120.51799989	1.801117
1122.51899981	0.045179
1124.51699996	0.56472
1126.52000022	0.222728
1128.51699996	1.197684
1130.53299999	5.01696
1132.51799989	3.752653
1134.52600002	1.876973
1136.52399993	1.24602
1138.52000022	0.050351
1140.51799989	4.653731
1142.51699996	5.130084
1144.51799989	1.778194
1146.51699996	0.329193
1148.51699996	1.481839
1150.51599979	4.707089
1152.51899981	4.707089
1154.523	4.146906
1156.52100015	4.580619
1158.51499987	3.952095
1160.52600002	4.461051
1162.51899981	5.878269
1164.52600002	1.158579
1166.76699996	0.116172
1168.76999998	5.29865
1170.77199984	5.29865
1172.76900005	4.470181
1174.76800013	7.648563
1176.7650001	0.044902
1178.76699996	1.784472
1180.76600003	6.078084
1182.76800013	6.078084
1184.76800013	6.078084
1186.579	5.989429
1188.76800013	6.036743
1190.76699996	7.349234
1192.76699996	0.16328
1194.76900005	4.27383
1196.7650001	4.27383
1198.76900005	4.27383
1200.76800013	6.398516
1202.77799988	1.834971
1204.76900005	0.852658
1206.76699996	5.501706
1208.76699996	5.030066
1210.59099984	5.226767
1212.76699996	0.133289
1214.77999997	4.030298
1216.77099991	0.051312
1218.77199984	4.089416
1220.76900005	3.638492
1222.77099991	0.60553
1224.76699996	5.059137
1226.76699996	4.149244
1228.76800013	4.449089
1230.76600003	0.085929
1232.76699996	5.195201
1234.61199975	4.411442
1236.77199984	0.805389
1238.77199984	4.172225
1240.76999998	7.78667
1242.76800013	8.518173
1244.76800013	7.521797
1246.76699996	7.521797
1248.76699996	2.014367
1250.76900005	8.38916
1252.76999998	6.549783
1254.76800013	7.010144
1256.76999998	5.976791
1258.77199984	1.86751
1260.76800013	7.582011
1262.76699996	7.911322
1264.76600003	9.339675
1266.76900005	9.080148
1268.76800013	8.244178
1270.77499986	7.36959
1272.76900005	0.256731
1274.76800013	7.741741
1276.78500009	10.053458
1278.7650001	7.781567
1280.76699996	1.79435
1282.76800013	9.052946
1284.76699996	0.83495
1286.76699996	4.918923
1288.77199984	1.993841
1290.76900005	5.268131
1292.76800013	9.429791
1294.76600003	12.050854
1296.7650001	10.603218
1298.76999998	7.227953
1300.76900005	10.614515
1302.77099991	1.891731
1304.76999998	10.584446
1306.77999997	0.088201
1308.76699996	11.729474
1310.76699996	10.842455
1312.7650001	0.149991
1314.76600003	10.12411
1316.76800013	8.545871
1318.77499986	8.545871
1320.78299999	11.767451
1322.77600002	2.797668
1324.77999997	10.254847
1326.76999998	10.069541
1328.76699996	10.542096
1330.77899981	1.870449
1332.76699996	0.129443
1334.77600002	0.836115
1336.76800013	0.284067
1338.76800013	0.054698
1340.76999998	1.655166
1342.76800013	0.038189
1344.76999998	0.281986
1346.77099991	4.715228
1348.76800013	6.31139
1350.76900005	4.932027
1352.77099991	3.202691
1354.773	0.440647
1356.773	4.04836
1358.77199984	3.80355
1360.77799988	1.778505
1362.76900005	5.096764
1364.77199984	0.098311
1366.76900005	0.033543
1368.76900005	5.020935
1370.77099991	6.584207
1372.77099991	0.387522
1374.76999998	0.121619
1376.77600002	0.076198
1378.76800013	1.42461
1380.76600003	1.201141
1382.773	0.069547
1384.76900005	0.139714
1386.76699996	0.039071
1388.76900005	0.047169
1390.76699996	0.1125
1392.76800013	0.078189
1394.77199984	0.043301
1396.76699996	2.789201
1398.76699996	4.09151
1400.76699996	4.259776
1402.76900005	3.947894
1404.76900005	1.651512
1406.77600002	0.049238
1408.76800013	1.552382
1410.76900005	0.973578
1412.77999997	0.06561
1414.76600003	4.458107
1417.02900004	0.590466
1419.02100015	5.290373
1421.01699996	4.43995
1423.01999974	4.939405
1425.01999974	2.793222
1427.01899981	0.113089
1429.01899981	7.501143
1431.01799989	4.34756
1433.01699996	2.069162
1435.02999997	4.907428
1437.01799989	5.026503
1439.023	2.834076
1441.01799989	7.821072
1443.01899981	6.162933
1445.02799988	2.403718
1447.01799989	0.392363
1449.01999974	0.127019
1451.01799989	0.828151
1453.01799989	0.369519
1455.01499987	0.162673
1457.02600002	0.121629
1459.01799989	0.043265
1461.01600003	1.033689
1463.01699996	4.984999
1465.01999974	2.446149
1467.01899981	5.217437
1469.01899981	4.973381
1471.01999974	0.526604
1473.01600003	0.067728
1475.01699996	0.808441
1477.01699996	4.976423
1479.01600003	2.721945
1481.01899981	0.074646
1483.01799989	1.04408
1485.01999974	2.042911
1487.02799988	5.332088
1489.03299999	0.316329
1491.04100013	0.047506
1493.01799989	2.585572
1495.01499987	1.898405
1497.01699996	0.027755
1499.01799989	1.742843
1501.01699996	3.935903
1503.01799989	4.498446
1505.01799989	3.498574
1507.01899981	6.16351
1509.01499987	1.047805
1511.01600003	1.429417
1513.01799989	0.037905
1515.01499987	4.924761
1517.01799989	5.880836
1519.02100015	7.092918
1521.02699995	8.513592
1523.02400017	1.865454
1525.01699996	6.664054
1527.01799989	8.623077
1529.01799989	7.394983
1531.01600003	6.324399
1533.01899981	1.820384
1535.04200006	1.430881
1537.01799989	0.228216
1539.03299999	3.853626
1541.01699996	0.017218
1543.01999974	0.069966
1545.01799989	0.071785
1547.01699996	0.050908
1549.01899981	2.886992
1551.01999974	1.085311
1553.023	0.13353
1555.01799989	0.001806
1557.01899981	5.612776
1559.01600003	0.27802
1561.01600003	5.523227
1563.01999974	5.520872
1565.01899981	2.946556
1567.01799989	0.052091
1569.01899981	4.603748
1571.01899981	5.229381
1573.01899981	5.521039
1575.02200007	4.965103
1577.01799989	0.023584
1579.04399991	5.439807
1581.01699996	4.648361
1583.02400017	4.662285
1585.01799989	4.209425
1587.01699996	3.173648
1589.01799989	0.202327
1591.02100015	8.586148
1593.01699996	6.548617
1595.02100015	1.925216
1597.01799989	5.251826
1599.01999974	6.859427
1601.04399991	6.732914
1603.01799989	6.705327
1605.01799989	9.49756
1607.01799989	8.353168
1609.02699995	6.832964
1611.01699996	5.068284
1613.02100015	11.012947
1615.01699996	7.323783
1617.01799989	1.233729
1619.01799989	4.30638
1621.01999974	3.606547
1623.01799989	2.486696
1625.01999974	5.43581
1627.01699996	0.925769
1629.01799989	6.460696
1631.01699996	7.194666
1633.01899981	0.269345
1635.02100015	2.387307
1637.01699996	5.332906
1639.023	0.100939
1641.01899981	2.134149
1643.01600003	1.962543
1645.01999974	0.119147
1647.01899981	0.04666
1649.02100015	1.81243
1651.27099991	5.167864
1653.27099991	1.748638
1655.26600003	4.832095
1657.08599997	1.944977
1659.26699996	0.043199
1661.27399993	0.00504
1663.27200007	0.296721
1665.26799989	7.509217
1667.27200007	1.938656
1669.28999996	5.239963
1671.26600003	0.235287
1673.27399993	0.733145
1675.26699996	0.303093
1677.26600003	0.062734
1679.26600003	7.029301
1681.08599997	7.062604
1683.26799989	8.582706
1685.26999998	7.34242
1687.27799988	1.428827
1689.53800011	9.603645
1691.51699996	7.166935
1693.51499987	0.180687
1695.51899981	4.974944
1697.51599979	0.081459
1699.52100015	4.151948
1701.51799989	0.197881
1703.51499987	0.08171
1705.51599979	1.654699
1707.523	0.305006
1709.51799989	0.318171
1711.51799989	1.582513
1713.51699996	0.02947
1715.52000022	4.358722
1717.52200007	1.330507
1719.76600003	3.841003
1721.76999998	2.130194
1723.78100014	4.253434
1725.76600003	8.779055
1727.76600003	2.936404
1729.6400001	0.19025
1731.76699996	4.219114
1733.7650001	6.581272
1735.77099991	1.861922
1737.77099991	5.820674
1739.77099991	0.202093
1741.76600003	3.179207
1743.76600003	0.023017
1745.76999998	0.016454
1747.76800013	0.223767
1749.76900005	0.065159
1751.76699996	0.072032
1753.60399985	1.812668
1755.76800013	1.790982
1757.78299999	1.955161
1759.76699996	2.298142
1761.77099991	0.151797
1763.76900005	0.201125
1765.76800013	7.065667
1767.76900005	0.151997
1769.76600003	0.131561
1771.76800013	1.372011
1773.76900005	2.172111
1775.76800013	6.948941
1777.59200001	9.091113
1779.773	8.131376
1781.77499986	6.267388
1783.77799988	2.889483
1785.77600002	3.210087
1787.77799988	1.866504
1789.76999998	5.310177
1791.77099991	8.140975
1793.77499986	5.467149
1795.76900005	7.861114
1797.77199984	7.966343
1799.77099991	0.076035
1801.7650001	7.723614
1803.78400016	7.876939
1805.76800013	8.673333
1807.76900005	8.673333
1809.76699996	8.673333
1811.77099991	8.673333
1813.76900005	9.598449
1815.76699996	7.980454
1817.77799988	9.250441
1819.77199984	8.424482
1821.76800013	9.766515
1823.76699996	8.580514
1825.76800013	10.505347
1827.76800013	6.759529
1829.76900005	11.091326
1831.76999998	9.30715
1833.76800013	6.273586
1835.76600003	10.742494
1837.76900005	9.029063
1839.77600002	10.260763
1841.76699996	10.792163
1843.76600003	3.200291
1845.76800013	15.76337
1847.76999998	15.76337
1849.76800013	0.032686
1851.77399993	6.263574
1853.76900005	9.062757
1855.79099989	11.278562
1857.76699996	10.911044
1859.76699996	6.03221
1861.773	6.03221
1863.77499986	3.332669
1865.77199984	1.973827
1867.76999998	1.309042
1869.77099991	6.249537
1871.76800013	6.315173
1873.76600003	8.446015
1875.78400016	7.004273
1877.76800013	6.470444
1879.76999998	5.563001
1881.77799988	7.732813
1883.76900005	9.284781
1885.76999998	8.149045
1887.77399993	7.938927
1889.76999998	7.802925
1891.77999997	10.856177
1893.77999997	6.310592
1895.76900005	6.644118
1897.76900005	2.14185
1899.77699995	4.802013
1901.76800013	6.069046
1903.76999998	7.953626
1905.76600003	0.220321
1907.78500009	2.040533
1909.76699996	0.161734
1911.76800013	0.845322
1913.76699996	4.954203
1915.76699996	0.029398
1917.7650001	0.004977
1919.77699995	3.764038
1921.77099991	3.86894
1923.76800013	5.874357
1925.76699996	7.153561
1927.78100014	8.593999
1929.76800013	8.794793
1931.76900005	1.975051
1933.76800013	1.883859
1935.76699996	3.608302
1937.76800013	0.874012
1939.76999998	7.349039
1941.76600003	0.081093
1943.76699996	0.158265
1945.7650001	5.750138
1947.76999998	1.711948
1949.76600003	0.053747
1951.76600003	0.023006
1953.76699996	1.931979
1955.77099991	0.049776
1957.76800013	1.156672
1959.76900005	6.100376
1961.76800013	7.000586
1963.76999998	2.608868
1965.76900005	1.847067
1967.76999998	0.732528
1969.76800013	2.123167
1971.76699996	1.518566
1973.76699996	5.41405
1975.78699994	2.056765
1977.76900005	4.724186
1979.77199984	5.386799
1981.76999998	5.386799
1983.773	0.08468
1985.76800013	0.366304
1987.76699996	0.091635
1989.76900005	0.05923
1992.01600003	0.210384
1994.02900004	2.324457
1996.02799988	1.667831
1998.03299999	1.624979
2000.01899981	6.928906
2002.023	3.85533
2004.01699996	5.90174
2006.01699996	5.960906
2007.83500004	4.199486
2010.01799989	4.727115
2012.01799989	6.673016
2014.01999974	4.177962
2016.02400017	4.177962
2018.02699995	4.177962
2020.01799989	1.906596
2022.01499987	0.035679
2024.01799989	0.044585
2026.01699996	4.978217
2028.01600003	1.820842
2030.01899981	0.295978
2031.88100004	0.443814
2034.01699996	1.296071
2036.01699996	0.00503
2038.02400017	0.005112
2040.01600003	0.016248
2042.01799989	0.022465
2044.01799989	0.04599
2046.01999974	0.586139
2048.01999974	1.330289
2050.01999974	1.969589
2052.01699996	1.806451
2054.01699996	1.468125
2055.83299994	3.517319
2058.02200007	0.648676
2060.01699996	3.77833
2062.01899981	3.588719
2064.02200007	7.530431
2066.01999974	0.070041
2068.02200007	2.580882
2070.01799989	5.789146
2072.01699996	0.158661
2074.01899981	0.109268
2076.01899981	7.349334
2078.01899981	0.020225
2080.023	1.647092
2082.01999974	0.079481
2084.01699996	1.322407
2086.01699996	1.833755
2088.01999974	6.054598
2090.01600003	1.640074
2092.01999974	0.123803
2094.01999974	0.361869
2096.01799989	0.066501
2098.02999997	2.02149
2100.02200007	1.921173
2102.01899981	0.060487
2104.046	1.972368
2106.01499987	0.488794
2108.01699996	6.140399
2110.01999974	6.736129
2112.01899981	6.543985
2114.01699996	1.81466
2116.02100015	0.691572
2118.03599977	0.358842
2120.01799989	0.103185
2122.01699996	1.959278
2124.01899981	2.042526
2126.02799988	0.417809
2128.01799989	1.832658
2130.02200007	0.544442
2132.01600003	0.118727
2134.01699996	1.914054
2136.01799989	5.34388
2138.01799989	3.671916
2140.023	0.580191
2142.01699996	8.702504
2144.02699995	7.749134
2146.023	2.325481
2148.02100015	0.15099
2150.01999974	4.954477
2152.01899981	1.748401
2154.01899981	0.123794
2156.01799989	0.078213
2158.01799989	7.100624
2160.01999974	0.019406
2162.02200007	0.066241
2164.01899981	7.067663
2166.01999974	0.34075
2168.02100015	4.301441
2170.01600003	8.128915
2172.01899981	2.124923
2174.02200007	7.280056
2176.01699996	2.036513
2178.01699996	0.143057
2180.01899981	1.182392
2182.01899981	7.66354
2184.01799989	5.48295
2186.01600003	10.042574
2188.01799989	9.504489
2190.03399992	0.372405
2192.02000022	11.324745
2194.02200007	8.992684
2196.01899981	9.129697
2198.01699996	9.259509
2200.01799989	1.706888
2202.01699996	0.034869
2204.01899981	5.097631
2206.01799989	9.624522
2208.01999974	7.209697
2210.01799989	7.786811
2212.023	6.529043
2214.01799989	7.933707
2216.01899981	8.179994
2218.01799989	6.399652
2220.02400017	1.977258
2222.02900004	0.122768
2224.01999974	10.996715
2226.02600002	12.49433
2228.01999974	5.59418
2230.02100015	8.121323
2232.01799989	0.50059
2234.01899981	4.27005
2236.26699996	8.017354
2238.01600003	7.636951
2240.01799989	4.900112
2242.26699996	4.327396
2244.26799989	1.261503
2246.29399991	5.528214
2248.26600003	1.77218
2250.26699996	7.156385
2252.26600003	7.156385
2254.26900005	7.156385
2256.26900005	7.156385
2258.27200007	5.950421
2260.26799989	5.246376
2262.27699995	6.728691
2264.273	5.730781
2266.26799989	5.453102
2268.26799989	5.981411
2270.2650001	6.503903
2272.26600003	4.716847
2274.26799989	6.342293
2276.26999998	7.346348
2278.26699996	4.515881
2280.26600003	4.515881
2282.28800011	4.515881
2284.26900005	6.136459
2286.27399993	5.052009
2288.28299999	7.454654
2290.26900005	7.485885
2292.26900005	4.956576
2294.26900005	0.130117
2296.26799989	6.80239
2298.27399993	3.360742
2300.32200003	9.828441
2302.26699996	0.021437
2304.27099991	0.245502
2306.26699996	1.889132
2308.26799989	1.35153
2310.296	6.545833
2312.26999998	3.554923
2314.26900005	0.302454
2316.26600003	2.513496
2318.26999998	2.521787
2320.27200007	2.521787
2322.27099991	0.09971
2324.27799988	0.057109
2326.26900005	2.002584
2328.26800013	2.168291
2330.26799989	2.168291
2332.26699996	0.151656
2334.26699996	3.70755
2336.26600003	1.436993
2338.26900005	0.055816
2340.26799989	1.368173
2342.26999998	1.368173
2344.26600003	1.54654
2346.2650001	5.085674
2348.26799989	4.914066
2350.26900005	4.12837
2352.26600003	7.193399
2354.26600003	5.119906
2356.26900005	2.270973
2358.26699996	0.181476
2360.28000021	3.818619
2362.26900005	6.199633
2364.26600003	1.432966
2366.28100014	7.474227
2368.26999998	1.950239
2370.26999998	2.631381
2372.28399992	9.170122
2374.26800013	1.315689
2376.26799989	7.552554
2378.27899981	3.902833
2380.26799989	5.447884
2382.27599978	7.298742
2384.26900005	7.961674
2386.2650001	4.799907
2388.26600003	5.227095
2390.273	2.80328
2392.26600003	0.44499
2394.26699996	0.215447
2396.28299999	0.407966
2398.26799989	3.733714
2400.26800013	5.505703
2402.26699996	2.884462
2404.2650001	1.514076
2406.26699996	0.159208
2408.26799989	3.044028
2410.27099991	0.234842
2412.26900005	0.040233
2414.28000021	4.913073
2416.27200007	0.080985
2418.26600003	5.292913
2420.26699996	0.103428
2422.26900005	0.077604
2424.26900005	5.215215
2426.26999998	1.769856
2428.26799989	5.018907
2430.2650001	0.16201
2432.26799989	4.876081
2434.26799989	1.068424
2436.26600003	1.473668
2438.26699996	4.373088
2440.26699996	0.027548
2442.26999998	6.682545
2444.27099991	5.681248
2446.26900005	5.691504
2448.26799989	7.843114
