0.0	1.469089
0.72400021553	0.308822
0.917999982834	0.308822
1.18099999428	2.155125
1.54200005531	1.719086
1.88599991798	0.370857
2.34999990463	2.32526
3.13300013542	0.435638
3.74699997902	1.898306
4.6740000248	0.077292
6.24800014496	1.257077
8.2539999485	0.122495
10.248000145	0.027601
12.1930000782	0.771992
14.2520000935	0.745678
16.253000021	0.900321
18.253000021	0.045158
20.2490000725	0.01263
22.2589998245	2.426051
24.2660000324	0.012993
26.8770000935	1.878714
28.248000145	1.383577
30.2509999275	0.037101
32.2600002289	0.893051
34.2539999485	1.0441
36.248000145	0.376043
38.2470002174	0.338627
40.2460000515	0.033896
42.2460000515	0.0292
44.2509999275	0.11997
46.248000145	0.751037
48.2539999485	0.013475
50.2569999695	0.037461
52.2509999275	4.242258
54.2509999275	0.315877
56.9629998207	0.925765
58.2470002174	2.645548
60.2470002174	3.072951
62.2460000515	2.047817
64.2539999485	4.28679
66.2520000935	0.838168
68.2490000725	4.527978
70.5050001144	0.030567
72.5290000439	0.067072
74.25	0.077488
76.5	4.630915
78.4979999065	0.018627
80.2490000725	0.028131
82.5	3.433109
84.364000082	2.311621
87.0099999905	3.522615
88.496999979	2.071806
90.4989998341	2.731567
92.5030002594	0.111352
94.5030002594	1.289562
96.4989998341	3.290242
98.4989998341	0.988251
100.498999834	2.898523
102.519000292	4.199073
104.497999907	4.165438
106.514999866	5.032798
108.36500001	4.997425
110.496000051	3.72334
112.496999979	2.617871
114.497999907	0.727485
117.181999922	2.642119
118.500999928	0.281745
120.498999834	1.830949
122.496000051	0.983472
125.097000122	1.654679
126.506999969	1.352123
128.496000051	0.026473
130.526000023	1.063635
132.372000217	4.666479
134.513999939	0.432187
136.502000093	1.574412
138.496999979	3.656261
140.496000051	4.86859
142.498999834	0.705232
144.496000051	0.636017
147.224000216	0.03954
148.530999899	1.67745
150.498999834	0.743178
152.496999979	0.017096
154.497999907	4.153766
156.392000198	2.312655
158.498999834	2.976445
160.498999834	0.012264
162.498999834	3.925385
164.502000093	2.024844
166.505000114	3.784692
168.5	5.112854
170.498999834	4.42202
172.521000147	2.939328
174.497999907	0.066501
177.217999935	0.012313
178.549000025	0.013894
180.404999971	4.280814
182.503000259	2.296476
184.498999834	2.811308
186.503000259	2.173642
188.500999928	1.142833
190.498999834	3.882596
192.497999907	4.598343
194.513999939	2.997892
196.513000011	0.156486
198.500999928	0.790534
200.5	0.019567
202.505000114	3.2186
204.5	0.779348
207.457000017	1.716718
208.508000135	1.884389
210.5	1.321878
212.512000084	0.890501
214.498999834	0.512335
216.5	4.490021
218.560000181	0.192304
220.523000002	2.054001
222.497999907	4.047733
224.502000093	2.882312
226.503000259	0.502597
228.500999928	5.513762
230.512000084	3.583743
232.503000259	0.052491
234.506000042	3.670367
237.474999905	1.619795
238.588999987	1.285214
240.502000093	3.533253
242.502000093	1.978562
244.502000093	1.687434
246.500999928	0.035834
248.509000063	3.157062
250.502000093	1.429182
252.497999907	4.502225
254.525000095	0.602826
256.509000063	2.057183
258.502000093	4.740118
260.503000259	4.622734
262.500999928	2.326768
264.506000042	3.381402
267.4150002	4.962703
268.505000114	0.506697
270.505000114	0.678232
272.500999928	3.143004
274.506000042	1.005073
276.500999928	0.61181
278.504000187	4.232927
280.500999928	3.788475
282.5	0.014136
284.496999979	0.013251
286.514999866	3.794276
288.497999907	5.121042
290.497999907	4.542498
292.497999907	3.846399
294.498999834	3.751765
297.417000055	4.56146
298.551000118	0.237029
300.513999939	1.149559
302.496999979	2.227976
304.497999907	0.023915
306.506999969	0.546645
308.506999969	2.1949
310.748000145	2.367337
312.504000187	3.817887
314.524000168	3.459856
316.749000072	2.573842
318.500999928	2.125376
320.75	2.13986
322.496999979	0.012708
324.497999907	2.946065
327.465000153	0.852748
328.544000149	0.767718
330.503000259	1.637092
332.749000072	0.782481
334.749000072	1.174762
336.746999979	3.66481
338.610999823	0.774506
340.768000126	0.003326
342.749000072	0.074029
344.748000145	0.062367
346.757999897	0.044153
348.751000166	0.788452
350.748000145	2.384492
352.75	0.036377
354.753000021	0.010798
357.735000134	0.018516
358.679000139	1.244277
360.746999979	0.034846
362.651000023	0.714878
364.753999949	0.165481
366.760000229	1.124383
368.757999897	3.02271
370.753000021	1.052901
372.756999969	0.011767
374.75	0.563869
376.749000072	0.403155
378.752000093	3.429248
380.754999876	0.032862
382.768000126	0.023668
384.786999941	0.032923
387.712000132	0.36345
389.879000187	0.37496
390.969000101	1.086771
392.749000072	0.088167
394.756000042	1.482451
396.756999969	0.587251
398.752000093	0.925408
400.748000145	0.031765
402.749000072	0.143305
404.746999979	0.163684
406.746999979	1.858695
409.328000069	2.330108
410.634000063	3.546969
412.746000051	3.546969
414.75	0.018094
417.917000055	0.411675
418.861999989	0.601693
420.769999981	0.84519
422.764000177	0.029222
424.752000093	0.049987
426.749000072	0.09601
428.753000021	0.012765
430.749000072	0.051858
432.75	0.104454
434.75	3.835677
436.753000021	1.111225
438.760000229	0.83938
440.746999979	0.049319
442.753999949	0.010103
444.751000166	0.992233
447.951000214	0.804045
449.154999971	0.360649
450.71600008	0.421845
452.753000021	1.340565
454.753000021	0.015329
456.749000072	0.121472
458.730999947	0.053176
460.753000021	0.093488
462.751000166	0.070798
464.752000093	1.586148
466.753000021	0.708068
469.073999882	0.693529
470.746999979	0.023865
472.754999876	3.099217
474.748000145	2.281454
477.917999983	4.434196
478.736000061	2.460492
480.752000093	0.011239
482.948000193	0.025231
484.748000145	0.130094
486.749000072	0.750625
488.753000021	0.883423
490.752000093	0.273131
492.749000072	0.600988
494.751000166	0.011908
496.75	0.127662
498.746999979	0.196203
500.746999979	0.948448
502.756000042	1.794342
504.749000072	3.434572
506.752000093	1.157589
508.75	1.327408
510.756000042	0.304307
512.754999876	0.014147
514.752000093	0.087257
516.748000145	0.011166
518.753000021	0.122729
520.752000093	0.027058
522.769000053	0.086417
524.75	0.013501
526.775000095	0.74351
528.75	3.687723
530.75	0.730745
532.75	0.266857
534.753000021	0.051262
536.754999876	0.115205
538.904999971	0.030397
540.756999969	0.47373
542.751000166	0.021875
544.751000166	0.323305
546.749000072	0.053251
548.75	1.061016
550.75	2.512804
552.756999969	0.036536
554.764000177	3.942286
556.752000093	1.340962
558.752000093	1.288588
561.022000074	0.031982
563.004000187	0.003293
564.757999897	0.028634
568.20600009	0.697099
569.520000219	0.045249
570.752000093	1.401534
572.999000072	0.098827
574.754999876	0.040549
577.028000116	0.339866
579.004000187	0.96538
580.751000166	0.061593
582.996999979	0.107992
584.996999979	0.48114
586.997999907	1.258751
589.005000114	0.754929
590.997999907	1.070183
593.02699995	4.67034
595.0	4.522145
597.004000187	0.417391
599.0	2.148899
600.996999979	0.040197
602.997999907	0.71464
604.996999979	1.8366
606.999000072	0.713256
609.010999918	1.803678
611.01699996	0.597936
613.000999928	0.655068
614.997999907	0.068065
616.997999907	2.181676
618.997999907	3.348948
620.996999979	3.852496
622.996999979	0.013207
625.015000105	1.072874
627.000999928	0.828952
628.927000284	0.446701
630.997999907	2.303898
632.996999979	0.074127
634.997999907	0.036862
636.997999907	0.578236
639.017999887	2.344912
640.999000072	2.420357
643.009000063	0.047485
645.003000021	1.532256
646.996999979	1.014881
648.997999907	0.003495
651.002000093	0.771555
652.997999907	0.495681
655.007000208	0.178314
656.999000072	0.027396
659.003000021	0.01536
661.004000187	0.622003
663.02300024	0.086717
665.000999928	0.047831
667.029000044	0.252253
668.996999979	0.023206
671.004000187	0.726374
673.000999928	0.042641
675.004000187	0.068772
677.003000021	0.316533
679.004000187	0.102097
680.997999907	0.516819
683.009000063	0.026161
684.997999907	0.67107
687.002000093	0.685081
688.999000072	0.073361
690.999000072	0.153438
693.018999815	4.38875
695.003000021	0.506213
697.02699995	2.021382
698.996999979	0.76296
700.996999979	4.401821
703.000999928	5.078792
704.999000072	0.033121
706.997999907	0.162104
709.002000093	0.788305
711.008000135	4.336923
712.999000072	3.423062
714.996999979	4.191279
717.006000042	4.387791
718.985000134	0.046868
720.997999907	3.290509
723.006000042	2.757277
725.004000187	3.646097
727.000999928	0.351058
729.013999939	3.605003
730.996999979	2.926941
733.0	3.562594
735.0	4.16171
737.016000032	4.276509
739.009000063	4.395347
741.002000093	3.379459
743.000999928	4.644985
745.004000187	1.89624
747.0	4.134576
748.997999907	0.726867
750.999000072	1.369694
752.996999979	2.800863
754.996999979	0.00297
756.999000072	1.065069
759.000999928	3.015665
760.999000072	0.756606
762.999000072	3.73379
765.000999928	0.083717
766.997999907	5.193046
768.996999979	5.422807
771.000999928	4.360866
773.0	5.165181
775.007000208	0.017947
777.009000063	0.043861
779.0	2.23029
780.997999907	0.620985
783.013000011	1.189888
785.007000208	1.851137
787.007000208	0.009667
789.005000114	1.530429
791.004000187	0.037494
793.004000187	0.432166
795.002000093	0.738259
797.002000093	0.074227
799.0	1.594433
801.004000187	1.775224
802.999000072	3.388431
805.0	1.870356
807.006000042	3.86775
809.059000015	3.551308
811.250999928	3.094243
813.250999928	2.125846
814.999000072	4.611749
817.256999969	1.192923
819.247000217	1.372585
821.000999928	0.0502
823.250999928	1.216275
825.000999928	5.050385
827.255000114	0.058583
829.248000145	5.297248
830.999000072	0.036944
833.128000021	0.746146
835.247000217	0.012817
837.000999928	1.514176
839.644000053	0.53867
841.396000147	0.895746
843.25	0.572581
845.248000145	0.018181
847.250999928	0.548712
849.321000099	0.012298
851.257999897	1.119393
853.249000072	0.725477
855.248000145	0.087082
857.128000021	0.740006
859.256000042	0.087007
861.249000072	0.325944
863.250999928	0.037923
865.253000021	0.088329
867.248000145	0.035382
869.255000114	0.135458
871.247000217	0.051294
873.249000072	0.688834
875.249000072	3.232392
877.249000072	1.8753
879.247000217	0.248078
881.105999947	5.153147
883.247000217	0.054011
885.247000217	1.207421
887.246000051	1.385185
889.249000072	0.023558
891.25	0.633231
893.252000093	5.617921
895.261000156	0.01828
897.247000217	0.069993
899.247000217	0.04141
901.249000072	0.685786
903.247000217	2.352551
905.116000175	0.722132
907.249000072	1.368721
909.255000114	1.738671
911.246000051	1.999769
913.274999857	0.245848
915.247000217	0.025596
917.249000072	0.122863
919.247000217	0.525327
921.248000145	0.2166
923.265000105	3.490534
925.262000084	0.785405
927.253999949	1.458398
929.247000217	1.485786
931.247000217	0.712423
933.25	1.028551
935.26699996	0.886701
937.246000051	0.655262
939.253999949	0.809077
941.249000072	4.296204
943.250999928	0.999428
945.25	0.015982
947.247000217	0.9288
949.253999949	0.012153
951.249000072	0.323918
953.249000072	0.799734
955.249000072	0.270051
957.256000042	0.122107
959.575000286	0.041318
961.277999878	2.157172
963.258999825	0.708658
965.253999949	0.014164
967.249000072	2.665293
969.247000217	1.244889
971.25	0.683203
973.249000072	0.673697
975.257999897	0.175412
977.248000145	0.70696
979.279000282	2.376162
981.247000217	3.234097
983.248000145	0.756367
985.249000072	2.970623
987.253000021	1.355359
989.537999868	0.02265
991.247000217	0.513153
993.249000072	0.609661
995.247000217	1.119129
997.253000021	2.67074
999.246000051	0.430272
1001.25200009	0.907958
1003.24700022	2.39305
1005.25500011	0.011508
1007.25399995	0.009497
1009.25099993	0.08671
1011.24700022	2.917993
1013.24900007	3.085904
1015.24800014	3.212021
1017.24800014	3.212021
1019.54500008	0.073175
1021.25200009	1.844606
1023.24800014	0.222208
1025.24900007	0.997745
1027.24800014	0.997745
1029.26900005	2.009403
1031.24900007	0.034569
1033.24800014	0.250614
1035.25200009	1.145158
1037.25500011	0.025555
1039.26100016	0.025007
1041.25399995	0.015969
1043.25	0.054189
1045.25	2.314834
1047.25699997	1.892219
1050.10800004	0.024428
1051.25	0.012316
1053.25099993	0.607585
1055.24800014	2.026762
1057.24900007	1.912136
1059.24800014	1.912136
1061.24900007	2.522848
1063.24700022	2.894813
1065.24800014	2.687436
1067.50699997	2.180303
1069.24900007	1.209829
1071.24700022	2.97181
1073.50200009	3.233078
1075.49899983	0.069743
1077.24900007	0.837772
1079.76400018	0.072195
1081.30300021	0.021322
1083.49699998	0.761219
1085.50200009	0.997608
1087.48900008	0.011304
1089.49899983	0.117791
1091.51499987	0.67037
1093.49799991	0.72894
1095.49699998	1.233067
1097.50500011	1.233067
1099.49699998	2.264049
1101.49799991	0.052268
1103.49899983	0.01713
1105.49899983	3.302773
1107.50300026	3.328735
1109.7980001	3.420897
1111.852	0.023984
1113.49699998	1.945
1115.49799991	1.945
1117.49899983	0.043846
1119.51600003	2.577291
1121.50300026	2.525042
1123.50200009	0.025527
1125.49899983	0.050857
1127.49699998	0.014495
1129.49899983	1.95633
1131.5	0.024272
1133.50699997	0.014011
1135.38499999	1.797348
1137.50099993	0.850647
1139.74800014	2.868718
1141.50500011	0.053909
1143.49899983	0.14101
1145.49699998	0.779268
1147.523	1.711826
1149.49799991	0.012309
1151.50099993	0.038649
1153.5	0.996279
1155.50200009	0.053012
1157.50300026	0.237209
1159.5	0.122859
1161.49399996	0.017926
1163.49699998	0.240719
1165.49799991	1.946395
1167.523	1.217657
1170.36400008	0.054601
1171.38999987	0.040372
1173.50099993	0.076914
1175.49799991	0.028112
1177.51799989	0.084147
1179.50099993	0.680061
1181.50500011	1.942385
1183.38000011	0.688764
1185.51300001	1.460258
1187.50300026	0.925914
1189.50900006	0.017169
1191.49899983	1.995685
1193.49699998	3.872765
1195.49799991	1.315197
1197.49799991	3.078231
1200.03900027	0.351887
1201.50500011	2.321189
1203.50200009	0.618901
1205.50900006	1.753879
1207.49799991	0.152592
1209.5	2.276349
1211.49699998	1.380598
1213.50200009	1.898767
1215.5	1.054357
1217.50300026	2.700542
1219.52600002	0.013273
1221.5250001	0.01271
1223.50099993	2.743429
1225.50099993	0.040126
1227.5	0.634177
1230.046	2.106316
1231.50099993	3.883117
1233.50300026	1.473404
1235.49799991	0.344244
1237.51100016	0.013616
1239.50300026	0.015007
1241.50099993	2.078395
1243.50300026	0.003845
1245.49699998	0.076838
1247.50500011	0.017065
1249.52900004	1.343851
1251.49799991	0.822897
1253.5	1.538275
1255.49699998	0.022323
1257.50200009	0.319879
1260.19799995	0.012691
1261.50600004	0.003419
1263.50500011	0.7401
1265.50600004	0.763049
1267.49799991	0.23713
1269.51399994	0.50692
1271.49899983	0.017332
1273.5	0.065452
1275.50200009	0.089913
1277.49600005	0.434787
1279.50099993	0.033546
1281.49699998	0.016679
1283.51600003	0.036876
1285.53699994	0.164381
1287.5	0.067241
1290.20800018	0.477668
1291.50099993	1.533356
1293.50400019	0.174639
1295.51300001	0.012471
1297.53799987	0.10727
1299.50800014	0.632346
1301.51100016	0.591313
1303.50099993	0.793361
1305.50300026	2.945232
1307.5	2.958821
1309.50600004	3.014079
1311.52000022	2.123671
1313.51600003	0.763844
1315.49699998	0.012509
1317.50699997	2.42678
1320.20900011	1.620168
1321.51900029	0.050718
1323.75399995	0.81427
1325.74699998	0.5996
1327.52999997	0.76953
1329.49600005	1.800667
1331.74800014	0.535065
1333.50400019	0.998705
1335.74900007	0.018493
1337.50200009	3.202029
1339.74600005	0.013697
1341.75499988	3.992209
1343.75600004	3.830879
1345.75100017	2.703832
1347.74699998	3.717337
1350.46099997	0.038073
1351.75	2.821911
1353.74900007	1.282692
1355.75200009	3.942651
1357.75300002	0.011191
1359.74800014	1.840777
1361.74900007	1.056142
1363.74800014	2.9484
1365.75	0.103486
1367.75	0.055595
1369.75	0.589665
1371.74699998	4.63703
1373.75	3.366155
1375.75100017	0.853589
1377.74900007	2.175277
1380.42000008	0.621414
1381.74900007	3.452527
1383.76200008	1.036803
1385.76200008	2.410666
1387.75699997	0.123487
1389.75399995	0.063991
1391.75100017	2.38677
1393.74699998	3.812505
1395.75900006	0.012034
1397.74800014	4.596672
1399.61400008	5.486678
1401.75900006	3.9713
1403.7650001	1.043763
1405.75100017	5.12509
1407.74800014	3.648425
1410.4150002	2.6237
1411.74699998	0.591879
1413.74800014	4.492272
1415.74900007	3.45473
1417.75900006	1.335561
1419.74900007	1.932346
1421.75100017	2.673506
1423.75100017	0.732402
1425.75200009	0.025197
1427.74800014	1.15959
1429.75100017	0.523157
1431.78100014	0.037814
1433.75100017	0.956824
1435.75	0.288748
1437.75	0.301281
1440.70700002	4.813567
1441.90900016	0.087048
1443.75300002	2.978059
1445.74699998	0.059554
1447.74900007	2.9175
1449.75	1.382679
1451.74900007	0.159601
1453.74900007	1.509807
1455.76000023	0.036677
1457.74800014	0.697047
1459.75200009	1.474947
1461.74699998	0.836205
1463.74800014	0.388963
1465.75100017	2.998128
1467.75100017	0.029512
1470.66599989	0.654339
1471.75200009	0.79977
1473.75399995	0.053164
1475.74699998	0.803363
1477.74900007	0.030004
1479.74699998	1.419694
1481.75200009	4.033636
1483.75100017	1.031085
1485.75300002	0.921478
1487.75900006	3.956982
1489.74800014	1.013683
1491.74699998	1.809658
1493.74699998	3.488752
1495.74900007	0.715794
1497.75600004	0.732714
1500.66599989	1.18879
1501.75300002	0.01721
1503.75300002	0.0802
1505.75600004	0.012082
1507.74800014	0.012073
1509.74900007	0.462091
1511.74900007	0.519523
1513.75	0.329025
1515.75100017	0.371774
1517.75300002	0.209205
1519.75200009	0.709911
1521.74800014	0.013099
1523.74699998	4.819635
1525.74699998	0.030123
1527.74699998	1.430958
1530.91499996	0.864189
1531.74800014	0.013751
1533.75100017	0.158657
1535.75100017	0.069542
1537.76800013	2.113524
1539.74800014	0.024065
1541.8440001	0.558749
1543.74699998	0.622143
1545.75200009	0.330121
1547.74800014	1.770327
1549.74699998	0.127644
1551.75100017	1.679428
1553.75	1.510693
1555.75	3.272449
1557.75499988	0.119824
1560.96000004	0.034313
1562.16100001	0.026972
1564.02000022	0.213082
1565.75	0.130864
1567.74900007	0.799027
1570.00500011	0.894872
1571.74699998	0.598894
1574.00900006	0.02867
1575.74900007	2.55558
1577.75200009	0.753439
1580.00200009	0.341612
1581.87200022	3.634766
1583.74900007	4.487841
1586.00800014	2.714091
1588.02999997	0.941311
1590.91799998	0.028377
1591.99600005	2.947258
1594.0	0.877309
1595.99699998	0.104943
1598.0	0.969168
1600.00600004	0.014114
1602.00500011	0.011982
1603.99799991	0.041629
1606.01200008	0.028827
1607.99799991	1.395937
1610.01799989	2.401622
1611.99799991	2.401622
1614.00099993	0.014319
1616.00800014	0.976052
1618.00700021	1.281778
1621.18300009	2.339197
1622.12000012	1.491839
1623.99799991	0.013459
1626.02000022	0.093857
1628.0	2.624062
1629.91499996	2.502288
1631.99799991	0.02685
1634.00600004	1.121081
1635.99699998	2.610361
1637.99699998	0.011416
1640.00600004	4.703088
1642.04200006	3.503251
1643.99900007	0.051109
1646.00200009	0.073393
1648.00200009	3.263108
1651.16900015	0.34991
1652.58200002	1.658113
1654.00200009	0.019657
1656.00300002	0.131804
1657.99699998	1.419696
1659.99900007	0.054114
1662.00099993	0.041919
1664.00099993	2.949946
1666.00099993	0.051755
1668.02400017	4.087672
