0.0	0.030485
1.08600020409	1.429096
2.07899999619	0.72335
3.7000002861	1.47134
5.0150001049	1.618761
6.742000103	0.359607
8.09599995613	1.620331
9.64600014687	1.153112
10.9420001507	1.811256
11.5290000439	1.730413
12.117000103	1.871661
13.3029999733	1.781821
14.7030000687	1.521754
16.1029999256	1.937306
17.3090002537	1.658604
19.2910001278	1.246473
22.2490000725	1.410005
24.4850001335	1.924958
26.6380000114	1.534409
28.3059999943	1.277981
29.3589999676	0.563332
30.7039999962	1.070162
32.367000103	1.630889
33.9990000725	1.546172
35.6070001125	1.211449
37.0210001469	0.138501
38.6949999332	1.336863
40.6970002651	1.725983
42.6810002327	0.729133
44.6900000572	1.880285
46.6970002651	1.521233
48.6970002651	0.075845
50.6790001392	1.378185
52.6620001793	1.278679
54.8259999752	1.327157
57.2879998684	1.170232
58.6719999313	1.712792
60.6870000362	1.592696
62.6949999332	1.357781
64.6830000877	1.143949
66.6970002651	0.636712
68.6879999638	0.885373
70.6870000362	1.669442
72.6940000057	1.991167
74.6800000668	2.016341
76.6909999847	1.871494
78.6959998608	0.006623
80.6930000782	1.562457
82.6920001507	1.718247
84.7000002861	1.526604
86.6830000877	1.822677
88.6830000877	1.687489
90.6879999638	0.25328
92.6909999847	1.186523
94.6840002537	1.54999
96.6949999332	1.899642
98.6830000877	1.506307
100.684000254	0.092762
102.693000078	0.969542
104.693000078	1.755745
106.686000109	1.810408
108.681000233	1.962409
110.680000067	1.645578
112.698000193	1.49237
114.677999973	1.331291
117.944000006	1.92514
119.735000134	1.809302
120.68900013	1.335377
122.68200016	1.574739
124.695999861	1.825673
126.694999933	1.825673
128.690999985	0.75065
131.399999857	1.630127
133.847000122	1.838141
135.514000177	0.015735
137.75600028	1.610767
139.412000179	0.616293
141.177000046	1.417287
142.69900012	1.913556
144.698000193	1.440745
146.950000048	1.528648
148.944000006	1.435085
150.903000116	1.385063
153.284000158	1.426903
155.914000034	0.900043
156.950000048	0.900043
158.938000202	1.464573
160.855999947	1.319132
162.941000223	1.058662
164.938000202	1.831792
166.937000036	2.227379
168.950999975	1.468912
170.946000099	1.382824
172.946000099	1.678977
174.942000151	1.721002
176.93900013	1.477512
178.930999994	1.641126
180.944000006	1.420249
182.934999943	1.826342
184.822000027	1.934815
186.942000151	2.023296
188.940000296	1.72152
190.93599987	1.970397
192.942000151	1.921853
194.941000223	0.559281
196.948000193	0.559281
198.937000036	0.967894
200.941000223	1.899305
202.942000151	1.616315
204.942000151	1.89047
206.934999943	1.886136
208.852000237	1.84676
210.94900012	1.84676
212.93599987	0.477238
214.934000015	0.918625
216.946000099	0.918625
218.948000193	1.92815
220.946000099	1.909698
222.941000223	1.74318
224.934999943	1.304991
226.944000006	1.773005
228.937000036	1.049866
230.948000193	1.901599
232.822999954	1.983315
234.950999975	1.618349
236.941000223	1.910647
238.934000015	1.791367
241.342000008	1.06321
243.822000027	1.188113
245.063999891	1.781451
246.947000027	0.401647
248.943000078	0.399068
250.820000172	0.992956
252.940000296	1.461648
255.125000238	1.606802
257.78000021	1.450241
259.668000221	1.939605
261.318000078	1.892871
262.943000078	1.743877
264.946000099	1.889688
267.144000053	1.678239
268.934000015	1.590592
270.943000078	1.624679
272.941000223	1.075526
274.960000038	0.629832
276.942000151	1.511965
279.325999975	1.322963
280.860000134	0.938725
282.94900012	1.065234
284.940000296	0.950963
286.947000027	1.052142
288.959000111	0.965705
290.943000078	1.968927
292.950000048	1.877565
294.944000006	1.610223
297.055000067	1.459558
299.153000116	1.679681
301.157999992	1.412304
302.938000202	1.692758
304.946000099	1.509306
306.93599987	1.706068
308.947000027	1.305956
310.943000078	0.179308
312.941000223	2.0246
314.974999905	0.294964
316.937000036	1.399166
319.107000113	1.589018
320.947000027	0.015855
322.937000036	1.746453
324.946000099	1.803086
326.977000237	1.611574
328.944000006	0.54062
330.988000154	0.617345
333.380000114	0.466838
336.927000046	0.478396
339.61500001	0.602276
342.487999916	0.668266
345.018000126	0.870755
346.881999969	0.26105
349.443000078	1.618753
351.909000158	0.234858
353.613000154	0.134491
355.282000065	1.799509
357.60400033	0.148208
360.959000111	1.532047
365.953000069	0.880879
369.730999947	1.095905
371.711999893	0.832174
372.246000051	0.779493
372.70600009	1.098353
373.571000099	1.201293
374.033000231	1.397583
374.430000067	1.008724
374.927999973	1.448099
375.335999966	1.497496
376.950000048	1.298188
378.937000036	0.886625
380.958000183	1.255067
382.940000296	1.414516
384.93900013	1.288561
386.945000172	1.378852
389.190000057	1.378852
391.077000141	1.349653
392.945000172	1.450535
395.18900013	0.889325
397.197000265	1.421454
399.201000214	1.056849
401.210000038	1.163899
403.191999912	0.717128
405.187000036	0.891236
407.18900013	0.885
409.19900012	1.013604
411.203000069	0.925718
413.197000265	0.776897
415.407999992	0.119087
417.218000174	0.791714
419.200000048	0.693416
421.187000036	1.42883
423.19900012	1.752682
425.138999939	1.059938
427.19900012	1.002097
429.190000057	1.591471
431.20600009	1.134851
433.197000265	1.574585
435.980000257	1.010975
437.566999912	1.163099
439.443000078	0.760913
441.205000162	0.35675
443.202000141	1.201846
445.207000017	0.724338
447.194000006	0.904486
449.188000202	0.904486
451.198000193	0.904486
453.207000017	0.697479
455.201000214	1.353888
457.201000214	1.02133
459.205000162	0.816044
461.212000132	0.722632
463.151000023	0.687624
465.19900012	0.950585
467.207000017	0.586635
469.194999933	1.214732
471.203000069	1.066988
473.197000265	1.511756
475.219000101	1.527934
477.219000101	1.46596
479.202000141	0.127178
481.207000017	1.474242
483.200000048	1.474242
485.18900013	1.04049
487.095999956	1.378457
489.190000057	1.912975
491.207999945	1.922795
493.230000019	1.190469
495.210999966	1.103034
497.202000141	1.118406
499.198000193	1.645704
501.198000193	1.959256
503.204000235	1.811597
505.203000069	2.238995
507.196000099	1.419378
509.203000069	1.415626
511.106000185	1.434297
513.198000193	0.963889
515.242000103	1.408081
517.198000193	0.839791
519.190000057	0.567256
521.204000235	1.454764
523.198000193	0.63429
525.190999985	1.199341
527.420000315	0.280272
529.764000177	0.900762
531.845000267	0.760042
534.909000158	0.728677
539.291000128	0.575524
543.654000044	0.894582
546.527999878	0.642798
548.914000034	0.802294
551.601999998	0.994389
555.385000229	1.240104
556.948000193	0.807453
558.802999973	0.549129
561.358999968	1.078744
563.105000257	0.794921
565.015000105	0.860382
566.409000158	0.751619
567.259000063	1.241189
568.694999933	1.527647
571.235000134	0.531503
575.01300025	0.619753
576.32400012	0.356947
579.701000214	0.390989
581.469000101	0.799308
583.697000265	0.38033
585.414999962	0.585106
587.649000168	0.514496
590.046999931	0.64694
591.618000031	0.295909
593.204000235	0.315377
595.113000154	0.620887
597.724000216	0.001331
598.65899992	0.622977
601.326999903	0.196379
603.222000122	0.252967
604.315000057	0.642145
605.338999987	0.571638
607.806999922	0.48762
613.865000248	0.269803
615.959000111	0.437667
616.628000259	0.052282
617.197000265	0.350353
617.556000233	0.381311
618.213000059	0.416345
618.835000038	0.6452
620.012000322	0.833063
624.961000204	0.176567
627.878000021	0.278463
629.877000093	0.537473
630.81400013	0.497047
632.014000177	0.625194
633.601999998	0.809462
635.989000082	0.8572
638.111999989	1.223723
640.0	0.432839
642.78399992	0.944209
645.75999999	0.779375
649.022000074	0.681836
653.154999971	0.375323
653.833000183	0.739758
654.694000006	0.779176
655.381999969	1.290296
