0.0	1.953452
0.512000083923	0.524134
0.69100022316	0.54045
0.874000310898	1.189871
0.989000320435	1.189871
1.12100028992	1.189871
1.30900025368	2.297281
1.56600022316	2.157051
1.94500017166	1.543353
3.63900017738	2.550022
5.64100027084	0.69185
7.65300035477	3.020493
9.70700001717	3.215608
11.6550002098	2.608589
13.6480000019	0.56695
15.6370003223	0.157611
17.6390001774	0.831902
19.6460001469	1.524385
21.6500000954	2.078366
23.6460001469	0.758076
25.6450002193	1.331575
27.6450002193	1.075282
29.6410002708	1.044881
31.6550002098	0.023477
33.6520004272	0.012461
35.6570003033	0.062185
37.6490001678	1.790636
39.9000003338	0.264046
42.1070001125	0.010324
44.103000164	0.639106
45.8970003128	3.367492
47.7740001678	1.4573
49.9020001888	0.221423
51.8520002365	0.190486
53.8880000114	3.811096
55.8930003643	3.811096
57.8990001678	0.75441
60.1480002403	2.90898
62.1440000534	0.523485
65.1510000229	1.677806
67.1490001678	1.720002
69.1400003433	2.652784
71.1470000744	3.691663
73.1380002499	0.015949
75.1470000744	0.098039
77.1520001888	3.441836
79.1450002193	0.590891
81.1460001469	0.016124
83.1480002403	0.009569
85.1460001469	0.114091
87.0290002823	0.854828
89.1480002403	1.102601
91.1450002193	0.086863
93.1530003548	0.043946
95.1540002823	0.249138
97.1390001774	0.077717
99.1490001678	0.242458
101.151000023	1.369095
103.15500021	0.016888
105.141000271	1.816357
107.14800024	0.010419
109.149000168	3.208112
111.139000177	3.833073
113.143000126	2.739357
115.139000177	0.647917
117.151000023	2.294889
119.157000303	0.346963
121.14800024	0.759158
123.14800024	0.01401
125.139000177	0.418125
127.152000189	0.165785
129.153000355	0.532203
131.144000053	0.017449
133.141000271	0.430166
135.159000158	0.687368
137.153000355	0.035565
139.147000074	0.108962
141.144000053	0.067943
143.141000271	0.257005
145.157000303	0.025394
147.169000149	0.379452
149.150000095	0.71587
151.14800024	1.958634
153.428000212	1.968785
155.156000376	2.355319
157.147000074	2.036788
159.260000229	2.918905
161.397000313	3.649004
163.387000084	0.374159
165.391000032	2.190835
167.394000292	2.862523
169.402000189	0.773133
171.39800024	0.125179
173.400000095	0.106763
175.406000137	0.567555
177.404000282	0.138962
179.407000065	0.100701
181.474000216	1.58979
183.404000282	0.421693
185.393000364	0.781958
187.400000095	1.341113
189.39800024	0.016744
191.39800024	0.050219
193.895000219	0.717797
195.903000116	0.321779
198.960000038	0.025132
200.894000292	0.872676
202.897000313	0.145062
204.899000168	0.01675
206.894000292	0.008964
208.890000105	0.999361
210.90500021	0.062208
212.904000044	0.411457
214.904000044	0.019296
217.419000149	0.314288
219.397000313	0.01207
221.396000385	2.215073
223.404000282	2.800252
225.646000147	1.699761
227.401000261	0.28612
229.644000292	0.772709
231.653000355	0.458785
233.511000156	0.758692
235.653000355	2.18438
237.653000355	1.860241
239.649000168	0.811438
241.667000055	0.792126
243.639000177	0.141463
245.652000427	0.012349
247.647000074	0.003259
249.646000147	0.453746
251.644000292	1.09894
253.656000137	0.017373
255.645000219	0.101812
257.514000177	2.627493
259.646000147	0.307768
261.644000292	0.978299
263.644000292	0.483563
265.640000105	0.016384
267.657000303	0.042476
269.656000137	0.246635
271.648000002	0.515069
273.654000282	0.072241
275.649000168	0.025482
277.65500021	0.031081
279.647000074	0.220762
281.737000227	0.044636
283.474000216	1.662888
285.645000219	0.019605
287.654000282	0.651114
289.640000105	0.121653
291.653000355	0.821491
293.65500021	2.934727
296.140000343	0.01325
298.156000376	0.457937
300.89800024	0.083234
302.896000147	0.768121
304.907000065	2.171112
307.210000277	0.805125
308.891000032	0.012728
310.902000189	1.104089
312.901000261	1.679118
314.897000313	0.221104
316.895000219	0.77798
318.892000437	3.173574
320.897000313	2.350558
322.892000437	0.202999
324.892000437	3.535261
327.40500021	0.79802
329.396000385	0.191148
331.402000189	0.815328
333.397000313	1.727742
335.409000158	0.894578
337.396000385	0.031666
339.39199996	0.306973
341.646000147	0.772509
343.646000147	1.531208
345.652000427	1.247795
347.651000023	1.086647
349.645000219	0.033167
351.643000126	0.058039
353.652000427	1.27597
355.51300025	2.469946
357.651000023	0.340733
359.646000147	1.088337
361.652000427	0.086105
363.654000282	0.243893
365.657000303	0.750123
367.65500021	0.011139
369.9150002	2.65613
371.90500021	0.571165
374.648000002	0.030063
376.643000126	0.803249
378.647000074	3.694291
380.642000198	0.84347
382.65500021	0.703667
384.643000126	1.023175
386.657000303	3.569171
388.657000303	0.71774
390.653000355	0.693678
392.642000198	0.24934
394.65500021	3.196846
396.639000177	3.77072
398.902000189	0.173123
400.900000334	0.600104
402.902000189	1.188637
404.899000168	0.719134
406.891000032	3.310072
408.903000116	3.751254
410.895000219	0.017363
412.907000065	0.867017
414.896000147	0.788522
416.907000065	0.788522
418.906000137	3.462865
420.906000137	2.577204
422.90500021	2.577204
424.894000292	3.410826
426.894000292	1.34325
428.910000086	0.772267
430.903000116	3.431717
432.90500021	0.041645
434.901000261	3.937217
436.906000137	1.33831
438.897000313	0.79534
440.900000334	1.796331
442.90500021	0.528799
444.897000313	1.901533
446.900000334	0.189466
448.895000219	0.606979
450.892000437	0.622979
452.908000231	1.206769
454.896000147	3.445197
456.90500021	0.322436
458.901000261	1.788608
460.904000044	3.327161
462.90500021	3.225158
464.895000219	2.784973
466.895000219	2.868115
468.947000027	0.108391
470.907000065	3.254921
472.903000116	2.167597
474.897000313	0.995125
476.893000364	3.75508
478.893000364	3.788936
480.895000219	0.078173
482.90500021	0.985164
484.913000345	0.619447
486.903000116	0.771944
488.909000158	1.85788
490.909000158	3.25866
492.903000116	0.774952
495.15500021	3.515946
497.159000158	1.331594
499.15500021	1.157398
501.159000158	1.157398
503.144000053	0.16784
505.154000282	1.909418
507.158000231	1.750892
509.149000168	2.088462
511.15500021	3.016143
513.143000126	1.646912
515.025000334	3.074037
517.154000282	0.530266
519.147000074	3.233926
521.157000303	0.474428
523.150000095	1.671442
525.149000168	2.873928
527.14800024	1.010203
529.145000219	1.010203
531.149000168	0.067928
533.158000231	1.559134
535.156000376	2.977922
537.160000086	0.665131
539.021000147	0.762735
541.158000231	0.549624
543.149000168	0.338687
545.157000303	2.66964
547.162000179	1.53033
549.156000376	0.794184
551.152000189	3.365677
553.152000189	0.797618
555.151000023	0.215351
557.147000074	0.800468
559.159000158	0.048353
561.152000189	0.574933
563.271000147	0.759503
565.400000095	2.524231
567.399000168	1.482319
569.399000168	0.011204
571.430000305	0.010723
573.407999992	0.76859
575.411000252	0.033822
577.40500021	0.035209
579.414000273	0.017467
581.404000282	0.356164
583.39800024	0.096052
585.403000116	2.200834
587.654000282	0.774595
589.401000261	1.695066
591.407000065	0.418783
593.416000128	0.113075
595.65500021	0.919007
598.65500021	1.874613
600.880000114	1.158473
602.654000282	1.915571
604.660000324	1.992063
606.654000282	2.117153
608.659000158	1.793101
610.652000427	0.058623
612.659000158	0.773834
614.648000002	1.15737
616.658000231	0.131569
618.656000137	0.027525
620.653000355	0.549118
622.662000179	2.719915
624.654000282	0.148908
626.661000252	1.054229
628.667000055	3.580032
630.661000252	1.066398
632.647000074	1.892361
634.650000095	3.53723
636.653000355	0.750291
638.9150002	0.051682
640.651000023	1.479984
642.65500021	1.479984
644.909000158	0.173655
646.901000261	1.331891
648.913000345	0.026548
650.904000044	0.099527
652.89800024	0.51214
654.89800024	3.282621
656.900000334	3.625586
658.916000366	2.213742
660.910000086	3.709376
662.899000168	0.18008
664.919000149	0.756249
666.910000086	2.660695
668.896000147	0.429108
670.904000044	0.744967
672.913000345	1.037153
675.796000242	0.150674
676.907000065	1.797541
678.902000189	1.973844
680.895000219	0.705378
682.903000116	0.836482
684.903000116	0.686412
686.899000168	0.220206
688.90500021	1.360042
691.907000065	0.963531
693.957000256	0.033231
696.596000433	2.005805
697.906000137	0.02509
699.902000189	1.882175
701.913000345	2.103856
703.89800024	0.471968
705.910000086	0.277966
707.912000179	3.375392
710.157000303	2.471194
712.177000284	1.620774
714.14800024	1.732197
716.153000355	2.917741
719.575000048	0.066318
720.147000074	0.717236
722.15500021	2.060328
724.154000282	1.183769
726.149000168	1.217385
728.149000168	3.340212
730.156000376	3.421694
732.153000355	3.460156
734.145000219	0.731276
736.151000023	0.024522
738.400000095	0.050317
740.15500021	0.704899
742.159000158	0.879676
744.156000376	0.75794
746.407999992	3.590736
748.403000116	3.555827
750.407999992	0.858387
752.409000158	1.0275
754.435000181	1.765245
756.407000065	0.342381
758.401000261	0.81413
760.396000385	0.482916
762.407999992	3.498599
764.409000158	0.117196
766.411000252	2.684095
768.410000086	0.745195
770.406000137	0.587264
772.402000189	2.898099
774.39800024	0.109935
776.418000221	3.140805
778.39800024	0.919592
780.404000282	2.686389
782.407999992	2.677354
784.411000252	3.043718
786.397000313	1.088739
788.40500021	3.229566
790.403000116	3.360702
792.411000252	0.804045
794.40500021	0.147829
796.403000116	1.604709
798.407000065	1.184566
800.407999992	3.83711
802.407999992	1.135105
804.407000065	0.048181
806.397000313	0.731116
808.401000261	2.350709
810.412000418	0.661185
812.418000221	1.027564
814.407000065	3.538136
816.410000086	3.538136
818.402000189	3.538136
820.40500021	0.003352
822.407000065	2.616231
824.39800024	2.694736
826.411000252	0.747644
828.413000345	0.496965
830.397000313	2.610498
832.403000116	1.761258
834.407000065	2.163001
836.403000116	3.235066
838.402000189	3.668416
840.409000158	0.011513
842.402000189	1.762582
844.401000261	0.785388
846.399000168	1.571582
848.399000168	1.571582
850.404000282	3.753964
852.399000168	0.057694
854.407999992	0.805085
856.39800024	2.839801
858.412000418	1.13077
860.402000189	3.528975
862.404000282	3.149555
864.411000252	0.023554
866.414000273	0.368852
868.410000086	0.011248
870.413000345	0.415631
872.424000025	0.015848
874.400000095	0.017091
876.409000158	0.013434
878.414000273	3.231494
880.4150002	0.074107
882.402000189	0.432844
884.403000116	2.22909
886.412000418	0.09149
888.402000189	0.034432
890.416000128	0.020547
892.413000345	0.343662
894.42200017	0.149508
896.904000044	0.014035
899.39800024	0.654059
901.406000137	0.891915
903.904000044	0.046413
905.902000189	0.362139
907.946000099	1.94229
910.876000404	0.708979
911.906000137	0.462917
913.914000273	0.048867
915.917000294	0.030002
917.913000345	0.727486
919.917000294	0.010321
921.918000221	0.242178
924.65500021	0.07872
927.163000107	1.02103
929.019000053	0.565786
931.157000303	3.051081
933.654000282	0.069601
935.656000137	2.298461
937.648000002	0.023463
939.680000067	1.791031
941.654000282	3.267845
943.527000189	0.721629
946.662000179	0.41092
948.660000324	1.010891
950.911000252	1.583531
952.908000231	1.27588
954.903000116	0.735921
956.897000313	2.949322
958.921000242	1.447158
960.904000044	0.011804
962.921000242	3.025351
964.916000366	3.566676
966.907000065	0.187702
968.904000044	0.164129
970.900000334	3.891056
972.908000231	1.823707
974.914000273	2.83928
977.15500021	1.739922
978.977000237	0.023884
980.912000179	1.130372
983.154000282	0.04096
985.164000273	0.651316
987.15500021	0.375451
989.15500021	0.773938
991.162000179	0.028843
993.029000282	0.774887
995.24000001	1.628425
997.15500021	0.915601
999.02300024	0.685873
1000.96500015	3.449239
1003.53400016	0.197485
1005.15800023	3.309616
1007.16000009	2.590414
1009.15800023	1.086922
1011.14700007	0.881537
1013.65900016	3.794969
1015.66300011	0.188498
1018.40700006	1.721778
1020.40900016	0.910812
1022.65200043	2.028836
1024.65800023	0.026029
1026.6500001	0.034065
1028.67000031	0.02528
1030.66000032	2.214158
1032.66200018	2.962427
1034.66200018	0.14363
1036.66400003	0.541626
1038.6570003	0.74561
1040.64900017	1.698399
1042.6570003	0.773881
1044.65500021	3.780705
1046.65600014	3.089807
1048.65300035	0.79467
1050.66800022	2.033627
1052.65600014	0.670429
1054.66000032	2.626001
1056.65500021	2.071881
1058.6650002	0.042004
1060.66100025	0.407058
1062.66300011	0.701342
1064.66100025	3.267885
1066.65400028	2.10929
1068.66200018	1.351808
1070.9150002	0.625159
1072.91200018	0.765618
1074.91000009	0.446219
1076.90300012	0.820845
1078.91400027	0.28271
1080.91000009	0.505253
1082.91200018	0.65157
1084.90600014	3.789048
1086.90200019	0.482393
1088.91400027	4.011159
1090.78000021	0.77288
1092.90800023	1.240835
1094.91200018	2.955546
1096.90400004	0.010097
1098.96800017	0.728259
1100.90700006	0.805206
1102.91200018	1.100805
1104.90000033	2.629051
1106.90500021	0.578121
1108.91000009	0.321844
1110.90600014	0.014467
1112.91400027	0.014753
1114.76800013	0.758921
1116.90900016	0.144908
1118.91300035	0.083131
1120.89900017	0.082215
1122.90500021	0.391022
1124.91300035	2.079042
1126.91200018	0.358867
1128.97800016	3.01918
1130.91600037	1.968112
1132.91400027	1.86911
1134.91000009	0.148186
1136.90100026	0.101684
1138.90300012	0.696933
1140.91000009	0.024475
1142.90600014	1.931629
1144.91700029	0.016142
1146.91900015	0.302805
1148.99100018	0.350912
1150.90700006	0.367246
1152.90300012	0.084693
1154.90300012	0.732781
1156.9150002	0.989288
1158.92100024	0.277943
1160.91300035	0.221069
1162.90200019	3.168984
1165.65600014	2.087062
1167.66400003	0.073972
1169.66900015	0.70658
1171.65500021	1.387842
1173.65300035	0.731911
1176.16300011	0.190738
1178.15100002	0.225663
1180.40200019	3.728817
1182.41300035	3.728817
1184.41300035	3.728817
1186.40300012	2.235688
1188.40500021	2.204321
1190.40100026	3.439143
1192.40300012	3.693416
1194.40700006	0.222055
1196.41400027	3.385523
1198.40500021	3.427448
1200.41300035	1.188968
1202.40700006	0.845115
1204.40100026	0.724012
1206.41200042	3.346096
1208.40500021	2.360412
1210.40700006	0.250648
1212.40300012	2.767372
1214.41200042	2.767372
1216.41700029	1.099652
1218.40500021	0.719086
1220.40799999	3.444878
1222.40700006	3.789859
1224.42500019	0.446346
1226.4150002	2.128868
1228.40200019	2.128868
1230.40300012	0.196653
1232.41600013	3.605572
1234.40500021	0.509124
1236.41100025	0.012861
1238.41400027	0.051535
1240.42100024	3.024082
1242.41300035	3.56227
1244.40700006	3.680411
1246.42200017	1.45717
1248.42100024	2.392432
1250.41300035	2.392432
1252.40799999	2.392432
1254.40100026	0.014654
1256.40600014	0.791561
1258.41100025	0.172841
1260.42500019	0.795514
1262.42800021	2.623132
1264.42100024	2.623132
1266.43200016	2.927547
1268.40900016	0.205351
1270.41900015	1.357411
1272.40300012	0.3018
1274.40700006	3.469162
1276.41700029	1.728481
1278.42500019	2.915578
1280.42900038	2.952916
1282.41100025	2.952916
1284.40300012	0.024978
1286.41300035	3.482056
1288.40900016	3.686096
1290.41600013	3.694044
1292.41900015	3.694044
1294.41100025	0.044464
1296.41000009	0.910476
1298.41300035	0.024669
1300.42500019	3.747708
1302.40900016	2.018552
1304.41600013	3.272951
1306.4230001	0.022631
1308.40900016	0.025199
1310.41100025	2.123272
1312.41700029	0.24454
1314.43400025	0.002638
1316.41100025	0.847252
1318.41800022	0.881241
1320.41100025	3.145226
1322.55600023	0.631885
1324.67400026	0.530008
1326.67100024	0.033813
1328.66400003	0.304584
1330.6650002	1.856005
1332.58300018	0.003578
1334.66700006	0.054562
1336.65500021	0.029049
1338.6570003	1.655749
1340.66700006	0.019329
1342.65500021	0.025404
1344.66800022	0.120925
1346.52400041	1.28841
1348.66100025	1.30542
1350.66300011	1.256724
1353.23500013	0.00878
1357.01000023	0.713953
1358.63800025	0.602272
1360.00100017	0.585742
1361.24700022	0.611383
1363.17800021	1.140148
1364.66600013	2.092387
1366.67200017	2.869738
1368.66800022	0.046014
1370.53400016	3.259347
1372.54200029	0.143153
1374.66300011	3.848324
1376.66900015	0.190953
1378.6650002	3.227045
1380.66300011	1.722347
1382.67500019	0.117229
1384.67200017	0.055129
1386.67000031	1.111902
1388.68200016	0.079469
1390.67100024	1.188757
1392.66900015	2.916729
1394.65300035	0.01123
1396.66700006	0.310313
1398.66700006	0.184144
1400.66200018	0.664194
1402.66700006	1.181671
1404.66300011	0.040449
1406.65800023	0.596447
1408.66700006	0.02369
1410.66400003	1.400562
1412.65900016	0.031567
1414.68100023	1.167594
1416.66300011	2.948576
1418.52100015	2.226325
1420.65300035	1.811867
1422.66200018	3.524345
1424.65500021	1.171044
1426.66800022	3.325768
1428.66100025	0.795183
1430.66700006	0.100798
1432.66900015	0.243018
1434.66400003	0.561953
1436.66600013	0.293191
1438.66700006	0.730459
1440.66900015	3.007944
1442.6570003	0.773156
1444.6570003	0.036941
1446.65900016	0.847051
1448.6570003	2.835185
1450.65900016	0.064996
1452.66600013	0.762148
1454.66400003	0.022628
1456.68900037	0.012905
1458.66300011	3.447102
1460.66600013	0.01952
1462.66600013	0.023472
1464.66200018	0.865627
1466.66000032	2.48463
1468.66600013	0.29456
1470.66400003	0.281303
1472.67000031	0.393343
1474.65900016	0.032159
1476.65300035	3.538308
1478.65600014	1.709279
1480.67000031	0.073505
1482.66000032	0.055252
1484.66700006	0.073019
1486.67000031	0.746372
1488.65500021	0.054636
1490.65900016	0.757639
1492.66200018	0.453339
1494.66600013	0.257776
1496.6570003	3.562307
1498.67200017	1.90009
1500.66600013	2.355165
1502.66600013	0.185827
1504.66300011	0.487672
1506.67000031	0.926461
1508.6650002	0.926461
1510.66600013	0.777114
1512.66900015	3.292183
1514.66000032	2.965737
1516.67000031	3.249307
1518.66800022	0.921135
1520.67100024	3.47602
1522.65500021	3.47602
1524.66400003	0.774423
1526.66600013	3.335327
1528.66900015	2.658127
1530.65500021	0.956598
1532.65600014	2.928414
1534.66700006	2.928414
1536.6650002	2.928414
1538.65900016	0.024346
1540.6570003	0.268535
1542.66800022	1.452768
1544.6570003	0.156201
1546.66400003	0.138217
1548.67000031	3.737003
1550.67100024	4.162981
1552.66000032	0.011581
1554.6570003	0.412462
1556.65900016	0.692271
1558.6650002	0.877396
1560.66900015	3.411586
1562.6570003	0.747901
1564.66900015	0.034878
1566.65800023	2.276611
1568.91100025	2.148902
1570.90900016	0.576636
1572.9150002	0.76002
1574.90800023	0.656989
1576.92500019	0.029849
1578.98100019	0.277797
1580.90900016	3.528295
1582.91300035	0.862009
1584.91600037	0.010872
1586.92000008	2.786259
1588.90700006	0.07726
1590.91400027	0.235852
1592.91900015	1.691737
1594.91200018	0.320273
1596.93600011	1.427786
1598.90500021	1.427786
1600.92900038	0.555299
1602.9230001	2.633341
1604.9150002	2.593138
1606.91100025	3.36822
1608.92100024	2.960799
1610.9150002	2.960799
1612.91000009	2.960799
1614.93100023	1.538505
1616.92000008	0.27152
1618.90800023	1.293705
1620.91300035	3.467791
1622.9150002	0.749764
1624.9230001	3.579383
1626.91300035	3.579383
1628.9230001	3.820062
1630.92799997	1.064937
1632.9230001	2.191119
1634.92000008	1.048891
1636.93000031	0.148971
1638.90700006	0.394245
1640.91300035	0.137792
1642.92900038	0.121472
1644.74900031	0.064127
1646.91100025	0.739505
1648.95700026	0.096466
1650.94500017	1.45589
1652.91700029	1.121127
1654.91200018	0.027578
1656.91100025	0.718852
1658.94100022	2.039247
1666.23300028	0.486265
1667.08300018	2.119799
1668.9150002	0.089367
1670.92799997	3.353902
1679.6650002	0.67294
1681.66200018	0.035744
1683.78400016	0.913953
1685.90900016	0.286017
1687.68000007	1.57609
1689.67900014	0.680987
1691.94300008	0.606424
1693.91700029	1.226034
1695.91700029	1.285466
1697.93900013	1.358731
1699.91700029	1.358731
1701.9150002	1.358731
1703.91300035	1.358731
1710.50600028	0.01097
1715.23300028	0.698419
1715.61500025	0.722947
1716.04500031	0.798801
1717.05700016	1.012301
1717.80600023	1.474473
1718.76600027	2.010452
1719.92200017	2.334029
1721.91300035	2.927295
1723.92200017	3.656721
1725.91400027	0.288361
1727.91200018	3.764035
1729.91000009	3.725326
1731.7900002	2.656881
1733.9150002	1.667297
1735.92000008	2.380553
1737.91000009	0.01686
1739.90800023	0.033156
1741.92100024	3.750156
1743.90900016	0.313028
1745.92900038	1.076981
1747.92500019	0.022155
1749.90500021	0.335465
1751.9150002	0.805214
1753.91700029	3.309416
1755.78300023	3.423976
1757.92400026	1.460047
1759.92000008	0.686886
1762.41600013	0.436607
1764.42000031	0.014044
1766.41700029	2.78527
1768.41800022	1.221279
1770.41400027	3.162945
1772.41800022	2.137005
1774.41300035	0.271073
1776.42100024	0.024363
1778.4150002	0.086854
1780.42200017	1.445893
1782.42500019	0.260196
1784.42100024	3.697782
1786.4150002	0.016991
1788.41600013	0.057324
1790.41200042	0.744663
1792.42500019	0.033434
1794.41700029	0.213656
1796.4230001	1.59114
1798.42200017	1.497218
1800.42000031	0.78653
1802.41100025	3.238017
1804.41000009	0.06321
1806.41200042	3.944699
1808.41900015	1.027152
1810.41100025	1.369382
1812.40900016	0.097186
1814.41200042	4.127514
1816.41100025	0.584429
1818.42200017	0.405668
1820.41700029	0.658976
1822.67200017	1.332413
1824.92799997	0.010647
1826.91600037	0.363467
1828.67500019	1.308119
1830.91900015	0.329081
1832.92400026	3.523466
1834.9400003	0.37531
1836.9150002	3.265827
1838.92400026	0.789639
1840.92200017	0.015523
1842.92600012	0.370208
1845.41900015	2.292136
1847.4230001	0.012171
1849.66900015	0.03805
1851.66700006	0.010452
1853.67200017	0.77323
1855.67300034	1.393329
1857.66900015	1.328801
1859.66900015	1.159742
1861.66600013	0.258752
1863.60800004	0.003348
1865.66800022	0.237609
1868.17600012	0.432351
1870.16700006	0.552055
1872.66300011	1.516376
1874.6650002	0.191754
1876.91400027	0.021431
1878.9150002	0.306525
1881.17500019	0.687815
1884.92600012	3.604938
1885.78000021	3.636738
1887.18100023	0.614241
1889.41400027	0.011119
1891.6650002	3.877241
1893.67000031	0.739348
1896.17800021	0.02282
1898.16300011	3.878252
1900.41700029	0.777626
1902.42200017	1.512283
1904.66600013	0.768627
1906.66700006	1.678769
1908.66800022	0.311178
1910.66700006	3.884083
1913.41700029	0.472001
1915.41300035	0.182684
1917.41300035	0.323445
1919.41200042	0.082304
1921.41700029	0.930488
1923.42500019	0.052005
1925.67000031	0.763162
1927.68200016	0.778728
1929.64500022	0.013286
1932.16700006	0.670428
1934.41300035	1.594629
1936.4230001	1.415432
1938.42200017	0.475825
1940.41300035	3.662054
1942.4230001	2.522014
1944.41600013	2.791616
1946.43200016	0.535172
1948.41300035	1.047473
1950.43100023	0.630901
1952.9230001	0.216321
1954.91900015	0.533488
1957.41700029	0.489239
1959.42400002	0.639298
1961.41600013	0.016264
1963.42200017	0.034562
1965.66900015	1.817182
1967.67900014	0.080933
1970.42500019	1.053771
1972.42100024	0.872977
1974.92100024	0.010093
1977.16100025	0.986595
1979.17700028	0.011285
1981.53500009	0.200896
1984.48100019	1.294326
1986.21000028	0.255088
1987.55000019	1.946666
1989.16400027	2.111579
1991.17600012	0.003637
1993.16100025	0.016917
1995.17300034	1.423477
1997.16000009	0.178783
1999.16400027	0.227517
2001.16900015	1.663317
2003.41400027	0.204403
2005.4150002	0.806597
2007.92400026	0.633626
2009.91300035	0.016649
2011.9460001	0.084804
2013.92500019	0.099589
2015.9230001	0.73073
2017.91400027	3.065495
2019.91900015	3.725199
2021.92600012	0.404399
2023.91900015	0.337891
2025.91300035	1.005501
2028.42000031	1.522065
2030.91200018	0.821516
2032.9230001	3.636363
2034.92500019	0.501576
2036.92200017	3.868625
2039.16100025	0.012692
2042.1650002	2.411586
2044.17300034	2.819551
2046.17600012	0.70187
2048.47600031	0.012067
2050.41100025	0.96306
2052.43600035	1.688553
2054.92500019	0.147789
2057.16700006	3.315598
2059.16400027	0.796857
2061.17200041	0.528913
2063.17700028	3.518305
2065.59600043	1.251751
2067.17100024	1.778645
2069.17600012	0.898002
2071.16400027	2.96371
2073.92700005	2.838818
2075.93000031	4.125016
2077.9230001	0.79988
2079.92000008	1.823518
2081.91900015	0.697375
2084.91800022	3.187351
2086.92200017	0.117499
2088.92100024	3.689377
2090.92600012	3.773983
2092.92600012	0.797941
2094.92400026	0.012009
2096.91700029	2.862745
2098.91300035	0.065115
2100.92600012	3.193189
2102.91900015	3.456532
2104.93500018	2.383157
2106.91700029	0.721635
2108.92200017	3.321807
2110.9150002	3.321807
2112.92100024	1.408059
2114.91300035	0.288177
2116.91700029	0.034312
2118.98700023	4.31005
2120.92700005	0.337393
2122.92400026	0.081705
2124.91900015	1.634625
2126.9150002	1.634625
2128.91700029	1.70391
2130.92500019	0.801573
2132.91700029	3.595486
2134.92200017	0.102363
2136.92500019	0.810808
2138.92500019	3.870411
2140.92100024	3.438077
2143.17300034	3.526234
2145.02800035	3.526234
2146.92100024	3.526234
2148.99500012	0.134196
2150.93500018	1.610676
2152.92900038	3.083421
2155.17200041	3.903138
2157.16900015	3.903138
2159.16600013	3.903138
2161.17000031	3.995587
2163.17100024	3.995587
2165.1650002	0.015881
2167.18100023	1.418607
2169.02500033	3.916389
2171.1650002	3.642552
2173.17100024	4.013726
2175.16900015	0.045355
2177.18700004	0.358282
2179.16400027	0.777279
2181.16100025	0.086042
2183.17500019	0.082982
2185.17300034	0.788925
2187.1650002	0.788925
2189.16700006	0.788925
2191.17100024	0.084593
2193.17200041	0.603316
2195.17700028	0.080059
2197.17700028	0.026255
2199.17900014	0.016923
2201.16900015	1.346318
2203.1650002	2.256363
2205.17000031	0.165996
2207.17500019	1.223588
2209.17300034	1.223588
2211.16799998	1.102146
2213.17600012	0.012593
2215.16799998	3.037391
2217.15100002	0.023879
2219.17000031	2.459134
2221.18000031	2.992096
2223.16400027	0.382517
2225.16700006	0.206221
2227.17900014	0.014337
2229.16600013	0.012479
2231.16700006	2.570449
2233.16600013	1.395162
2235.18000031	0.404429
2237.31200004	0.269405
2239.42400002	0.358304
2241.67300034	1.297459
2243.85900021	0.013035
2245.43200016	0.449699
2247.67600036	1.750489
2249.67600036	0.281413
2252.42000031	0.77622
2254.41600013	1.586453
2257.42200017	3.714004
2259.42400002	2.431
2262.17100024	1.547151
2264.42200017	0.73095
2266.41900015	1.830455
2268.42400002	1.830455
2270.42500019	1.867085
2272.42700005	0.549304
2274.43700027	0.892578
2276.41300035	0.338233
2278.41800022	0.923132
2280.41800022	0.598887
2282.42400002	0.465101
2284.4230001	0.376698
2286.4150002	0.027988
2288.42500019	0.772746
2290.67800021	3.30714
2292.68200016	0.795792
2294.6650002	2.215523
2296.67300034	0.063465
2298.67500019	0.020969
2300.67800021	0.036045
2302.67400026	0.033981
2304.66400003	1.004205
2307.17500019	1.668642
2309.16799998	0.012442
2311.18900037	0.042004
2313.17800021	0.06922
2315.03700018	0.002675
2317.05300021	0.744849
2319.17400026	1.86037
2321.17200041	0.422934
2323.18100023	1.523217
2325.17200041	0.424217
2327.17000031	0.016569
2329.92700005	0.012485
2331.92200017	0.546352
2333.91900015	0.268512
2335.92100024	2.826462
2337.92600012	0.848775
2340.42500019	2.016493
2342.30800033	0.701661
2344.93500018	0.103112
2346.93300033	1.86672
2349.4230001	0.010665
2351.41600013	0.045024
2353.66900015	0.034741
2355.66800022	0.077703
2358.17400026	0.311328
2360.17600012	3.512656
2362.18000031	0.013637
2364.16600013	1.749673
2366.16600013	0.57807
2368.91800022	0.687017
2371.42900038	0.020155
2373.42400002	0.136262
2375.43200016	1.262373
2377.41800022	0.38864
2379.4230001	0.758713
2381.92700005	1.270421
2383.91700029	0.670602
2385.9320004	1.377112
2387.92100024	1.393555
2390.17500019	0.016212
2392.16900015	0.326137
2394.18200016	0.027698
2396.94400001	0.05285
2398.2820003	0.125845
2400.17800021	3.20619
2402.17800021	2.589254
2404.17300034	0.01313
2406.17500019	0.175522
2408.68200016	0.444662
2411.42500019	1.011019
2413.41900015	3.872032
2415.9230001	0.030801
2417.91800022	2.281064
2419.92000008	0.80888
2421.94300008	0.280645
2423.92700005	0.038039
2426.17100024	0.016129
2428.18300009	0.741504
2430.43200016	0.791757
2432.43200016	1.082361
2434.9230001	3.225632
2436.92799997	1.079784
2438.93500018	0.038903
2440.92500019	0.410615
2442.92100024	0.041348
2444.92500019	0.027004
2447.18100023	2.609884
2449.17500019	1.04912
2451.17300034	0.0105
2453.42200017	0.013058
2455.4230001	0.01282
2457.68400025	0.216501
2459.67200017	3.657561
2461.66900015	0.485183
2463.9320004	3.62848
2465.9320004	0.84534
2468.4230001	3.091037
2470.42200017	2.51951
2472.42900038	2.458043
2474.41900015	0.691346
2476.4150002	0.608492
2478.41900015	0.00292
2480.42800021	0.049789
2482.42600012	0.223009
2484.43200016	1.384535
2486.46200013	0.718683
2488.67500019	0.932096
2490.67000031	0.04972
2492.67300034	1.066686
2494.68400025	0.790494
2496.67600036	1.036125
2498.67300034	3.712154
2500.68300009	1.010949
2502.67400026	0.938258
2504.67100024	0.014667
2506.68000007	0.828921
2508.67000031	0.477044
2510.67300034	0.960245
2512.68600011	3.404694
2514.66800022	1.888961
2517.17300034	0.083255
2519.1650002	0.764092
2521.42900038	1.781563
2523.4230001	0.03158
2525.43600035	0.027756
2527.41900015	0.239454
2529.67000031	0.747449
2532.67800021	0.081164
2534.65200043	2.606785
2536.68400025	3.671174
2538.69100022	0.282836
2540.6900003	0.971801
2542.67800021	1.451757
2544.68300009	0.751999
2546.68000007	3.138097
2548.69200039	0.320386
2551.68200016	3.465287
2553.67500019	0.78721
2555.96600032	0.046386
2559.55400014	0.114175
2562.4610002	0.471
2563.97900009	0.602427
2565.53000021	1.168707
2566.72700024	1.946226
2568.17000031	2.549037
2570.17000031	2.29126
2572.17600012	2.771269
2574.17900014	2.719309
2576.18100023	1.02394
2578.17200041	2.976538
2580.17800021	0.026776
2582.18900037	0.062625
2584.17400026	3.091002
2586.18100023	0.032996
2588.17400026	0.207894
2590.17300034	3.358694
2592.17700028	2.329273
2594.18000031	0.942896
2596.42600012	0.011218
2598.18000031	0.407859
2600.43100023	0.379122
2602.41800022	1.156636
2604.42600012	0.036193
2606.43300033	2.706843
2608.29500008	0.773536
2610.42800021	0.531034
2612.42400002	0.071385
2614.42700005	1.281329
2616.67900014	0.966706
2618.67600036	0.099769
2620.67000031	1.273154
2622.69100022	0.092811
2624.68400025	3.423386
2626.67700028	0.107886
2628.67000031	0.785921
2630.67800021	3.09204
2633.05300021	1.373264
2635.17000031	0.447692
2637.67800021	0.173259
2639.68100023	0.856972
2641.67100024	1.310622
2643.68000007	0.744076
2645.67600036	2.398682
2647.67600036	0.590132
2649.67500019	2.309627
2652.17500019	3.697771
2654.18100023	1.958621
2656.18400002	0.386062
2658.04700017	3.519466
2660.18300009	3.043917
2662.18700004	0.689329
2664.18200016	0.333631
2666.18200016	1.159312
2668.18500018	0.773834
2670.17300034	3.09998
2672.18600011	3.177119
2674.18100023	0.142377
2676.43100023	3.27678
2678.47600031	2.746203
2681.17700028	0.802324
2683.0480001	1.355715
2685.17300034	1.152667
2687.18800044	0.295194
2689.16900015	0.935973
2691.17500019	0.393387
2693.43400025	3.41729
2695.42600012	1.810766
2698.17600012	3.620393
2700.18600011	0.459417
2702.68600011	2.682802
2704.68400025	3.584033
2706.93300033	0.101464
2708.79700017	0.718536
2710.93400025	0.315284
2712.92400026	0.610246
2714.9320004	0.017153
2716.93100023	2.016324
2719.18000031	1.12357
2721.18500018	3.510052
2723.17000031	2.95796
2725.18200016	3.385561
2727.17300034	1.9031
2729.17000031	0.822333
2731.17300034	0.253061
2733.18500018	0.887871
2735.18500018	0.062753
2737.17900014	0.017056
2739.42400002	0.107107
2741.42200017	0.444522
2743.42800021	0.013065
2745.42000031	0.309755
2747.43600035	0.076776
2749.9230001	0.011866
2752.43700027	0.210701
2754.42400002	0.115188
2756.42600012	0.180675
2758.29100013	0.783086
2760.42200017	0.074603
2762.43300033	0.064108
2764.43500018	2.409727
2766.4230001	0.372238
2768.68100023	0.014272
2770.68400025	0.080148
2772.92900038	1.00421
2774.9320004	0.118395
2776.93300033	3.561808
2778.92100024	2.745307
2780.93000031	0.82684
2782.93100023	0.772509
2784.9320004	0.268991
2786.93100023	2.188846
2788.94700003	0.049412
2791.18000031	0.347081
2793.18300009	2.171126
2794.93600011	3.72881
2796.9400003	3.240403
2799.17900014	1.429517
2801.18300009	0.212628
2803.18900037	2.775853
2805.17800021	1.278392
2807.04400039	0.272518
2809.17500019	3.566435
2811.17600012	2.46507
2813.35000014	1.205366
2815.57700038	0.011811
2817.68100023	0.016645
2819.67800021	0.123291
2822.43200016	2.084538
2824.4230001	0.152378
2827.17700028	0.703492
2830.17500019	1.182292
2832.17700028	0.443604
2834.93500018	0.657037
2836.92700005	3.294626
2839.44500017	0.012469
2841.44900036	0.389672
2843.42400002	0.105029
2845.43200016	0.773841
2847.42600012	0.02642
2849.44500017	3.63539
2851.42800021	0.277986
2853.42600012	0.107476
2855.4380002	1.552162
2857.93000031	0.305977
2859.94100022	0.802719
2862.17700028	0.01884
2864.17600012	0.122126
2866.17100024	0.808021
2868.17400026	0.501318
2870.18600011	0.756341
2872.18600011	0.068079
2874.68400025	0.003509
2876.69400024	1.322391
2879.43600035	0.026272
2881.42900038	0.120147
2883.68000007	0.081696
2885.69100022	0.750348
2887.67700028	0.530162
2889.68300009	2.799494
2891.67800021	0.031517
2893.68000007	1.788809
2895.68600011	3.682365
2897.67100024	1.03373
2900.04200029	1.684568
2902.18100023	2.242107
2904.18000031	3.273008
2906.17900014	0.014307
2908.17900014	3.496267
2910.18100023	1.563777
2912.17500019	0.605462
2914.17500019	0.008693
2916.80900025	2.753938
2918.69700027	1.24694
2920.9320004	0.824911
2922.93100023	2.554238
2925.43600035	3.25064
2927.43400025	3.374224
2929.93400025	0.03988
2931.92600012	0.101796
2934.69100022	0.789674
2936.68300009	1.450476
2939.18100023	2.556235
2941.92500019	2.352147
2944.00200009	3.861277
2945.92600012	0.360092
2947.92799997	0.024299
2949.93700027	2.157057
2951.93500018	1.065534
2953.9230001	0.734426
2956.42900038	1.910487
2958.43300033	0.950207
2960.93900013	2.808574
2962.93500018	4.399521
2965.67800021	0.416562
2967.93700027	1.462563
2969.93000031	2.746762
2972.43100023	0.113952
2974.43300033	0.817336
2976.42900038	0.249667
2978.43300033	0.342084
2980.93700027	3.88655
2982.9320004	0.728145
2985.18600011	1.237731
2987.17600012	1.3374
2989.18800044	3.323832
2991.18200016	3.133197
2993.42400002	0.098587
2995.18700004	0.026728
2997.42800021	3.025709
2999.18100023	3.844915
3001.43500018	3.682721
3003.29100013	3.838401
3005.43700027	3.795671
3007.43700027	3.774386
3009.42700005	0.766309
3011.4230001	3.981148
3013.42100024	0.773767
3015.42900038	1.798678
3017.43700027	1.798678
3019.43500018	1.232219
3021.43900013	0.755686
3023.43300033	1.606252
3025.42800021	3.202392
3027.29200029	3.202392
3029.44200015	0.741607
3031.4380002	0.012564
3033.4230001	1.206555
3035.23400021	1.206555
3037.4380002	1.921528
3039.4380002	0.732372
3041.42500019	1.231675
3043.42900038	0.034882
3045.42800021	3.183277
3047.42600012	0.76647
3049.42700005	2.637514
3051.4230001	2.637514
3053.42900038	0.740989
3055.43000031	0.105812
3057.42700005	1.78555
3059.43100023	0.602421
3061.43100023	2.745994
3063.43500018	1.930559
3065.43900013	1.315632
3067.43300033	1.601612
3069.43300033	1.719944
3071.43400025	3.68159
3073.43100023	2.989114
3075.2900002	1.242621
3077.42500019	3.264991
3079.43100023	2.753316
3081.4380002	0.774289
3083.43400025	2.896491
3085.4380002	2.919022
3087.4380002	2.43669
3089.44900036	0.06867
3091.44400024	0.077754
3093.44000006	0.616499
3095.43600035	0.915116
3097.42900038	1.740792
3099.42500019	0.716081
3101.42900038	1.631284
3103.44000006	3.686848
3105.44300008	0.17214
3107.43000031	0.096939
3109.42800021	0.022357
3111.43500018	0.622702
3113.4230001	0.116619
3115.43300033	0.045223
3117.42900038	0.932225
3119.43700027	1.831722
3121.43600035	2.264604
3123.41700029	0.02231
3125.43300033	0.095255
3127.42400002	0.103469
3129.44000006	0.016564
3131.42400002	0.673985
3133.42400002	0.788282
3135.43100023	1.073962
3137.44900036	1.542776
3139.44400024	0.034375
3141.43600035	0.010211
3143.43400025	1.230341
3145.44900036	0.56804
3147.43600035	0.601133
3149.45400023	1.304769
3151.43300033	1.308034
3153.44100022	0.818202
3155.43500018	1.648379
3157.4380002	0.316991
3159.43600035	0.74269
3161.90500021	0.646162
3163.4380002	0.217961
3165.43500018	0.27888
3167.42400002	0.018165
3169.43700027	2.484986
3171.43600035	0.312114
3173.44500017	0.201307
3175.4380002	0.823005
3177.44500017	0.011433
3179.43900013	0.019291
3181.43200016	0.017174
3183.43100023	0.766616
3185.43600035	0.543875
3187.44100022	0.896799
3189.43500018	0.105762
3191.43900013	0.017073
3193.43200016	1.167423
3195.43600035	1.138453
3197.44200015	0.020619
3199.44900036	1.301287
3201.43000031	0.058618
3203.4380002	4.030822
3205.42900038	0.753834
3207.44300008	0.706709
3209.44400024	0.017398
3211.43600035	0.277838
3213.4460001	0.081756
3215.4380002	2.802435
3217.43500018	0.167145
3219.44500017	0.774229
3221.42900038	0.067817
3223.44000006	0.503141
3225.43100023	0.020845
3227.53800011	0.308056
3229.42900038	0.021408
3231.43700027	4.138943
3233.43400025	0.47974
3235.43700027	0.6111
3237.43100023	0.118453
3241.92400026	0.088563
3242.8670001	1.95444
3244.17500019	0.780399
3246.70000029	2.901206
3248.69100022	1.300546
3250.67700028	0.201259
3252.67800021	0.279866
3254.6900003	0.803803
3256.68500018	0.627035
3258.93500018	0.093662
