0.0	3.018789
0.125000238419	1.055753
0.226000070572	1.055753
0.364000320435	1.055753
0.447999954224	1.055753
0.666000127792	0.026084
0.817000150681	2.53012
0.993000268936	5.919396
1.26300001144	4.851133
3.50500011444	5.486674
5.51600027084	5.486674
7.27000021935	5.486674
9.51700019836	5.486674
11.5250000954	0.442398
13.5080003738	4.504702
15.5370001793	0.022911
17.5170001984	0.005028
19.5330002308	0.817486
21.5170001984	0.902449
23.5380001068	0.028227
25.5330002308	4.827618
27.5120000839	5.239866
29.5210001469	4.65494
31.5180001259	4.639135
33.5220000744	5.419871
35.5190000534	0.616607
37.5300002098	4.108034
39.5170001984	0.016627
41.5170001984	3.028442
43.5230000019	4.536243
45.5130002499	3.589174
47.5150001049	0.014918
49.5890002251	1.290039
51.5170001984	0.004535
53.5890002251	0.141872
55.5260000229	0.863356
57.5170001984	5.243212
59.5290002823	5.856225
61.5210001469	0.006217
63.5220000744	0.689228
65.5190000534	5.331787
67.5260000229	5.266379
69.5170001984	0.886548
71.5150001049	5.513697
73.5269999504	4.92915
75.5330002308	0.96403
77.5160002708	1.332268
79.5300002098	4.678383
81.5190000534	4.738306
83.5280001163	5.33587
85.5199999809	0.10995
87.5190000534	0.024549
89.5240001678	0.114788
91.5199999809	0.751653
93.5130002499	6.298938
95.5220000744	0.018241
97.5300002098	5.811225
99.5190000534	0.030827
101.523000002	0.013379
103.517000198	0.611143
105.532000303	3.775241
107.51300025	1.089739
109.525000095	2.89244
111.517000198	2.77216
113.519999981	5.252942
115.529000282	0.003594
117.51300025	3.93265
119.521000147	2.037827
121.522000074	5.175846
123.521000147	2.017749
125.514000177	0.378781
127.561000109	0.928098
129.51300025	4.414295
131.528000116	4.863955
133.512000084	5.250558
135.512000084	4.165856
137.514000177	0.998008
139.526000023	1.504585
141.519999981	2.105868
143.517000198	0.077952
145.518000126	4.948527
147.519999981	4.585086
149.509000301	4.225074
151.512000084	4.119936
153.521000147	4.197686
155.525000095	1.930359
157.519000053	4.477921
159.517000198	3.401852
161.519000053	4.847108
163.51300025	4.564047
165.512000084	4.4687
167.52699995	4.818177
169.514000177	5.123788
171.525000095	4.775675
173.521000147	5.061108
175.519999981	4.526585
177.519999981	2.374698
179.512000084	4.466677
181.518000126	0.184103
183.522000074	2.684198
185.523000002	3.459097
187.519999981	0.023065
189.522000074	2.680898
191.523000002	0.962186
193.518000126	4.605835
195.519999981	0.128066
197.523000002	0.022457
199.533000231	0.130414
201.539000034	0.036386
203.538000107	3.730212
205.51300025	0.134171
207.526000023	0.012707
209.51300025	0.410981
211.523000002	0.102568
213.521000147	0.901143
215.518000126	0.096365
217.53000021	0.104922
219.517000198	2.066242
221.523000002	0.014898
223.526000023	1.27614
225.51300025	5.300563
227.518000126	3.848944
229.524000168	0.07696
231.519000053	0.010778
233.519999981	0.034822
235.518000126	0.155147
237.523000002	5.344416
239.518000126	0.026542
241.519000053	0.018989
243.512000084	0.040167
245.518000126	0.231255
247.526000023	4.237165
249.519000053	0.060587
251.519000053	3.578392
253.524000168	1.059895
255.764000177	4.462382
257.767999887	5.286609
259.522000074	4.855198
261.776000023	5.044436
263.774000168	5.044436
265.758000135	4.821233
267.772000313	4.491203
269.765000105	0.019636
271.772000313	0.028229
273.75999999	1.927424
275.671000004	4.549148
277.776000023	0.011133
279.763000011	0.445471
281.819000006	0.019981
283.765000105	0.065407
285.766000032	1.315823
287.770000219	0.076411
289.77300024	1.384588
291.767999887	3.328691
293.758000135	3.88332
