0.0	0.992665
2.06900000572	0.750299
2.90700006485	0.011487
3.33500003815	0.893511
4.1289999485	2.532952
4.98699998856	0.014932
5.87199997902	2.704884
6.77100014687	0.002749
8.88499999046	0.283954
9.51699995995	0.132045
9.97699999809	1.389516
11.2170000076	2.812665
12.7259998322	0.229909
14.3470001221	0.189378
15.6020002365	2.818164
17.3770000935	0.010969
19.3440001011	0.058204
21.3529999256	0.596343
23.3529999256	0.102181
25.3450000286	2.780188
27.370000124	0.22362
29.7419998646	3.168402
31.2870001793	3.226351
33.3480000496	3.226351
35.3179998398	3.226351
37.3430001736	1.71658
39.3430001736	2.918944
41.3380000591	3.430756
43.3550000191	0.077968
45.3410000801	0.095717
47.3400001526	0.033931
49.368999958	3.366189
51.4040000439	0.316226
53.3169999123	0.066443
55.3359999657	0.634965
57.4649999142	0.288486
62.0369999409	0.682386
63.4430000782	0.154848
65.0379998684	0.04649
65.9809999466	0.335248
67.5499999523	0.003078
70.5090000629	0.709765
73.4240000248	0.332226
74.7819998264	0.25194
76.7899999619	0.011496
78.8929998875	0.003444
81.1470000744	0.149589
83.0390000343	0.075545
85.4639999866	1.083869
88.859000206	0.072423
91.7049999237	0.71159
93.6270000935	0.009194
97.3199999332	0.153422
99.7730000019	0.016994
103.14199996	0.014771
105.08100009	0.024195
106.667000055	0.030364
107.769000053	0.101487
109.941999912	0.123488
111.907999992	0.379168
114.789000034	2.313479
117.220999956	3.300304
118.377000093	0.021802
119.25999999	3.680944
120.503000021	0.112294
122.499000072	0.050071
123.573999882	0.16567
124.417000055	0.257518
125.354000092	2.844314
125.781999826	0.039716
127.357999802	0.555346
129.356999874	0.067347
131.398000002	0.010605
133.349999905	0.08984
135.328000069	2.205464
137.354000092	1.093525
140.0	0.147822
143.45600009	0.163925
145.644999981	0.135422
148.65199995	3.525753
150.496999979	2.097507
152.167000055	3.753213
153.378000259	0.436598
154.460000038	1.36639
156.04700017	4.782694
157.379000187	0.011971
159.671999931	2.295935
161.351000071	0.273353
163.371999979	0.32514
165.417000055	0.023625
167.444999933	0.022016
170.920000076	0.031853
172.996999979	2.847713
174.092999935	0.156494
175.592000008	0.301786
177.687000036	0.163163
180.325999975	0.0943
182.397000074	0.204184
184.460000038	0.011122
186.923000097	0.272526
189.299000025	0.065167
190.805999994	3.735959
192.107000113	0.187574
193.455000162	0.709617
195.568000078	4.342193
199.065000057	1.198014
200.827000141	1.826136
201.965999842	0.165497
205.338000059	0.017785
206.445999861	0.087098
214.347000122	0.210076
215.116999865	0.059326
215.733999968	3.549676
217.003000021	4.020406
221.84800005	0.932713
224.579999924	0.011531
225.773999929	4.505875
227.679000139	1.92165
229.50999999	0.010625
232.359000206	0.028971
232.996000051	0.011855
233.819000006	0.127981
234.576999903	0.835844
