0.0	6.539998
0.197999954224	6.486231
0.381999969482	6.486231
0.571999788284	3.531336
0.677000045776	3.531336
0.803999900818	4.058607
0.994999885559	1.986604
1.18099999428	5.749629
2.03200006485	6.699972
4.02900004387	4.815683
6.02900004387	5.701833
8.03099989891	1.186761
10.0279998779	3.964918
12.0409998894	7.487404
14.0439999104	5.458369
16.0269999504	4.190623
18.0279998779	2.159458
20.0260000229	4.932588
22.0290000439	5.130366
24.0269999504	6.138692
26.0290000439	0.448534
28.0290000439	4.016823
30.0279998779	6.680742
32.0269999504	5.602919
34.0260000229	5.602919
36.0269999504	5.40669
38.0260000229	5.40669
40.0569999218	5.7083
42.0490000248	0.0915
44.246999979	1.404201
46.0290000439	2.826659
48.0320000648	0.98887
67.6629998684	0.142211
68.0009999275	3.85147
68.2690000534	2.097062
68.5810000896	0.05095
69.0509998798	0.048656
69.3559997082	2.903777
69.5769999027	3.61119
69.8109998703	1.208914
70.8509998322	4.431242
71.1749999523	2.89085
72.5239999294	3.601172
74.5309998989	3.24053
76.5290000439	2.288248
78.5260000229	3.394598
80.5420000553	2.90749
82.5229997635	1.120277
84.5229997635	3.152487
86.5269999504	3.100978
88.5290000439	1.158623
90.5250000954	0.9567
92.5229997635	0.371984
94.5299999714	0.108884
96.5429999828	4.864417
98.5239999294	1.214651
100.525000095	3.801079
102.525000095	1.051589
104.530999899	0.016829
106.523999929	2.915752
108.526000023	3.746418
110.52699995	4.088845
112.744999886	1.110413
114.529999971	1.208327
116.526000023	1.070814
118.525000095	0.034253
120.523999929	4.690669
122.528000116	2.889457
124.523999929	0.739883
126.525000095	2.721767
128.526000023	3.593198
130.522999763	2.948399
132.528000116	0.023762
134.532999992	4.313605
136.523999929	3.117137
138.778999805	0.907044
140.605999947	3.280989
142.777999878	4.185659
144.77699995	1.480572
146.773999929	3.164275
148.773000002	0.013513
150.778999805	3.774929
152.779999733	0.983655
154.773999929	0.012677
156.776000023	4.284251
158.773999929	0.434188
160.786000013	0.031333
162.777999878	3.689807
164.603999853	1.114973
166.770999908	4.28398
168.773000002	4.542996
170.786999941	5.395318
172.773999929	0.01965
174.777999878	4.21753
176.776000023	3.346935
178.773000002	3.065314
180.773000002	4.142786
182.773999929	6.50795
184.774999857	5.180741
186.771999836	1.891612
188.59800005	1.140582
190.769999981	0.13049
193.192000151	0.948224
194.774999857	4.463768
196.774999857	0.012455
198.773000002	0.980144
200.77699995	0.673598
202.776000023	2.99271
204.769000053	3.413385
206.776000023	5.393629
208.769000053	1.505719
210.987999916	3.850053
212.601000071	5.072874
214.780999899	1.326898
216.769000053	3.32445
218.777999878	0.899378
220.773000002	0.22897
222.77699995	1.160531
224.773000002	0.138942
226.773000002	3.667515
228.770999908	3.980935
230.773999929	4.498794
232.787999868	1.047522
234.769000053	3.422419
236.776000023	2.921837
238.781999826	0.920775
240.769999981	1.1881
242.771999836	0.06059
244.770999908	0.177194
246.770999908	0.202159
248.738999844	0.138859
250.770999908	3.189134
252.782999992	2.799467
254.769999981	0.037375
256.769000053	2.188653
258.769000053	1.281208
260.688999891	0.052239
262.769000053	0.107409
264.769000053	0.481691
266.769000053	0.035187
268.768000126	6.590995
270.769999981	0.066205
272.769999981	0.675992
274.769000053	0.201017
276.76699996	0.690703
278.770999908	0.637103
280.766000032	0.09246
282.76699996	0.056328
284.771999836	1.115339
286.770999908	3.06177
288.769000053	0.185061
290.769999981	2.857448
292.768000126	4.722816
294.776000023	5.469156
296.76699996	3.384795
298.771999836	0.203485
300.773000002	0.032763
302.76699996	0.015906
304.765000105	3.902539
306.766000032	0.016116
308.773000002	6.426995
310.770999908	0.501775
312.763999701	0.003907
314.768000126	3.950025
316.770999908	2.290488
318.765000105	0.85794
320.766000032	0.048483
322.770999908	0.042207
324.765000105	1.259148
326.765000105	2.526895
328.76699996	0.871354
330.770999908	0.401344
332.76699996	2.273928
334.765000105	1.657129
336.765000105	4.046343
338.763999701	4.509242
340.765000105	3.437342
342.762999773	2.854509
344.773999929	3.125396
346.766000032	3.641896
348.763999701	2.846744
350.76699996	3.507353
352.770999908	0.999485
354.761999846	4.46879
356.763999701	1.171257
358.771999836	4.800157
360.76699996	5.359152
362.763999701	2.956447
364.762999773	0.741256
366.761999846	4.048842
368.765000105	4.048842
370.761999846	0.494542
372.760999918	6.46042
374.763999701	0.038942
376.763999701	5.461361
378.763999701	0.004158
380.777999878	0.985394
382.760999918	4.7331
384.763999701	3.60601
386.760999918	6.918543
388.762999773	4.938839
390.761999846	4.560573
393.013000011	0.070884
395.013999939	2.973731
397.013999939	2.471175
399.011999846	2.952318
401.011999846	5.35031
403.011999846	7.484341
405.011999846	7.484341
407.010999918	0.642643
409.011999846	6.443537
411.013999939	1.152447
413.011999846	7.063527
415.011999846	5.787905
417.009000063	3.501918
419.013000011	0.077738
421.013000011	3.997198
423.016000032	3.997198
425.013999939	1.115673
427.009000063	2.390436
429.013999939	6.134897
431.009000063	6.288987
433.011999846	7.080369
435.011999846	0.024239
437.00999999	6.775486
439.00999999	1.168981
441.009000063	2.707185
443.011999846	5.850992
445.009000063	6.003216
447.009000063	6.180975
449.010999918	7.114202
451.013000011	5.464079
453.010999918	0.863147
455.030999899	3.440189
457.008000135	3.440189
459.010999918	3.440189
461.013999939	0.012294
463.009000063	4.561687
465.009000063	0.046058
467.009000063	3.310501
469.009000063	4.995796
471.00999999	3.40584
473.008000135	4.114037
475.325999975	4.243945
477.00999999	3.173905
479.045000076	1.69685
481.022999763	5.395644
483.013000011	1.380796
485.02699995	2.618172
487.009000063	5.05798
489.009000063	4.559944
491.013000011	2.02435
493.008000135	2.498175
495.009000063	1.108292
497.008000135	3.784341
499.008000135	3.609064
501.006000042	3.24569
503.006999969	0.729731
505.008000135	3.467832
507.008000135	0.056676
509.006999969	0.361361
511.00999999	2.524664
513.006999969	4.760026
515.008000135	3.389195
517.009000063	5.081103
519.024000168	0.190831
521.008000135	0.551132
523.010999918	0.283455
525.009000063	3.57045
527.009000063	3.527023
529.009000063	0.751827
531.005000114	4.13396
533.018999815	3.024121
535.006999969	4.374929
537.006000042	2.742537
539.006000042	4.141218
541.00399971	3.210153
543.005000114	0.91114
545.009000063	3.056067
547.006000042	0.016888
549.006000042	1.177891
551.008000135	4.356143
553.014999866	1.916157
555.020999908	3.915847
557.006000042	4.828949
559.005000114	1.116103
561.006000042	1.757034
563.019999743	0.977885
565.065000057	2.835274
567.025000095	0.254962
569.102999926	0.429452
571.006999969	0.146038
573.00399971	6.340842
575.006000042	1.074867
577.006000042	4.394746
579.005000114	4.57313
581.005000114	2.702554
583.00399971	5.37318
585.006000042	4.575696
587.008000135	4.536567
589.032999992	3.577646
591.005000114	0.028125
593.005000114	2.577236
595.00399971	0.529938
597.00399971	5.672184
599.00399971	1.296549
601.00999999	1.844815
603.006000042	4.896835
605.020999908	0.176702
607.00999999	5.115257
609.002999783	5.17864
611.006999969	0.015181
613.002999783	0.378258
615.001999855	0.102249
617.013000011	0.025561
619.006000042	1.160973
621.006999969	0.022138
623.258999825	0.10717
625.001999855	4.463639
627.002999783	0.044938
629.017999887	0.405084
631.001999855	4.223
633.00399971	0.987789
635.005000114	1.961162
637.00399971	3.309159
639.002999783	1.672913
641.264000177	0.025871
643.262999773	0.015363
645.254999876	2.852252
647.258999825	1.713815
649.256999969	3.546284
651.256000042	0.025589
653.26699996	0.10074
655.251999855	3.272803
657.253999949	1.619334
659.121000051	0.991485
661.250999928	2.083127
663.250999928	1.231412
665.254999876	0.878674
667.250999928	0.521195
669.250999928	3.95137
671.257999897	3.48538
673.274999857	5.792462
675.250999928	4.709281
677.26699996	2.327752
679.251999855	1.207947
681.253999949	3.741964
683.089999914	2.729614
685.274999857	5.039206
687.576999903	6.638973
689.25	5.431823
691.250999928	2.094021
693.25	5.197598
695.25	2.583932
697.253000021	6.352066
699.249000072	1.304742
701.264000177	0.885904
703.256000042	1.90795
705.251999855	2.186501
707.075999737	3.393299
709.250999928	0.524245
711.253999949	1.557324
713.248000145	0.027536
715.248000145	6.695903
717.248000145	1.119219
719.249000072	0.077382
721.249000072	4.608869
723.246999979	4.10291
725.25	6.137933
727.250999928	5.366991
729.249000072	5.139473
731.248000145	1.669769
733.25	2.453086
735.248000145	1.604057
737.248000145	2.248182
739.275999784	4.351839
741.249000072	5.191729
743.25	6.240226
745.25	1.000281
747.248000145	0.09873
749.269000053	6.621512
751.246999979	0.887957
753.822999954	3.943463
755.22699976	0.051876
757.262999773	4.12115
759.249000072	0.763458
761.246999979	1.254182
763.24399972	3.578787
765.244999886	3.578787
767.246000051	3.578787
769.25	6.437015
771.246000051	4.303769
773.248000145	3.565338
775.246999979	1.806685
777.246999979	0.052951
779.15899992	0.062372
781.244999886	6.317646
783.244999886	0.990347
785.256000042	6.449833
787.250999928	2.556008
789.260999918	1.355693
791.246999979	3.494058
793.249000072	0.01735
795.249000072	0.122818
797.246999979	0.123531
799.244999886	0.071906
801.244999886	0.661603
803.161000013	0.05044
805.24399972	0.026786
807.244999886	0.893584
809.249000072	0.03378
811.24399972	2.556679
813.81099987	5.095623
815.246999979	5.263853
817.248000145	0.070578
819.261999846	0.051944
821.246999979	0.10791
823.253000021	3.952941
825.250999928	1.085228
827.246000051	0.034588
829.24399972	0.934796
831.244999886	2.93498
833.242999792	1.389259
835.246000051	0.16378
837.246000051	0.072201
839.24399972	0.031797
841.401000023	0.026748
843.353999853	2.986036
845.369999886	0.028869
847.24399972	0.891798
849.242999792	0.884588
851.241999865	4.307587
853.249000072	4.286546
855.242999792	3.714496
857.24399972	0.716971
859.24399972	4.012178
861.242999792	3.44776
863.241999865	3.693822
865.241999865	4.155964
867.241999865	4.155964
869.240999937	6.214413
871.253999949	5.30438
873.24399972	3.38022
875.241999865	6.236866
877.24399972	5.522356
879.240999937	4.697339
881.24399972	2.537611
883.240999937	4.439819
885.49000001	0.772251
887.24000001	0.119308
889.242999792	4.652438
891.490999937	3.544422
893.493999958	4.312862
895.493999958	3.951932
897.49000001	7.751087
899.49000001	1.186759
901.491999865	7.772709
903.503999949	7.772709
905.490999937	4.071273
907.49000001	4.071273
909.490999937	6.903119
911.490999937	6.266061
913.325999975	6.116364
915.491999865	3.029661
917.489000082	5.101346
919.491999865	5.832728
921.490999937	5.971563
923.497999907	6.85368
925.489000082	3.615509
927.494999886	0.112777
929.496000051	1.106068
931.417000055	4.252036
933.489000082	3.511319
935.499999762	0.72014
937.318999767	1.829082
939.489000082	4.795947
941.503999949	0.043165
943.49000001	0.02462
945.489000082	0.411812
947.497999907	1.067292
949.49000001	3.757107
951.493000031	4.494394
953.489000082	4.123398
955.488000154	4.249653
957.488000154	1.171029
959.488000154	3.12542
961.312999964	1.725604
963.491999865	1.15758
965.486999989	2.379996
967.503999949	2.379996
969.496000051	0.015987
971.489000082	3.368309
973.489000082	0.418401
975.488000154	2.848896
977.486999989	3.951857
979.485999823	3.560135
981.486999989	3.775777
983.486999989	4.209205
985.489000082	1.120921
987.486999989	2.960712
989.486999989	1.311626
991.494999886	1.553383
993.485999823	5.974327
995.496000051	4.918147
997.485999823	3.997398
999.485999823	4.702049
1001.48800015	6.625416
1003.48699999	3.317832
1005.48699999	1.168492
1007.48900008	2.669663
1009.39899993	0.073477
1011.48900008	2.283236
1013.48800015	0.1199
1015.47599983	0.288352
1017.39400005	0.047098
1019.48800015	0.118552
1021.48699999	2.845954
1023.48599982	0.085651
1025.48900008	2.772206
1027.48599982	0.073507
1029.49399996	5.03752
1031.49399996	4.514974
1033.48699999	1.671881
1035.48399973	2.65417
1037.49999976	3.765135
1039.48699999	3.765135
1041.48399973	3.895575
1043.48599982	1.061785
1045.48599982	5.619431
1047.4849999	4.370921
1049.49699998	4.61248
1051.4849999	1.746206
1053.4849999	1.292392
1055.48699999	4.77915
1057.49699998	1.125777
1059.49099994	3.344083
1061.48599982	4.426004
1063.48800015	0.013891
1065.48399973	4.134068
1067.4849999	1.109758
1069.49499989	1.649458
1071.48399973	3.375803
1073.48599982	0.55517
1075.48399973	1.222704
1077.48399973	3.872001
1079.48199987	0.004265
1081.48599982	3.078572
1083.48599982	1.384209
1085.48399973	0.775001
1087.4829998	0.021494
1089.48399973	5.198967
1091.4849999	0.87503
1093.48399973	3.633028
1095.48599982	1.146608
1097.48399973	0.360821
1099.48199987	1.473948
1101.4849999	5.794547
1103.48399973	2.699651
1105.4829998	4.72862
1107.4849999	4.052933
1109.4849999	1.031605
1111.49499989	2.042411
1113.4829998	5.060691
1115.48199987	1.219894
1117.48399973	0.287002
1119.48399973	3.96325
1121.4829998	1.75414
1123.48199987	0.469057
1125.48399973	3.688649
1127.48199987	4.786604
1129.4829998	3.196772
1131.48199987	4.693067
1133.48099995	4.91932
1135.48000002	4.279557
1137.50699997	3.325992
1139.48199987	4.88208
1141.73099995	4.219361
1143.73300004	4.219361
1145.73300004	4.219361
1147.72900009	4.219361
1149.73000002	3.455787
1151.73099995	6.633331
1153.73099995	2.399507
1155.73300004	5.643514
1157.73199987	4.878497
1159.73099995	6.910057
1161.73000002	5.116284
1163.73099995	6.525494
1165.73099995	6.317388
1167.73000002	6.558136
1169.72900009	5.771974
1171.73099995	3.489289
1173.72900009	7.387143
1175.73000002	4.753979
1177.72800016	1.041102
1179.73300004	3.08742
1181.72900009	5.364471
1183.73099995	5.205235
1185.72800016	5.740553
1187.73399997	3.67383
1189.73300004	3.67383
1191.72900009	3.67383
1193.73099995	3.809365
1195.73099995	4.176672
1197.73099995	3.027943
1199.73099995	5.609331
1201.72699976	5.215391
1203.72900009	6.363654
1205.72900009	5.404339
1207.72900009	4.402672
1209.72800016	3.806167
1211.72699976	5.78682
1213.72800016	3.745788
1215.72699976	0.520762
1217.72699976	7.540675
1219.73000002	6.038864
1221.72800016	4.1687
1223.72699976	5.215884
1225.72900009	5.215884
1227.72900009	5.215884
1229.73199987	7.124483
1231.72599983	5.484087
1233.73199987	5.950415
1235.72699976	5.950415
1237.72599983	5.950415
1239.73000002	3.738227
1241.74499989	4.993841
1243.72599983	6.498518
1245.72599983	3.736576
1247.73699999	0.069708
1249.73099995	1.602587
1251.73000002	5.868218
1253.7249999	3.754582
1255.72900009	5.490247
1257.7249999	6.523024
1259.7249999	4.824649
1261.73099995	2.956308
1263.72800016	0.05423
1265.72599983	3.595163
1267.72800016	4.50261
1269.7249999	7.429898
1271.72599983	0.718345
1273.72699976	4.344129
1275.72699976	4.0386
1277.7249999	3.601829
1279.7249999	4.102194
1281.7249999	3.84733
1283.72699976	1.101292
1285.73000002	4.561121
1287.72699976	0.174951
1289.73099995	0.045896
1291.94099998	0.017927
1294.13600016	0.091936
1296.02699995	0.107129
1297.80699992	1.244502
1299.72699976	2.090225
1301.72399974	0.019263
1303.72399974	1.459657
1305.72900009	2.258831
1307.72699976	2.258831
1309.73000002	2.401668
1311.72699976	2.84401
1313.72599983	2.76391
1315.72599983	1.551821
1317.72699976	0.03579
1319.72800016	1.307946
1321.72399974	5.163137
1323.72699976	3.165828
1325.73899984	1.782707
1327.72699976	0.676202
1329.73000002	0.419345
1331.72699976	1.243254
1333.7249999	1.872594
1335.72599983	0.09564
1337.72599983	0.014978
1339.72599983	4.918532
1341.72299981	0.022122
1343.72800016	2.16436
1345.72800016	0.931059
1347.72399974	2.826294
1349.72199988	3.524809
1351.72199988	4.925931
1353.72199988	6.191966
1355.72299981	1.075957
1357.72299981	3.798248
1359.72299981	3.741451
1361.72299981	0.024859
1363.72800016	4.511961
1365.72299981	1.152203
1367.74699998	0.033399
1369.72299981	0.018733
1372.17499995	0.753843
1373.72099996	1.671037
1375.72399974	1.490799
1377.72299981	0.282955
1379.72399974	1.019013
1381.72399974	1.222942
1383.79499984	1.446747
1385.75099993	0.576221
1387.72299981	5.136073
1389.72299981	1.732854
1391.97199988	0.032344
1393.97000003	1.080377
1395.97300005	1.065022
1397.97000003	1.589489
1399.97000003	4.899256
1401.97199988	1.273227
1403.9829998	1.063692
1405.97199988	2.601205
1407.80200005	1.090525
1409.97300005	0.066516
1411.97099996	4.457073
1413.97099996	0.026904
1415.97000003	0.049675
1417.97099996	1.822655
1419.97099996	0.015997
1421.97000003	0.16127
1423.97199988	5.111354
1425.87299991	0.177423
1427.97199988	0.289307
1430.07099986	3.937358
1431.80500007	1.132037
1433.97000003	0.076095
1435.97199988	0.22487
1437.97099996	2.441537
1439.9749999	2.907577
1441.97000003	1.864555
1443.97399998	1.38521
1445.97199988	2.556104
1447.97099996	0.499437
1449.96800017	0.111324
1451.96699977	0.814844
1453.97199988	1.922775
1455.81299996	1.602033
1457.99300003	1.611092
1459.97300005	2.705786
1461.9690001	1.386338
1463.9690001	1.187639
1465.98599982	0.015523
1467.97000003	4.404359
1469.97399998	0.100676
1471.97399998	2.496106
1473.9690001	4.335117
1475.97000003	1.302895
1477.96699977	5.307376
1479.96599984	3.240003
1481.96599984	1.246268
1483.97099996	0.052826
1485.96800017	0.017023
1487.96800017	0.115299
1489.96699977	0.034857
1491.97000003	1.452827
1493.96800017	4.641224
1495.96800017	0.977091
1497.96800017	0.06304
1499.96800017	2.183058
1501.96699977	0.995606
1503.96699977	4.172524
1505.96599984	2.967266
1507.96699977	4.199842
1509.96800017	4.027472
1511.9690001	4.735799
1513.97399998	0.107714
1515.9690001	3.222757
1517.97300005	2.410813
1519.96599984	0.025986
1521.9690001	5.010136
1523.96699977	0.049922
1525.9749999	0.03619
1527.96800017	1.186903
1529.9690001	3.017542
1531.96800017	4.95375
1533.96800017	4.872231
1535.96599984	0.91495
1537.97399998	5.096968
1539.96800017	0.361541
1541.96599984	0.914392
1543.96800017	3.550842
1545.98099995	1.128751
1547.96499991	3.450532
1549.96599984	3.054709
1551.96599984	0.205234
1553.96800017	1.671429
1555.96599984	3.823056
1557.96399975	2.19956
1559.96399975	0.292091
1561.96800017	2.553562
1563.98399997	0.032555
1565.96399975	4.84879
1567.96499991	0.127298
1570.18899989	1.784964
1571.96199989	5.862205
1573.96399975	1.365459
1575.96299982	4.57591
1577.96399975	1.325727
1579.96399975	3.129461
1581.96800017	3.524627
1583.96299982	2.044531
1585.96299982	2.432717
1587.96699977	4.646472
1589.96499991	4.995189
1591.96399975	1.694825
1593.96599984	2.372497
1595.96599984	0.146731
1597.97899985	4.382433
1599.97799993	0.027844
1601.96499991	0.889768
1603.96299982	1.383545
1605.97099996	3.839077
1607.96499991	0.090539
1609.96399975	1.115296
1611.96099997	2.782002
1613.96199989	3.218037
1615.96399975	5.425506
1617.96199989	0.181291
1620.21199989	1.029063
1621.96299982	3.547371
1623.96499991	3.609812
1625.96299982	1.032906
1627.9690001	5.736965
1629.96099997	1.794813
1631.96199989	4.498501
1634.21999979	4.373609
1635.96199989	1.004551
1637.96000004	4.630232
1639.96199989	5.671723
1642.21199989	3.964958
1644.21199989	6.513053
1646.21199989	5.617233
1648.21199989	6.405233
1650.21300006	0.024742
1652.21199989	7.76372
1654.21199989	5.647053
1656.21199989	2.741704
1658.20800018	1.088321
1660.21000004	1.791271
1662.046	6.606655
1664.21199989	3.00668
1666.21000004	5.398939
1668.22399998	0.935972
1670.21300006	4.064049
1672.21300006	6.63317
1674.21300006	4.459226
1676.20900011	2.876066
1678.21799994	5.896096
1680.21399999	5.95371
1682.20800018	5.95371
1684.20800018	5.95371
1686.04699993	5.95371
1688.20900011	4.91849
1690.20900011	6.123484
1692.21199989	6.123484
1694.20900011	6.123484
1696.21300006	3.579108
1698.21300006	6.693405
1700.21799994	3.696187
1702.20800018	4.873536
1704.21300006	0.766152
1706.20800018	4.367403
1708.20699978	6.622967
1710.03499985	4.993752
1712.20699978	7.523976
1714.20900011	0.020546
1716.21399999	1.51695
1718.20800018	2.318505
1720.20800018	5.203438
1722.20599985	0.074143
1724.20800018	4.557396
1726.20800018	3.763524
1728.20800018	4.091954
1730.20599985	2.381979
1732.20599985	4.981112
1734.22299981	5.64775
1736.20800018	5.329598
1738.20800018	5.520069
1740.56299996	4.043575
1742.20499992	5.173929
1744.20499992	5.173929
1746.20599985	5.173929
1748.21899986	5.173929
1750.20800018	1.166296
1752.21499991	0.142838
1754.20699978	4.778339
1756.20599985	2.716117
1758.20699978	3.950691
1760.20599985	3.955108
1762.22099996	3.858393
1764.20699978	4.644549
1766.20499992	5.499987
1768.20499992	7.724047
1770.20599985	6.377521
1772.22299981	6.377521
1774.21000004	7.151623
1776.21600008	1.394175
1778.20499992	1.007797
1780.20599985	4.211612
1782.20699978	1.183615
1784.20900011	0.044979
1786.21499991	2.583719
1788.21000004	0.120875
1790.20499992	5.085875
1792.20499992	1.169016
1794.20399976	0.120936
1796.20599985	0.025835
1798.20599985	5.059775
1800.20599985	4.326537
1802.20599985	1.175978
1804.20599985	5.229838
1806.20499992	1.140573
1808.20399976	3.099065
1810.20499992	3.457673
1812.22900009	4.167088
1814.20499992	1.020044
1816.20299983	5.090185
1818.20499992	0.620951
1820.20499992	0.475608
1822.20499992	0.055388
1824.20599985	2.717542
1826.20499992	0.085382
1828.20599985	0.041881
1830.20499992	0.015846
1832.20699978	0.386748
1834.20399976	0.327364
1836.20499992	1.74808
1838.20499992	1.266609
1840.20699978	1.072474
1842.20499992	0.015351
1844.20399976	3.970306
1846.20299983	2.758581
1848.2019999	0.015695
1850.20399976	3.519508
1852.2019999	0.01438
1854.20499992	1.112049
1856.20499992	0.014542
1858.20299983	0.01563
1860.20599985	2.314083
1862.20599985	0.851468
1864.20800018	0.992586
1866.20800018	0.051329
1868.20699978	0.012323
1870.20699978	4.873796
1872.3440001	0.584742
1874.20599985	3.190547
1876.20099998	4.648107
1878.2019999	2.930632
1880.19899988	4.221862
1882.20099998	4.221862
1884.20000005	4.221862
1886.20399976	4.221862
1888.19899988	4.221862
1890.20599985	4.752683
1892.45099998	5.468816
1894.45099998	0.028078
1896.47000003	0.085751
1898.45099998	1.150999
1900.45099998	0.016104
1902.45000005	1.167288
1904.45000005	1.193275
1906.45499992	3.369589
1908.4519999	0.933935
1910.46499991	1.907322
1912.45099998	0.054926
1914.45600009	0.871039
1916.64499998	0.663948
1918.45000005	0.024156
1920.45099998	0.782471
1922.44900012	0.024629
1924.45499992	0.372057
1926.4519999	1.071193
1928.44900012	0.085612
1930.45000005	0.528089
1932.4519999	2.505458
1934.45000005	5.126046
1936.45700002	4.714638
1938.4519999	0.014869
1940.45099998	0.047787
1942.44900012	0.072226
1944.45000005	0.010537
1946.45099998	0.10907
1948.45000005	0.095641
1950.44699979	4.855931
1952.44699979	4.318314
1954.4519999	4.579323
1956.44699979	0.054718
1958.44699979	0.018391
1960.45099998	1.361685
1962.44799995	2.280256
1964.45000005	0.042866
1966.44599986	4.786105
1968.4690001	4.500978
1970.45000005	2.42364
1972.44799995	0.58214
1974.44699979	5.868527
1976.44599986	5.063095
1978.44799995	6.126203
1980.46199989	6.126203
1982.44799995	6.126203
1984.44799995	5.586842
1986.45099998	0.016877
1988.44699979	4.081812
1990.47599983	0.092813
1992.44699979	6.963277
1994.44699979	0.015674
1996.45000005	4.702096
1998.45799994	4.167108
2000.454	2.437877
2002.44900012	5.115547
2004.44799995	4.541791
2006.44699979	0.052327
2008.46699977	1.178433
2010.45000005	0.028262
2012.44599986	0.101059
2014.44699979	0.024506
2016.44799995	6.632914
2018.44499993	1.163969
2020.44699979	0.576268
2022.44599986	2.631249
2024.44599986	3.49444
2026.44499993	0.547847
2028.44399977	4.426558
2030.44599986	6.260989
2032.45300007	5.972863
2034.45000005	5.2371
2036.45000005	6.344455
2038.44399977	0.080685
2040.44299984	0.556592
2042.44699979	6.422035
2044.44399977	5.248892
2046.44499993	6.376074
2048.44399977	4.882044
2050.44399977	2.544945
2052.44399977	1.131749
2054.45000005	5.890954
2056.44499993	5.890954
2058.44499993	5.890954
2060.44299984	2.583036
2062.44399977	3.760598
2064.4519999	3.33377
2066.44499993	5.765927
2068.45099998	1.996847
2070.4519999	5.44899
2072.44399977	4.174623
2074.44399977	6.642579
2076.44499993	6.642579
2078.44699979	3.078
2080.44199991	1.22814
2082.44299984	7.158367
2084.45300007	4.401303
2086.44099998	6.51599
2088.46099997	6.51599
2090.44199991	1.228526
2092.44900012	0.43313
2094.44299984	4.359868
2096.44299984	0.417103
2098.44199991	2.980613
2100.44299984	1.229603
2102.44599986	1.135441
2104.44499993	1.404613
2106.44199991	0.029798
2108.44699979	2.435762
2110.44299984	4.556992
2112.44199991	5.903125
2114.44399977	4.330312
2116.44799995	0.196345
2118.7809999	0.027394
2120.44299984	0.540348
2122.44399977	3.560693
2124.44799995	4.275059
2126.44099998	0.91516
2128.44799995	4.528724
2130.44199991	3.675423
2132.53499985	4.139486
2134.44099998	1.071347
2136.44499993	1.512832
2138.44299984	0.030497
2140.45600009	0.541372
2142.69700003	1.589836
2145.56900001	0.390612
2147.87199998	1.14489
2149.96499991	0.02346
2150.83299994	0.121425
2152.69000006	1.388988
2154.69099998	4.543997
2156.52199984	4.588314
2158.68899989	0.017418
2160.69400001	2.040613
2162.69099998	4.340368
2164.60500002	0.100354
2166.69700003	5.053593
2168.69000006	3.015066
2170.69000006	1.744858
2172.69499993	1.611617
2174.69499993	0.026117
2176.69099998	4.942556
2178.69499993	3.855787
2180.61299992	0.048452
2182.69000006	4.140247
2184.68799996	4.860676
2186.69700003	1.183564
2188.68899989	1.579109
2190.69000006	1.663502
2192.70900011	4.548319
2194.6869998	4.242048
2196.69000006	4.195261
2198.69799995	5.525232
2200.6869998	1.595335
2202.6869998	4.094828
2204.51699996	5.241217
2206.68899989	6.220996
2208.69199991	4.414288
2210.69199991	0.058854
2212.69099998	3.341524
2214.68899989	2.586157
2216.69000006	5.116678
2218.69999981	0.03019
2220.68799996	2.631225
2222.6869998	2.766597
2224.68799996	3.376473
2226.6869998	5.821153
2228.56200004	1.001887
2230.6869998	1.036727
2232.71499991	0.003682
2234.67400002	1.777747
2236.80200005	3.388249
2238.68599987	0.02831
2240.68599987	4.985051
2242.6869998	0.409492
2244.68899989	0.228646
2246.68799996	5.287279
2248.68599987	3.480362
2250.69099998	2.641438
2252.56500006	3.5405
2254.68799996	0.011762
2256.68499994	5.231841
2258.68899989	5.576121
2260.68499994	0.195117
2262.71300006	1.692497
2264.6869998	4.830028
2266.68499994	3.893807
2268.68499994	1.397624
2270.68499994	5.313239
2272.68899989	3.992827
2274.68499994	6.349371
2276.68599987	1.123528
2278.6869998	4.192989
2280.68799996	2.069374
2282.69199991	0.84061
2284.70099998	2.130492
2286.68599987	4.294551
2288.69999981	4.694426
2290.68499994	4.097058
2292.68399978	4.384405
2294.68499994	0.77164
2296.68599987	1.675767
2298.69499993	0.051558
2300.68799996	2.452727
2302.68799996	4.313144
2304.69300008	0.367202
2306.68599987	2.094563
2308.68599987	3.684044
2310.68399978	3.32388
2312.68399978	3.297598
2314.68599987	0.048778
2316.70499992	1.108281
2318.69300008	0.038465
2320.68499994	0.886366
2322.68299985	3.102143
2324.68399978	3.958056
2326.68899989	1.722302
2328.69300008	3.936977
2330.68499994	3.359203
2332.68299985	0.789345
2334.68499994	1.045734
2336.68499994	0.080683
2338.68599987	0.097949
2340.68399978	4.174599
2342.68199992	3.951404
2344.6960001	1.127725
2346.68199992	1.333857
2348.68399978	2.711719
2350.68399978	1.16331
2352.68399978	5.131304
2354.68299985	3.61693
2356.68199992	1.227314
2358.6960001	4.722968
2360.68299985	1.611036
2362.68299985	4.599096
2364.68299985	4.279145
2366.68299985	0.146116
2368.68599987	3.046484
2370.6789999	5.288159
2372.68399978	2.532157
2374.68599987	5.079524
2376.68199992	4.768266
2378.68899989	4.625972
2380.68299985	0.626114
2382.68299985	0.661459
2384.68000007	1.331662
2386.68299985	4.358857
2388.68399978	4.596755
2390.93300009	2.913856
2392.93400002	0.273024
2394.93499994	0.177685
2396.89700007	4.844965
2398.93300009	4.374289
2400.93300009	3.55499
2402.92799997	0.818946
2404.92999983	2.444717
2406.92799997	3.751574
2408.93099976	0.030558
2410.92999983	0.021277
2412.93300009	1.221444
2414.9289999	1.888467
2416.92799997	2.347246
2418.92999983	0.338172
2420.9289999	3.731958
2422.92999983	5.348951
2424.93099976	2.536395
2426.92799997	5.138674
2428.92799997	3.391644
2430.94799972	3.181187
2432.92799997	4.887536
2434.92699981	5.159577
2436.93199992	4.261875
2438.92799997	3.723445
2440.93799996	5.848085
2442.95799994	1.609565
2444.93600011	3.303209
2446.93199992	3.303209
2448.94599986	6.136902
2450.92799997	5.399568
2452.93199992	3.636419
2454.92699981	5.064658
2456.92799997	5.023224
2458.92999983	1.10846
2460.92699981	2.27178
2462.92599988	0.667747
2464.92799997	0.018363
2466.92699981	4.190786
2468.92799997	1.018005
2470.93300009	3.792008
2472.93199992	3.325587
2474.92599988	5.84041
2476.92799997	5.044084
2478.92799997	2.967713
2480.92599988	3.2863
2482.9289999	6.413226
2484.92599988	3.622157
2486.92599988	3.622157
2488.92799997	2.797839
2490.92599988	0.018647
2492.92599988	4.026728
2494.92699981	2.953311
2496.92599988	4.028863
2498.92599988	3.332036
2500.92699981	4.371385
2502.92599988	5.177149
2504.92699981	4.8916
2506.93099976	3.204787
2508.9289999	0.763398
2510.92699981	1.577984
2512.92399979	4.859537
2514.92599988	4.150656
2516.9289999	5.468592
2518.92599988	3.933687
2520.92699981	4.064561
2522.92399979	4.165696
2524.92399979	4.165696
2526.92699981	4.127862
2528.92999983	0.052559
2530.92999983	4.191494
2533.24800014	2.10196
2534.92499995	0.034994
2536.92599988	5.001831
2538.92599988	0.729571
2540.9289999	1.025119
2542.9289999	0.361604
2544.92699981	0.01515
2546.92399979	1.55388
2548.92399979	1.116753
2550.92499995	0.316359
2552.92599988	4.025716
2554.92399979	0.034765
2556.93199992	2.826701
2558.92399979	1.750906
2560.9289999	3.599518
2562.92499995	3.233395
2564.92399979	0.886149
2566.93099976	2.525831
2568.92399979	3.900193
2570.92299986	0.462021
2572.94499993	0.636831
2574.92299986	0.958524
2576.92399979	0.015451
2578.92499995	2.608585
2580.92499995	2.597595
2582.92499995	2.457642
2584.92199993	0.036915
2586.92199993	3.085406
2588.92399979	1.123887
2590.92599988	0.124956
2592.92299986	0.051398
2594.92199993	3.178318
2596.93499994	3.207176
2598.921	0.054987
2600.92599988	4.126673
2603.12899995	0.73203
2604.92499995	0.028639
2606.921	0.090864
2608.92299986	0.022724
2610.92199993	2.13798
2612.92000008	1.619161
2614.92499995	0.01775
2616.921	0.140098
2618.921	2.824272
2620.92199993	0.032022
2622.921	4.642944
2624.92000008	0.926109
2626.92699981	0.814492
2628.921	1.402123
2630.92000008	4.054129
2632.92000008	0.025152
2634.92199993	0.047618
2636.92699981	1.03712
2638.92699981	4.857997
2640.921	1.325577
2642.92299986	3.684911
2645.17099977	0.053869
2647.1730001	0.181882
2649.19700003	3.716441
2651.00399971	4.279145
2653.1730001	0.017303
2655.1730001	0.134014
2657.17499995	1.222131
2659.16899991	0.104588
2661.17499995	4.406564
2663.17099977	4.612211
2665.17099977	4.325132
2667.16899991	3.182199
2669.1730001	3.460744
2671.16899991	2.823276
2673.16899991	3.93229
2675.01799989	1.145703
2677.16999984	2.461648
2679.17099977	0.116101
2681.16899991	0.166614
2683.17099977	0.472849
2685.17400002	0.973721
2687.16799998	0.015656
2689.16999984	0.015222
2691.16899991	0.151371
2693.17099977	0.34647
2695.16899991	1.72486
2697.16899991	1.821939
2699.05699992	0.29362
2701.16899991	0.247017
2703.16799998	0.078261
2705.16799998	0.044608
2707.17400002	2.495432
2709.17400002	1.020197
2711.16599989	1.304445
2713.16699982	2.217439
2715.16699982	0.285422
2717.16799998	0.134196
2719.16799998	0.024767
2721.16799998	2.399747
2723.01300001	3.503809
2725.16699982	2.253652
2727.16599989	2.229902
2729.16699982	0.799515
2731.17600012	2.383146
2733.16999984	0.021059
2735.16699982	2.889805
2737.16499996	0.282742
2739.16499996	1.394845
2741.21199989	0.041754
2743.1730001	0.012819
2745.16699982	1.626063
2747.16699982	1.052949
2749.16599989	4.140052
2751.17099977	1.52063
2753.16699982	2.867468
2755.1639998	0.012146
2757.17099977	2.379449
2759.1639998	1.117534
2761.16599989	3.947805
2763.1639998	4.164532
2765.16799998	2.863524
2767.17099977	2.863524
2769.16499996	4.237629
2771.1639998	5.513287
2773.1789999	3.239147
2775.16499996	0.101898
2777.16899991	1.245138
2779.16599989	2.305403
2781.16499996	2.102212
2783.16699982	1.627319
2785.1639998	0.608028
2787.1639998	0.140226
2789.16799998	2.730343
2791.16999984	1.10097
2793.17199969	3.626395
2795.16299987	2.04515
2797.16299987	2.04515
2799.17799997	2.732166
2801.17799997	3.411049
2803.16299987	1.653561
2805.16299987	1.113814
2807.16499996	2.504113
2809.17799997	2.562102
2811.16499996	3.818614
2813.16299987	0.993668
2815.16100001	1.174142
2817.16699982	0.170356
2819.16299987	1.190718
2821.16299987	0.071736
2823.16199994	0.019878
2825.16100001	2.824832
2827.16299987	6.243288
2829.16100001	4.591275
2831.16100001	4.544106
2833.16299987	5.345776
2835.1639998	4.727163
2837.16199994	6.665271
2839.1639998	6.665271
2841.20699978	6.665271
2843.16000009	6.665271
2845.17099977	6.665271
2847.1869998	4.413429
2849.16199994	4.56743
2851.1730001	3.467045
2853.16100001	3.213231
2855.16100001	0.018044
2857.16199994	5.317013
2859.16699982	5.081803
2861.16899991	4.377646
2863.16199994	1.77298
2865.17199969	4.370646
2867.16100001	3.606653
2869.16299987	0.698652
2871.16000009	4.407058
2873.16100001	4.902959
2875.16599989	3.781019
2877.16000009	3.596459
2879.16000009	4.940051
2881.16100001	5.191204
2883.16199994	5.335849
2885.16299987	4.181396
2887.16100001	0.098961
2889.1639998	0.921666
2891.41499996	2.056625
2893.41099977	4.820752
2895.4119997	1.562091
2897.40899992	3.603193
2899.55099988	2.888516
2901.41300011	3.215934
2903.41099977	0.240234
2905.26199985	1.1184
2907.41099977	3.982735
2909.41600013	2.185172
2911.41300011	6.310608
2913.40999985	3.431371
2915.421	1.189992
2917.40899992	0.015415
2919.40799999	2.059
2921.41400003	2.319373
2923.40699983	2.420022
2925.40799999	2.420022
2927.40999985	3.578396
2929.24299979	1.167485
2931.40899992	4.008605
2933.40699983	7.064736
2935.40899992	3.083862
2937.40899992	5.114321
2939.40699983	0.034058
2941.41300011	0.030268
2943.4119997	4.439795
2945.44299984	3.878854
2947.40899992	4.736852
2949.40899992	1.012111
2951.41799998	4.412502
2953.81999969	0.490936
2955.40999985	2.101838
2957.40799999	2.120758
2959.40899992	0.016962
2961.42299986	0.74665
2963.40799999	4.620572
2965.40899992	2.901774
2967.40799999	5.916314
2969.40999985	3.529978
2971.40499997	3.653327
2973.40799999	4.067899
2975.4119997	0.021121
2977.24099994	4.597906
2979.4059999	4.501577
2981.40999985	3.192714
2983.41099977	2.936594
2985.41400003	4.582877
2987.4059999	2.602085
2989.40699983	4.995494
2991.4059999	2.918232
2993.40699983	0.819943
2995.40699983	3.82645
2997.40699983	3.044735
2999.4059999	3.625928
3001.40499997	6.087007
3003.40499997	4.12942
3005.41300011	2.308528
3007.4059999	3.002935
3009.42199993	5.083059
3011.56999993	4.67268
3013.40999985	4.899359
3015.40799999	4.901017
3017.40399981	3.106811
3019.40399981	0.579342
3021.40499997	5.503661
3023.40699983	2.226345
3025.41400003	2.14494
3027.4059999	0.240767
3029.40699983	2.211476
3031.4059999	1.757961
3033.40899992	3.285487
3035.41999984	3.706949
3037.40499997	1.968261
3039.4059999	0.346271
3041.40799999	0.575696
3043.40499997	0.014584
3045.4059999	0.018516
3047.40499997	0.013359
3049.4059999	1.06239
3051.40499997	1.574298
3053.40799999	3.507802
3055.40399981	1.194639
3057.4059999	5.176345
3059.41600013	1.209543
3061.40699983	3.184985
3063.4059999	3.001967
3065.42699981	0.527112
3067.4059999	2.070243
3069.40499997	1.094437
3071.40799999	0.062605
3073.40799999	0.838183
3075.40499997	3.607309
3077.40799999	1.579435
3079.40399981	1.431982
3081.4289999	2.692194
3083.40199995	1.099498
3085.40199995	0.015352
3087.40299988	0.188833
3089.40899992	0.926381
3091.40799999	0.117073
3093.40299988	1.064284
3095.40299988	0.037199
3097.40199995	0.018653
3099.40499997	1.76293
3101.40199995	1.367463
3103.40199995	0.024303
3105.40100002	3.606766
3107.40199995	1.072419
3109.42599988	0.05249
3111.40199995	0.024514
3113.40100002	0.024755
3115.40199995	0.792078
3117.40299988	3.373403
3119.40100002	0.045424
3121.40499997	2.034213
3123.40100002	2.129794
3125.43300009	1.775133
3127.40399981	0.070856
3129.40199995	0.090896
3131.40299988	1.106495
3133.40199995	4.888774
3135.4119997	4.960878
3137.39899993	4.251662
3139.39899993	5.165122
3141.4000001	1.129841
3143.64899993	2.223824
3145.65300012	1.083772
3147.65099978	2.043465
3149.65099978	0.03058
3151.65099978	0.104454
3153.65300012	4.47856
3155.65099978	2.343345
3157.65499997	3.779971
3159.65600014	3.804129
3161.65099978	5.178617
3163.65099978	1.26592
3165.65099978	3.042584
3167.65300012	0.004179
3170.1559999	0.015778
3171.65099978	0.340562
3173.64899993	3.205743
3175.66100001	1.573504
3177.64899993	0.031839
3179.64999986	0.979334
3181.648	3.393176
3183.65300012	3.393176
3185.64899993	3.393176
3187.64999986	3.393176
3189.64699984	3.393176
3191.64999986	3.393176
3193.65099978	3.393176
3195.65499997	0.512116
3197.65099978	1.916412
3199.64699984	1.751866
3201.65300012	1.451231
3203.64899993	3.623154
3205.64699984	3.365265
3207.648	6.963294
3209.648	5.659934
3211.64699984	7.156575
3213.65499997	5.037026
3215.648	3.28399
3217.64999986	4.000118
3219.648	2.286044
3221.64699984	0.003973
3223.648	0.211191
3225.648	2.994786
3227.64699984	3.206391
3229.64699984	3.847577
3231.64999986	0.679242
3233.648	2.106488
3235.648	0.050089
3237.64599991	2.926269
3239.64599991	3.819374
3241.648	2.317584
3243.64599991	0.01833
3245.66100001	3.298966
3247.64599991	3.487789
3249.64499998	4.685578
3251.64499998	1.169943
3253.64899993	5.884285
3255.65499997	3.961239
3258.09399986	3.704517
3259.88100004	0.086109
3261.9920001	1.248647
3263.79699993	5.739712
3265.66599989	4.890762
3267.64599991	3.844442
3269.64899993	1.625403
3271.65400004	0.030939
3273.64599991	0.766032
3275.64399981	4.147665
3277.64899993	3.486979
3279.64399981	4.551931
3281.64399981	2.238377
3283.64299989	4.901116
3285.64499998	2.132047
3287.65300012	3.351886
3289.64699984	1.763165
3291.65400004	1.46619
3293.64499998	4.184526
3295.64499998	4.48143
3297.64299989	1.054787
3299.64299989	4.980943
3301.64299989	3.124498
3303.66899991	3.443979
3305.64299989	4.575094
3307.64199996	5.049971
3309.64399981	6.578417
3311.64399981	3.551611
3313.648	5.966457
3315.64999986	4.103633
3317.65999985	4.630951
3319.64100003	5.666591
3321.64299989	4.023483
3323.64199996	3.517607
3325.64299989	3.667609
3327.71300006	5.650666
3329.64199996	2.18495
3331.64199996	5.404245
3333.64199996	5.404245
3335.64100003	5.404245
3337.64100003	6.172058
3339.64299989	5.12319
3341.66199994	4.534762
3343.65499997	4.534762
3345.65499997	5.884512
3347.64100003	6.201378
3349.64299989	6.201378
3351.64100003	6.201378
3353.64100003	5.102707
3355.63899994	6.291926
3357.64100003	5.310245
3359.65600014	4.920149
3361.64299989	5.037573
3363.6400001	5.037573
3365.64599991	5.037573
3367.6400001	6.403201
3369.6400001	6.41737
3371.64999986	6.356469
3373.63899994	5.187936
3375.6400001	5.187936
3377.64399981	5.453798
3379.67700005	4.742951
3381.63800001	4.986559
3383.6400001	4.986559
3385.64199996	4.986559
3387.6400001	4.233918
3389.63899994	4.233918
3391.88800001	4.233918
3393.89099979	4.233918
3395.88999987	1.134532
3397.89099979	4.97969
3399.71499991	3.564948
3401.89099979	4.466042
3403.88899994	3.582051
3405.88899994	2.97724
3407.88899994	4.006105
3409.898	1.019131
3411.89700007	3.616086
3413.88699985	2.063575
3415.88999987	2.063575
3417.89099979	1.228572
3419.89199972	4.44584
3421.88999987	4.829564
3423.71499991	1.158451
3425.88999987	5.003399
3427.89899993	3.038462
3429.88899994	4.970507
3431.88800001	4.422775
3433.89999986	0.03716
3435.88999987	0.110005
3437.91200018	0.004055
3439.88899994	0.049391
3441.71499991	0.098691
3443.88999987	0.062904
3445.90499997	0.133878
3447.73600006	1.113624
3449.88899994	2.235948
3451.88599992	1.954605
3453.88800001	1.372343
3455.88699985	0.154428
3457.89999986	3.276416
3459.88999987	4.341346
3461.88699985	0.380669
3463.88699985	0.337297
3465.88499999	2.515234
3467.88499999	2.515234
3469.88599992	0.055918
3471.7579999	1.078969
3473.88899994	0.782254
3475.88699985	0.019201
3477.88599992	1.719289
3479.88599992	2.799709
3481.88699985	2.657433
3484.01899981	3.103201
3485.88599992	0.676087
3487.88599992	1.308141
3489.88999987	2.68765
3491.88699985	2.277096
3493.88800001	3.562177
3495.88800001	1.272035
3497.88599992	3.421357
3499.88499999	3.405685
3501.88999987	1.111897
3503.88599992	0.359477
3505.88499999	7.93177
3507.88499999	7.51766
3509.88499999	6.958732
3511.898	0.375854
3513.88699985	0.518024
3515.88499999	0.024789
3517.88399982	0.861418
3519.79099989	0.017501
3521.88399982	3.153441
3523.88899994	5.814975
3525.88599992	0.397396
3527.88800001	1.087025
3529.88599992	1.066608
3531.88699985	1.761167
3533.88499999	1.207535
3535.8829999	0.024493
3537.88800001	1.947801
3539.88599992	4.278403
3541.8829999	4.326946
3543.88499999	1.039455
3545.88399982	0.057972
3547.88399982	0.224689
3549.88399982	0.028221
3551.8829999	0.063326
3553.88800001	1.057497
3555.90400004	0.085474
3557.88499999	1.448213
3559.88699985	0.808567
3561.88499999	0.310722
3563.88399982	1.787627
3565.90699983	3.275423
3567.88399982	4.951538
3569.88499999	4.967263
3571.8829999	0.161543
3573.88599992	2.726758
3575.8829999	0.015146
3577.88399982	2.563729
3579.88399982	0.016679
3581.88499999	0.638404
3583.88399982	3.080822
3585.88599992	4.59781
3587.88699985	0.034844
3589.88599992	0.087505
3591.88199997	3.316696
3593.88100004	3.638365
3595.88800001	4.578233
3597.88499999	3.068536
3599.88199997	4.129467
3601.88199997	1.037898
3604.17999983	0.070514
3605.88599992	0.012207
3607.88199997	0.190484
3609.88199997	0.457523
3611.88100004	0.024218
3613.88100004	2.277342
3615.88199997	3.651503
3617.88000011	3.077465
3619.88100004	3.682861
3621.87899995	3.713215
3623.8829999	3.381732
3625.88000011	0.949893
3627.88199997	1.582591
3629.88199997	0.015609
3631.88000011	3.882268
3633.8829999	3.519118
3635.88100004	4.434387
3637.88100004	2.892153
3639.88100004	1.168859
3641.88399982	0.049498
3644.12899995	0.28238
3646.1309998	0.016199
3648.12999988	2.815518
3650.1309998	1.19673
3652.1309998	0.054188
3654.14199996	4.219204
3656.1309998	5.913374
3658.13199973	2.827707
3660.12999988	2.959024
3662.12899995	0.486263
3664.12899995	2.799978
3666.13399982	2.413147
3668.12999988	4.906403
3670.1309998	3.021667
3672.14199996	3.50294
3674.12899995	3.350843
3676.12800002	3.813522
3677.95300007	4.778226
3680.1309998	1.87693
3682.12699986	4.034924
3684.12899995	1.02033
3686.12999988	3.052628
3688.12899995	4.224324
3690.13499999	0.150767
3692.13600016	0.374838
3694.13199973	0.897706
3696.12899995	1.923115
3698.13199973	0.029095
3700.12800002	0.252515
3701.98399997	0.885988
3704.12999988	0.065021
3706.12999988	0.474437
3707.98199987	0.023794
3710.12699986	3.980224
3712.125	3.352604
3714.12899995	4.680876
3716.13399982	0.051767
3718.12800002	0.491331
3720.1309998	0.015509
3722.14999986	1.136658
3724.12999988	2.937742
3726.03799987	0.036996
3728.12800002	4.426133
3730.12599993	0.092467
3732.12899995	1.673807
3734.15099978	1.119029
3736.1309998	0.026075
3738.15199995	0.048855
3740.12999988	0.056676
3742.12899995	0.04812
3744.12699986	2.509762
3746.12599993	1.144178
3748.12399983	0.004309
3750.125	0.96634
3752.125	0.548958
3754.125	3.27271
3756.125	4.777616
3758.1309998	3.796418
3760.125	0.981559
3762.13399982	3.446893
3764.12599993	2.008294
3766.12399983	3.976016
3768.12299991	2.092342
3770.13800001	0.034638
3772.13199973	4.43852
3774.06299996	0.026216
3776.125	0.288291
3778.12699986	0.641732
3780.12399983	0.082468
3782.125	0.06628
3784.125	0.088996
3786.125	0.41702
3788.1329999	3.229662
3790.12599993	3.601634
3792.13199973	5.40154
3794.12399983	1.805994
3796.12399983	3.668035
3798.13399982	5.296653
3800.12399983	0.034225
3802.125	4.337883
3804.12999988	4.014211
3806.125	4.932557
3808.13499999	3.933299
3810.125	4.469135
3812.12199998	5.335213
3814.12399983	0.247895
3816.12800002	4.920546
3818.12299991	0.016267
3820.125	0.075419
3822.12599993	1.104776
3824.12800002	0.458088
3826.125	1.689771
3828.12299991	0.032656
3830.12399983	0.043279
3832.12199998	4.387691
3834.12699986	0.028314
3836.12199998	4.10149
3838.12199998	1.18145
3840.12299991	3.057981
3842.12599993	0.017747
3844.12100005	3.012223
3846.12800002	4.406317
3848.12399983	0.743276
3850.125	0.096212
3852.12299991	1.046405
3854.1309998	0.03043
3856.12899995	4.254113
3858.12199998	3.246203
3860.12100005	3.392141
3862.12100005	2.358149
3864.12299991	0.030699
3866.12199998	1.194245
3868.12100005	3.286402
3870.12199998	1.108914
3872.12199998	0.028354
3874.12999988	4.75955
3876.12000012	0.071487
3878.125	0.072796
3880.12999988	5.520054
3882.14400005	2.406621
3884.11899996	0.054891
3886.12000012	1.196936
3888.12000012	3.566661
3890.12000012	1.058837
3892.12000012	1.358812
3894.37700009	1.667945
3896.36999989	4.579705
3898.36899996	1.072956
3900.36899996	1.190052
3902.36899996	1.818688
3904.36899996	0.003614
3906.37299991	1.091555
3908.37099981	4.255798
3910.37199974	5.368553
3912.37199974	0.930904
3914.36999989	3.80218
3916.37199974	3.569541
3918.36899996	0.032124
3920.36800003	2.61879
3922.36899996	3.107669
3924.39099979	4.763996
3926.45000005	4.533761
3928.36999989	3.375173
3930.37099981	4.494413
3932.37700009	1.272092
3934.36899996	1.932931
3936.36899996	3.099473
3938.36899996	3.022917
3940.36699986	3.447199
3942.37700009	2.857731
3944.36800003	3.47212
3946.36800003	3.216218
3948.36599994	0.761343
3950.36599994	0.309071
3952.37099981	2.746533
3954.36699986	0.803997
3956.37099981	4.091267
3958.36899996	4.629207
3960.37800002	4.348477
3962.36699986	1.739651
3964.36599994	5.056775
3966.36699986	3.107693
3968.36599994	3.031494
3970.36599994	1.784259
3972.36800003	1.106279
3974.36599994	2.967166
3976.37199974	1.258467
3978.36500001	4.073581
3980.36800003	1.387645
3982.36899996	2.441083
3984.36699986	0.036854
3986.36800003	0.095906
3988.37099981	0.080544
3990.41999984	1.048981
3992.36599994	0.076135
3994.36999989	0.273271
3996.42799973	4.037139
3998.36699986	1.890561
4000.36599994	4.570607
4002.36399984	3.944526
4004.36299992	4.070982
4006.36299992	3.229732
4008.36500001	3.068187
4010.37899995	4.505
4012.36299992	4.449286
4014.36299992	0.62672
4016.36599994	1.318065
4018.36500001	4.903419
4020.36699986	0.120823
4022.36699986	2.672742
4024.36599994	0.276784
4026.36399984	0.700729
4028.37099981	0.048751
4030.36299992	0.431445
4032.36599994	4.834029
4034.36599994	2.908826
4036.36399984	0.015322
4038.36599994	1.099288
4040.36599994	0.069116
4042.36999989	4.531441
4044.37700009	0.285294
4046.36500001	1.116295
4048.36599994	1.120823
4050.36399984	3.779706
4052.36299992	0.015641
4054.37499976	4.006466
4056.36299992	4.709764
4058.36399984	0.023764
4060.36999989	0.404372
4062.37700009	0.048185
4064.36299992	0.035299
4066.36299992	1.609022
4068.36299992	2.422072
4070.37600017	2.963443
4072.36299992	1.095003
4074.36500001	1.996411
4076.36299992	2.403754
4078.36500001	4.709938
4080.36199999	0.01466
4082.36299992	2.606698
4084.36500001	2.734875
4086.36299992	1.177749
4088.36599994	1.0432
4090.38499999	0.878154
4092.68299985	0.013922
4094.52900004	0.105267
4096.35099983	0.816101
4098.36199999	0.030477
4100.4059999	2.723714
4102.36500001	1.931823
4104.36100006	0.045378
4106.36100006	0.035502
4108.36100006	3.458127
4110.36199999	0.03136
4112.36199999	0.332186
4114.36299992	0.044157
4116.36500001	0.314782
4118.36399984	2.251588
4120.36100006	1.801749
4122.36500001	5.016408
4124.36599994	1.915374
4126.36000013	3.31796
4128.36000013	2.866786
4130.35899997	2.459466
4132.36000013	2.423922
4134.36000013	3.186134
4136.36100006	3.026686
4138.36000013	0.055295
4140.38699985	3.463227
4142.36000013	3.320296
4144.6099999	4.930667
4146.6099999	3.251825
4148.43499994	5.375044
4150.61299992	1.17931
4152.60899997	2.448961
4154.60800004	2.966041
4156.61499977	3.714245
4158.6099999	3.078751
4160.61099982	2.879705
4162.61399984	3.339271
4164.60800004	3.909025
4166.60699987	4.627359
4168.60699987	4.484692
4170.61899996	4.298153
4172.45300007	3.789831
4174.61299992	4.977821
4176.60699987	1.288079
4178.60699987	5.316847
4180.60800004	1.611788
4182.60699987	1.08514
4184.60699987	4.528873
4186.6099999	3.429227
4188.60599995	4.150675
4190.6400001	2.507807
4192.60599995	3.85375
4194.60899997	2.12099
4196.51499987	0.018606
4198.60599995	4.711861
4200.60899997	0.022277
4202.60500002	3.172022
4204.60599995	3.172022
4206.60599995	5.381599
4208.60699987	5.308445
4210.60599995	3.435744
4212.60899997	5.950449
4214.60699987	3.611294
4216.60699987	6.116792
4218.60599995	5.755204
4220.60500002	5.755204
4222.60599995	0.034789
4224.6099999	3.25193
4226.60699987	2.564533
4228.60500002	6.58483
4230.60599995	2.81448
4232.60399985	4.174938
4234.60500002	0.632974
4236.60699987	5.110498
4238.60500002	5.635891
4240.60800004	1.172153
4242.60599995	0.136757
4244.60699987	2.361222
4246.60500002	4.044647
4248.60699987	6.939104
4250.60399985	6.939104
4252.60399985	5.276912
4254.60800004	4.28149
4256.61099982	6.620625
4258.60800004	6.599419
4260.60599995	4.660917
4262.60599995	8.288207
4264.60500002	7.012331
4266.60500002	7.461278
4268.60399985	4.757489
4270.60899997	1.224524
4272.62400007	3.245886
4274.60299993	3.595601
4276.60299993	5.129952
4278.60500002	1.396804
4280.60500002	0.273817
4282.60299993	0.02051
4284.60299993	3.323083
4286.602	6.521344
4288.6099999	5.986876
4290.61299992	5.052769
4292.64899993	2.373465
4294.60299993	5.891359
4296.60399985	5.891359
4298.60299993	6.011763
4300.61099982	5.303595
4302.60699987	4.768881
4304.60299993	0.145352
4306.60500002	4.535641
4308.60299993	5.37628
4310.60599995	4.569373
4312.60500002	3.225193
4314.60299993	5.231277
4316.61099982	5.728805
4318.61299992	6.905607
4320.60100007	8.190567
4322.62100005	1.306837
4324.60299993	4.906364
4326.60399985	5.190809
4328.60599995	5.792345
4330.61199975	2.886082
4332.60399985	0.532012
4334.602	6.29606
4336.602	0.864009
4338.602	7.291924
4340.602	6.236708
4342.602	3.349392
4344.60599995	0.494234
4346.60299993	4.04709
4348.60100007	7.552575
4350.602	3.856531
4352.602	0.170146
4354.60100007	2.276847
4356.60699987	2.077166
4358.60100007	4.84592
4360.60299993	1.15239
4362.61399984	7.81275
4364.60100007	4.820102
4366.60299993	5.785208
4368.60000014	4.504448
4370.60100007	7.684609
4372.60299993	7.172275
4374.60100007	1.109515
4376.60000014	0.023298
4378.62699986	6.367038
4380.60000014	3.858818
4382.60100007	0.452591
4384.60000014	1.857876
4386.602	4.649582
4388.85099983	0.08534
4390.60100007	3.286505
4392.60500002	2.857845
4394.60000014	1.548387
4396.84899998	4.532382
4398.85299993	3.607347
4400.85299993	0.28103
4402.85399985	2.200963
4404.84899998	0.09851
4406.8499999	0.013335
4408.84800005	2.697513
4410.84899998	5.017604
4412.8499999	1.179295
4414.85399985	4.899034
4416.85299993	2.366281
4418.84800005	6.483266
4420.85399985	6.688513
4422.84800005	4.938127
4424.8499999	4.345248
4426.85499978	1.017324
4428.85099983	4.456222
4430.74600005	0.094578
4432.85800004	3.48477
4434.84899998	3.340642
4436.84800005	3.191246
4438.84899998	1.677992
4440.84699988	1.21091
4442.85600019	0.008187
4444.84699988	4.639418
4446.84800005	2.611959
4448.84899998	3.80303
4450.84699988	0.977827
4452.8499999	0.242607
4454.84500003	5.70936
4456.85499978	2.213192
4458.84800005	5.399292
4460.84800005	1.18374
4462.84899998	5.912645
4464.84699988	0.652773
4466.84699988	0.062925
4468.84899998	0.052931
4470.85499978	3.58672
4472.84800005	0.057236
4474.84800005	5.567838
4476.84599996	1.266564
4478.84500003	3.19568
4480.84500003	3.19568
4482.84500003	0.017227
4484.84500003	0.071664
4486.84599996	2.926276
4488.84500003	0.018901
4490.84599996	1.148925
4492.84500003	2.553396
4494.84800005	6.797525
4496.84500003	3.075493
4498.8499999	0.081168
4500.84699988	1.742064
4502.84399986	5.106139
4504.84399986	2.999585
4506.84699988	3.262789
4525.26299977	2.869874
4525.55699992	0.563024
4525.79099989	0.275245
4526.00099993	7.492973
4526.29699993	0.062295
4526.57899976	3.907531
4527.50199986	0.689574
4528.47200012	2.82004
4529.35299993	0.015299
4530.14100003	0.036387
4531.87499976	0.116126
4533.84800005	4.029134
4535.84599996	1.647815
4537.84399986	0.186128
4539.84299994	1.477378
4541.84399986	3.653939
4543.85299993	5.346332
4545.84299994	0.053527
4547.84299994	0.192213
4549.84399986	0.015598
4551.84899998	0.75161
4553.85299993	1.526704
4555.84200001	0.024167
4557.84299994	0.053607
4559.84200001	1.079406
4561.84200001	4.994651
4563.84299994	0.079837
4566.09299994	2.584496
4568.09399986	2.416401
4569.84299994	0.050901
4571.84399986	5.15954
4573.84399986	0.017737
4576.09399986	0.184352
4578.09299994	1.518991
4580.09299994	1.115763
4582.09099984	0.921376
4584.09299994	4.637486
4586.09199977	1.83929
4588.10100007	0.653316
4590.0999999	3.736604
4592.09099984	7.704649
4594.09499979	7.663655
4596.09099984	3.760957
4597.92799997	3.216619
4600.14999986	2.080111
4602.10400009	2.808354
4604.11499977	3.944585
4606.09800005	1.876303
4608.08999991	3.023235
4610.09199977	0.639858
4612.0999999	0.017235
4614.08999991	0.511867
4616.08999991	6.299227
4618.09399986	6.74224
4620.08999991	0.092612
4621.92599988	3.609071
4624.08899999	3.007824
4626.08999991	0.667944
4628.08800006	3.375739
4630.09099984	5.332924
4632.08899999	7.951876
4634.08899999	2.015745
4636.08800006	3.828041
4638.08800006	7.903072
4640.08699989	7.903072
4642.08800006	7.903072
4644.08699989	0.0677
4645.91599989	7.263401
4648.1099999	3.423204
4650.08999991	0.072299
4652.08899999	7.603936
4654.08899999	5.286433
4656.09399986	0.018787
4658.08899999	3.311759
4660.08899999	0.073237
4662.08999991	0.018808
4664.08699989	3.541387
4666.08699989	2.447945
4668.08800006	1.255953
4669.95000005	3.375453
4672.09199977	0.430808
4674.08699989	0.053533
4676.102	7.442528
4678.08699989	7.442528
4680.08899999	7.670571
4682.09599996	7.670571
4684.10299993	7.670571
4686.08599997	7.670571
4688.08399987	7.670571
4690.08599997	7.670571
4692.08699989	7.670571
4694.08800006	6.754273
4696.08899999	5.349046
4698.08800006	6.785854
4700.08599997	6.785854
4702.08699989	6.785854
4704.08699989	6.567618
4706.08699989	6.567618
4708.08599997	4.982029
4710.08599997	7.156426
4712.09599996	6.133871
4714.08599997	6.133871
4716.08899999	6.133871
4718.08500004	6.133871
4720.08500004	6.133871
4722.08899999	6.919922
4724.08500004	5.415768
4726.08500004	6.985741
4728.08500004	3.812355
4730.08599997	4.627834
4732.08399987	7.006451
4734.08599997	1.257536
4736.08399987	3.666539
4738.08800006	3.666539
4740.08399987	7.775081
4742.08599997	7.775081
4744.08500004	7.775081
4746.08599997	7.595401
4748.08399987	6.004905
4750.09199977	7.813943
4752.08500004	5.000678
4754.08599997	5.883108
4756.08399987	2.31699
4758.08299994	5.185581
4760.08500004	5.185581
4762.08599997	7.365622
4764.08800006	3.928803
4766.08399987	4.808634
4768.08299994	4.327934
4770.08699989	3.96402
4772.08500004	5.355044
4774.08399987	2.663804
4776.08299994	0.058417
4778.08800006	0.596919
4780.08800006	2.746317
4782.08699989	0.094842
4784.08399987	4.021901
4786.10699987	7.620486
4788.09099984	6.33003
4790.08299994	4.515146
4792.08200002	1.515233
4794.08500004	2.066025
4796.08699989	3.163313
4798.12899995	3.892716
4800.08100009	3.010797
4802.08299994	4.574855
4804.08599997	0.050262
4806.08999991	2.042517
4808.08800006	0.015785
4810.08200002	7.525697
4812.08399987	1.182137
4814.08500004	5.921875
4816.08299994	1.037576
4818.08299994	2.370474
4820.08299994	2.80782
4822.08399987	6.422701
4824.08200002	0.075259
4826.08100009	3.308711
4828.07899976	8.207807
4830.33399987	1.698964
4832.33099985	1.844045
4834.33399987	1.118523
4836.33899999	1.845606
4838.34299994	0.091266
4840.34299994	0.481438
4842.32999992	3.666371
4844.33599997	5.270328
4846.33099985	5.257512
4848.32999992	8.870747
4850.33099985	2.09815
4852.33099985	0.098384
4854.48800015	5.369298
4856.32999992	7.332244
4858.33099985	0.274128
4860.32999992	0.027023
4862.33099985	1.183525
4864.34899998	1.246277
4866.33099985	0.018899
4868.33099985	0.052919
4870.33099985	0.017463
4872.33199978	7.01812
4874.32800007	2.340728
4876.32999992	1.870475
4878.329	6.873519
4880.33299994	0.360565
4882.33099985	1.192286
4884.33099985	0.142613
4886.33199978	1.226811
4888.329	0.083583
4890.33099985	1.002375
4892.329	2.52098
4894.32999992	4.591616
4896.33099985	1.160669
4898.3269999	2.827622
4900.33099985	6.616503
4902.34500003	0.628963
4904.33199978	0.028146
4906.33099985	5.429078
4908.33099985	3.118371
4910.32999992	0.054958
4912.33199978	0.098536
4914.3269999	3.084807
4916.329	0.004264
4918.35299993	1.387316
4920.3269999	0.177871
4922.33299994	4.184376
4924.32800007	0.335278
4926.3269999	0.003944
4928.3269999	0.279509
4930.3269999	1.161117
4932.33399987	3.09836
4934.329	0.053476
4936.32800007	0.314894
4938.33299994	0.292871
4940.34799981	7.785558
4942.32599998	5.787082
4944.32599998	6.046291
4946.32599998	7.581616
4948.32500005	7.105295
4950.32800007	3.370332
4952.32599998	7.308361
4954.3269999	1.6899
4956.3269999	7.477207
4958.32500005	2.622191
4960.32999992	4.399112
4962.32500005	5.839318
4964.32599998	5.328106
4966.35499978	3.499735
4968.32500005	6.213883
4970.33399987	2.392333
4972.32599998	1.591311
4974.32500005	6.549072
4976.33399987	5.505428
4978.32399988	0.03553
4980.32500005	5.589041
4982.32999992	2.430223
4984.32999992	7.926466
4986.35099983	6.291411
4988.32599998	6.791905
4990.32399988	7.459047
4992.33699989	1.2446
4994.3269999	0.338184
4996.3269999	3.415094
4998.32800007	6.0551
5000.32299995	3.702155
5002.32800007	3.086615
5004.3269999	5.720631
5006.32500005	7.061185
5008.32399988	5.414612
5010.32299995	5.544929
5012.32299995	6.507587
5014.32399988	4.522089
5016.32299995	6.825208
5018.3349998	4.152695
5020.3349998	0.568846
5022.32299995	4.964829
5024.32500005	1.975087
5026.32399988	4.005613
5028.32500005	0.042073
5030.32299995	3.93733
5032.32299995	5.746031
5034.32299995	5.743728
5036.32299995	0.416293
5038.32200003	2.15768
5040.32299995	1.114942
5042.3269999	0.816642
5044.33599997	4.093561
5046.32200003	0.074644
5048.32399988	3.492457
5050.32399988	7.267655
5052.3210001	0.273906
5054.33199978	3.564446
5056.32999992	8.287836
5058.34899998	7.596591
5060.34799981	7.018316
5062.33699989	8.868183
5064.32000017	6.777704
5066.32399988	1.248782
5068.3210001	1.312997
5070.33199978	6.393466
5072.32299995	5.492295
5074.3210001	5.752033
5076.57099986	6.081223
5078.57599998	1.161343
5080.57399988	2.834432
5082.57499981	0.263778
5084.56999993	0.465183
5086.56999993	6.709704
5088.56999993	6.658179
5090.57299995	5.901098
5092.40199995	5.427175
5094.57399988	5.427175
5096.57199979	5.427175
5098.56999993	5.427175
5100.56999993	5.863786
5102.5769999	1.115657
5104.56999993	5.361809
5106.57099986	2.788832
5108.56900001	4.481347
5110.57099986	4.408405
5112.56800008	5.700691
5114.57399988	7.16022
5116.39899993	5.570062
5118.56900001	5.099908
5120.57199979	4.748108
5122.56800008	2.869135
5124.57099986	8.361301
5126.57099986	4.355426
5128.59499979	4.825278
5130.56800008	5.319879
5132.56900001	5.498516
5134.56999993	0.886089
5136.57899976	3.81709
5138.56900001	6.066866
5140.39199996	1.587945
5142.56800008	0.464541
5144.57199979	0.921009
5146.56900001	1.188869
5148.56800008	2.270435
5150.56800008	3.225995
5152.57099986	4.011781
5154.58699989	0.425876
5156.56900001	3.282651
5158.56900001	4.256215
5160.56900001	6.830188
5162.57099986	8.478886
5164.56699991	1.780383
5166.58100009	5.010599
5168.58100009	0.017541
5170.5769999	5.69655
5172.57299995	7.245946
5174.57399988	5.797999
5176.88999987	5.8121
5178.56800008	3.719178
5180.56699991	0.024703
5182.56699991	3.595146
5184.56500006	6.766264
5186.56800008	6.384555
5188.56699991	1.144111
5190.56599998	6.688021
5192.56500006	6.246625
5194.58200002	6.737259
5196.5769999	6.737259
5198.56599998	4.346275
5200.56800008	3.651452
5202.56500006	0.082229
5204.56900001	0.025502
5206.56900001	0.090117
5208.56699991	1.192411
5210.56699991	5.640234
5212.56500006	5.737329
5214.56399989	4.130806
5216.56500006	5.662906
5218.57099986	1.170592
5220.56500006	0.197563
5222.56699991	6.083952
5224.56500006	1.960359
5226.56699991	4.738563
5228.56900001	2.305228
5230.56599998	5.452746
5232.56599998	6.372713
5234.57299995	1.607177
5236.56500006	1.267406
5238.56500006	6.125273
5240.5769999	6.837304
5242.56500006	8.11004
5244.56399989	1.659477
5246.56399989	8.127398
5248.57299995	0.017107
5250.56699991	3.993197
5252.56500006	5.121663
5254.56299996	0.049649
5256.56399989	4.061282
5258.57599998	4.061282
5260.56299996	4.061282
5262.56299996	4.517229
5264.56299996	8.285824
5266.56500006	5.030146
5268.59299994	5.885166
5270.56299996	7.694727
5272.56399989	7.694727
5274.56299996	7.694727
5276.56599998	7.694727
5278.56299996	4.819887
5280.56299996	4.819887
5282.56599998	2.105854
5284.56500006	6.461381
5286.56500006	2.062033
5288.56200004	5.132832
5290.56500006	7.033694
5292.56399989	1.481195
5294.56699991	5.001679
5296.56399989	7.003384
5298.56500006	7.935585
5300.56299996	6.843592
5302.56500006	5.656376
5304.56299996	1.180256
5306.56100011	2.608679
5308.56000018	3.859087
5310.56000018	1.84804
5312.56200004	0.004337
5314.56100011	4.013089
5316.56200004	2.899278
5318.56800008	6.847867
5320.56100011	2.175116
5322.56900001	8.315347
5324.55899978	8.727751
5326.56000018	8.727751
5328.80999994	1.820982
5330.80999994	7.276489
5332.80999994	7.276489
5334.80999994	4.632302
5336.80999994	4.569442
5338.8210001	7.883033
5340.81099987	4.183332
5342.80999994	1.117683
5344.80999994	7.941836
5346.6329999	1.224198
5348.82299995	0.018869
5350.81399989	5.299336
5352.81999969	6.208553
5354.80900002	4.721139
5356.82599998	6.009168
5358.80900002	4.362416
5360.81599998	5.819775
5362.80900002	8.392393
5364.80800009	7.963271
5366.80999994	3.607058
5368.80800009	6.058283
5370.63499999	1.239116
5372.80900002	5.49274
5374.80900002	3.772683
5376.80800009	1.355574
5378.80800009	5.062108
5380.81399989	7.311753
5382.80800009	6.909304
5384.80900002	2.003759
5386.80999994	6.884375
5388.80900002	4.142414
5390.80800009	7.504939
5392.80800009	4.801203
5394.63899994	8.261258
5396.81299996	8.261258
5398.80999994	8.261258
5400.80900002	8.261258
5402.81899977	8.261258
5404.80599999	1.253016
5406.80999994	1.748792
5408.80800009	2.045822
5410.80800009	2.282549
5412.80699992	2.282549
5414.80900002	2.282549
5416.80999994	1.128366
5418.81899977	1.239635
5420.81499982	0.185917
5422.80900002	0.014615
5424.8119998	0.025727
5426.81099987	0.326329
5428.81299996	0.29803
5430.81899977	6.322786
5432.81299996	0.340533
5434.80999994	0.036231
5436.84599996	0.071552
5438.81499982	0.035082
5440.80699992	5.204506
5442.80599999	1.229239
5444.81099987	0.074207
5446.86999989	0.095711
5448.80699992	0.760539
5450.80900002	0.566898
5452.80500007	1.147467
5454.82500005	4.221916
5456.80999994	0.32853
5458.8039999	0.025046
5460.80599999	0.100961
5462.80800009	0.203396
5464.80599999	0.055059
5466.80800009	5.534568
5468.80599999	6.335121
5470.80699992	1.320955
5472.80500007	5.065459
5474.8119998	1.40966
5476.80599999	4.098029
5478.8039999	4.315267
5480.8039999	5.297724
5482.80599999	2.401447
5484.81599998	6.918195
5486.80699992	4.156586
5488.80800009	0.462266
5490.81499982	1.248451
5492.829	7.623432
5494.80500007	7.764717
5496.83200002	6.273502
5498.80500007	1.472196
5500.8039999	5.986818
5502.80299997	8.667654
5504.80299997	6.772684
5506.81399989	1.695921
5508.80500007	5.537005
5510.8039999	4.312036
5512.80299997	6.990358
5514.80200005	7.608739
5516.80299997	4.745725
5518.80299997	1.161356
5520.80699992	7.011615
5522.8269999	6.62687
5524.80299997	1.221267
5526.81499982	5.134428
5528.80500007	1.877749
5530.80599999	0.322301
5532.81399989	1.516505
5534.81499982	8.218467
5536.80500007	2.748488
5538.80900002	3.909317
5540.81599998	0.015435
5542.80299997	0.922164
5544.80299997	0.267098
5546.80699992	0.088488
5548.8039999	1.229912
5550.80299997	4.862165
5552.80299997	5.01236
5554.80200005	7.210033
5556.80200005	6.19596
5558.80200005	0.018475
5560.81499982	7.654895
5562.80299997	3.899707
5564.80299997	0.027629
5566.8039999	3.037171
5568.81499982	3.916889
5570.80299997	6.35671
5572.80299997	1.152866
5574.80100012	4.970318
5576.80100012	1.435272
5579.05699992	5.290017
5581.04999995	5.942745
5583.05599999	3.265839
5585.05099988	5.255611
5587.05199981	5.307197
5589.04999995	0.017087
5591.04999995	0.593937
5593.05499983	1.921934
5595.05699992	1.653209
5597.06500006	3.365001
5599.04900002	1.299763
5601.05899978	4.295375
5603.04999995	4.582791
5605.04900002	0.231486
5607.0480001	7.289583
5609.05599999	2.188527
5611.04999995	1.253076
5613.05099988	3.159594
5615.04900002	7.756067
5617.04999995	1.041139
5619.06699991	2.712463
5621.05099988	6.17817
5623.04999995	2.995297
5625.04999995	0.065233
5627.04900002	7.875698
5629.04999995	6.894541
5631.0480001	0.865529
5633.05099988	3.794702
5635.05799985	1.64346
5637.04999995	8.128891
5639.0539999	3.570319
5641.0599997	5.288927
5643.05299997	2.771724
5645.04699993	4.495011
5647.05099988	6.887578
5649.04699993	6.666272
5651.05199981	5.20691
5653.04699993	6.050367
5655.04900002	8.093607
5657.05199981	1.152155
5659.05799985	6.05176
5661.05299997	7.131562
5663.05499983	6.239704
5665.04699993	6.472647
5667.0480001	7.039377
5669.0480001	5.764701
5671.05799985	0.015553
5673.046	4.336565
5675.05299997	2.422446
5677.04900002	3.507643
5679.05099988	0.051357
5681.04900002	2.356445
5683.04699993	0.077345
5685.04699993	0.028136
5687.04699993	0.059975
5689.04699993	2.189952
5691.04999995	0.175572
5693.046	0.052249
5695.046	2.542953
5697.046	0.013331
5699.04699993	0.014426
5701.046	3.964786
5703.04699993	0.024003
5705.046	2.591943
5707.08999991	3.460599
5709.04500008	1.543239
5711.04999995	4.011922
5713.04500008	0.049636
5715.04500008	1.317114
5717.046	4.829914
5719.04500008	4.004525
5721.05599999	0.938215
5723.04399991	6.823154
5725.0539999	3.788838
5727.04399991	1.263117
5729.04299998	0.121672
5731.04399991	4.307699
5733.046	5.032052
5735.04699993	1.92675
5737.0480001	5.678494
5739.04200006	6.53902
5741.06299996	6.53902
5743.04399991	6.03303
5745.04500008	0.483184
5747.04299998	7.768359
5749.04399991	6.929207
5751.04299998	7.253531
5753.04299998	6.49319
5755.04299998	4.810775
5757.04200006	7.7503
5759.04299998	6.784363
5761.04200006	4.015838
5763.11099982	7.82995
5765.04299998	7.82995
5767.04500008	7.240562
5769.04399991	7.760189
5771.04200006	4.266472
5773.04200006	6.878908
5775.04399991	5.735477
5777.04099989	5.735477
5779.04299998	0.018141
5781.04200006	3.019493
5783.04200006	3.763599
5785.04299998	5.099823
5787.04200006	6.631005
5789.04200006	5.433
5791.04299998	7.123301
5793.07099986	7.123301
5795.04299998	7.123301
5797.04299998	7.123301
5799.046	7.123301
5801.03999996	5.502847
5803.04399991	6.935259
5805.04099989	3.591142
5807.05199981	7.255046
5809.04200006	6.935654
5811.04299998	6.654836
5813.06299996	5.403717
5815.28999996	7.394004
5817.04200006	5.865879
5819.04200006	5.63606
5821.04299998	7.287145
5823.04099989	6.33494
5825.04399991	5.143999
5827.04099989	7.061561
5829.29099989	4.156955
5831.28999996	5.485633
5833.29799986	0.085269
5835.28900003	5.766294
5837.29399991	0.018154
5839.29099989	3.393679
5841.11499977	1.186597
5843.29099989	0.781211
5845.28999996	8.122134
5847.30400014	0.022811
5849.30599999	0.017264
5851.28900003	4.612483
5853.28800011	3.27941
5855.29199982	5.436348
5857.28900003	0.124689
5859.29899979	5.765623
5861.28999996	1.228045
5863.29099989	0.304761
5865.12100005	6.88377
5867.29199982	4.881103
5869.28999996	0.096549
5871.28999996	1.506701
5873.28800011	0.130401
5875.28900003	2.101042
5877.28999996	3.130022
5879.28999996	1.449656
5881.28800011	0.205565
5883.28900003	6.756783
5885.28900003	1.157608
5887.28800011	4.674775
5889.1099999	4.921039
5891.28999996	2.638448
5893.29299998	3.637304
5895.29199982	6.340648
5897.29099989	6.443404
5899.28900003	6.443404
5901.29299998	7.38425
5903.28800011	4.458938
5905.28999996	0.02809
5907.30599999	2.46572
5909.29699993	1.149797
5911.28999996	3.785184
5913.28900003	1.152232
5915.29199982	5.329876
5917.28999996	0.0903
5919.28800011	0.610671
5921.28900003	3.788528
5923.28699994	5.224127
5925.30799985	0.004476
5927.28800011	0.212676
5929.28699994	5.760983
5931.28900003	2.355353
5933.28699994	0.120669
5935.29399991	3.130318
5937.28800011	1.215137
5939.29099989	0.015517
5941.28800011	2.607827
5943.28600001	0.047712
5945.28600001	4.367121
5947.28500009	3.972401
5949.28500009	0.432407
5951.28600001	0.130606
5953.29199982	0.0892
5955.28500009	6.029341
5957.28600001	1.311982
5959.28500009	0.015215
5961.28900003	1.244164
5963.28999996	0.015858
5965.28900003	0.189163
5967.28699994	0.427068
5969.28900003	2.229205
5971.28600001	1.06824
5973.28600001	0.073219
5975.28299999	0.084429
5977.28399992	1.064375
5979.28500009	0.568735
5981.28600001	3.758649
5983.28500009	0.016101
5985.28600001	2.226485
5987.28600001	0.180265
5989.28399992	7.023009
5991.28399992	7.698149
5993.28299999	6.550503
5995.30299997	0.059184
5997.28500009	6.132332
5999.28500009	2.500611
6001.28399992	6.296936
6003.28600001	5.045245
6005.28399992	1.219064
6007.28500009	0.036042
6009.28299999	3.375765
6011.28999996	3.942973
6013.28299999	4.627554
6015.28699994	7.853222
6017.28500009	7.853222
6019.2809999	7.853222
6021.28500009	7.853222
6023.28299999	4.234126
6025.28399992	6.588095
6027.28800011	0.015233
6029.28299999	4.232089
6031.28199983	2.917349
6033.28399992	6.304325
6035.28199983	4.303464
6037.28399992	0.739648
6039.28199983	2.672018
6041.31099987	5.062554
6043.28199983	3.876274
6045.28500009	5.259302
6047.2809999	4.05162
6049.28399992	7.049697
6051.28399992	4.08876
6053.29299998	0.021612
6055.2809999	0.046789
6057.29199982	1.205132
6059.28399992	0.235758
6061.28299999	0.136706
6063.28299999	0.020513
6065.27999997	0.015249
6067.27999997	3.923248
6069.2809999	5.943812
6071.27999997	0.964635
6073.28199983	8.410234
6075.2809999	7.643667
6077.27999997	4.899965
6079.53199983	2.143164
6081.53199983	5.375886
6083.53299999	4.118909
6085.52999997	7.718479
6087.53199983	0.056667
6089.53399992	1.052791
6091.5309999	3.069076
6093.52900004	0.017548
6095.36100006	3.627403
6097.52999997	0.02757
6099.5309999	5.993436
6101.52900004	4.929811
6103.5309999	1.156268
6105.55299997	7.451871
6107.53499985	5.846384
6109.52800012	2.24205
6111.52699995	4.144548
6113.52900004	4.144548
6115.52999997	4.144548
6117.52900004	4.155088
6119.35299993	5.801101
6121.53399992	3.871339
6123.54799986	5.655222
6125.53199983	7.266979
6127.52800012	0.180497
6129.5309999	3.705274
6131.52900004	0.019312
6133.53499985	5.079308
6135.53199983	7.565717
6137.52900004	0.015286
6139.52800012	6.833519
6141.52800012	2.281427
6143.35099983	4.887038
6145.52999997	6.202249
6147.5389998	4.175508
6149.52999997	1.268399
6151.52900004	3.217377
6153.53499985	4.434025
6155.52600002	2.932557
6157.52800012	4.865873
6159.52699995	7.449723
6161.52600002	4.679761
6163.52900004	4.47538
6165.52699995	7.350865
6167.52900004	4.974045
6169.52600002	4.810946
6171.52900004	0.014365
6173.52600002	7.44527
6175.52800012	6.679874
6177.52699995	7.97144
6179.53600001	2.383235
6181.52600002	0.065919
6183.52600002	6.021038
6185.52800012	5.807741
6187.52699995	5.063618
6189.5250001	0.874683
6191.52900004	4.084485
6193.52699995	4.516402
6195.52900004	1.497284
6197.52600002	4.04895
6199.53699994	4.526088
6201.52800012	5.272117
6203.52600002	7.108177
6205.52600002	5.343721
6207.52399993	7.958616
6209.52399993	0.018281
6211.53699994	4.194084
6213.5250001	4.194084
6215.52399993	2.596885
6217.53699994	5.770601
6219.5309999	5.257997
6221.52699995	7.655323
6223.52699995	4.820161
6225.52800012	6.76161
6227.53699994	0.37656
6229.52600002	6.18947
6231.53199983	6.918945
6233.5250001	6.036111
6235.52399993	0.386292
6237.5250001	2.118438
6239.52399993	6.986931
6241.52600002	0.053191
6243.53199983	6.292294
6245.52299976	4.911323
6247.52399993	7.497277
6249.5250001	5.955755
6251.52299976	5.321433
6253.52299976	4.098686
6255.5389998	8.178185
6257.52099991	8.178185
6259.52399993	8.178185
6261.52600002	7.132609
6263.52299976	4.740025
6265.52600002	2.046943
6267.52199984	7.232112
6269.94799972	5.403291
6271.52199984	0.168905
6273.52099991	7.430582
6275.52199984	7.430582
6277.52299976	7.430582
6279.53199983	6.703884
6281.52099991	5.449071
6283.5250001	5.893683
6285.52399993	4.890371
6287.52099991	1.099236
6289.52299976	5.675757
6291.5250001	6.657574
6293.53399992	5.610631
6295.52399993	5.259555
6297.52099991	4.256757
6299.5250001	5.1452
6301.52099991	3.710525
6303.51999998	5.618342
6305.52199984	3.188671
6307.52199984	5.151159
6309.52299976	6.880134
6311.52999997	3.886668
6313.773	3.361806
6315.53999972	2.499196
6317.5250001	4.212932
6319.52199984	0.204061
6321.52199984	1.223593
6323.52099991	2.724906
6325.52199984	0.320987
6327.52199984	6.797624
6329.77600002	5.421798
6331.77199984	1.165062
6333.77399993	7.571724
6335.76999998	4.836856
6337.773	1.761839
6339.76900005	6.090597
6341.76999998	0.17453
6343.76999998	1.256613
6345.77099991	1.088252
6347.76800013	0.027368
6349.76699996	6.694719
6351.76999998	6.694719
6353.76999998	6.694719
6355.76800013	6.694719
6357.77099991	6.694719
6359.78199983	1.842446
6361.7809999	3.953498
6363.78299999	4.189583
6365.773	4.70154
6367.77199984	4.569169
6369.77399993	1.199524
6371.76800013	7.621509
6373.76900005	0.116328
6375.77699995	0.023869
6377.76999998	4.793585
6379.76900005	4.353218
6381.77099991	0.031738
6383.76800013	1.303202
6385.76699996	3.630641
6387.76800013	1.270982
6389.76900005	0.057036
6391.76800013	1.615421
6393.77099991	0.034754
6395.76600003	1.350757
6397.76800013	0.083167
6399.76900005	1.976954
6401.76800013	3.364994
6403.76800013	7.345431
6405.77999973	0.116851
6407.76800013	4.248016
6409.76900005	2.541217
6411.7809999	4.344666
6413.76800013	1.692747
6415.76800013	0.00364
6417.76699996	1.0983
6419.78400016	0.016863
6421.76699996	0.062743
6423.76600003	0.031306
6425.76699996	3.777066
6427.76800013	0.026408
6429.7809999	1.06336
6431.66699982	1.26968
6433.76900005	0.285935
6435.77899981	5.265287
6437.77099991	0.025198
6439.76600003	4.254818
6441.76800013	7.100948
6443.7650001	0.656221
6445.76699996	0.713907
6447.76600003	0.592208
6449.76699996	2.510858
6451.76699996	0.017372
6453.76699996	0.314603
6455.76999998	7.346595
6457.7650001	4.12398
6459.76699996	2.048738
6461.76699996	1.243539
6463.7650001	2.402646
6465.76699996	1.192037
6467.76600003	4.64555
6469.7650001	2.276071
6471.7650001	6.16155
6473.76699996	4.818015
6475.76699996	0.152594
6477.76699996	0.367398
6479.76600003	1.817183
6481.76699996	6.772309
6483.76699996	0.017476
6485.76699996	1.952327
6487.76699996	1.699966
6489.76800013	6.140696
6491.76800013	4.665364
6493.7639997	0.78554
6495.76800013	3.144432
6497.97899985	6.641445
6499.76299977	0.053395
6501.76299977	0.14364
6503.76600003	0.064197
6505.76699996	7.778737
6507.7639997	0.110847
6509.76199985	1.320254
6511.7639997	0.147174
6513.76299977	3.6091
6515.76099992	0.036227
6517.76299977	7.614961
6519.76299977	0.527074
6521.77399993	3.297401
6523.7639997	0.035395
6525.76199985	0.382448
6527.76199985	0.033081
6529.76299977	0.415768
6531.77099991	1.161093
6533.76099992	5.005319
6535.76299977	0.00365
6537.76800013	5.927001
6539.76199985	5.025604
6541.76299977	0.061577
6543.7639997	2.210715
6545.76199985	2.447934
6547.76900005	1.159732
6549.76199985	1.63385
6551.76699996	1.402688
6553.76099992	7.58905
6555.75999999	1.006652
6557.76099992	6.142188
6559.76299977	0.082118
6561.76800013	4.294343
6563.77399993	1.328788
6565.76099992	0.09568
6567.76099992	0.025028
6569.76299977	1.991639
6571.75999999	1.142562
6573.75999999	2.114236
6575.75899982	0.053848
6577.75999999	3.199514
6580.00999999	4.849591
6582.01199985	2.406853
6584.00999999	4.246808
6586.00999999	1.242365
6588.00999999	0.085937
6589.84899998	0.917595
6592.00999999	0.055658
6594.01099992	0.907222
6596.01199985	0.024629
6598.00999999	0.097328
6600.00999999	2.487567
6602.01600003	3.552132
6604.01600003	0.096149
6606.01399994	4.86789
6608.00900006	5.62691
6610.00800014	6.952203
6612.01199985	0.161127
6613.83200002	1.563373
6616.01099992	5.854227
6618.01399994	0.619104
6620.00900006	0.024103
6622.00800014	6.207812
6624.01099992	0.059757
6626.00800014	6.704644
6628.01399994	8.659909
6630.01399994	7.940786
6632.44599986	7.231473
6634.00800014	1.227356
6636.01199985	2.812474
6637.83200002	1.195652
6640.00699997	2.317254
6642.00800014	4.504322
6644.00699997	6.574976
6646.00800014	3.153351
6648.00699997	6.226957
6650.00800014	4.260366
6652.00800014	5.98484
6654.00800014	3.391201
6656.00800014	0.014919
6658.00600004	4.00966
6660.00600004	4.919433
6662.02699995	0.966454
6664.00699997	3.707596
6666.01699996	1.121105
6668.00600004	0.039463
6670.01600003	2.962876
6672.00600004	6.565228
6674.00800014	2.554121
6676.00800014	2.008469
6678.00699997	3.579884
6680.00699997	6.166617
6682.00699997	1.737791
6684.00699997	5.158779
6686.00800014	7.889649
6688.00500011	2.893249
6690.00699997	0.881193
6692.01999974	0.054155
6694.00600004	4.241895
6696.00500011	0.019718
6698.00399971	1.721717
6700.00999999	0.098946
6702.01499987	1.323079
6704.27499986	4.685948
6706.00500011	1.188454
6708.00500011	5.646211
6710.00600004	4.20421
6712.00900006	2.253072
6714.00399971	0.406171
6716.00699997	0.384293
6718.00500011	0.068174
6720.00500011	0.065469
6722.00299978	0.016147
6724.00399971	0.061503
6726.00699997	1.70257
6728.00500011	0.0044
6730.02799988	0.049123
6732.00900006	0.22105
6734.00800014	1.133545
6736.00399971	2.527552
6738.03799987	0.053818
6740.00199986	0.022208
6742.00399971	4.601662
6744.00600004	4.102616
6746.00500011	2.758783
6748.00299978	0.048033
6750.00500011	5.292621
6752.00199986	7.58809
6754.00199986	5.966726
6756.00199986	5.344214
6758.00600004	8.514973
6760.00500011	4.538332
6762.00199986	2.474627
6764.01099992	4.419548
6766.00199986	5.949931
6768.00299978	3.150161
6770.00099993	3.995738
6772.00399971	0.646475
6774.00199986	5.775109
6776.00199986	3.992823
6778.00099993	3.992823
6780.0	3.992823
6782.00600004	4.513036
6784.01600003	4.984996
6786.01999974	4.984996
6788.00099993	0.018497
6790.01099992	6.697844
6792.00099993	5.964505
6794.00399971	6.463278
6796.00299978	6.091603
6797.99899983	6.883441
6800.00500011	1.637339
6802.00099993	3.536685
6804.00099993	5.58151
6806.00299978	7.489318
6808.00600004	5.01136
6809.99899983	4.703149
6811.99899983	5.597416
6814.00099993	1.68367
6816.01099992	3.676224
6818.0	4.138119
6820.0	5.927554
6821.99899983	1.36586
6824.00099993	5.262697
6826.00099993	3.6425
6828.00500011	7.172322
6829.99899983	7.172322
6832.24900007	7.172322
6834.25600004	7.172322
6836.24800014	6.700601
6838.24900007	5.584093
6840.25099993	6.340291
6842.2579999	6.340291
6844.24900007	6.340291
6846.24900007	6.759295
6848.24800014	6.605383
6850.24800014	7.704116
6852.25099993	6.981888
6854.24800014	7.458157
6856.24699998	0.352752
6858.25	3.388055
6860.25	3.388055
6862.25	4.161251
6864.24699998	7.312465
6866.25999975	6.157335
6868.24699998	2.773034
6870.25999975	6.225042
6872.24699998	1.039517
6874.24699998	6.794248
6876.25199986	5.049737
6878.24800014	1.250539
6880.25	6.377934
6882.25999975	6.377934
6884.25499988	4.800439
6886.26099992	6.180578
6888.24800014	5.981794
6890.25399995	2.059441
6892.24900007	3.074044
6894.24900007	2.751511
6896.24800014	3.8598
6898.27599978	5.301139
6900.25099993	7.548673
6902.24699998	1.171591
6904.24600005	0.018839
6906.24699998	0.119315
6925.62599993	5.301793
6926.06200004	4.486563
6926.33799982	2.450808
6926.61399984	0.796433
6926.829	5.788897
6927.48900008	2.639519
6928.18199992	0.324486
6928.85700011	3.222293
6929.55599976	3.13048
6930.01999974	7.31198
6930.38400006	1.864826
6931.74600005	0.205597
6933.74600005	1.333451
6935.74600005	7.07073
6937.74600005	6.845312
6939.74799991	6.451254
6941.74699998	3.835701
6943.74399996	5.737986
6945.74900007	6.519189
6947.74499989	6.436562
6949.74399996	0.405419
6951.74499989	1.230775
6953.75300002	6.775081
6955.75699997	0.630971
6958.12100005	3.876938
6959.74499989	2.324656
6961.74600005	7.012159
6963.75399995	0.628339
6965.81899977	6.18143
