0.0	2.73089
0.440999984741	3.035447
0.605000257492	3.035447
0.882000207901	2.777483
1.11900019646	3.201322
1.51600003242	3.201494
1.96300005913	0.221051
2.42900037766	1.577875
2.96600031853	2.720552
3.85300040245	2.884381
5.85000014305	3.25641
7.84899997711	0.052694
9.85400032997	3.435335
11.8570001125	0.546858
13.8510000706	0.633077
15.8500001431	2.728553
17.8500001431	0.203345
19.753000021	1.278085
21.8519999981	1.127937
23.8510000706	0.98947
25.8519999981	2.925271
27.85400033	0.585774
29.8519999981	0.015602
31.8510000706	0.01591
33.8510000706	2.592704
35.8510000706	0.118005
37.8519999981	1.174899
39.856000185	0.818456
41.8580002785	2.752729
43.734000206	0.670788
45.8550002575	2.314927
47.8519999981	1.695077
49.873000145	0.084056
51.8580002785	1.891756
53.8530004025	1.654446
55.85400033	0.730533
57.85400033	1.917618
59.85400033	2.516988
61.85400033	2.975746
63.8720002174	2.945898
65.8600001335	2.566084
67.7860002518	0.462058
69.8550002575	2.983322
71.8570001125	0.741567
73.8550002575	1.951173
75.8570001125	3.147394
77.8630001545	0.586536
79.856000185	2.559005
81.8600001335	2.282945
83.8580002785	0.015691
85.856000185	3.337731
87.8570001125	0.677647
89.8570001125	2.496675
91.7500002384	0.571519
93.8580002785	2.695923
95.8580002785	0.213435
97.8580002785	1.638973
99.8600001335	0.64429
101.858000278	2.637342
103.866000175	0.391755
105.85400033	0.040265
107.859000206	2.530373
109.856000185	0.469738
111.857000113	0.015747
113.907000065	0.564407
115.857000113	1.677941
117.855000257	0.165582
119.856000185	0.172993
121.856000185	1.634175
123.860000134	0.341495
125.896000147	0.334326
127.862000227	2.029763
129.857000113	2.172161
131.857000113	0.706383
133.856000185	0.515247
135.857000113	0.037986
137.938000202	3.062458
139.855000257	3.204094
141.859000206	0.075612
143.867000103	2.672466
145.856000185	0.375407
147.859000206	1.478561
149.856000185	0.5591
151.860000134	0.445889
153.857000113	0.406788
155.860000134	2.164418
157.858000278	1.001425
159.867000103	3.268729
161.858000278	1.496175
163.858000278	1.11706
165.858000278	2.788913
167.861000299	0.380942
169.861000299	2.401088
171.860000134	0.308899
173.859000206	0.625999
175.862000227	0.015524
177.859000206	0.501114
179.861000299	0.20781
181.861000299	1.083949
183.861000299	0.020441
185.861000299	0.528682
187.866000175	0.648473
189.863000154	0.132654
191.862000227	2.086047
193.863000154	0.43283
195.863000154	1.064271
197.862000227	0.177165
199.863000154	0.186219
201.862000227	2.104387
203.867000103	0.489728
205.862000227	1.445073
207.863000154	0.025588
209.863000154	1.326019
211.862000227	0.59397
213.86500001	0.131717
215.864000082	2.232558
217.864000082	0.246205
219.86500001	2.773732
221.866000175	0.349825
223.864000082	1.546455
225.86500001	1.021307
228.111000061	0.063741
229.863000154	0.730871
232.119000196	0.572535
234.11400032	0.502976
236.110000134	1.538795
238.115000248	2.669253
240.115000248	0.56727
242.115000248	1.323378
244.110000134	1.902245
246.125000238	0.540291
248.120000124	1.186655
249.996000051	3.012935
252.113000154	1.698642
254.130000353	2.395282
256.11400032	0.076226
258.112000227	0.014475
260.118000269	0.115498
262.122000217	0.658349
264.116000175	0.076383
266.112000227	0.34714
268.113000154	0.246931
270.11400032	0.840594
272.125000238	0.365191
274.112000227	0.450244
276.112000227	0.34784
278.112000227	0.352515
280.115000248	0.046542
282.134000301	1.700636
284.116000175	1.598192
286.120000124	0.071566
288.113000154	0.03185
290.113000154	1.672261
292.116000175	0.054085
294.142000198	0.547093
296.117000341	0.889187
298.00600028	0.589043
300.115000248	2.954563
302.118000269	0.606671
304.115000248	0.015954
306.127000093	0.094213
308.116000175	0.609408
310.116000175	0.159653
312.140000105	0.092346
314.117000341	0.100929
316.120000124	0.127287
318.134000301	0.56089
320.116000175	0.516392
322.026000261	0.537448
324.118000269	0.070672
326.127000093	0.059085
328.119000196	0.577461
330.118000269	0.015198
332.121000051	0.60725
334.123000145	2.259873
336.119000196	1.124861
338.119000196	0.985641
340.121000051	0.070394
342.127000093	0.077271
344.120000124	0.015608
346.025000095	0.56448
348.118000269	0.026183
350.116000175	0.525317
352.118000269	0.015698
354.121000051	2.087578
356.121000051	0.068449
358.125000238	0.306207
360.116000175	0.83638
362.116000175	0.744256
364.119000196	2.436154
366.116000175	0.030008
368.117000341	0.016091
370.063000202	0.748861
372.116000175	0.015914
374.119000196	0.790621
376.119000196	0.05347
378.121000051	1.28369
380.118000269	0.116399
382.124000072	0.138648
384.120000124	2.437564
386.119000196	0.320822
388.117000341	0.081512
390.117000341	0.447838
392.118000269	0.177527
394.079000235	0.467583
396.126000166	0.619529
398.118000269	0.795803
400.122000217	1.356871
402.119000196	0.054709
404.125000238	0.697767
406.119000196	0.784449
408.124000072	0.61609
410.120000124	1.555764
412.120000124	1.884632
414.124000072	0.560315
416.120000124	2.550017
418.120000124	2.202986
420.121000051	0.015313
422.122000217	2.391094
424.123000145	2.207097
426.121000051	1.095641
428.122000217	0.089654
430.122000217	0.110543
432.122000217	1.231658
434.122000217	1.259631
436.126000166	1.027588
438.123000145	0.519623
440.125000238	0.112072
442.117000341	0.437407
444.139000177	0.182294
446.124000072	0.17811
448.123000145	1.872148
450.125000238	0.235483
452.125000238	1.431167
454.124000072	0.015871
456.125000238	1.422601
458.128000021	0.317962
460.124000072	1.723092
462.121000051	2.397215
464.123000145	0.764272
466.765000343	0.76489
468.911000252	0.227217
470.447000265	0.820122
472.407000065	0.130502
474.125000238	0.148955
476.141000271	2.074867
478.144999981	2.002409
480.125000238	2.746411
482.127000093	2.182372
484.377000093	0.593505
486.374000311	2.308032
488.377000093	0.07753
490.37100029	0.252451
492.374000311	0.349923
494.379000187	0.124764
496.410000324	0.01707
498.380000114	0.452564
500.387000084	0.82359
502.380000114	1.197429
504.380000114	0.583392
506.38100028	0.16231
508.389000416	0.42007
510.38100028	1.466659
512.382000208	0.324127
514.377000093	2.072637
516.373000383	3.174563
518.373000383	0.465093
520.379000187	1.316956
522.376000166	3.087685
524.377000093	2.228403
526.383000135	0.757854
528.383000135	2.856326
530.379000187	2.458841
532.38100028	0.280338
534.375000238	1.772049
536.375000238	1.772049
538.393000126	2.256336
540.379000187	1.492354
542.38100028	3.097641
544.377000093	3.107349
546.377000093	0.130259
548.378000259	2.177912
550.377000093	2.544892
552.377000093	1.29694
554.388000011	2.51295
556.384000063	2.80552
558.384000063	1.025762
560.380000114	2.440448
562.382000208	2.892418
564.378000259	0.221074
566.382000208	0.515323
568.379000187	3.189169
570.38100028	3.212885
572.393000126	3.306529
574.380000114	1.073218
576.384000063	2.875064
578.38499999	1.557727
581.103000164	0.558902
585.703999996	0.845381
586.670000315	0.49327
586.805000305	0.49327
588.784000158	0.169805
590.902000189	0.115414
592.518000126	0.13259
594.383000135	0.756048
596.38100028	0.856234
598.386000156	0.939587
600.384000063	0.827263
602.380000114	1.250765
604.389000416	1.250765
606.382000208	0.524239
608.387000084	1.473284
610.386000156	1.238392
612.387000084	1.805249
614.384000063	2.025704
616.378000259	0.075244
618.387000084	0.088735
620.38499999	2.398951
622.38499999	1.984919
624.380000114	0.930057
626.388000011	1.783021
628.38100028	0.014322
635.084000111	2.033385
635.670000315	0.488956
636.203999996	1.348778
636.619000196	1.661187
638.379000187	2.239184
640.380000114	2.123797
642.383000135	0.35067
644.380000114	0.011411
646.388000011	2.071481
648.382000208	0.137099
650.380000114	2.613146
652.38100028	1.231578
654.501000404	0.648643
656.389000416	0.731795
658.38100028	0.020933
660.384000063	0.053579
662.383000135	3.068208
664.383000135	0.437521
666.382000208	0.079275
668.382000208	0.646282
670.395000219	0.508088
672.387000084	1.859481
674.38499999	0.670189
676.384000063	2.481224
678.395000219	0.765232
680.38499999	0.416447
682.489000082	0.430973
684.387000084	1.532212
686.390000343	1.981562
688.388000011	0.337674
690.388000011	1.043803
692.387000084	0.923611
694.388000011	0.606267
696.388000011	0.22273
698.386000156	1.949177
700.386000156	2.592641
702.386000156	0.092218
704.386000156	2.947351
706.390000343	2.558394
708.391000271	0.52549
710.386000156	2.782546
712.388000011	2.232444
714.4150002	0.656295
716.389000416	0.061086
718.392000198	0.126241
720.389000416	0.369839
722.388000011	0.251182
724.393000126	1.195987
726.40500021	0.609714
728.411000252	0.064486
730.397000313	0.54844
732.389000416	0.510227
734.390000343	1.229116
736.641000032	0.014316
738.642000198	0.519574
740.641000032	2.639296
742.680000067	2.850086
744.519000292	2.740801
746.642000198	0.317718
748.642000198	0.458483
750.642000198	0.092911
752.644000053	2.455292
754.643000126	0.186057
756.634000301	3.097085
758.634000301	0.401532
760.635000229	0.613599
762.645000219	0.022703
764.636000156	0.177301
766.660000086	0.280603
768.508000135	3.20901
770.644000053	2.270358
772.637000322	3.046619
774.635000229	0.870575
776.643000126	2.910754
778.637000322	2.217
780.643000126	1.575872
782.639000177	0.420341
784.653000355	2.326447
786.637000322	1.752786
788.637000322	3.006869
790.63800025	2.926856
792.509000301	0.665758
794.639000177	0.146016
796.643000126	0.079799
798.640000105	0.121843
800.698000193	0.351432
802.642000198	0.497324
804.645000219	0.457381
806.698000193	2.781698
808.642000198	0.316936
810.647000074	0.162366
812.667000294	0.858797
814.640000105	0.416308
816.517000198	0.655184
818.641000032	0.464028
820.641000032	3.16597
822.641000032	0.885964
824.643000126	0.961328
826.645000219	1.255843
828.643000126	2.354602
830.643000126	3.02791
832.642000198	2.763417
834.643000126	3.489728
836.643000126	1.384622
838.643000126	1.336778
840.59400034	3.351613
842.657000065	0.064192
844.639000177	0.188745
846.645000219	2.864549
848.646000147	0.59772
850.644000053	0.668689
852.645000219	0.352393
854.654000282	0.016005
856.647000074	2.909401
858.747000217	0.756637
860.647000074	0.758841
862.650000334	0.978505
864.640000105	4.164151
866.651000261	0.010469
868.647000074	1.061842
871.075000286	0.131197
872.642000198	0.013791
874.643000126	1.678718
876.643000126	1.692175
878.640000105	1.598719
880.641000032	0.810515
882.641000032	2.107136
884.641000032	2.51492
886.656000137	2.909206
888.645000219	3.205241
890.649000168	1.006484
892.642000198	3.123776
894.643000126	0.028577
896.646000147	0.483499
898.645000219	1.347288
900.643000126	1.29281
902.65500021	2.25822
904.652000189	0.196027
906.644000053	0.03156
908.644000053	0.555512
910.644000053	1.104907
912.645000219	1.923847
914.649000168	0.412286
916.644000053	2.920138
918.645000219	0.648553
920.653000355	3.09871
922.648000002	3.182841
924.653000355	2.978172
926.653000355	0.662366
928.646000147	1.757946
930.705000162	2.748834
932.649000168	0.016029
934.647000074	1.238117
936.649000168	0.534716
938.651000261	0.351073
940.660000086	0.024601
942.657000065	1.475059
944.649000168	1.245376
946.648000002	0.17547
948.648000002	1.63562
950.656000137	0.007712
952.649000168	2.420208
954.651000261	2.028245
956.649000168	0.43551
958.649000168	2.850686
960.648000002	0.603327
962.652000189	0.371583
964.653000355	0.226338
966.653000355	0.015955
968.652000189	0.178094
970.654000282	1.794101
972.985000134	0.716334
974.651000261	0.041056
976.68900013	2.191824
978.652000189	0.631445
980.653000355	2.125794
982.653000355	0.02154
984.907000065	2.133902
986.904000044	2.925367
988.903000116	2.923546
990.903000116	2.253938
992.904000044	3.233387
994.904000044	1.528987
996.903000116	3.134328
998.769000053	0.649888
1000.90499997	1.030351
1002.89900017	2.564175
1004.89600015	2.901862
1006.90499997	0.295592
1008.89700007	2.612568
1010.89700007	2.696927
1012.89800024	3.283018
1014.9000001	0.803898
1016.9000001	0.176436
1018.89800024	3.25798
1020.89900017	0.166078
1022.77000022	2.986302
1024.90400004	0.304655
1026.89900017	3.221872
1028.90499997	1.240659
1030.91100025	2.633842
1032.9000001	0.025453
1034.89900017	0.979601
1036.90200019	0.011452
1038.90100026	2.931103
1040.9000001	1.413233
1042.9000001	2.117302
1044.90100026	0.371488
1046.90200019	2.286062
1048.90100026	2.406788
1050.90200019	0.142517
1052.90200019	0.657185
1054.90400004	0.010801
1056.8920002	0.168965
1058.86800003	0.019068
1060.90499997	0.018003
1062.91000032	0.071261
1064.90300012	2.078737
1066.90300012	0.014748
1068.90499997	0.123175
1070.9090004	0.60128
1072.90600014	0.003146
1074.90200019	0.222182
1076.90100026	0.205937
1078.9000001	0.167288
1080.8440001	0.018461
1082.91000032	0.5866
1084.91700029	2.402878
1087.34100032	0.013998
1088.77200007	0.013815
1090.91000032	0.880153
1093.23100019	0.13217
1094.95300007	0.562989
1096.84500027	0.098889
