0.0	0.024395
0.329999685287	1.164382
0.611999988556	1.766644
1.63999986649	0.964628
2.35799980164	0.532139
2.96999979019	1.541607
3.69999980927	0.0198
4.41599988937	1.862244
5.14599967003	3.013975
6.36199975014	1.761765
7.57999992371	2.630343
8.33299994469	0.538844
10.034999609	0.057259
12.0069999695	0.049511
14.4719998837	0.436543
17.4109997749	0.623012
18.8729999065	0.106816
21.4389998913	0.423751
23.3469996452	1.770337
25.0999999046	2.93491
26.7579996586	0.562129
29.2879998684	1.294037
31.2539997101	2.331247
33.2839999199	1.960358
35.2509996891	2.457859
37.2729997635	2.866375
39.3209998608	3.082011
41.2679998875	2.240502
43.3169999123	2.232804
45.2699997425	2.889202
47.3069996834	3.380788
49.251999855	0.770423
51.3089997768	4.147635
53.2599999905	3.471526
55.512999773	3.37159
57.7619998455	3.37159
59.7999999523	3.37159
61.768999815	3.37159
63.7939996719	3.37159
65.7619998455	3.37159
67.7169997692	3.37159
69.7529997826	4.001637
71.7789998055	3.961565
73.7579996586	1.44839
75.773999691	1.44839
77.7539997101	3.055182
79.7699997425	1.677318
81.7559998035	1.677318
83.760999918	3.056238
85.8079998493	0.721674
87.7549996376	1.648599
89.8039999008	3.221615
91.6889998913	2.581207
93.7960000038	2.483135
95.7539997101	1.560612
97.7919998169	0.444389
99.760999918	2.757599
102.002999783	2.185107
104.036999941	3.115509
106.507999897	2.288949
108.760999918	3.111049
111.511999846	3.111049
113.559000015	3.444008
115.505999804	0.37879
117.487999916	1.534315
119.509999752	0.348069
121.545999765	1.939156
123.506999731	0.024862
125.54399991	2.883825
127.504999876	1.429426
129.534999847	1.125319
131.513999701	1.555316
133.524999857	2.947627
135.505999804	0.008649
137.520999908	0.65091
139.501999855	3.4851
141.517999649	3.375838
143.566999912	1.868297
145.507999897	2.856835
147.762999773	3.52223
149.808999777	1.087095
151.754999638	1.528857
153.80099988	3.733449
156.263000011	3.459008
158.307999849	3.39969
160.25399971	0.008544
162.813999653	1.034796
164.764999866	1.034796
166.708999872	1.946479
168.761999846	3.584518
170.804999828	0.098008
172.752999783	0.014265
174.796000004	0.278931
176.754999638	0.665209
178.788999796	2.050013
180.752999783	2.792688
182.779999971	0.047173
184.765999794	0.029298
186.777999878	0.050519
188.75399971	0.083203
190.667999983	0.782928
192.757999659	2.456073
194.762999773	0.008247
196.811999798	0.652438
198.757999659	5.127829
200.802999735	0.676745
202.754999638	5.06926
204.80099988	4.831142
206.75399971	2.931747
208.790999889	2.164983
210.761999846	2.283896
212.78399992	0.505221
214.661999702	0.623729
216.778999805	0.053135
218.757999659	1.548134
220.977999687	1.208422
222.756999731	2.243824
224.76699996	0.032324
226.813999653	2.077065
229.585999727	2.523125
231.768999815	0.070811
233.780999899	3.138864
236.030999899	0.02295
238.006999969	1.502908
239.968999863	0.425962
242.006999969	0.002799
244.015999794	1.548161
246.004999876	2.131317
248.01099968	2.37111
250.058999777	0.631031
252.004999876	0.026625
254.06099987	0.727672
256.011999846	0.40362
258.046999931	0.043387
260.015999794	0.124434
262.037999868	0.02545
264.006999969	0.619416
266.033999681	1.750125
268.492999792	0.059074
270.028999805	0.022594
272.005999804	1.73376
274.023000002	1.542532
276.069999695	2.301248
278.019999981	3.08167
280.059999943	0.0113
282.006999969	1.270546
284.059999943	3.683181
286.001999855	2.055338
288.046999931	0.370748
290.008999825	2.327151
292.041999817	0.297103
294.015999794	0.129211
296.036999941	0.057858
298.324999809	0.930902
300.233999729	0.0131
302.321999788	0.150938
304.537999868	1.213578
306.275999784	0.024178
308.261999846	2.7438
312.626999617	0.028757
314.165999651	0.272656
315.705999851	0.133532
317.133999825	0.006634
318.909999847	0.102805
320.612999916	0.128032
322.896999836	0.482074
325.631999969	0.028279
328.233999729	0.063734
330.442999601	0.099638
333.002999783	0.771862
335.772999763	0.188081
337.715999842	0.255022
339.273999691	2.036201
340.479999781	0.969332
341.541999817	0.440885
343.759000063	1.602083
346.726999998	2.976839
348.684999943	0.010394
349.598999977	3.395425
350.945999861	1.388019
352.767999887	3.244517
354.75399971	4.509405
357.505999804	3.7949
359.527999878	0.042222
362.008999825	2.12692
364.027999878	0.165345
366.01099968	0.978355
368.534999847	3.6338
370.503000021	2.935879
373.254999876	0.788517
375.301999807	1.909439
378.057999849	0.056862
380.006999969	2.011381
382.767999887	0.824166
384.81799984	0.732725
387.277999878	4.001802
389.321999788	0.616907
391.779999971	0.091042
393.754999638	1.547889
395.771999836	4.095579
398.538999796	4.330971
400.507999897	0.599477
402.531999826	3.140157
404.510999918	0.513688
406.52699995	0.623046
408.511999846	3.895249
410.519999981	0.015202
412.771999836	0.037057
415.541999817	0.900745
418.813999653	1.968529
