0.0	0.045086
0.217000007629	0.740161
0.309000015259	0.77254
0.541000127792	1.25727
0.789000034332	3.187136
1.15499997139	0.1287
1.51399993896	2.841246
2.70800018311	0.412317
3.117000103	3.0652
3.46099996567	2.928853
5.42800021172	3.101087
7.42699980736	3.142571
9.42800021172	3.151628
11.4280002117	3.01386
13.4290001392	2.990221
15.4280002117	1.272349
17.4280002117	1.208191
19.4290001392	1.40356
21.4280002117	1.274055
23.4290001392	3.055274
25.4300000668	2.919001
27.4259998798	2.69654
29.4310002327	0.587113
31.4290001392	2.916111
33.4290001392	0.567936
35.4280002117	0.365029
37.4290001392	1.930748
39.4280002117	0.322976
41.4290001392	1.282079
43.4269998074	0.16744
45.4280002117	2.755625
47.4259998798	3.131731
49.4290001392	1.856417
51.4280002117	1.05451
53.4280002117	1.112512
55.4290001392	2.849832
57.4340000153	0.760934
59.4300000668	0.210278
61.4290001392	0.234183
63.4280002117	0.572587
65.4280002117	0.930905
67.4269998074	2.662809
69.4300000668	3.050475
71.4290001392	3.016016
73.4280002117	2.850628
75.4280002117	2.949841
77.4320001602	3.136158
79.4280002117	1.614413
81.4280002117	2.943848
83.4259998798	3.141343
85.4310002327	2.727825
87.4290001392	0.245361
89.4269998074	0.173876
91.4280002117	0.835451
93.4290001392	2.656067
95.4290001392	0.692314
97.4290001392	2.979555
99.4300000668	0.191441
101.434000015	1.475904
103.429000139	0.364567
105.429000139	0.41131
107.429000139	0.260011
109.42599988	0.112081
111.429000139	2.064847
113.429000139	0.909636
115.429000139	0.074341
117.677999973	2.144471
119.681999922	3.266263
121.677999973	2.4087
123.677999973	0.950003
125.677999973	0.932248
127.680000067	0.759517
129.680000067	0.949984
131.680000067	1.964606
133.679000139	0.582879
135.677999973	3.246408
137.679000139	2.392604
139.679000139	2.221854
141.677999973	0.752211
143.679000139	3.167371
145.677999973	3.040317
147.676000118	3.18642
149.677000046	2.624864
151.677999973	0.955986
153.679000139	3.266366
155.680000067	1.350266
157.679000139	2.751045
159.677999973	0.058391
161.679000139	2.07515
163.679000139	0.023901
165.680000067	0.48938
167.677999973	0.711621
169.677999973	2.975092
171.677999973	1.812262
173.677999973	1.577656
175.679000139	2.677053
177.677999973	3.107556
179.68599987	0.406577
181.677999973	3.165235
183.676000118	0.346611
185.677999973	2.183193
187.677000046	2.854557
189.677000046	2.997584
191.677999973	2.077854
193.677000046	3.053336
195.674999952	1.005867
197.677999973	1.020475
199.677999973	2.969029
201.677000046	3.124204
