0.0	1.898201
0.120000123978	1.147413
0.250000238419	0.420544
0.47000002861	0.24322
0.756000041962	0.315747
1.09000015259	1.57854
1.59200000763	0.752292
2.20399999619	0.046533
2.75200009346	2.357598
3.71200013161	0.004368
5.49000024796	3.86898
7.49100017548	5.136318
9.49500012398	6.460482
11.4910001755	4.052187
13.4910001755	2.893142
15.492000103	3.779873
17.4910001755	5.729984
19.4910001755	2.164463
21.492000103	3.278281
23.495000124	3.653621
25.492000103	0.914903
27.4910001755	2.169578
29.4910001755	2.203586
31.4910001755	2.238224
33.4910001755	0.57734
35.490000248	0.803085
37.492000103	0.328783
39.496999979	0.728911
41.492000103	1.70269
43.492000103	0.829893
45.492000103	0.134099
47.492000103	1.188033
49.4910001755	1.154314
51.4910001755	0.341665
53.498000145	2.776732
55.4910001755	0.29408
57.4910001755	1.91491
59.4910001755	0.207749
61.490000248	1.470592
63.4910001755	1.88684
65.4910001755	1.494618
67.492000103	2.510456
69.4960000515	2.037472
71.496999979	0.015926
73.493999958	1.156555
75.4910001755	0.110509
77.492000103	0.115789
79.4930000305	0.604284
81.490000248	0.003748
83.4960000515	0.485232
85.492000103	2.248122
87.4930000305	2.038653
89.5009999275	0.213323
91.8299999237	0.381072
93.5360000134	1.787798
95.492000103	1.431709
97.492000103	1.485734
99.495000124	0.012914
101.492000103	1.794679
103.492000103	3.528716
105.752000093	1.244382
107.732000113	2.789831
109.730000257	0.089222
111.603000164	0.095704
113.752000093	0.83514
115.731000185	1.221054
117.491000175	2.138409
119.751000166	4.147329
121.731000185	0.04858
123.731000185	2.597173
125.731000185	0.661263
127.731000185	0.023642
129.736000061	0.121719
131.731000185	0.016836
133.731000185	0.671064
135.572000027	1.108128
137.75	0.164537
139.732000113	0.01955
141.732000113	1.753014
143.736000061	0.117285
145.733999968	0.123477
147.732000113	0.059931
149.730000257	3.63301
151.730000257	0.145008
153.75	0.61439
155.732000113	3.793545
157.731000185	0.145679
159.611999989	0.258663
161.731000185	0.173868
163.732000113	0.534803
165.732000113	0.015784
167.730000257	2.489993
169.751000166	1.227156
171.730000257	1.582478
173.735000134	1.806169
175.756999969	1.91463
177.752000093	0.164647
179.731000185	0.060355
181.732000113	3.932683
183.601000071	1.103619
185.731000185	4.077273
187.730000257	2.060157
189.732000113	1.761606
191.736000061	1.557625
193.738000154	2.474998
195.736000061	3.346375
197.74600029	0.470282
199.736999989	4.175431
201.738000154	0.014892
203.736999989	0.410308
205.736000061	0.102322
207.605999947	0.187315
209.771000147	0.022016
211.736000061	2.066608
213.725999832	1.087138
215.725999832	0.265868
217.728000164	4.536875
219.736000061	0.904105
221.732000113	0.016748
223.736000061	3.025088
225.736000061	4.022619
227.724999905	4.336337
229.725999832	1.189528
231.725999832	2.254411
233.736000061	2.708325
235.735000134	2.801441
237.74600029	3.642552
239.724999905	2.601295
241.736000061	3.703018
243.725999832	4.831272
245.736000061	1.738173
247.735000134	1.738173
