0.0	2.098487
0.366000175476	2.609472
0.720999956131	0.017545
0.862000226974	1.354195
1.40499997139	0.006765
2.52200007439	0.17354
3.5110001564	0.376068
4.65300011635	0.532349
7.04999995232	0.009358
8.49799990654	1.970804
9.22900009155	2.709071
9.81100010872	0.02557
10.1790001392	2.786731
11.5490000248	0.023269
13.5450000763	3.054717
15.5450000763	3.873833
17.5420002937	0.03431
19.5420002937	0.012475
21.5340001583	4.808463
23.5420002937	2.274634
25.5379998684	0.69017
27.5379998684	0.848174
29.5379998684	4.929695
31.5470001698	5.77896
33.5379998684	1.887749
35.5340001583	0.015891
37.5480000973	0.261318
39.5450000763	1.524734
41.5440001488	6.189705
43.5470001698	5.642875
45.5369999409	1.115157
47.5369999409	1.504979
49.5480000973	0.073447
51.5390002728	0.341794
53.5329999924	0.009197
55.5440001488	0.096337
57.5390002728	0.517721
59.5470001698	2.974843
61.5559999943	0.034379
63.5369999409	0.713619
65.5390002728	5.959748
67.7929999828	0.069973
69.5470001698	1.968468
71.7840001583	0.008636
73.7880001068	0.674829
75.7880001068	1.521168
77.7939999104	0.010376
79.7880001068	0.054636
81.7929999828	0.168005
83.7900002003	0.692808
85.7830002308	0.440463
87.7850000858	2.51743
89.7990002632	6.659822
91.7939999104	6.684502
93.7939999104	2.671252
95.7960000038	1.829655
97.7890000343	2.518332
99.7939999104	0.626592
101.796999931	0.031674
103.788000107	4.010231
105.785000086	0.245466
107.789000034	0.010051
109.796000004	0.658976
111.791000128	0.713695
113.795000076	0.664158
115.786000013	0.222491
117.785000086	6.445946
119.786000013	0.092106
121.788000107	0.685756
123.798000336	0.903017
125.657999992	2.02505
127.7900002	0.157185
129.789000034	0.208366
131.785000086	0.717342
133.783000231	0.130445
135.791000128	0.009615
137.799000263	1.882504
139.796999931	0.185501
141.795000076	0.597084
143.789000034	0.170633
145.79399991	2.14979
147.796999931	1.55011
149.664000034	6.36982
151.792999983	4.767843
153.795000076	0.661805
155.792000055	0.024115
157.789000034	4.734696
159.787000179	5.783407
161.798000336	0.556657
163.784000158	2.880556
165.7900002	0.519228
167.788000107	0.167601
169.7900002	4.379442
171.801000118	2.831326
173.784000158	0.693006
175.79399991	0.119313
177.7900002	0.610839
179.785000086	0.589275
181.803000212	1.273678
183.799000263	0.709288
185.791000128	2.293174
187.788000107	6.415984
189.784000158	6.438854
191.789000034	6.438854
193.796999931	0.711337
195.795000076	0.306529
197.791000128	0.715322
199.799000263	2.448615
201.796000004	0.353415
203.789000034	1.16479
205.796999931	0.180905
207.798000336	1.082434
209.796999931	0.158868
211.798000336	3.224996
213.791000128	0.014055
215.792000055	0.35872
217.795000076	0.721668
219.787000179	0.011823
221.785000086	1.400938
223.792999983	4.705137
225.799000263	6.692205
227.799000263	4.566646
229.787000179	3.308796
231.789000034	3.059426
233.788000107	3.304885
235.786000013	0.06468
237.791000128	3.885225
239.786000013	0.061787
241.796000004	1.931888
243.792000055	3.128507
245.804000139	0.707028
247.796999931	0.009869
249.796000004	0.269745
251.791000128	0.686688
253.796000004	4.093471
255.787000179	6.273007
257.792999983	1.328332
260.036000013	0.010312
262.043000221	0.010811
264.035000086	3.923301
266.049000025	0.052625
268.043000221	0.10089
270.049999952	0.699325
272.036000013	3.29901
274.038000345	0.028489
276.045000076	6.590438
278.048000097	0.048975
280.036000013	0.718381
282.038000345	6.561081
284.036000013	0.087988
286.046000242	0.012531
288.042000055	6.062853
290.041000128	3.023347
292.049000025	3.484658
294.04700017	0.709608
296.044000149	0.200989
298.039000273	1.79227
300.051000118	0.014252
302.039000273	0.107117
304.056999922	0.700563
306.039000273	0.128557
308.038000345	0.041289
310.041000128	0.724607
312.052999973	4.719991
314.052000046	0.688696
316.038000345	6.560636
318.045000076	0.692928
320.036000013	0.037319
322.041000128	0.0161
324.0400002	1.084226
326.046000242	1.634892
328.039000273	0.705838
330.049000025	2.928421
332.04700017	6.520802
334.045000076	6.479137
336.046000242	6.479137
338.048000097	6.479137
340.054000139	6.546837
342.044000149	0.67329
344.046000242	0.024172
346.052999973	0.401573
348.043000221	0.709664
350.044000149	0.504126
352.036999941	0.704892
354.04700017	2.219335
356.128999949	0.013399
358.046000242	0.113976
360.039000273	6.622658
362.052000046	6.734304
364.296999931	0.373418
366.289999962	0.676113
368.291000128	0.022587
370.315999985	6.640277
372.302000284	0.063253
374.287000179	0.182862
376.296999931	0.605786
378.300000191	6.561556
380.175000191	0.696703
382.296999931	0.098347
384.291000128	1.232056
386.289000034	0.00908
388.335000277	0.042987
390.294000149	0.717297
392.291000128	0.039735
394.302000284	3.332932
396.322000027	0.009864
398.299000263	0.010447
400.296000004	2.159644
402.289000034	0.041823
404.312999964	0.102384
406.301000118	0.049465
408.294000149	0.304987
410.300000191	0.718619
412.304000139	0.008952
414.345000029	0.701386
416.292000055	0.052979
418.299000263	0.022346
420.296000004	0.009256
422.332000017	0.050861
424.289999962	0.71033
426.295000076	0.007602
428.289000034	0.029453
430.318000317	0.046162
432.303000212	0.085906
434.297999859	0.037935
436.289000034	0.051033
438.308000088	0.706325
440.303000212	0.130359
442.292999983	0.028566
444.304000139	0.014233
446.295000076	0.069621
448.292000055	0.010548
450.294000149	0.133673
452.289999962	0.335702
454.292000055	0.355573
456.537999868	3.236249
458.551000118	0.01088
460.543000221	0.667581
462.546000004	0.716599
464.552999973	0.202432
466.543000221	0.046098
468.550000191	0.337164
470.545000076	0.096815
472.542000294	0.718433
474.549000025	0.525907
476.416000128	1.721308
478.552000046	2.006673
480.539000273	2.107566
482.5400002	0.713118
484.543000221	1.060616
486.552999973	0.707071
488.551000118	0.673239
490.552999973	3.035684
492.550000191	0.469085
494.552999973	0.297883
496.545000076	5.380972
498.546000004	0.044072
500.410000086	0.693712
502.550000191	0.487954
504.541000128	2.640121
506.553999901	3.887177
508.54700017	0.274895
510.541000128	0.708919
512.552999973	0.329288
514.552999973	0.014575
516.555999994	0.145312
518.549000025	0.160823
520.544000149	0.721168
522.549000025	0.535408
524.548000097	0.618098
526.552999973	1.503154
528.548000097	2.690325
530.552999973	2.709919
532.543000221	6.169052
534.545000076	1.150532
536.552999973	0.088483
538.552999973	0.117687
540.544000149	3.686229
542.555999994	0.369497
544.544000149	3.645267
546.552000046	0.046109
548.555000067	0.713619
550.545000076	0.027574
552.552000046	0.029319
554.544000149	0.088954
556.552999973	0.104083
558.553999901	0.710003
560.546000004	0.252637
562.546000004	0.288687
564.551000118	0.047079
566.543000221	6.574774
568.552999973	6.595615
570.555999994	0.226933
572.553999901	6.44861
574.549000025	6.612693
576.545000076	3.066138
578.550000191	4.338921
580.555999994	0.076332
582.542000294	0.716759
584.553999901	0.144148
586.541000128	0.172653
588.542000294	2.870461
590.555999994	0.326749
592.551000118	0.715947
594.543000221	0.221312
596.541000128	0.678249
598.549000025	0.423946
600.542000294	1.047412
602.555000067	0.035327
604.549000025	0.271896
606.54700017	0.034344
608.553999901	0.171184
610.551000118	1.34331
612.544000149	0.014275
614.546000004	6.441195
616.553999901	6.408135
618.551000118	0.38799
620.552000046	0.705159
622.546000004	0.016579
624.545000076	0.051031
626.552000046	0.935724
628.543000221	1.222599
630.545000076	0.711721
632.552000046	0.050378
634.555000067	0.209895
636.556999922	0.464345
638.808000088	0.145826
640.553999901	0.710871
642.802000046	6.741027
644.795000076	0.706803
646.804000139	2.933855
648.80700016	0.303984
650.806000233	0.818647
652.805000067	1.483739
654.802000046	0.849898
656.798000336	1.345253
658.801000118	0.560824
660.801000118	0.009167
662.805000067	1.906894
664.791000128	0.713606
666.799000263	0.36957
668.799000263	0.712808
670.800000191	5.94446
672.802000046	0.157657
674.798000336	0.06818
676.800000191	0.045211
678.809000015	0.924058
680.800000191	2.295313
682.796999931	4.693948
684.801000118	0.014341
686.796000004	2.650924
688.809000015	0.698613
690.798000336	0.234564
692.80700016	0.712454
694.796999931	5.812508
696.801000118	0.156685
698.798000336	0.085262
700.805000067	1.254508
702.804000139	3.626777
704.792999983	0.056243
706.804000139	5.359864
708.808000088	0.425574
710.804000139	0.196202
712.800000191	0.714718
714.800000191	6.403508
716.801000118	0.635938
718.799000263	1.664465
720.801000118	3.30522
722.799000263	0.53643
724.80700016	0.102372
726.809000015	0.692653
728.80700016	0.360075
730.798000336	0.290669
732.796000004	2.511053
734.796999931	0.003476
736.798000336	0.715941
738.804000139	0.398114
740.79399991	0.688903
742.798000336	1.964034
744.809000015	0.111482
746.798000336	0.014249
748.802000046	6.518526
750.795000076	1.763867
752.803000212	6.522227
754.799000263	6.350078
756.808000088	6.490473
758.798000336	4.914519
760.79399991	4.914519
762.80700016	4.914519
764.805000067	0.947622
766.808000088	6.385297
768.802000046	6.46162
770.79399991	0.879467
772.800000191	0.820113
774.812000036	0.983265
776.805000067	5.060189
778.802000046	6.409974
780.80700016	0.268149
782.801000118	0.357376
784.808000088	3.514597
786.800000191	5.195047
788.803000212	0.708087
790.806000233	5.699581
792.798000336	5.112879
794.804000139	6.647671
796.809000015	6.629701
798.802000046	0.709689
800.802000046	0.41821
802.803000212	6.447117
804.801000118	5.489636
806.796000004	0.17985
808.804000139	3.39329
810.796000004	6.657473
812.798000336	0.696401
814.808000088	0.029788
816.809000015	0.367674
818.798000336	0.010278
820.806000233	0.315027
822.80700016	3.088582
824.804000139	3.295514
826.800000191	1.004912
828.800000191	2.315046
830.808000088	2.559548
832.795000076	0.704083
834.806000233	0.374183
836.80700016	0.557298
838.802000046	0.546858
840.838000298	0.462624
842.808000088	0.014258
844.803000212	0.185585
846.80700016	0.714406
848.802000046	1.777037
850.920000076	6.669229
853.052000046	0.030256
855.048000097	0.267949
857.051000118	0.716037
859.049000025	3.637771
861.061000109	0.711154
863.059000254	0.464925
865.049999952	0.017181
867.048000097	0.356071
869.058000088	0.025534
871.046000242	0.715367
873.055000067	0.046364
874.921999931	0.713042
877.055999994	0.014786
879.051000118	0.234409
881.046000242	0.730976
883.052000046	0.191886
885.061000109	0.714193
887.054000139	0.009171
889.048000097	0.495143
891.060000181	0.036415
893.058000088	0.375738
895.056999922	3.405093
897.055999994	4.126169
898.918000221	0.713606
901.058000088	0.019434
903.052999973	4.116088
905.055999994	0.014667
907.052000046	2.007283
909.059000254	0.710217
911.049000025	0.437919
913.056999922	0.334367
915.052999973	0.115465
917.058000088	0.140247
919.051000118	0.01081
921.052000046	0.449355
923.054000139	0.010454
925.055999994	0.237223
927.049999952	0.094512
929.054000139	0.768451
931.056999922	2.69712
933.059000254	0.698777
935.059000254	5.5074
937.052000046	4.739022
939.055999994	6.258804
941.052999973	6.591854
943.048000097	5.015296
945.062000275	6.593565
947.052999973	0.007093
949.301000118	1.306316
951.33100009	6.558482
953.297999859	0.013976
955.303000212	1.010974
957.296999931	0.711513
959.364000082	0.383964
