0.0	0.350013
1.11999988556	1.175908
1.29999995232	1.175908
1.57800006866	0.223129
1.84700012207	2.070407
2.02199983597	2.070407
2.23900008202	2.070407
2.99300003052	0.002977
3.44499993324	0.334181
4.49000000954	0.042556
6.492000103	0.03256
8.49099993706	0.064552
10.4689998627	2.805066
12.4900000095	2.245618
14.493999958	2.63754
16.492000103	3.053587
18.4909999371	0.086079
20.509999752	0.420466
22.509999752	2.008977
24.4930000305	2.084954
26.5140001774	2.544403
28.5089998245	2.387115
30.5120000839	2.343697
32.5110001564	2.560137
34.4930000305	2.617818
36.5130000114	2.617818
38.509999752	1.086445
40.509999752	3.809523
42.5140001774	3.809523
44.5120000839	4.208368
46.5169999599	0.072431
48.509999752	4.20027
50.5140001774	3.857746
52.509999752	0.439374
54.5110001564	4.441751
56.509999752	3.534454
58.496999979	2.95909
60.5089998245	0.05183
62.5289998055	0.07247
64.5110001564	0.025158
66.5289998055	3.810386
68.509999752	4.144302
70.5289998055	3.22167
72.5089998245	4.100924
74.5289998055	0.053265
76.5300002098	0.023725
78.5289998055	0.508854
80.5289998055	0.1263
82.5300002098	0.305928
84.5289998055	4.654035
86.5300002098	0.019247
88.5289998055	0.013099
90.5289998055	1.834542
92.5289998055	0.011378
94.5320000648	0.040307
96.5289998055	4.046048
98.5169999599	4.791551
100.549999952	4.527341
102.549000025	4.028241
104.53000021	0.044957
106.516000032	0.351165
108.551000118	3.63913
110.549000025	0.06099
112.549999952	0.618398
114.519000053	0.071562
116.528999805	0.600511
118.549999952	2.574496
120.549999952	2.982814
122.549000025	0.028066
124.549999952	3.612249
126.549000025	0.395149
128.549999952	2.792326
130.523999929	0.469284
132.809000015	1.7034
134.812000036	3.061675
136.812000036	3.585135
138.809000015	2.169286
140.812000036	2.365978
142.809000015	2.365978
144.815000057	3.505732
146.815000057	2.228798
148.809000015	3.196464
150.809000015	3.542965
152.810000181	3.388655
154.832000017	3.373449
156.809000015	4.090165
158.810000181	3.724931
160.815000057	5.064519
162.828999996	1.574255
164.812000036	3.354283
166.832000017	4.625802
168.780999899	0.712814
170.834000111	4.190148
172.832999945	4.958947
174.810000181	4.43075
176.828999996	0.03056
178.80700016	2.641431
180.83100009	3.785773
182.829999924	3.531305
184.83100009	4.330634
186.829999924	3.948285
188.828000069	3.65324
190.828999996	3.65324
192.730000019	3.108041
194.828999996	5.068434
196.828999996	3.614335
198.835000038	3.614335
200.829999924	3.25732
202.852999926	0.343746
204.829999924	2.072726
206.84800005	0.492564
