0.0	1.162595
0.46599984169	2.018885
0.681999921799	2.208884
1.1819999218	2.121199
2.10400009155	0.003599
2.82799983025	0.013628
3.83399987221	0.006603
4.35700011253	1.947287
5.03200006485	0.960359
5.84999990463	0.911456
6.71200013161	1.714339
8.20800018311	1.403627
10.2029998302	0.00486
12.2019999027	1.143419
14.2109999657	0.560138
16.2009999752	0.012251
18.2179999352	1.149544
20.3899998665	0.699394
22.2039997578	1.558812
24.2239999771	0.760606
26.2019999027	1.973859
28.2179999352	0.802374
30.2039997578	0.300455
32.2019999027	2.442025
34.2160000801	0.61756
36.2039997578	2.918442
38.2019999027	2.473841
40.2049999237	1.186546
42.2309999466	0.037699
44.2080001831	1.765311
46.2029998302	1.132306
48.2019999027	0.467272
50.2000000477	1.672507
52.2059998512	1.640661
54.2259998322	0.947301
56.2119998932	1.672371
58.2080001831	0.507807
60.2059998512	2.319745
62.2019999027	2.296603
64.2039997578	3.358225
66.2219998837	0.018532
68.2069997787	0.012961
70.3179998398	2.160179
72.2019999027	2.138625
74.2019999027	1.804933
76.2029998302	0.168633
78.2019999027	0.052452
80.2019999027	1.589866
82.2019999027	0.518
84.2179999352	2.454765
86.2059998512	0.011968
88.2080001831	1.10338
90.2059998512	2.013335
92.2059998512	0.701093
94.2029998302	1.242757
96.2100000381	0.669675
98.3940000534	0.068637
100.223999977	0.392947
102.208000183	0.664669
104.627999783	0.013407
106.451999903	0.671084
108.453000069	0.559894
110.381999969	1.424949
112.451999903	0.202532
114.454999924	0.043392
