0.0	0.257382
0.340000152588	0.480325
0.554999828339	0.419429
0.746000051498	0.597735
1.20800018311	0.550108
1.52600002289	0.522291
1.79800009727	0.598084
2.2539999485	0.038321
2.55399990082	0.640792
3.5750002861	0.609297
5.58100008965	0.477354
7.57800006866	0.57763
10.2920000553	0.58368
11.5840001106	0.458899
13.5850000381	0.211878
15.5960001945	0.1409
17.612000227	0.576021
19.618999958	0.348702
21.5840001106	0.01692
23.5729999542	0.724503
25.5699999332	0.337497
27.5910000801	0.011523
29.5920000076	0.357153
31.5899999142	0.268428
33.5750002861	0.256934
35.5869998932	0.479474
37.621999979	0.387538
39.5529999733	0.556044
41.6210000515	0.561036
43.8250000477	0.01005
45.5840001106	0.583302
47.6040000916	0.423542
49.6530001163	0.034362
51.5899999142	0.237258
53.6089999676	0.359098
55.5739998817	0.020484
57.5760002136	0.459655
60.3299999237	0.010075
61.5880000591	0.629453
63.5750002861	0.685623
65.5820000172	0.90684
67.5850000381	0.137694
69.6050000191	0.020894
71.5980000496	0.326975
73.5810000896	1.00813
75.5889999866	0.928138
77.5850000381	1.101164
79.5820000172	0.962499
81.5940001011	1.235966
83.5800001621	0.7938
85.5929999352	0.603515
87.5899999142	0.92565
89.5880000591	0.286995
91.5800001621	0.900033
93.5850000381	0.03212
95.5760002136	0.706616
97.5869998932	1.363101
103.080000162	0.007717
103.511000156	0.016895
104.601999998	0.101826
106.42599988	0.125874
108.569000006	0.842946
109.585999966	0.809258
111.595000029	0.169666
113.645999908	0.649906
115.583000183	0.889083
117.586999893	0.024779
119.812999964	0.009387
122.467000008	0.055061
123.664000034	0.044513
125.986000061	0.094885
127.984000206	0.262837
129.589999914	0.073206
131.578000069	0.696709
133.588000059	0.009905
135.585000038	0.121568
137.588000059	0.022219
139.67200017	0.949801
141.585000038	0.88578
143.586999893	0.606798
145.84100008	1.037617
147.764000177	1.125137
149.904000044	0.916163
151.845999956	0.02337
155.338999987	0.005244
156.24000001	0.006913
157.857000113	0.399977
159.804000139	0.004874
161.845999956	0.741411
163.947000027	0.258481
165.82400012	0.826329
167.84100008	0.771661
169.839000225	0.433541
171.840000153	0.903786
173.970000029	0.045702
175.833999872	0.74696
177.730999947	0.078156
179.854000092	0.011969
183.51699996	0.001755
183.980000019	0.650478
185.861000061	0.002365
187.825999975	0.228856
189.866999865	0.645739
191.850999832	0.679101
193.832000017	0.249278
196.089999914	0.770822
198.220999956	0.080031
199.868999958	0.884155
201.845000029	0.176028
203.845000029	0.794244
205.97300005	0.400614
207.805000067	0.021028
209.735000134	0.077553
211.828000069	0.06814
213.875	0.804818
215.892000198	0.93201
217.861000061	0.849149
219.83100009	0.124749
221.826999903	0.909662
223.838000059	0.782291
225.832000017	0.38759
227.823000193	0.657543
229.815000296	0.715164
231.711000204	0.881787
233.826999903	0.906053
235.847000122	0.135611
237.736999989	0.075317
239.986999989	0.014672
241.838000059	0.570772
243.836000204	0.624427
246.639000177	0.599993
247.829999924	0.055322
249.952000141	0.003243
251.86500001	0.089084
253.849999905	0.003904
257.282000065	0.556111
258.173000097	0.481404
259.845999956	0.666925
261.852000237	0.043514
263.835000038	0.069432
268.154999971	0.615895
269.144000053	0.619437
270.157000065	0.667859
271.82400012	0.283183
273.840000153	0.828486
275.826999903	0.847233
277.839000225	0.724967
279.845999956	0.647341
281.857000113	0.717642
283.865999937	0.847042
285.839000225	0.635348
287.908000231	0.568819
289.863000154	0.056569
291.978999853	0.039049
295.260000229	0.455138
298.609999895	0.107478
299.786999941	0.170973
300.661999941	0.560331
301.878000021	0.312592
303.868999958	0.059815
305.842999935	0.818586
307.890000105	0.618704
309.832999945	0.058479
311.964000225	0.005578
314.212000132	0.074528
315.993000031	0.182442
318.370999813	0.474058
319.849999905	0.656779
321.937000036	0.809888
323.828000069	0.30149
325.920000076	0.153763
327.950000048	0.008579
329.849999905	0.508509
331.890000105	0.00927
333.845000029	0.564334
335.842000008	0.062392
338.068000078	0.359261
339.84800005	0.034448
341.947000027	0.007097
343.84100008	0.060568
346.021000147	0.011126
347.869999886	0.267594
350.025000095	0.524877
352.029000044	0.200824
355.063000202	0.006082
355.84800005	0.43701
357.853000164	0.616944
359.840000153	0.768925
