0.0	0.034761
0.348999977112	0.536015
0.572999954224	0.879546
0.773000001907	0.086859
0.989000082016	1.250273
1.25500011444	1.420845
1.54300022125	1.459466
1.95100021362	1.642656
3.00500011444	2.192244
3.86999988556	1.782539
6.03799986839	1.196708
7.97500014305	1.353214
9.93899989128	1.159537
12.018999815	0.12586
14.1229999065	3.808405
15.9629998207	0.188013
18.0610001087	0.80047
19.890999794	0.229332
21.9900000095	0.921717
24.0870001316	0.069287
25.9340000153	1.227828
28.0499999523	4.34837
30.1229999065	1.076808
31.9089999199	0.450543
33.9419999123	0.452832
36.0050001144	3.482774
38.0829999447	2.717234
39.9049999714	0.983519
41.9730000496	0.866253
44.0529999733	1.474925
46.0829999447	5.653783
48.1610000134	2.898689
49.9690001011	4.870774
52.0450000763	3.064842
54.1350002289	2.649475
55.9449999332	5.572462
57.993999958	3.326004
60.0680000782	0.861083
62.1419999599	5.878517
63.9850001335	4.515904
66.0699999332	5.207729
68.1750001907	0.196588
69.9830000401	5.086304
72.0790002346	5.155628
74.1700000763	5.052812
75.9809999466	5.223099
78.0810000896	4.664069
80.0240001678	4.848408
82.0099999905	4.819996
84.4049999714	5.303779
85.9290001392	4.322555
88.0029997826	5.522725
90.103000164	2.32779
92.1779999733	4.31931
93.9960000515	1.741733
96.0669999123	3.503454
98.138999939	2.748701
100.213999987	4.95005
102.02300024	4.95005
104.006000042	4.944384
106.183000088	1.024561
108.002999783	4.978904
110.085000038	4.481942
112.162999868	4.778544
113.988000154	4.917559
116.032999992	4.613258
118.072999954	5.072066
120.140000105	4.503084
122.180999994	5.364056
123.986000061	0.048433
126.04700017	5.036371
128.183000088	4.370427
130.178999901	2.488274
132.25	2.633056
134.00999999	0.745022
136.052999973	0.234618
138.088000059	0.415945
140.149999857	0.401073
142.178999901	3.921889
144.258999825	5.10226
146.077000141	1.275641
148.154000044	0.786645
150.223999977	0.014747
152.03399992	0.479592
154.092000008	0.994215
156.141000032	0.017901
158.197000027	0.604054
160.271000147	0.54682
162.062000036	0.819832
164.105999947	0.282857
166.136000156	0.136617
168.16899991	1.392029
170.208000183	3.074683
172.032000065	0.758262
174.121999979	2.33056
176.049000025	4.6799
178.036000013	5.083572
180.127000093	5.678892
182.215000153	0.895759
184.062000036	5.096913
186.145999908	0.616067
188.246000051	0.558047
190.088999987	5.23345
192.177000046	5.754243
194.207000256	5.791192
196.253000021	0.789398
198.058999777	0.017819
200.082999945	2.843161
202.153000116	1.203566
204.215000153	4.62719
206.34100008	4.62719
208.087000132	1.659813
