0.0	0.040014
0.271999835968	0.86018
0.52599978447	0.979702
0.892999887466	0.009078
1.14499974251	0.21469
1.35799980164	0.99612
1.57799983025	0.997024
1.94799995422	0.998586
2.4240000248	0.309078
3.63399982452	0.44231
5.62499976158	0.230105
7.6259996891	1.750101
9.62499976158	1.7275
11.6369998455	2.023912
13.635999918	1.876063
15.631000042	2.311287
17.642999649	2.929169
19.637999773	0.701822
21.6249997616	3.154101
23.6259996891	1.453019
25.638999939	1.963679
27.637999773	1.593101
29.6549999714	1.015801
31.635999918	0.048825
33.6419997215	0.029828
35.637999773	0.411531
37.6669998169	1.696768
39.634999752	0.195291
41.632999897	4.881033
43.6259996891	0.95469
45.637999773	1.237223
47.632999897	2.159495
49.642999649	5.14312
51.6449997425	4.51003
53.6289999485	0.089555
55.6269996166	0.269084
57.6319999695	1.098138
59.6289999485	0.154744
61.642999649	1.339531
63.6269996166	2.751814
65.6529998779	2.034902
67.6259996891	3.163231
69.6369998455	0.595336
71.628000021	0.740763
73.642999649	2.360048
75.642999649	0.130734
77.6269996166	0.862265
79.634999752	0.625448
81.637999773	0.321479
83.6259996891	4.683061
85.628000021	0.23037
87.6419997215	2.44249
89.628000021	0.620892
91.643999815	0.031024
93.628000021	0.477813
95.637999773	0.050474
97.6289999485	0.373528
99.6369998455	5.065137
101.628000021	3.279156
103.628000021	4.70742
105.641999722	1.211184
107.638999939	0.059596
109.650999784	0.282692
111.631999969	3.232243
113.636999846	0.637941
115.653999805	0.198013
117.628000021	4.52693
119.626999617	0.26369
121.626999617	1.3084
123.637999773	0.439864
125.638999939	1.400188
127.642999649	0.152457
129.637999773	1.049072
131.642999649	0.066273
133.635999918	0.074982
135.642999649	0.304536
137.628000021	0.119337
139.626999617	0.164379
141.626999617	1.46038
143.671000004	0.14157
146.007999897	0.035685
147.625999689	0.852126
149.629999876	0.124456
151.631000042	0.237748
153.641999722	0.136059
155.643999815	0.036674
157.628999949	0.013918
159.638999939	0.260029
161.629999876	0.162777
163.634999752	0.491018
165.648999929	0.090142
167.631000042	0.121817
169.643999815	0.125311
171.633999825	0.125378
173.633999825	0.202192
175.882999659	0.543066
177.877999783	0.218736
179.879999876	0.00871
181.880999804	0.053719
183.876999855	0.398395
185.888999939	0.003052
187.877999783	4.842273
189.77099967	0.606806
191.88599968	0.85758
193.88599968	0.359122
195.878999949	1.124906
197.877999783	2.534072
199.884999752	0.087036
201.877999783	0.174615
203.887000084	0.655457
205.881999731	0.418299
207.890999794	0.003319
209.876999855	0.607959
211.888999939	0.502014
213.763999939	2.969448
215.878999949	4.326517
217.877999783	2.394054
219.876999855	0.317987
221.90899992	1.211501
223.882999659	1.103838
225.888000011	1.540535
227.89199996	0.340449
229.888000011	4.710864
231.878999949	3.256546
233.881999731	0.670263
235.893999815	2.613593
237.897999763	4.727765
239.881999731	0.226184
241.876999855	4.197449
243.888999939	3.224405
245.879999876	0.765611
247.883999825	0.07126
249.89199996	0.540742
251.883999825	0.333545
253.876999855	0.091965
255.889999866	3.189536
257.882999659	4.527455
259.887000084	0.825507
261.78399992	3.389792
263.883999825	3.03929
265.877999783	3.03929
267.876999855	0.273083
269.877999783	2.721631
271.875999928	0.393964
273.89199996	3.269314
275.888999939	0.430231
277.877999783	0.622067
279.879999876	1.672517
281.887000084	0.128036
283.875999928	2.976429
285.876999855	0.076422
287.876999855	4.778995
289.896999836	0.639552
291.877999783	4.812234
293.887000084	4.023611
295.876999855	0.051372
297.884999752	0.538382
299.901999712	0.178737
301.883999825	1.381026
303.89199996	3.208919
305.879999876	1.739733
307.878999949	0.109805
309.769999743	0.587255
