0.0	0.123318
0.253999948502	1.841961
0.324999809265	3.846218
0.418999910355	5.097104
0.548000097275	6.953666
0.65099978447	8.775757
0.803999900818	8.775757
0.931999921799	8.25803
2.51699995995	8.437626
4.51699995995	6.430324
6.52399992943	8.48355
8.52199983597	0.422993
10.5179998875	0.280576
12.5229997635	9.401959
14.5199999809	2.640695
16.5299999714	0.882562
18.5160000324	0.097862
20.5169999599	2.061515
22.5169999599	0.485641
24.5169999599	2.345608
26.5229997635	2.679893
28.5169999599	6.40856
30.5190000534	1.448268
32.5179998875	2.441546
34.5169999599	2.043807
36.5179998875	5.130133
38.5160000324	1.416321
40.5169999599	1.971437
42.5179998875	5.201817
44.5179998875	4.551797
46.5199999809	0.258087
48.5160000324	3.93107
50.5160000324	4.395068
52.5160000324	4.647046
54.5239999294	1.64442
56.5169999599	6.851377
58.5190000534	2.135572
60.5190000534	3.763175
62.5199999809	5.264794
64.5179998875	0.827796
66.5279998779	4.226816
68.5169999599	0.151837
70.5160000324	0.74762
72.5179998875	3.047579
74.5160000324	4.963498
76.5190000534	5.407597
78.5209999084	2.549194
80.5179998875	4.818422
82.5199999809	0.00565
84.5339999199	0.118586
86.521999836	1.78749
88.5160000324	0.883968
90.7880001068	3.013479
92.5160000324	3.294614
94.5199999809	3.742569
96.7899999619	2.140075
98.5179998875	4.043773
100.564999819	1.837779
102.788000107	3.293573
104.767999887	4.743927
106.765999794	3.121433
108.792999983	3.308652
110.776000023	2.417204
112.770999908	0.302684
114.788000107	2.679795
116.768999815	4.793098
118.789000034	0.437848
120.792999983	3.061992
122.768999815	3.061992
124.570999861	2.038663
126.78399992	2.537635
128.767999887	2.33447
130.76699996	4.785646
132.799000025	2.044256
134.76699996	4.232916
136.76699996	0.459919
138.788000107	1.831095
140.768999815	2.794072
142.767999887	3.124346
144.785999775	0.29884
146.772000074	2.337911
148.765999794	5.602751
150.789000034	5.195145
152.764999866	2.501271
154.76699996	2.106749
156.784999847	4.733269
158.768999815	2.312763
160.772000074	3.377101
162.794999838	3.254247
164.765999794	2.688819
166.76699996	3.133351
168.78399992	0.245101
170.769999743	2.169311
172.76699996	1.935515
174.789000034	0.919641
176.768999815	0.19471
178.770999908	0.106337
180.789999962	1.725795
182.765999794	1.141295
184.76699996	0.920896
186.815000057	1.042239
188.858999729	5.149326
190.767999887	5.045918
192.785999775	1.99266
194.772000074	4.935827
196.765999794	1.886918
198.789000034	4.851837
200.767999887	0.359505
202.76699996	4.862188
204.792999983	1.850715
206.76699996	4.070959
208.768999815	3.035592
210.815000057	1.83873
212.767999887	0.040784
214.76699996	3.586739
216.789000034	0.005559
218.765999794	5.896538
220.765999794	5.502131
222.794999838	5.502131
224.764999866	1.161531
226.769999743	5.259141
228.788000107	1.470658
230.773000002	2.101189
232.767999887	3.798685
234.791000128	1.656553
236.767999887	2.729612
238.773000002	0.883453
240.821999788	0.003682
242.769999743	1.060171
244.773999929	0.033912
246.804999828	0.058438
248.765999794	0.453687
250.768999815	1.853731
252.789000034	1.638836
254.765999794	1.705535
256.765999794	2.796848
258.789999962	2.03287
260.767999887	2.03287
262.765999794	2.821422
264.786999702	3.425738
266.76699996	3.690404
268.76699996	2.063372
270.789000034	5.338338
272.767999887	4.382795
274.76699996	2.032386
276.812999964	0.100145
278.765999794	2.566529
280.76699996	1.09788
282.791000128	1.828921
284.764999866	3.494591
286.76699996	1.81061
288.789000034	5.833834
290.768999815	4.336352
292.767999887	6.560452
294.821999788	0.516359
296.765999794	2.232931
298.76699996	2.714201
300.789999962	5.334701
302.76699996	2.022974
304.767999887	4.478515
306.797999859	1.621228
308.768999815	0.457873
310.772000074	4.55426
312.818999767	1.474208
314.765999794	0.02512
316.76699996	6.250257
318.796999931	2.526932
320.767999887	4.487675
322.768999815	1.89107
324.792000055	5.373334
326.768999815	0.5792
328.782999992	0.815659
330.794999838	1.212548
332.768999815	3.311524
334.772000074	4.436397
337.016000032	4.46144
339.017999887	5.065467
340.76699996	4.485455
343.019999981	5.213347
345.042999744	7.249091
347.017999887	1.875507
349.016000032	6.798499
351.016000032	2.10058
353.016000032	2.774717
355.017999887	1.313259
357.018999815	4.422577
359.019999981	5.701561
361.018999815	2.947467
363.01699996	6.638973
365.01699996	4.450063
367.016000032	4.197878
369.017999887	2.019624
371.021999836	2.340237
373.016000032	1.574435
375.023000002	1.111478
377.04399991	4.689245
379.016000032	3.829643
381.015000105	3.804371
383.01699996	5.269625
385.017999887	1.602075
387.01699996	4.652012
389.027999878	1.887783
391.017999887	6.525908
393.01699996	0.032182
395.017999887	0.355511
397.020999908	1.594746
399.020999908	1.280377
401.017999887	1.15492
403.017999887	1.410641
405.040999889	3.135237
407.018999815	0.379443
409.021999836	0.847589
411.093999863	1.142778
413.085999966	1.593965
415.128000021	0.091954
417.10800004	0.027395
419.023999929	0.446748
421.089999914	1.054788
423.018999815	2.233743
425.018999815	1.639744
427.016000032	3.791865
429.01699996	3.531165
431.015000105	2.090538
433.016000032	0.088002
435.095000029	5.377953
437.089999914	0.479542
439.092000008	4.138889
441.095000029	0.059145
443.017999887	2.681891
445.018999815	5.614328
447.057999849	5.537077
449.116999865	2.225023
451.059999943	2.93007
453.085999966	5.362317
455.017999887	4.039138
457.017999887	5.850912
459.017999887	4.992236
461.016000032	4.5986
463.017999887	7.194551
465.016000032	7.097859
467.031000137	1.229928
469.097999811	7.418683
471.125	2.903777
473.13499999	2.076181
475.127000093	6.596329
477.128999949	1.0184
479.128999949	0.421166
481.124000072	4.673719
483.121999741	7.208357
485.13499999	0.211527
487.10800004	1.078338
489.01699996	6.402382
491.092999935	5.293257
493.088000059	4.918214
495.016000032	5.652544
497.016000032	5.723144
499.016000032	4.509822
501.020999908	4.007294
503.021999836	2.457843
505.018999815	3.328268
507.01699996	5.742637
509.01699996	4.31213
511.01699996	6.577547
513.016000032	4.654606
515.018999815	3.176216
517.017999887	2.022258
519.016000032	5.07972
521.016000032	5.040205
523.01699996	4.637091
525.024999857	3.397519
527.017999887	1.9388
529.01699996	0.614388
531.016000032	2.223571
533.016000032	1.477085
535.017999887	3.453845
537.01699996	1.907736
539.021999836	2.920731
541.019999981	2.448717
543.017999887	3.807663
545.016000032	3.212312
547.016000032	3.892609
549.01699996	5.547062
551.018999815	2.786822
553.018999815	5.637087
555.015000105	3.402088
557.017999887	6.017794
559.01699996	7.911367
561.016000032	1.870635
563.01699996	6.038736
565.021999836	6.30891
567.015000105	2.158866
569.017999887	4.288709
571.01699996	7.044817
573.017999887	0.408566
575.308000088	7.190296
577.266999722	7.754662
579.016000032	2.232845
581.292999983	3.930081
583.265999794	6.337136
585.266999722	5.474531
587.296999931	8.556692
589.267999887	4.382665
591.273999929	2.217231
593.325999975	5.902141
595.090999842	4.928367
597.268999815	5.862348
599.292000055	3.157686
601.266999722	2.732487
603.284999847	0.040982
605.295000076	3.265914
607.268999815	1.993377
609.266999722	3.01128
611.292999983	1.862235
613.267999887	1.620305
615.265999794	0.105253
617.292000055	0.458089
619.096999884	1.197571
621.267999887	0.064897
623.292999983	0.092557
625.273999929	0.005571
627.265999794	0.775188
629.29399991	0.684102
631.265999794	3.468263
633.265999794	2.527836
635.296999931	2.986157
637.266999722	5.13716
639.268999815	2.521024
641.292999983	4.843318
643.268999815	5.28489
645.265999794	1.664772
647.296999931	4.530858
649.266999722	2.025338
651.265999794	3.252984
653.29399991	3.256669
655.272000074	0.541477
657.268999815	2.380145
659.292999983	6.500796
661.273000002	3.557963
663.265999794	0.965446
665.297999859	0.390726
667.272000074	2.034978
669.265999794	0.120056
671.31799984	3.239994
673.271000147	1.911211
675.265999794	0.126976
677.299999952	0.126795
679.266999722	0.521682
681.269999743	0.053891
683.31799984	0.646416
685.268999815	4.400301
687.268999815	1.903083
689.295000076	2.431869
691.268999815	3.636626
693.265999794	0.478994
695.299999952	1.492099
697.264999866	2.061318
699.265999794	1.050356
701.296000004	1.187673
703.268999815	3.127327
705.268999815	0.628412
707.30099988	2.43528
709.266999722	2.945288
711.265999794	2.014323
713.29399991	5.254293
715.265999794	0.920363
717.265999794	2.52974
719.320999861	5.849759
721.268999815	3.478611
723.273000002	4.305489
725.29399991	4.543437
727.265999794	2.632944
729.265999794	4.197459
731.296000004	1.580958
733.268999815	0.064164
735.265999794	0.174338
737.29399991	0.098411
739.273000002	3.718955
741.266999722	3.918051
743.295000076	2.218324
745.264999866	5.872452
747.264999866	0.054667
749.29399991	2.718498
751.269999743	0.782332
753.267999887	1.731204
755.30099988	0.408495
757.266999722	5.039305
759.265999794	6.17605
761.29399991	3.785302
763.264999866	1.246102
765.265999794	4.570803
767.29399991	6.157743
769.266999722	4.39812
771.271000147	2.152369
773.296999931	1.895717
775.265999794	0.950131
777.267999887	1.026879
779.292999983	6.09573
781.269999743	0.937612
783.265999794	0.25343
785.296999931	3.424897
787.266999722	5.532136
789.268999815	1.803329
791.299999952	0.096612
793.266999722	0.117939
795.265999794	4.228406
797.296999931	0.671063
799.274999857	0.610595
801.265999794	0.005022
803.315999985	1.808643
805.268999815	1.886136
807.265999794	3.011913
809.296999931	4.030776
811.514999866	4.342671
813.264999866	0.005084
815.519000053	2.31584
817.517999887	0.427264
819.269999743	0.185123
821.519000053	0.222298
823.516000032	1.251414
825.516000032	4.119417
827.537999868	1.2705
829.51699996	0.444247
831.519000053	5.542496
833.516000032	6.115101
835.519999981	2.931362
837.519999981	6.698253
839.51699996	7.948764
841.51699996	0.997212
843.516000032	0.537478
845.519999981	1.836441
847.516000032	0.537445
849.51699996	2.337313
851.51699996	5.100903
853.519999981	0.065557
855.519000053	2.739067
857.514999866	1.516936
859.542999983	2.235462
861.51699996	4.394099
863.51699996	3.03545
865.51699996	1.926078
867.516000032	1.773461
869.519999981	1.282452
871.51699996	5.311342
873.527999878	0.757639
875.51699996	1.711637
877.51699996	0.746384
879.517999887	5.377777
881.530999899	2.925759
883.51699996	2.724611
885.519999981	0.191666
887.520999908	1.104247
889.516000032	0.183371
891.514999866	4.85906
893.51699996	1.310819
895.517999887	2.305369
897.51699996	0.920022
899.51699996	0.005451
901.517999887	0.878141
903.520999908	1.734901
905.520999908	0.530276
907.514999866	2.217457
909.525999784	1.714907
911.51699996	3.450243
913.51699996	4.226479
915.516000032	5.02674
917.51699996	4.3751
919.517999887	2.944508
921.520999908	2.082934
923.51699996	5.493008
925.51699996	4.829263
927.524999857	1.920565
929.516000032	4.296885
931.517999887	1.429914
933.51699996	5.608369
935.51699996	4.777241
937.520999908	3.786437
939.528999805	4.862909
941.516000032	2.840282
943.516000032	5.370535
945.516000032	5.811569
947.51699996	6.790248
949.51699996	6.765584
951.519000053	6.058165
953.521999836	7.71828
955.51699996	7.683177
957.514999866	5.80379
959.51699996	1.142838
961.51699996	0.054045
963.514999866	3.912191
965.516000032	5.133806
967.517999887	4.49665
969.519999981	6.78742
971.517999887	6.806915
973.517999887	6.621396
975.516000032	3.815297
977.51699996	7.711389
979.514999866	4.170794
981.517999887	3.806979
983.51699996	4.177277
985.51699996	0.777805
987.519000053	6.84852
989.514999866	2.057738
991.514999866	4.725136
993.514999866	3.324962
995.51699996	7.6925
997.51699996	1.151151
999.521999836	2.250925
1001.51900005	0.102755
1003.52299976	3.806973
1005.51499987	3.169492
1007.51699996	3.561391
1009.51699996	6.188249
1011.5309999	3.05884
1013.51699996	7.234161
1015.51600003	6.884662
1017.51999998	0.295429
1019.52099991	6.28351
1021.51699996	5.371886
1023.52399993	7.075494
1025.51600003	6.057633
1027.51499987	3.065514
1029.51999998	3.799754
1031.51699996	0.211132
1033.52399993	2.670741
1035.51900005	0.132418
1037.51900005	1.195781
1039.51699996	0.518035
1041.53999996	5.36568
1043.51699996	6.319398
1045.51699996	0.73862
1047.51600003	1.978142
1049.51799989	3.195503
1051.51999998	3.812431
1053.52999997	0.026658
1055.51900005	0.135294
1057.51699996	0.672512
1059.51600003	2.003478
1061.51699996	0.222427
1063.76799989	2.427592
1065.51900005	2.66695
1067.51699996	2.575519
1069.77099991	4.294272
1071.79900002	3.818581
1073.76699996	0.73097
1075.76699996	1.874117
1077.81200004	2.860485
1079.76899981	0.017764
1081.76799989	0.184858
1083.83699989	0.302031
1085.77200007	0.363011
1087.76599979	1.117018
1089.58699989	2.252714
1091.77099991	1.208268
1093.76799989	4.052553
1095.79900002	2.293407
1097.76999974	4.615422
1099.76899981	0.5344
1101.79699993	2.295044
1103.76899981	5.090926
1105.77699995	3.290418
1107.79799986	2.672554
1109.77600002	3.922826
1111.77999997	0.52004
1113.56700015	2.114268
1115.76799989	4.386274
1117.76799989	2.210687
1119.79799986	6.322572
1121.76499987	6.508746
1123.76599979	4.350269
1125.76499987	4.39911
1127.76699996	6.082929
1129.76699996	5.148796
1131.76799989	5.642959
1133.76799989	3.71343
1135.76999974	3.135645
1137.80900002	2.090094
1139.76499987	4.153469
1141.76799989	6.913623
1143.79900002	3.014809
1145.76599979	6.645536
1147.76799989	5.777916
1149.82499981	2.078809
1151.77099991	2.072549
1153.76699996	3.341998
1155.80099988	0.524115
1157.76899981	2.108396
1159.76699996	1.858618
1161.79999995	2.04691
1163.76799989	0.684009
1165.76999974	5.988801
1167.76799989	1.731656
1169.76599979	2.788599
1171.76599979	1.083279
1173.79900002	0.825334
1175.76599979	4.314494
1177.76599979	3.094214
1179.81500006	0.04815
1181.76499987	0.654422
1183.76699996	3.159929
1185.79999995	3.398233
1187.76499987	2.962649
1189.76699996	3.305036
1191.79999995	5.935927
1193.76599979	7.172451
1195.76599979	2.225663
1197.76999974	6.131998
1199.76699996	2.259572
1201.76799989	0.376538
1203.80800009	0.234851
1205.76599979	4.493222
1207.76599979	1.246865
1209.79900002	4.662775
1211.76799989	2.964609
1213.76699996	1.65554
1215.79900002	1.747294
1217.76899981	0.809986
1219.76699996	0.064956
1221.81699991	1.698343
1223.76499987	2.356409
1225.76799989	2.366083
1227.80199981	2.429077
1229.76799989	2.078939
1231.76499987	2.440432
1233.82800007	5.933136
1235.76599979	0.772171
1237.76799989	0.089857
1239.79900002	0.155425
1241.76699996	0.00541
1243.76599979	1.969224
1245.79999995	2.651862
1247.76899981	4.852578
1249.76699996	3.137411
1251.80199981	4.35389
1253.76499987	1.952505
1255.76599979	0.128198
1257.79900002	1.984581
1259.76999974	1.362457
1261.76699996	0.43856
1263.80099988	0.804238
1265.76899981	0.39719
1267.76999974	3.630451
1269.79999995	2.199828
1271.76599979	0.464418
1273.76799989	0.179281
1275.80199981	4.112025
1277.76899981	1.397233
1279.76699996	0.24953
1281.79999995	3.867992
1283.76899981	4.030272
1285.77099991	0.062612
1287.82800007	2.167885
1289.76599979	5.168513
1291.76699996	2.175383
1293.79999995	3.102133
1295.82199979	5.099025
1297.79799986	5.154215
1299.80199981	2.454237
1301.76899981	2.454237
1303.76499987	3.024305
1305.80299973	5.356221
1307.76499987	4.812296
1309.76699996	1.153098
1311.76899981	5.215755
1314.01899981	3.075968
1315.76799989	4.165553
1318.01600003	0.441564
1319.81599998	4.778877
1322.0150001	0.591974
1324.01600003	3.833822
1326.01600003	5.923267
1328.0150001	7.729871
1330.01699996	7.51427
1332.01799989	3.968699
1334.01999998	0.475363
1336.01600003	8.183598
1338.01600003	6.936749
1340.01600003	5.369044
1342.01699996	5.369044
1343.81599998	3.723882
1346.01600003	3.1337
1348.01899981	1.069076
1350.01699996	3.727373
1352.01600003	5.457846
1354.0150001	2.143891
1356.0150001	5.951206
1358.01799989	2.61543
1360.01600003	4.595673
1362.02799988	1.174638
1364.01699996	0.196487
1366.02099991	6.804481
1368.01999998	7.912056
1370.01799989	7.049949
1372.01899981	0.123887
1374.01899981	2.088294
1376.01600003	6.31053
1378.01699996	1.226778
1380.01699996	6.868724
1382.02999997	6.102266
1384.01600003	5.331144
1386.01899981	6.76901
1388.02399993	6.76901
1390.01600003	6.76901
1392.01799989	6.76901
1394.01699996	6.684537
1396.01699996	6.062491
1398.01699996	5.029379
1400.01899981	5.366512
1402.0150001	4.126931
1404.02399993	5.456347
1406.01399994	5.801392
1408.01600003	5.525411
1410.0150001	5.583843
1412.0150001	6.131057
1414.01899981	6.990542
1416.01999998	6.990542
1418.01799989	3.118425
1420.01600003	3.118425
1422.0150001	4.498186
1424.01899981	5.715281
1426.01600003	3.765929
1428.01699996	4.442956
1430.02099991	2.247191
1432.02599978	6.818388
1434.01699996	6.818388
1436.0150001	2.568273
1438.0150001	3.510303
1440.0150001	5.222232
1442.01600003	6.395301
1444.01600003	6.395301
1446.01899981	3.030376
1448.01999998	3.808755
1450.01699996	2.356345
1452.0150001	7.240738
1454.0150001	3.551406
1456.01600003	6.976581
1458.01600003	5.293408
1460.03100014	3.338943
1462.01600003	8.39013
1464.02099991	3.788287
1466.01799989	0.058168
1468.01600003	1.041754
1470.01600003	0.448297
1472.01999998	0.581903
1474.01699996	0.27113
1476.01899981	0.928966
1478.03100014	1.049731
1480.01999998	0.233313
1482.01899981	4.466642
1484.0150001	3.218572
1486.0150001	4.07537
1488.0150001	2.91779
1490.01699996	3.3911
1492.01699996	4.699701
1494.01600003	1.925329
1496.01799989	2.292626
1498.01899981	3.006139
1500.01600003	4.460228
1502.01600003	1.228282
1504.01600003	4.528049
1506.01600003	0.005479
1508.01799989	2.015829
1510.01699996	1.851366
1512.01799989	0.073125
1514.01999998	0.318306
1516.01600003	4.760842
1518.01600003	1.963685
1520.01899981	0.523866
1522.0150001	2.782454
1524.0150001	3.988166
1526.01699996	0.51205
1528.01699996	0.005574
1530.01699996	0.228283
1532.01799989	0.312804
1534.0150001	2.483658
1536.0150001	2.847669
1538.01600003	5.13254
1540.01600003	4.551312
1542.01699996	1.85289
1544.02199984	2.590033
1546.01999998	2.11587
1548.02099991	2.181283
1550.03900003	0.276117
1552.01600003	3.068669
1554.01600003	5.428571
1556.30299997	2.370221
1558.26599979	5.890768
1560.01799989	2.581767
1562.3039999	4.419913
1564.01999998	2.907062
1566.26599979	1.958019
1568.26499987	4.734918
1570.26599979	1.37025
1572.26699972	0.242391
1574.26599979	6.456256
1576.26999974	0.105755
1578.26899981	2.800012
1580.30499983	2.06442
1582.26599979	4.503193
1584.26599979	6.62745
1586.26499987	0.484551
1588.26699972	1.605138
1590.26499987	0.150469
1592.26799989	4.234584
1594.26599979	2.223203
1596.26999974	4.279827
1598.3039999	0.062977
1600.11399984	0.906238
1602.26599979	0.878625
1604.26599979	1.057517
1606.26599979	1.556431
1608.27900004	2.700128
1610.26699972	2.121821
1612.26899981	3.047593
1614.26999974	3.826349
1616.26799989	1.978038
1618.26699972	3.549019
1620.26799989	4.809877
1622.26599979	2.257286
1624.27699995	4.597392
1626.26599979	0.479827
1628.26999974	0.062852
1630.26699972	3.574484
1632.26599979	1.055979
1634.26499987	1.545486
1636.26599979	2.945466
1638.26599979	5.204472
1640.26499987	2.480012
1642.27100015	5.384671
1644.26999974	2.270563
1646.27100015	4.918507
1648.26999974	4.148564
1650.26499987	3.366044
1652.26499987	4.881397
1654.26499987	2.168025
1656.26599979	2.189604
1658.26499987	2.964867
1660.26899981	5.997001
1662.26799989	2.320479
1664.33399987	5.740294
1666.26799989	6.228311
1668.26499987	1.655873
1670.26499987	0.032332
1672.26599979	1.241632
1674.26599979	0.187734
1676.26599979	0.078658
1678.26799989	0.005691
1680.26699972	1.200283
1682.26499987	3.400599
1684.26499987	3.346888
1686.26799989	1.802946
1688.26599979	2.195178
1690.26699972	5.012114
1692.26699972	0.060166
1694.273	0.663963
1696.26899981	3.971218
1698.27200007	5.315372
1700.26499987	4.436614
1702.26599979	6.688221
1704.26599979	3.57211
1706.27200007	6.929746
1708.26699972	5.482071
1710.26799989	4.675196
1712.30599976	7.685901
1714.26699972	7.762516
1716.26699972	4.614765
1718.26499987	1.678763
1720.26499987	7.80807
1722.26599979	4.270284
1724.26799989	8.014074
1726.26699972	3.635281
1728.27600002	4.834405
1730.30599976	3.951954
1732.26499987	6.917957
1734.26499987	6.634859
1736.26599979	7.409199
1738.26399994	6.904102
1740.26699972	0.484214
1742.26699972	7.110587
1744.26899981	1.594285
1746.26899981	3.63587
1748.26499987	2.112726
1750.26599979	7.540305
1752.26499987	6.973548
1754.26499987	5.612057
1756.26899981	0.341129
1758.26599979	5.528494
1760.26899981	1.98784
1762.26899981	0.169166
1764.26699972	5.238756
1766.26599979	5.617213
1768.26599979	5.054343
1770.26699972	5.983965
1772.26499987	6.522111
1774.26799989	1.664367
1776.26699972	1.947011
1778.27200007	0.054313
1780.26999974	0.716299
1782.26799989	1.775234
1784.26399994	3.530707
1786.26599979	4.028262
1788.26799989	2.279238
1790.26499987	0.665316
1792.26899981	0.135741
1794.27200007	0.643529
1796.51699996	0.804329
1798.26899981	0.603255
1800.273	2.078745
1802.27100015	2.223518
1804.26599979	0.436391
1806.51499987	4.131467
1808.26499987	2.443754
1810.26899981	0.485051
1812.51699996	0.362271
1814.31900001	2.330784
1816.51600003	0.062201
1818.52899981	5.632278
1820.51499987	0.047321
1822.51699996	2.945852
1824.51799989	3.104572
1826.51699996	6.426766
1828.51900005	3.919584
1830.51600003	2.876233
1832.51499987	5.546774
1834.51499987	0.093554
1836.51600003	0.031614
1838.31799984	1.734362
1840.51600003	2.632727
1842.52499986	4.062051
1844.51900005	1.628626
1846.51699996	0.248615
1848.51600003	0.133287
1850.51799989	1.444647
1852.51600003	3.844455
1854.51699996	6.008769
1856.51600003	0.166565
1858.51799989	0.4076
1860.54399991	0.828209
1862.39599991	0.732264
1864.51600003	2.142441
1866.51600003	0.395459
1868.51900005	7.186449
1870.51499987	3.050404
1872.51600003	1.058901
1874.54199982	4.161329
1876.51999998	7.864134
1878.51600003	2.577179
1880.51600003	0.119007
1882.51399994	0.223313
1884.51699996	0.057453
1886.51499987	1.720244
1888.51600003	0.185466
1890.51699996	1.786135
1892.51799989	4.916166
1894.51699996	2.424357
1896.51600003	4.911936
1898.51499987	4.434236
1900.52099991	5.608467
1902.52799988	2.802241
1904.51600003	3.754275
1906.51900005	4.806078
1908.51600003	0.162518
1910.51999998	2.003844
1912.51600003	5.592532
1914.51799989	4.33148
1916.51799989	6.689959
1918.51600003	5.302971
1920.51699996	7.641291
1922.51699996	3.085364
1924.51600003	0.053567
1926.51900005	1.493343
1928.51799989	0.209599
1930.51499987	0.068302
1932.51600003	7.696653
1934.51600003	2.232271
1936.52699995	6.328041
1938.51499987	6.077194
1940.51499987	2.135693
1942.51999998	7.37658
1944.51600003	6.35577
1946.51699996	6.583866
1948.51600003	3.49094
1950.51499987	6.834026
1952.51499987	4.299165
1954.51499987	5.675449
1956.51699996	6.00404
1958.51600003	4.662631
1960.51600003	4.662631
1962.51499987	7.741979
1964.51499987	2.253269
1966.51600003	2.331556
1968.51600003	7.175997
1970.51699996	4.947992
1972.51699996	7.736793
1974.51799989	4.308394
1976.5309999	1.420111
1978.52299976	5.307076
1980.51600003	7.856755
1982.51499987	5.087984
1984.51600003	7.824892
1986.51600003	7.339652
1988.52099991	5.843759
1990.51999998	1.539746
1992.51699996	5.979081
1994.51699996	2.951692
1996.51600003	3.222249
1998.51499987	2.234968
2000.52999997	4.81924
2002.51499987	6.811562
2004.52799988	4.340754
2006.51699996	4.340754
2008.51999998	7.155491
2010.51799989	7.591087
2012.51499987	3.94375
2014.51499987	7.156643
2016.51699996	5.751616
2018.51699996	6.692892
2020.51799989	7.174027
2022.51499987	6.420464
2024.51499987	7.750377
2026.51999998	6.696469
2028.51799989	7.38946
2030.51699996	6.214762
2032.51600003	2.957345
2034.51799989	4.466092
2036.51499987	4.978474
2038.51699996	0.033973
2040.51600003	4.708432
2042.51699996	4.756864
2044.52599978	2.580867
2046.51699996	1.650972
2048.51600003	2.008032
2050.79900002	1.049141
2052.51600003	0.091486
2054.51699996	1.782238
2056.51699996	3.123186
2058.51799989	3.918514
2060.76599979	2.514101
2062.80099988	2.788416
2064.76799989	2.486123
2066.76599979	2.189758
2068.58199978	4.085384
2070.76899981	4.664606
2072.78499985	5.843332
2074.79799986	1.322067
2076.76899981	0.625846
2078.76699996	0.145177
2080.80199981	1.307082
2082.77099991	3.904512
2084.76499987	3.821799
2086.829	3.869215
2088.76599979	0.067954
2090.76699996	3.608018
2092.6099999	0.132935
2094.76699996	0.125585
2096.76499987	2.451951
2098.79699993	0.506548
2100.76799989	0.219314
2102.76699996	3.268066
2104.79999995	1.933244
2106.76899981	0.102404
2108.77099991	1.300032
2110.8039999	1.307921
2112.76599979	2.599075
2114.77699995	2.599075
2116.56800008	4.164659
2118.76599979	1.351573
2120.76799989	0.302837
2122.81399989	2.153574
2124.76799989	2.462086
2126.76999974	5.455736
2128.79900002	1.550155
2130.76499987	0.030542
2132.76599979	2.965003
2134.79799986	6.822901
2136.76899981	2.134002
2138.76699996	2.921134
2140.80199981	4.840959
2142.77099991	4.632667
2144.77099991	7.316603
2146.80299973	6.022312
2148.76599979	3.671249
2150.76799989	1.766931
2152.796	5.355207
2154.76699996	5.80196
2156.79499984	5.096766
2158.80099988	1.176205
2160.76699996	0.129496
2162.76699996	0.450528
2164.79900002	0.107251
2166.76699996	0.302334
2168.76499987	0.006078
2170.8039999	1.715551
2172.76999974	0.115418
2174.77099991	0.019794
2176.80199981	0.063206
2178.76499987	0.029543
2180.76599979	1.116463
2182.796	0.221847
2184.76699996	0.065689
2186.76699996	1.418506
2188.80700016	1.813652
2190.76999974	2.359291
2192.76999974	3.837135
2194.80499983	3.73402
2196.76599979	4.448756
2198.76799989	1.621443
2200.83100009	5.849001
2202.76699996	2.348577
2204.76899981	0.127397
2206.79799986	5.490107
2208.76799989	2.114154
2210.76599979	2.675471
2212.796	2.131552
2214.76699996	3.358549
2216.76599979	0.209938
2218.80099988	1.202966
2220.76399994	5.196344
2222.76699996	1.83305
2224.79900002	0.961991
2226.76499987	0.47331
2228.76499987	0.950402
2230.79999995	0.184513
2232.76699996	0.127095
2234.76799989	3.83044
2236.80199981	4.078873
2238.76699996	3.340428
2240.76599979	5.689191
2242.79499984	5.437596
2244.76699996	3.744121
2246.76599979	2.106068
2248.79499984	7.263984
2250.76599979	2.818511
2252.76899981	2.577716
2254.79499984	5.914072
2256.76799989	2.277061
2258.77200007	0.059635
2260.80199981	1.782641
2262.76499987	0.12809
2264.76799989	0.130512
2266.80099988	3.324341
2268.76899981	0.60802
2270.76799989	2.082204
2272.80299973	5.864825
2274.76799989	4.417114
2276.76699996	5.406414
2278.80299973	5.145331
2280.76499987	3.686961
2282.76699996	0.267789
2284.80299973	6.239494
2286.76799989	7.315057
2288.76599979	2.514587
2290.79999995	0.101567
2292.76599979	0.736909
2294.76599979	1.720193
2296.796	1.6162
2298.76599979	1.195039
2300.76699996	3.780069
2302.81299996	1.305421
2305.02999997	3.44395
2306.76899981	4.100767
2308.80499983	1.88751
2310.76599979	3.505649
2312.76599979	4.033551
2315.01799989	4.22236
2317.0150001	3.264666
2319.023	4.018163
2321.01600003	4.468255
2323.01999998	4.886653
2325.02199984	5.370953
2327.01399994	5.193543
2329.0150001	4.755146
2331.01600003	4.895487
2333.01600003	5.132055
2335.01600003	4.80095
2337.01899981	4.904617
2339.01799989	5.490203
2341.01999998	4.330006
2343.01600003	6.926314
2345.01600003	7.880915
2347.01799989	6.47038
2349.04399991	5.766794
2351.0150001	4.871096
2353.01799989	2.250906
2355.01799989	3.243727
2357.01699996	7.751117
2359.01600003	7.720244
2361.04099989	6.803345
2363.01399994	7.498937
2365.0150001	0.063739
2367.01600003	8.092734
2369.01799989	1.540134
2371.01699996	6.883602
2373.03600001	7.546268
2375.0150001	4.884143
2377.0150001	3.176831
2379.01699996	5.421779
2381.0150001	5.250203
2383.01699996	0.190881
2385.01600003	5.134597
2387.01799989	4.760182
2389.02099991	4.431066
2391.02199984	2.141263
2393.0150001	4.440115
2395.01600003	6.98938
2397.01600003	5.615864
2399.01799989	7.37673
2401.01799989	3.077032
2403.01699996	6.204823
2405.023	4.965087
2407.01999998	5.612403
2409.0150001	2.34658
2411.0150001	7.360365
2413.01699996	7.304917
2415.01600003	6.83838
2417.023	8.228351
2419.01799989	1.224438
2421.02799988	3.724789
2423.01799989	7.503506
2425.01600003	6.758643
2427.0150001	4.685976
2429.01600003	0.696385
2431.01600003	6.575157
2433.01600003	2.021651
2435.0150001	5.500677
2437.01799989	0.137967
2439.01600003	4.940698
2441.01799989	1.272534
2443.0150001	4.336032
2445.0150001	5.510417
2447.01799989	2.421948
2449.0150001	1.87666
2451.01699996	2.766101
2453.01600003	3.211668
2455.02799988	4.268006
2457.01999998	6.386919
2459.01600003	5.460904
2461.0150001	5.715698
2463.0150001	0.091777
2465.01600003	4.71177
2467.01600003	6.021502
2469.01600003	0.033516
2471.02399993	0.058859
2473.01699996	0.135742
2475.01600003	1.026728
2477.01600003	1.989514
2479.0150001	0.115937
2481.03100014	1.815019
2483.0150001	3.951077
2485.01699996	3.835306
2487.01799989	2.714331
2489.01799989	3.035639
2491.01699996	0.061089
2493.01600003	5.953063
2495.0150001	7.054217
2497.01600003	3.540171
2499.0150001	7.211733
2501.01600003	5.396173
2503.01999998	0.546234
2505.01799989	2.77593
2507.01399994	6.052804
2509.01600003	2.725647
2511.0150001	3.202734
2513.01600003	2.150862
2515.01600003	1.704254
2517.01799989	0.109225
2519.01799989	5.037318
2521.01699996	3.081298
2523.01600003	1.0021
2525.01600003	1.351092
2527.01899981	3.516554
2529.01699996	0.424313
2531.0150001	3.844903
2533.01799989	2.180443
2535.01699996	0.532711
2537.01899981	0.303017
2539.01699996	1.995614
2541.01699996	0.027518
2543.01899981	2.369019
2545.26599979	1.908844
2547.03399992	2.278317
2549.01600003	0.268237
2551.01699996	3.782563
2553.01899981	3.782563
2555.26599979	2.150081
2557.0150001	5.573116
2559.29999995	4.479067
2561.26599979	1.909225
2563.06599975	5.434469
2565.30099988	0.651032
2567.26599979	5.956431
2569.26999974	1.998568
2571.26799989	4.647516
2573.26599979	6.390973
2575.26799989	1.405525
2577.26499987	5.379699
2579.26599979	4.093286
2581.28999996	0.582344
2583.26799989	0.10341
2585.26699972	3.331688
2587.05899978	2.220417
2589.29999995	0.096593
2591.26499987	3.26889
2593.26599979	1.525938
2595.30199981	2.965668
2597.26599979	4.948455
2599.26699972	3.938925
2601.26999974	1.760664
2603.26799989	2.101
2605.26999974	0.109338
2607.30499983	0.071258
2609.26599979	2.314044
2611.11199999	0.032453
2613.26699972	0.100072
2615.26799989	2.519145
2617.26799989	2.350861
2619.30099988	6.24047
2621.26799989	5.51619
2623.26599979	7.186561
2625.31599998	0.02637
2627.28999996	7.28632
2629.26699972	0.525925
2631.30199981	0.005402
2633.26799989	0.026251
2635.26699972	2.044609
2637.26599979	0.359317
2639.26599979	1.234778
2641.26599979	2.299076
2643.26699972	3.843397
2645.26599979	3.57647
2647.26599979	0.031813
2649.30499983	0.298249
2651.26699972	0.100031
2653.28299975	0.428469
2655.30099988	2.041833
2657.26499987	5.450605
2659.26599979	4.28108
2661.26599979	5.400466
2663.26899981	1.412289
2665.26699972	2.119196
2667.26699972	0.28135
2669.26899981	0.005636
2671.26599979	0.112847
2673.30199981	0.22404
2675.26499987	0.23662
2677.26599979	0.122566
2679.26599979	1.621769
2681.26899981	1.209209
2683.26499987	1.863098
2685.29999995	3.059633
2687.27900004	3.108222
2689.26599979	2.136187
2691.26599979	0.259575
2693.26799989	0.128997
2695.26699972	0.313705
2697.26599979	0.027617
2699.26599979	3.195334
2701.26799989	3.420135
2703.30800009	1.146822
2705.26599979	0.437311
2707.26599979	0.667204
2709.26599979	0.201465
2711.26699972	0.062003
2713.26499987	4.04594
2715.30099988	4.705264
2717.26999974	5.605952
2719.26899981	3.376553
2721.30599976	5.874781
2723.26499987	3.522298
2725.26499987	6.381924
2727.26599979	0.030067
2729.26499987	0.05385
2731.26599979	2.828125
2733.26599979	0.911314
2735.26999974	3.808943
2737.26999974	2.278092
2739.26699972	0.362695
2741.26699972	0.142772
2743.26699972	3.442239
2745.29999995	4.045694
2747.27999997	0.185109
2749.26599979	0.569198
2751.30499983	2.202219
2753.26499987	6.351775
2755.26799989	2.825696
2757.26499987	3.121628
2759.26499987	0.028743
2761.26699972	2.03017
2763.26599979	0.375721
2765.26699972	2.008
2767.26899981	0.512284
2769.30800009	0.29392
2771.26499987	0.92754
2773.26499987	2.669192
2775.30099988	0.411027
2777.26599979	1.954907
2779.26599979	0.102906
2781.26499987	0.034268
2783.26799989	2.85747
2785.26999974	3.482731
2787.26599979	3.798406
2789.26899981	4.310851
2791.26999974	2.011381
2793.26399994	0.167217
2795.26599979	1.994656
2797.26799989	1.490821
2799.26799989	1.799627
2801.26799989	2.307769
2803.26599979	1.956854
2805.26899981	3.864133
2807.26499987	1.037778
2809.52999997	3.312357
2811.52199984	2.566037
2813.51399994	3.015191
2815.51799989	2.576813
2817.51699996	0.472189
2819.51799989	5.914699
2821.51499987	7.174307
2823.51699996	7.14873
2825.51399994	6.763673
2827.51499987	0.734599
2829.51499987	0.179779
2831.51499987	0.03449
2833.51699996	1.929322
2835.51999998	1.465078
2837.51600003	0.189042
2839.51499987	2.225189
2841.51600003	0.005594
2843.51900005	2.436133
2845.51699996	0.173675
2847.51799989	0.144948
2849.51799989	2.741775
2851.51799989	1.964178
2853.52499986	4.279297
2855.51600003	2.370301
2857.51499987	2.395156
2859.51600003	4.927963
2861.51600003	0.156266
2863.51499987	3.304612
2865.51699996	0.354532
2867.51799989	2.270848
2869.52099991	1.737681
2871.56399989	1.915437
2873.51799989	0.471797
2875.51600003	0.029062
2877.51600003	3.798574
2879.51600003	0.406755
2881.51900005	3.465225
2883.51900005	0.122411
2885.52699995	0.336766
2887.51499987	0.045767
2889.51600003	3.114722
2891.51499987	0.684655
2893.51399994	2.231052
2895.51600003	6.292057
2897.51799989	4.819675
2899.53399992	2.233227
2901.51799989	4.436057
2903.52099991	2.635781
2905.51699996	3.480525
2907.51399994	0.022354
2909.51499987	2.067492
2911.51699996	4.285072
2913.51499987	7.177735
2915.51799989	0.078789
2917.52499986	0.192169
2919.51399994	2.063549
2921.51399994	4.31929
2923.51600003	0.069852
2925.51600003	1.72331
2927.52799988	3.914992
2929.51499987	3.32562
2931.51600003	7.177933
2933.51900005	2.262696
2935.51499987	8.306659
2937.51600003	0.965132
2939.51600003	0.238322
2941.51499987	0.609474
2943.51600003	0.074943
2945.51600003	1.530331
2947.51699996	0.038177
2949.51999998	0.172203
2951.51999998	1.28
2953.51399994	0.126478
2955.51499987	1.613655
2957.51499987	1.443833
2959.51600003	1.058221
2961.51399994	1.808953
2963.51499987	3.958502
2965.51699996	2.539899
2967.51699996	1.809329
2969.51499987	1.447862
2971.51499987	1.210656
2973.51600003	3.106126
2975.51499987	0.493285
2977.51699996	2.067969
2979.51499987	1.835299
2981.51699996	1.881506
2983.52099991	0.99984
2985.51399994	0.111406
2987.51499987	6.32355
2989.51499987	4.85251
2991.51600003	6.477522
2993.51699996	3.601705
2995.51600003	2.121899
2997.51699996	0.047403
2999.51699996	0.396
3001.51699996	0.691688
3003.51499987	0.620002
3005.51499987	3.31487
3007.51600003	0.049658
3009.51600003	3.478548
3011.51600003	6.207146
3013.51699996	1.719123
3015.51799989	0.37101
3017.54299998	0.124387
3019.51499987	2.040501
3021.51600003	0.267066
3023.51499987	4.837873
3025.51499987	0.321706
3027.51699996	0.226852
3029.51799989	5.066547
3031.54399991	0.121181
3033.51699996	0.421542
3035.51799989	0.032681
3037.51499987	1.527963
3039.51600003	5.031209
3041.51499987	2.587528
3043.51600003	2.880517
3045.51499987	3.694896
3047.51699996	0.196481
3049.51699996	1.901942
3051.52099991	4.505747
3053.76499987	0.153045
3055.51600003	2.151959
3057.51499987	0.331288
3059.76399994	3.589837
3061.80499983	1.4002
3063.51799989	2.139709
3065.76499987	0.458895
3067.76599979	0.936132
3069.76599979	3.700651
3071.76499987	2.930679
3073.76499987	0.061419
3075.76599979	0.047159
3077.76499987	2.127731
3079.76999974	3.194087
3081.57099986	3.025098
3083.76599979	0.39412
3085.76399994	3.733714
3087.76499987	0.96138
3089.76599979	0.136758
3091.76699996	3.006368
3093.76799989	3.342122
3095.76699996	3.216359
3097.76999974	0.928072
3099.76699996	3.796216
3101.76499987	6.465761
3103.76499987	5.485958
3105.61399984	0.220291
3107.77099991	1.475559
3109.76599979	0.154557
3111.76599979	2.029485
3113.76599979	2.699186
3115.76899981	4.448055
3117.76599979	2.301599
3119.76499987	0.15858
3121.82099986	0.045344
3123.76699996	0.087174
3125.76499987	0.664592
3127.76599979	1.765191
3129.76599979	1.760439
3131.77399993	1.030693
3133.76799989	2.345654
3135.76499987	1.719996
3137.76899981	0.262726
3139.76799989	1.714962
3141.76599979	0.061116
3143.76399994	1.67741
3145.76699996	3.319853
3147.76999974	5.197838
3149.76899981	3.379914
3151.76599979	3.892222
3153.76499987	6.595208
3155.76399994	3.592465
3157.76399994	2.482137
3159.76799989	5.639465
3161.76699996	2.325972
3163.76699996	7.465456
3165.76799989	3.656758
3167.76399994	2.608274
3169.76399994	1.135884
3171.76499987	0.224264
3173.76499987	4.058718
3175.76599979	5.842903
3177.76799989	5.842903
3179.76699996	3.078286
3181.76699996	5.214548
3183.76499987	1.884371
3185.76499987	2.66206
3187.76499987	0.164831
3189.76599979	0.705938
3191.76599979	2.729786
3193.76399994	0.659741
3195.76699996	0.659741
3197.77099991	2.785226
3199.77099991	6.502551
3201.76899981	3.783045
3203.76499987	0.064116
3205.76699996	0.235533
3207.76399994	2.105217
3209.76599979	0.435154
3211.77699995	0.139187
3213.76899981	4.840155
3215.76599979	2.639623
3217.76799989	3.706856
3219.76799989	0.027442
3221.76599979	0.181287
3223.76599979	0.98011
3225.76999974	0.023787
3227.76899981	0.573215
3229.76699996	2.413885
3231.76799989	2.457534
3233.76499987	2.600968
3235.76699996	4.388203
3237.76599979	0.364505
3239.76699996	2.66963
3241.76599979	5.739038
3243.76599979	4.845627
3245.76899981	0.620128
3247.76699996	5.629588
3249.76499987	1.38649
3251.76499987	3.598666
3253.76399994	5.998383
3255.76499987	5.998383
3257.76899981	5.987873
3259.76599979	1.795659
3261.76599979	0.029131
3263.76899981	0.644845
3265.76599979	0.166743
3267.7750001	0.034322
3269.76899981	4.106752
3271.76599979	0.151543
3273.76899981	0.156205
3275.76599979	3.423167
3277.78900003	1.767672
3279.77099991	1.88079
3281.76699996	0.194262
3283.76699996	4.576171
3285.76499987	0.229375
3287.76699996	0.271029
3289.77099991	1.383603
3291.76499987	4.61094
3293.76799989	0.135147
3295.76699996	0.746151
3297.77200007	4.658417
3299.76899981	0.106314
3302.0150001	4.4453
3303.76599979	0.061402
3306.04199982	0.355022
3307.76499987	0.241645
3309.76799989	1.481424
3311.85699987	0.581095
3314.01899981	0.17508
3316.0150001	4.081849
3318.0150001	3.410569
3320.04299974	4.246973
3322.01999998	3.670784
3324.01899981	5.254753
3326.01799989	6.130356
3328.01600003	6.027828
3330.01899981	3.228237
3332.01699996	1.775393
3334.0150001	5.945885
3336.03100014	2.033126
3338.02799988	0.068073
3340.01699996	0.467147
3342.0150001	0.132326
3344.03399992	5.674561
3346.01899981	5.564549
3348.01799989	5.457624
3350.0150001	5.288022
3352.01399994	5.472204
3354.01699996	0.03482
3356.02799988	0.03792
3358.01600003	0.085094
3360.01899981	1.792918
3362.01699996	0.267091
3364.01399994	2.985795
3366.01399994	2.364233
3368.0150001	3.89317
3370.0150001	1.953237
3372.01799989	4.255991
3374.01600003	5.127848
3376.01600003	2.70181
3378.01799989	3.28638
3380.01600003	0.922423
3382.02499986	0.234354
3384.01600003	3.778322
3386.0150001	5.146919
3388.01699996	5.282987
3390.0150001	8.435274
3392.01600003	4.433142
3394.01799989	0.465936
3396.01799989	0.004685
3398.01600003	0.392926
3400.01399994	0.113278
3402.0150001	3.203222
3404.0150001	2.113377
3406.0150001	0.183958
3408.01600003	4.956942
3410.02199984	5.678997
3412.01799989	3.62101
3414.01899981	5.596611
3416.0150001	2.604706
3418.023	3.114362
3420.01799989	0.189752
3422.01399994	0.399362
3424.0150001	5.539241
3426.01600003	5.769529
3428.01999998	4.098163
3430.02199984	6.678049
3432.0150001	1.997751
3434.01600003	1.498066
3436.0150001	0.476012
3438.01699996	1.491246
3440.01600003	1.425547
3442.02899981	1.869906
3444.01799989	0.148838
3446.01699996	5.19545
3448.01399994	2.109192
3450.02399993	0.299693
3452.0150001	6.116402
3454.04099989	3.176575
3456.01899981	3.415826
3458.0150001	2.845658
3460.01699996	2.646082
3462.01999998	0.005691
3464.01999998	4.567229
3466.01999998	2.023078
3468.02199984	1.873479
3470.02799988	1.205853
3472.01600003	2.662645
3474.01699996	2.071208
3476.01600003	0.163757
3478.01799989	5.10992
3480.0150001	1.959748
3482.01699996	3.254154
3484.0150001	0.163133
3486.01999998	4.746864
3488.0150001	2.558769
3490.01799989	0.02469
3492.01899981	1.961545
3494.01999998	3.31488
3496.01600003	5.778364
3498.01399994	3.996845
3500.01600003	2.0496
3502.0150001	0.473582
3504.0150001	2.573436
3506.01600003	6.427514
3508.01600003	3.962837
3510.01600003	5.451325
3512.01899981	3.00148
3514.0150001	2.13063
3516.023	3.213422
3518.0150001	4.10489
3520.0150001	0.068945
3522.01899981	6.837689
3524.01999998	2.148072
3526.01699996	3.506295
3528.01799989	0.126717
3530.02099991	0.228168
3532.01399994	3.053752
3534.01799989	4.85583
3536.02099991	3.4752
3538.0150001	2.066166
3540.01899981	1.569602
3542.01699996	2.972729
3544.01799989	0.06273
3546.26599979	3.315962
3548.0150001	2.493733
3550.01399994	5.188207
3552.26499987	4.799621
3554.26899981	1.425466
3556.26699972	0.204577
3558.26999974	1.750906
3560.01799989	1.77592
3562.26699972	0.499069
3564.26699972	0.252005
3566.26499987	0.037153
3568.26699972	1.284106
3570.26599979	3.965878
3572.26599979	5.179102
3574.26699972	3.020989
3576.32299972	4.20447
3578.26599979	2.870111
3580.26699972	3.424186
3582.26599979	3.668364
3584.26499987	2.369598
3586.26699972	1.984115
3588.26699972	4.297895
3590.26599979	5.270696
3592.28199983	2.280775
3594.26999974	5.706454
3596.27100015	5.993377
3598.26699972	0.2748
3600.26999974	5.316894
3602.26499987	3.356044
3604.27900004	2.497199
3606.32099986	2.829711
3608.26799989	0.202361
3610.26699972	2.157602
3612.26499987	5.301074
3614.26499987	4.141943
3616.26499987	3.584158
3618.26599979	5.528236
3620.27100015	0.181581
3622.26599979	2.31476
3624.26799989	3.721072
3626.27399993	5.944838
3628.26699972	3.875819
3630.26599979	4.249363
3632.26599979	0.770665
3634.26399994	6.388195
3636.26699972	6.891112
3638.26699972	4.545305
3640.26699972	7.293332
3642.27100015	4.449653
3644.26899981	5.546536
3646.26699972	4.074024
3648.26499987	2.248178
3650.26499987	4.077507
3652.26699972	3.806306
3654.26599979	3.309345
3656.26499987	4.209302
3658.26799989	4.762879
3660.26899981	7.873938
3662.26499987	2.831964
3664.26399994	0.096576
3666.26599979	4.833858
3668.26499987	2.095008
3670.27999997	5.870884
3672.26799989	5.971928
3674.26799989	5.26621
3676.26899981	3.520986
3678.26699972	6.391534
3680.26599979	7.432586
3682.27200007	4.048482
3684.26499987	7.112827
3686.26599979	6.665091
3688.26699972	2.968387
3690.26699972	6.458841
3692.26899981	6.458841
3694.26599979	5.769426
3696.26499987	7.25032
3698.26599979	7.409754
3700.26599979	3.437398
3702.26599979	5.556623
3704.26599979	0.953169
3706.26599979	2.922154
3708.26899981	6.749754
3710.29399991	4.039804
3712.27999997	5.647445
3714.26599979	7.029974
3716.26499987	5.21847
3718.27100015	4.322177
3720.26799989	7.948133
3722.26499987	5.097515
3724.26599979	4.934047
3726.26899981	6.911764
3728.26499987	7.427872
3730.26599979	5.824882
3732.26399994	7.83001
3734.26499987	0.875391
3736.26799989	4.096345
3738.26599979	8.106895
3740.26699972	5.894774
3742.26899981	4.403934
3744.26699972	3.699292
3746.26399994	0.12824
3748.27699995	6.14907
3750.27100015	0.031595
3752.26499987	4.187943
3754.26599979	2.985115
3756.26799989	6.570925
3758.26899981	0.855952
3760.26599979	2.500591
3762.26599979	5.298641
3764.41099977	7.014824
3766.26799989	5.909869
3768.27200007	7.466638
3770.26699972	6.644017
3772.28399992	6.726361
3774.26899981	7.335625
3776.26699972	5.890595
3778.26399994	1.289862
3780.26499987	1.294363
3782.26599979	2.997929
3784.26599979	0.442255
3786.26699972	3.982711
3788.26799989	2.661085
3790.27100015	4.285432
3792.51699996	5.903589
3794.29399991	6.850268
3796.51499987	0.019141
3798.51600003	5.494901
3800.51600003	1.736286
3802.26799989	2.761016
3804.26399994	0.025102
3806.31699991	2.266221
3808.51999998	3.096122
3810.51600003	5.02003
3812.51600003	3.555716
3814.52399993	5.189964
3816.51699996	1.968134
3818.51600003	6.365934
3820.51900005	4.647317
3822.51799989	3.338946
3824.51799989	3.27142
3826.52699995	0.097644
3828.5389998	5.116248
3830.40100002	3.871541
3832.52599978	5.995381
3834.52399993	4.222104
3836.51999998	0.203861
3838.51900005	0.551965
3840.51900005	3.653299
3842.52499986	2.593474
3844.52099991	4.064255
3846.51499987	0.218559
3848.51600003	3.270899
3850.52499986	3.051427
3852.51999998	5.191582
3854.32299972	4.93048
3856.51600003	1.595518
3858.53999996	5.274244
3860.51499987	3.96217
3862.51799989	4.68226
3864.51399994	3.087882
3866.51399994	2.37597
3868.52099991	5.414417
3870.52599978	6.210046
3872.51699996	0.074841
3874.52199984	2.039809
3876.51499987	3.087284
3878.51499987	2.005706
3880.51900005	1.9613
3882.51499987	1.739363
3884.51499987	2.574196
3886.52699995	0.287975
3888.51699996	1.978792
3890.51999998	3.437284
3892.55100012	0.15957
3894.51600003	3.235218
3896.51600003	0.0845
3898.52499986	6.346966
3900.51499987	0.210388
3902.51499987	4.272169
3904.51600003	4.721204
3906.51900005	3.087289
3908.51699996	2.935745
3910.52699995	5.373393
3912.51399994	3.084191
3914.51699996	5.774776
3916.51699996	0.267911
3918.51799989	1.498632
3920.51600003	6.22635
3922.52699995	4.156169
3924.51799989	4.086067
3926.51399994	5.487818
3928.51900005	2.262391
3930.52999997	6.200552
3932.51499987	4.492763
3934.52099991	5.428492
3936.51499987	5.593184
3938.51699996	6.130597
3940.52299976	4.972297
3942.51600003	4.707999
3944.51600003	6.852515
3946.52099991	7.337001
3948.51600003	6.383604
3950.51499987	5.849452
3952.52599978	5.318237
3954.51600003	6.132454
3956.52099991	2.4263
3958.51900005	6.488727
3960.51600003	4.545366
3962.51999998	6.053579
3964.52099991	4.569078
3966.51499987	5.597072
3968.51499987	5.121074
3970.51699996	2.165863
3972.51699996	0.07728
3974.51699996	2.04098
3976.52599978	2.04098
3978.51600003	1.860467
3980.51600003	5.165087
3982.52099991	3.377827
3984.51499987	6.224029
3986.51799989	6.610526
3988.51799989	7.21617
3990.51799989	6.265417
3992.51499987	5.293462
3994.51699996	3.998396
3996.51900005	6.452283
3998.51399994	1.614469
4000.52599978	3.010565
4002.51600003	5.574854
4004.51600003	2.222436
4006.51799989	2.758339
4008.53699994	7.772258
4010.51499987	2.574284
4012.52599978	3.837
4014.51699996	4.688994
4016.53500009	6.537913
4018.52699995	1.127523
4020.51600003	1.175356
4022.51799989	2.345783
4024.51999998	1.426132
4026.51699996	0.046006
4028.51600003	1.985021
4030.52499986	4.916604
4032.51399994	1.420381
4034.51999998	2.071296
4036.51999998	0.589816
4038.51600003	5.02582
4040.51699996	5.15993
4042.76499987	2.768468
4044.51399994	3.479275
4046.76499987	2.837851
4048.76499987	5.627931
4050.51499987	3.165631
4052.51699996	0.658089
4054.76599979	0.742129
4056.76899981	5.034404
4058.76399994	0.093926
4060.61500001	0.598495
4062.76499987	1.317728
4064.76499987	2.107062
4066.76499987	2.248919
4068.76599979	2.624809
4070.76699996	0.436363
4072.82800007	0.248917
4074.76499987	0.206179
4076.76499987	1.507877
4078.76499987	0.036327
4080.76499987	1.92667
4082.76399994	4.207134
4084.59799981	0.915104
4086.76699996	1.645579
4088.76999974	1.714551
4090.76499987	1.856684
4092.76499987	2.262853
4094.76499987	1.896529
4096.76699996	0.6971
4098.76599979	3.267409
4100.76499987	0.51829
4102.76599979	3.336801
4104.77099991	6.327474
4106.76999974	4.424679
4108.59200001	0.713516
4110.76599979	0.027692
4112.76599979	1.91008
4114.81999993	0.005479
4116.79999995	0.093241
4118.76699996	3.304427
4120.76799989	2.790394
4122.76699996	2.744275
4124.76599979	3.986711
4126.76499987	2.344136
4128.76299977	4.027868
4130.76599979	0.406953
4132.76599979	0.770431
4134.76899981	1.585942
4136.76899981	0.415341
4138.76699996	0.146056
4140.76499987	0.594365
4142.76599979	2.022398
4144.76499987	1.042664
4146.76499987	0.121895
4148.76599979	0.794186
4150.76499987	0.073603
4152.76699996	0.107783
4154.76799989	1.07473
4156.66199994	0.033387
4158.76899981	0.152898
4160.76799989	2.136982
4162.76399994	0.161101
4164.76599979	0.287085
4166.76699996	2.019265
4168.76699996	0.030201
4170.773	3.726407
4172.76899981	1.476259
4174.76399994	0.239754
4176.76499987	1.948418
4178.76599979	5.335163
4180.76699996	0.070968
4182.76599979	0.041864
4184.76599979	1.844689
4186.77200007	2.154237
4188.76799989	2.363509
4190.76499987	1.485128
4192.76499987	3.480284
4194.76599979	4.193017
4196.76499987	2.497438
4198.76499987	4.405127
4200.76699996	4.632185
4202.76799989	0.117161
4204.76899981	2.225663
4206.77899981	0.918834
4208.76899981	1.122915
4210.76499987	1.164668
4212.76499987	5.089528
4214.76599979	2.058117
4216.76499987	5.84171
4218.76699996	1.747537
4220.76599979	0.093806
4222.76599979	0.909961
4224.76699996	2.145185
4226.76499987	0.524836
4228.76499987	0.50262
4230.76599979	0.187152
4232.76699996	2.434049
4234.76599979	1.756748
4236.77899981	0.672814
4238.76599979	0.040791
4240.76499987	1.363786
4242.77799988	1.390642
4244.76899981	0.754867
4246.76499987	2.667361
4248.76399994	2.012146
4250.76399994	5.096281
4252.76699996	3.055666
4254.76799989	1.060214
4256.76499987	2.345983
4258.76399994	0.476176
4260.76499987	5.370149
4262.76399994	2.462458
4264.829	4.317514
4266.76499987	5.929718
4268.76599979	3.956667
4270.76899981	5.960721
4272.76399994	5.051706
4274.76399994	3.746771
4276.76599979	3.610882
4278.76499987	6.825661
4280.76599979	4.26864
4282.76599979	5.108846
4284.76599979	5.108846
4286.76699996	4.532743
4288.76499987	2.483357
4290.76599979	1.213517
4293.02099991	3.340938
4294.76499987	2.440207
4296.76599979	4.838321
4298.79200006	2.43578
4301.01600003	0.105454
4302.76799989	3.352169
4305.03100014	2.380045
4307.01600003	2.583107
4309.01399994	3.515353
4311.02199984	5.309749
4313.0150001	6.887429
4315.01399994	3.520556
4317.03200006	4.215214
4319.01799989	7.978825
4321.01899981	0.448418
4323.02099991	2.379761
4325.01399994	6.419219
4327.0150001	6.756514
4329.02099991	6.188628
4331.0150001	0.568329
4333.01799989	6.12572
4335.02499986	2.071146
4337.01600003	1.871515
4339.01399994	2.774715
4341.02699971	3.09925
4343.0150001	6.271056
4345.01399994	2.88871
4347.03399992	6.288768
4349.01399994	7.366808
4351.01999998	3.030896
4353.02999997	3.030896
4355.01799989	4.506176
4357.01399994	5.120155
4359.03399992	6.206645
4361.01399994	6.720273
4363.01600003	2.481272
4365.023	6.645059
4367.01899981	0.340351
4369.02499986	5.796103
4371.02599978	6.02184
4373.01399994	5.545993
4375.01399994	6.306706
4377.02899981	7.987089
4379.01600003	0.140396
4381.01600003	5.453489
4383.02699971	7.787936
4385.01799989	7.684639
4387.01799989	6.565962
4389.02199984	8.33889
4391.0150001	7.352459
4393.01600003	3.863374
4395.02699971	6.901365
4397.01699996	0.113872
4399.01799989	0.073777
4401.02799988	1.924706
4403.01600003	4.95193
4405.01399994	3.305081
4407.02899981	1.864422
4409.01399994	0.683387
4411.01899981	4.209135
4413.05299997	0.085854
4415.01600003	0.680438
4417.01699996	1.78343
4419.02799988	2.778294
4421.01600003	2.739247
4423.01600003	3.503519
4425.02399993	0.155171
4427.0150001	2.033337
4429.01399994	1.358986
4431.02999997	1.837606
4433.01600003	2.839653
4435.01699996	0.177794
4437.03100014	0.289495
4439.0150001	2.325774
4441.0150001	0.253005
4443.05299997	4.452183
4445.01600003	1.073151
4447.0150001	4.103967
4449.03399992	3.16145
4451.01600003	1.938887
4453.01699996	0.005093
4455.02699971	0.005584
4457.01399994	0.362135
4459.01600003	4.951031
4461.02499986	0.018822
4463.02499986	1.671042
4465.01600003	0.967681
4467.03499985	3.032976
4469.02199984	0.084067
4471.0150001	0.411948
4473.02499986	0.034171
4475.01799989	1.966599
4477.01399994	2.376217
4479.02399993	0.177956
4481.02199984	2.275718
4483.04299974	1.91383
4485.03399992	6.107722
4487.0150001	5.470027
4489.01399994	4.541247
4491.02399993	3.472634
4493.01600003	4.215891
4495.01799989	6.093774
4497.02499986	2.480768
4499.01600003	2.052714
4501.01699996	3.623156
4503.03499985	1.012156
4505.01399994	0.283543
4507.01399994	2.727479
4509.02899981	6.161521
4511.0150001	4.557841
4513.0150001	2.715805
4515.03200006	4.690562
4517.01899981	1.243287
4519.01699996	3.104389
4521.02799988	0.593909
4523.01799989	0.838043
4525.01899981	0.113452
4527.02799988	2.383495
4529.01600003	5.345213
4531.01799989	5.785688
4533.03399992	4.123511
4535.0150001	6.750953
4537.01399994	4.709378
4539.02899981	0.025684
4541.01399994	4.885164
4543.0150001	1.000156
4545.03100014	2.686389
4547.0150001	0.020642
4549.01600003	4.457232
4551.26799989	1.966599
4553.01300001	3.003884
4555.06299996	4.22243
4557.26599979	1.9457
4559.26799989	3.409706
4561.26499987	2.962209
4563.26599979	5.3839
4565.26899981	5.070888
4567.26699972	5.793839
4569.26499987	4.418073
4571.26399994	4.43212
4573.26399994	0.933892
4575.26499987	4.046038
4577.26599979	0.662493
4579.06499982	5.310703
4581.26499987	0.749385
4583.26899981	0.030243
4585.26799989	3.882731
4587.26599979	0.058697
4589.26499987	1.040544
4591.26599979	4.170609
4593.26599979	0.284415
4595.26499987	4.923452
4597.26599979	5.237801
4599.27100015	5.690434
4601.27100015	6.046046
4603.11799979	0.09037
4605.26499987	5.188153
4607.26499987	4.730941
4609.26599979	4.49864
4611.26599979	5.880662
4613.26599979	1.396191
4615.26799989	3.777254
4617.27100015	2.316172
4619.26499987	0.0051
4621.26499987	3.251745
4623.26799989	1.076537
4625.26599979	1.127169
4627.26699972	1.972913
4629.26699972	0.217417
4631.26799989	0.262675
4633.26599979	0.155459
4635.26399994	1.44521
4637.26599979	0.098086
4639.26599979	3.111654
4641.26499987	1.350336
4643.26499987	2.683163
4645.26499987	3.739041
4647.26999974	2.217457
4649.26999974	4.234692
4651.26799989	2.367524
4653.26599979	5.627128
4655.26599979	2.69429
4657.26499987	1.98336
4659.26699972	4.060084
4661.26599979	3.778486
4663.26599979	0.060374
4665.26799989	3.867992
4667.26799989	4.838581
4669.26499987	0.074402
4671.26300001	4.010802
4673.27499986	0.451271
4675.26599979	2.596267
4677.26499987	3.980938
4679.26599979	4.767078
4681.26699972	4.959856
4683.26699972	2.056284
4685.26399994	1.24319
4687.26499987	0.926599
4689.26599979	1.371979
4691.26499987	0.005171
4693.26599979	2.510847
4695.26799989	0.679984
4697.26699972	3.393292
4699.26699972	3.025347
4701.26599979	2.330167
4703.26699972	3.801481
4705.27100015	4.241097
4707.26499987	2.956826
4709.26599979	2.038725
4711.26599979	4.760394
4713.26699972	3.480769
4715.26799989	4.987835
4717.27100015	4.73603
4719.26399994	1.984711
4721.26399994	5.866266
4723.26399994	4.602613
4725.26499987	3.81592
4727.27100015	6.587703
4729.26799989	4.57999
4731.26599979	5.229085
4733.27200007	6.943542
4735.26599979	0.308124
4737.26499987	0.620441
4739.26499987	4.033426
4741.26399994	0.036021
4743.32800007	4.924878
4745.26499987	1.740955
4747.26699972	0.525399
4749.26799989	1.00917
4751.26599979	5.147224
4753.26499987	0.362589
4755.26499987	2.883944
4757.26599979	1.433352
4759.26699972	2.700576
4761.26399994	2.299064
4763.26599979	0.10117
4765.26699972	0.528654
4767.26399994	0.557888
4769.26599979	0.174483
4771.26599979	2.070214
4773.26499987	3.789844
4775.51399994	2.23939
4777.26399994	0.059935
4779.26999974	0.549967
4781.51999998	3.889301
4783.52799988	7.691762
4785.51399994	4.443212
4787.51399994	2.37396
4789.53500009	7.650159
4791.51499987	1.667669
4793.51499987	0.030805
4795.52799988	2.676021
4797.51900005	3.841528
4799.52099991	6.34398
4801.53200006	4.700843
4803.51499987	6.470193
4805.51499987	4.876495
4807.53200006	3.911614
4809.51699996	5.501362
4811.51799989	2.120179
4813.52799988	3.865963
4815.51699996	2.16
4817.51600003	6.451971
4819.5309999	0.209067
4821.51600003	5.877522
4823.51600003	0.28568
4825.53500009	0.860896
4827.51799989	0.119832
4829.51900005	0.030454
4831.53200006	0.120596
4833.51399994	0.683713
4835.53600001	2.321575
4837.53200006	1.691818
4839.51300001	1.975598
4841.55200005	4.17914
4843.53200006	3.148848
4845.51600003	5.433872
4847.51699996	5.377102
4849.5309999	3.948193
4851.51499987	3.336684
4853.51600003	0.418608
4855.53500009	0.451612
4857.51499987	1.227326
4859.52199984	1.418634
4861.54599977	1.533299
4863.51900005	5.17999
4865.51799989	2.936594
4867.53999996	4.538916
4869.51399994	1.333742
4871.51499987	2.963584
4873.55900002	2.146122
4875.51600003	2.26713
4877.51900005	3.668454
4879.53200006	2.755852
4881.51699996	1.907815
4883.51900005	5.63522
4885.5309999	1.693504
4887.51499987	0.059358
4889.52999997	0.033344
4891.53500009	0.177008
4893.51699996	0.516865
4895.52099991	1.887099
4897.53699994	0.005152
4899.51499987	2.639363
4901.51499987	2.090485
4903.56099987	4.101837
4905.51499987	1.81626
4907.51600003	2.506767
4909.53500009	3.380868
4911.51699996	1.435272
4913.51900005	1.520494
4915.53699994	3.446809
4917.51499987	0.044236
4919.52799988	3.201251
4921.53799987	2.033422
4923.51300001	1.032126
4925.51499987	4.144049
4927.53799987	2.466
4929.51600003	1.243015
4931.51399994	0.624015
4933.53500009	0.177755
4935.51600003	0.62906
4937.51600003	0.297526
4939.54099989	0.463415
4941.51399994	1.035503
4943.51499987	0.158136
4945.54199982	1.836666
4947.52299976	1.419329
4949.51499987	0.03601
4951.5619998	0.005585
4953.51499987	0.078507
4955.51999998	0.043167
4957.53999996	0.4677
4959.51699996	2.286245
4961.51600003	1.634311
4963.53500009	0.069573
4965.51600003	1.095586
4967.51499987	2.217882
4969.5309999	0.076022
4971.51499987	2.584944
4973.51999998	1.935952
4975.5389998	2.753091
4977.51699996	0.993998
4979.51799989	1.012051
4981.53999996	1.510345
4983.51499987	5.149302
4985.51499987	4.331815
4987.55999994	6.435777
4989.51799989	6.931851
4991.51399994	2.694018
4993.53399992	0.227351
4995.52099991	0.22053
4997.52499986	1.135686
4999.53999996	1.888467
5001.51399994	4.944502
5003.51499987	3.98206
5005.53999996	1.945687
5007.51699996	0.033233
5009.51699996	2.188057
5011.56700015	4.116316
5013.51699996	0.252564
5015.51399994	0.032678
5017.53399992	0.114917
5019.76399994	0.184325
5021.51600003	5.037299
5023.5309999	0.18413
5025.51399994	4.374531
5027.76999974	0.081231
5029.76699996	0.152256
5031.52999997	0.356905
5033.76799989	5.916934
5035.77099991	3.18533
5037.76499987	3.18533
5039.76499987	4.656914
5041.76499987	3.688371
5043.76499987	2.207153
5045.76899981	2.066384
5047.76499987	0.625923
5049.5619998	2.068926
5051.76899981	0.263069
5053.76499987	0.353503
5055.76499987	2.171577
5057.76499987	4.731849
5059.76499987	4.731849
5061.76899981	4.364892
5063.77899981	5.403169
5065.76299977	3.531237
5067.76399994	0.638301
5069.76699996	2.594982
5071.76599979	5.2051
5073.56800008	1.897821
5075.76799989	1.138791
5077.76699996	3.815243
5079.76699996	1.881224
5081.76599979	1.615676
5083.76499987	4.43286
5085.76499987	2.665264
5087.76599979	0.923646
5089.76399994	4.015939
5091.76499987	3.033364
5093.76899981	3.706752
5095.76799989	3.47637
5097.76699996	1.863235
5099.76499987	3.594083
5101.76599979	0.529605
5103.76399994	0.079362
5105.76699996	0.029434
5107.76699996	0.136147
5109.76599979	0.305086
5111.76899981	0.632214
5113.76399994	1.171126
5115.76699996	1.174462
5117.76499987	0.039268
5119.76499987	1.649397
5121.76599979	5.457359
5123.76799989	3.231511
5125.76699996	2.290247
5127.76699996	1.957214
5129.76599979	0.938618
5131.76499987	3.510202
5133.76599979	1.089038
5135.78399992	4.20481
5137.76499987	0.104215
5139.76399994	1.114073
5141.76699996	0.209037
5143.76599979	0.386803
5145.76899981	0.35341
5147.76399994	0.205487
5149.76399994	3.107062
5151.76399994	3.359544
5153.76599979	2.631072
5155.76399994	4.21949
5157.76599979	2.820274
5159.76899981	3.721358
5161.76799989	2.65872
5163.76299977	2.053936
5165.76399994	6.170171
5167.77399993	2.781673
5169.76599979	6.328751
5171.76599979	2.514801
5173.76699996	6.643894
5175.76899981	2.120863
5177.76899981	5.79306
5179.78499985	1.376378
5181.76599979	1.953392
5183.76499987	1.61358
5185.76399994	2.340652
5187.76599979	5.195757
5189.76599979	0.121906
5191.76699996	3.286733
5193.77699995	0.233403
5195.76999974	2.791998
5197.76699996	0.025252
5199.76399994	5.842732
5201.76599979	4.380934
5203.76599979	3.674063
5205.76799989	3.233138
5207.76499987	5.605038
5209.76799989	3.249204
5211.77200007	6.764109
5213.76599979	4.412535
5215.76499987	0.326739
5217.76599979	5.805158
5219.76399994	2.578147
5221.79399991	2.550384
5223.76599979	6.400738
5225.76499987	5.044104
5227.76699996	2.189209
5229.76699996	6.515616
5231.76599979	5.21003
5233.76399994	5.185435
5235.76399994	6.166054
5237.76599979	0.841147
5239.76499987	0.930861
5241.76799989	0.991543
5243.76799989	6.156029
5245.76899981	3.75942
5247.76599979	5.163232
5249.77899981	0.962392
5251.76599979	2.044342
5253.76599979	3.46357
5255.76499987	0.945485
5257.76499987	0.036315
5259.76699996	5.272398
5261.76599979	1.211196
5263.78399992	0.08381
5266.01799989	0.03498
5267.76499987	1.910182
5270.0150001	1.62622
5271.76899981	0.387106
5273.76599979	3.670305
5275.76699996	5.314938
5277.77200007	5.314938
5279.81999993	5.175344
5281.76399994	2.1404
5284.0150001	1.649165
5286.03600001	5.577013
5287.76499987	0.207227
5289.76699996	4.536435
5292.04599977	5.3618
5294.01799989	1.864126
5296.0150001	7.14984
5298.05500007	0.532783
5300.01899981	4.382525
5302.01399994	0.031691
5303.89799976	2.798267
5306.01600003	4.637722
5308.01699996	6.547538
5310.03999996	7.016903
5312.01799989	8.089161
5314.01399994	0.152716
5316.03999996	3.069595
5318.01600003	3.069595
5320.0150001	1.835488
5322.04299974	2.145979
5324.0150001	1.351376
5326.01899981	0.202779
5328.03600001	2.001807
5330.0150001	0.495362
5332.0150001	1.505007
5334.04199982	5.665597
5336.01699996	1.627488
5338.02799988	0.086354
5340.04099989	0.070964
5342.02099991	0.408133
5344.01799989	0.116249
5346.03600001	0.273806
5348.01600003	1.95231
5350.01399994	3.777977
5352.03499985	2.733794
5354.01799989	4.629302
5356.01399994	2.390255
5358.03600001	4.73219
5360.01899981	2.249749
5362.0150001	0.088489
5364.04199982	3.050383
5366.01399994	5.281068
5368.01399994	2.869536
5370.03900003	0.35157
5372.0150001	2.83703
5374.0150001	1.511295
5376.05099988	1.975243
5378.01399994	4.577847
5380.0150001	4.87542
5382.0710001	1.019979
5384.0150001	4.269618
5386.0150001	2.125129
5388.04399991	2.117828
5390.01799989	2.562752
5392.01799989	0.058026
5394.04099989	0.298085
5396.01699996	0.037415
5398.01399994	1.970374
5400.0480001	2.236869
5402.01799989	3.312987
5404.0150001	1.437458
5406.05200005	4.983937
5408.01699996	0.108035
5410.01399994	1.998466
5412.06999993	3.04612
5414.01600003	5.139117
5416.0150001	2.102444
5418.03699994	1.929118
5420.01799989	0.487122
5422.01600003	0.052898
5424.04199982	0.15643
5426.01999998	0.390047
5428.03499985	0.161232
5430.04499984	2.040429
5432.01600003	3.783176
5434.0150001	1.985173
5436.04399991	4.456
5438.01699996	2.074614
5440.01699996	5.40566
5442.07200003	2.866759
5444.0150001	1.83242
5446.01399994	0.172094
5448.04399991	1.184051
5450.0150001	1.959736
5452.0150001	0.319118
5454.03999996	0.220871
5456.0150001	4.732899
5458.01699996	2.633325
5460.04700017	3.231889
5462.01399994	5.549107
5464.01399994	2.441692
5466.03799987	5.434116
5468.0150001	4.801622
5470.01699996	4.569843
5472.03699994	3.923868
5474.01799989	5.781977
5476.01399994	1.662365
5478.04099989	6.188999
5480.0150001	0.081345
5482.01399994	1.986888
5484.04099989	5.274565
5486.0150001	2.007128
5488.0150001	3.007552
5490.04999995	0.028474
5492.01600003	5.772679
5494.01399994	1.861753
5496.04399991	3.784928
5498.0150001	4.684651
5500.01699996	2.187311
5502.06800008	4.642447
5504.0150001	7.265628
5506.01600003	4.382152
5508.04900002	6.56034
5510.01600003	4.231224
5512.01399994	6.842584
5514.04199982	4.268699
5516.0150001	6.612654
5518.0150001	1.967171
5520.04499984	1.217379
5522.04499984	3.35517
5524.01999998	3.457273
5526.04299974	5.63831
5528.01699996	2.409763
5530.26399994	3.580775
5532.04399991	2.892701
5534.01399994	6.372985
5536.26799989	0.974082
5538.26699972	7.668208
5540.26799989	4.989388
5542.26399994	4.87419
5544.26399994	4.385491
5546.26799989	7.145645
5548.26699972	4.16096
5550.26699972	6.955997
5552.26499987	5.144782
5554.26499987	7.773258
5556.26699972	7.931543
5558.29200006	5.473377
5560.26499987	4.188823
5562.26499987	5.409713
5564.26300001	7.343566
5566.26399994	4.65885
5568.26499987	4.536856
5570.38499999	6.368475
5572.26599979	6.368475
5574.26599979	5.014098
5576.26699972	8.792135
5578.26499987	8.203052
5580.26399994	0.025255
5582.26599979	8.197279
5584.26499987	8.197279
5586.26699972	7.258886
5588.27100015	6.869967
5590.27200007	2.807861
5592.26499987	0.301939
5594.26799989	7.991835
5596.26799989	8.104241
5598.26699972	4.089661
5600.26499987	7.704387
5602.26499987	6.055001
5604.26499987	7.724098
5606.27200007	6.108792
5608.26599979	3.172202
5610.26699972	4.210176
5612.26399994	6.526408
5614.26399994	4.037346
5616.28399992	7.252924
5618.26499987	6.697598
5620.26499987	5.09636
5622.26999974	7.436245
5624.26799989	5.638002
5626.26399994	7.149385
5628.26399994	5.904472
5630.26499987	6.889234
5632.27399993	7.860682
5634.26899981	8.11716
5636.26799989	5.230959
5638.26499987	5.565425
5640.26899981	2.064638
5642.26899981	7.17022
5644.26499987	1.924335
5646.26399994	2.042846
5648.28499985	0.439137
5650.26599979	5.107659
5652.26499987	0.023242
5654.26899981	0.917455
5656.26699972	0.337221
5658.26399994	0.508462
5660.26399994	1.968134
5662.26399994	0.434296
5664.26399994	3.451833
5666.26499987	6.039254
5668.26899981	1.153145
5670.26999974	0.174421
5672.26699972	4.886427
5674.26699972	0.149209
5676.26499987	0.082205
5678.27200007	1.928841
5680.26499987	5.540765
5682.26599979	2.585881
5684.28199983	1.400983
5686.26699972	2.684991
5688.26799989	0.209571
5690.26799989	3.611649
5692.26499987	3.571288
5694.26399994	0.109062
5696.26399994	0.971574
5698.26699972	0.005299
5700.26699972	5.324325
5702.26699972	5.524434
5704.26599979	4.44187
5706.26899981	3.864255
5708.27200007	6.002763
5710.26599979	2.437172
5712.26599979	0.13388
5714.26599979	0.283977
5716.26699972	1.406082
5718.26699972	0.185469
5720.26699972	0.341966
5722.26699972	1.364336
5724.26499987	0.918162
5726.26399994	3.157051
5728.26599979	0.508501
5730.26499987	4.114005
5732.26799989	0.056922
5734.26499987	0.004928
5736.26499987	0.288993
5738.26899981	1.719503
5740.26699972	2.548926
5742.26399994	3.871519
5744.26399994	0.945409
5746.26399994	4.152941
5748.26899981	3.901562
5750.26599979	0.761177
5752.26699972	0.311828
5754.26699972	0.05597
5756.28699994	4.836454
5758.26499987	2.631541
5760.26499987	0.329415
5762.26499987	4.10522
5764.26499987	5.21234
5766.26399994	0.915699
5768.31900001	4.344204
5770.27100015	0.418687
5772.26799989	0.465501
5774.26499987	0.52318
5776.54699969	0.033928
5778.26399994	3.249903
5780.51600003	1.694014
5782.54399991	1.036321
5784.26499987	2.08941
5786.51600003	0.06155
5788.54499984	3.4604
5790.52299976	4.632301
5792.51399994	0.281717
5794.5539999	0.342586
5796.51499987	3.135116
5798.36199975	0.062015
5800.54599977	2.470584
5802.51600003	3.423965
5804.51699996	0.039552
5806.55499983	0.005489
5808.51399994	0.417531
5810.51499987	0.259637
5812.54900002	1.568297
5814.51499987	1.217118
5816.51499987	4.606626
5818.55200005	2.793797
5820.51900005	3.783428
5822.31399989	5.596289
5824.54900002	2.387254
5826.51999998	1.93637
5828.51499987	2.297335
5830.54699969	1.104472
5832.51399994	0.071133
5834.51600003	2.676442
5836.54900002	4.216798
5838.54199982	0.005284
5840.51600003	0.490465
5842.54999995	0.284391
5844.51399994	0.153631
5846.56999993	0.250882
5848.54199982	2.488734
5850.51399994	2.213999
5852.51600003	1.932432
5854.54399991	3.672733
5856.51300001	4.47308
5858.51399994	3.123801
5860.54900002	6.026852
5862.51699996	5.467985
5864.51600003	4.788312
5866.54999995	4.031719
5868.51499987	5.340812
5870.45099974	0.06514
5872.54599977	0.079097
5874.51499987	0.105171
5876.53500009	0.128499
5878.5480001	0.183766
5880.51499987	0.928595
5882.51499987	0.095025
5884.54999995	0.068282
5886.51600003	0.686431
5888.51499987	2.300068
5890.54699969	1.553244
5892.51699996	0.00575
5894.51499987	0.075308
5896.54299998	1.221548
5898.51499987	0.702149
5900.51699996	1.930237
5902.54399991	1.560979
5904.54099989	1.749106
5906.51399994	1.897998
5908.55499983	1.270361
5910.51600003	0.703282
5912.52199984	3.044533
5914.5480001	0.366844
5916.51699996	0.09293
5918.51799989	0.065917
5920.55100012	0.832602
5922.51399994	0.005635
5924.52599978	1.804403
5926.55100012	0.438787
5928.51399994	1.604217
5930.51499987	0.20408
5932.54999995	0.170377
5934.51699996	1.070827
5936.51600003	0.073819
5938.54699969	1.696764
5940.51399994	0.208038
5942.51900005	2.428789
5944.54999995	0.097157
5946.51699996	0.221995
5948.51399994	1.830816
5950.54999995	4.339432
5952.51699996	3.678034
5954.53999996	5.091736
5956.54900002	0.166587
5958.51399994	4.979463
5960.51399994	0.526641
5962.54699969	0.056817
5964.51399994	2.2625
5966.51699996	2.2625
5968.55100012	2.2625
5970.51799989	1.519953
5972.51699996	1.972752
5974.5480001	0.53408
5976.51399994	0.673097
5978.51499987	3.403245
5980.58199978	0.43539
5982.51600003	3.645281
5984.52199984	4.27183
5986.57799983	0.441429
5988.51399994	2.986353
5990.51600003	1.30476
5992.54699969	3.777483
5994.51799989	2.731339
5996.51499987	1.643103
5998.55499983	0.033763
6000.51699996	1.864733
6002.52199984	0.740968
6004.51399994	1.842047
6006.51399994	0.181393
6008.51499987	2.016713
6010.54999995	1.749966
6012.51600003	1.398829
6014.51900005	4.151
6016.54599977	3.388383
6018.51699996	4.030438
6020.51900005	5.592484
6022.76299977	4.482972
6024.51600003	3.899745
6026.52699995	6.2513
6028.76399994	4.579048
6030.76399994	6.886582
6032.52599978	0.592592
6034.76799989	5.176772
6036.76799989	5.05708
6038.76399994	0.190325
6040.76799989	0.019589
6042.76599979	0.106866
6044.77899981	0.097972
6046.76499987	0.273724
6048.76999974	1.060299
6050.76699996	1.814768
6052.76699996	2.69717
6054.76399994	2.834892
6056.77600002	1.790485
6058.76599979	1.866202
6060.76499987	4.827009
6062.76499987	0.128444
6064.76499987	0.446382
6066.76799989	1.137876
6068.76699996	0.059138
6070.76499987	0.361698
6072.76399994	0.707057
6074.76399994	2.856949
6076.76399994	3.480892
6078.76399994	3.458479
6080.78299999	0.183891
6082.76799989	1.945207
6084.79999995	1.038216
6086.76699996	1.739223
6088.76399994	0.404914
6090.76399994	3.581056
6092.77899981	2.908767
6094.76599979	3.936016
6096.76499987	1.311054
6098.76699996	3.226445
6100.76599979	2.313099
6102.76499987	0.235408
6104.76599979	4.27987
6106.76399994	1.003219
6108.76499987	0.034187
6110.76499987	1.969089
6112.76499987	1.657
6114.76599979	0.043353
6116.76999974	3.219893
6118.76799989	0.169231
6120.76299977	3.681627
6122.76399994	0.65878
6124.76499987	0.194219
6126.76499987	4.045562
6128.76599979	1.816776
6130.76499987	0.548859
6132.76699996	3.72162
6134.76699996	2.999503
6136.76499987	2.024931
6138.76899981	4.415394
6140.76599979	0.078501
6142.76399994	2.248152
6144.76499987	0.787935
6146.76799989	0.278521
6148.76699996	0.869731
6150.76599979	0.588783
6152.76599979	2.40978
6154.76499987	2.031488
6156.76599979	0.269656
6158.76399994	0.169666
6160.76899981	0.531088
6162.76499987	6.177678
6164.78299999	0.156698
6166.76699996	0.037716
6168.76899981	0.967326
6170.77200007	0.303022
6172.76899981	0.182866
6174.76699996	1.312265
6176.76399994	3.277096
6178.76599979	2.737601
6180.76499987	0.059353
6182.76699996	0.864509
6184.76599979	3.48053
6186.76599979	0.153462
6188.76399994	3.531177
6190.76699996	1.64492
6192.76599979	0.005836
6194.79399991	2.358476
6196.76499987	3.093673
6198.77999997	3.944952
6200.76999974	3.359254
6202.76599979	2.113125
6204.79699993	1.715233
6206.76499987	0.354048
6208.7869997	1.933938
