0.0	0.687658
0.921000003815	0.71685
1.31100010872	0.537628
1.94899988174	0.555796
2.47100019455	0.320411
2.96200013161	0.015686
4.10199999809	0.246198
4.66100001335	0.450431
6.81200003624	0.0517
7.58099985123	0.370922
8.29100012779	0.296461
9.32400012016	0.022122
11.3110001087	0.117022
13.3110001087	0.096966
15.3209998608	0.098807
17.3129999638	0.172579
19.2710001469	0.220614
21.3110001087	0.407114
23.3110001087	0.442743
25.3110001087	0.287171
27.3120000362	0.257979
29.3110001087	0.669706
31.3220002651	0.578579
33.6830000877	0.511336
35.3110001087	0.627372
37.3420000076	0.545413
39.4520001411	0.496162
41.3420000076	0.056655
43.3220002651	0.061618
46.388999939	0.579543
48.2520000935	0.016913
49.9000000954	0.024461
51.4110000134	0.213172
53.3209998608	0.449346
55.5559999943	0.03935
57.3220002651	0.134722
59.371999979	0.398385
61.3220002651	0.38055
63.621999979	0.006062
66.1809999943	0.006518
67.9839999676	0.210892
69.3410000801	0.241906
71.2510001659	0.285715
73.3519999981	0.227487
75.3110001087	0.305808
77.3110001087	0.250125
79.3209998608	0.372128
81.3110001087	0.039788
83.3120000362	0.407163
85.3120000362	0.346817
87.6909999847	0.190673
89.3110001087	0.190673
91.3209998608	0.576434
93.3120000362	0.460444
95.3209998608	0.409336
97.4219999313	0.66419
99.3209998608	0.475923
101.39199996	1.020521
103.322000265	0.792212
105.642000198	0.714045
107.343000174	0.61287
109.555000067	0.331622
111.351999998	0.521933
113.851000071	0.365286
116.282000065	0.449675
117.401000023	0.564708
119.332999945	0.011655
121.320999861	0.85581
123.760999918	0.03775
125.988999844	0.207045
127.92200017	0.150909
129.311000109	0.543031
131.311000109	0.451952
133.312000036	0.693707
135.311000109	0.370668
137.450999975	0.588594
139.34100008	0.535921
141.312000036	0.033597
143.291000128	0.038142
145.322000265	0.045541
147.320999861	0.021258
149.322000265	0.055786
152.671999931	0.549969
153.69900012	0.438388
155.471000195	0.214531
157.421000004	0.217699
159.332000017	0.25927
161.36500001	0.453725
163.572000027	0.20764
165.421999931	0.012067
167.332000017	0.448321
169.342000008	0.43844
171.631999969	0.592842
173.381000042	0.115323
175.411000013	0.297419
177.351999998	0.380708
180.012000084	0.00367
181.664000034	0.322185
183.567000151	0.232665
185.580999851	0.211197
187.330000162	0.208185
189.463999987	0.158887
191.562000036	0.218212
193.572000027	0.32154
195.571000099	0.349552
197.571000099	0.435633
199.572000027	0.307877
201.431999922	0.172073
203.56099987	0.23347
205.552999973	0.299792
207.571000099	0.435372
209.559000015	0.426502
211.651000023	0.145503
214.972000122	0.026309
217.476000071	0.215154
218.031000137	0.321559
219.56099987	0.243036
221.575000048	0.403136
223.59100008	0.384753
225.56099987	0.440355
227.56400013	0.361134
229.555000067	0.286863
231.611999989	0.478259
233.472000122	0.265241
235.663000107	0.368741
237.562000036	0.376866
239.56099987	0.509114
241.56400013	0.573065
243.931999922	0.157272
245.572000027	0.582656
247.661000013	0.499064
249.690999985	0.490436
251.571000099	0.638273
254.883000135	0.08999
256.121000051	0.200078
257.571000099	0.431695
259.611000061	0.39456
261.602000237	0.057035
263.59100008	0.49651
265.592000008	0.337585
267.741999865	0.596301
269.660000086	0.240015
271.592999935	0.485586
274.151000023	0.339116
275.642000198	0.450695
277.611000061	0.468235
279.572000027	0.469305
281.623000145	0.709254
283.631999969	0.571605
285.611000061	0.168345
288.212000132	0.030938
289.660000086	0.300084
291.582000017	0.287574
293.589999914	0.313848
295.571000099	0.355165
297.601000071	0.022134
299.580999851	0.702644
301.48300004	0.153634
303.56099987	0.863483
305.571000099	0.643802
308.06099987	0.018998
309.950999975	0.173446
311.624000072	0.308731
313.780999899	0.436152
315.700999975	0.509903
317.59100008	0.667581
319.762000084	0.32415
321.572000027	0.337431
323.571000099	0.470097
325.562000036	0.661469
327.562000036	0.776245
329.571000099	0.626384
331.65199995	0.497144
333.562000036	0.753959
335.562000036	0.724065
337.562000036	0.035753
339.562000036	0.14681
342.162000179	0.088402
343.820999861	0.599527
345.562000036	0.652961
347.812999964	0.082708
349.625	0.697952
351.572000027	0.483018
353.63499999	0.5758
355.572000027	0.813086
357.572000027	0.00926
359.965999842	0.524426
362.202000141	0.584296
363.621000051	0.756504
365.572000027	0.538332
367.572000027	0.946359
369.572000027	0.068597
372.684000015	0.033139
374.928999901	0.019831
377.421000004	0.143035
378.825000048	0.274699
380.028000116	0.365373
381.820999861	0.226977
383.572000027	0.28712
385.563000202	0.435161
387.572000027	0.312945
389.56099987	0.238686
391.563000202	0.044386
393.56099987	0.322026
395.562000036	0.15989
397.555000067	0.195381
399.661000013	0.110033
401.578999996	0.134386
403.572000027	0.324766
405.571000099	0.163629
407.571000099	0.114389
409.571000099	0.160865
411.611000061	0.197856
413.775000095	0.15762
415.571000099	0.199757
417.620000124	0.152452
420.101000071	0.129181
421.816999912	0.14533
423.821999788	0.210642
425.819000006	0.242235
427.811000109	0.206074
430.141000032	0.186521
431.820999861	0.383307
433.820999861	0.288252
435.823000193	0.336323
437.820999861	0.61097
439.820999861	0.646272
441.605000019	0.657936
443.83100009	0.549916
445.90199995	0.078553
447.820999861	0.683866
451.012000084	0.420002
452.444000006	0.366586
453.901000023	0.678099
455.611000061	0.34842
457.83100009	0.007965
459.820999861	0.357398
461.621000051	0.524902
463.820999861	0.514259
465.754000187	0.430987
467.921000004	0.323351
469.851000071	0.495385
471.711000204	0.617214
474.161000013	0.054231
475.940999985	0.330669
477.771000147	0.469406
479.812999964	0.422712
481.820999861	0.763174
483.820999861	0.655595
485.821999788	0.854118
487.690999985	0.039658
489.820999861	0.428463
491.671000004	0.200882
494.080999851	0.625735
495.821999788	0.548782
497.83100009	0.603766
499.83100009	0.762122
501.911999941	0.740462
505.012000084	0.021591
507.06099987	0.341172
508.743999958	0.298988
510.631000042	0.003235
512.671000004	0.085148
514.255000114	0.327866
515.820999861	0.430117
517.825000048	0.388174
519.820999861	0.630789
521.881000042	0.606328
523.861000061	0.551276
525.812000036	0.545032
528.289000034	0.401974
529.960999966	0.439107
531.821999788	0.810339
534.191999912	0.529365
536.820999861	0.410998
537.971000195	0.413172
539.821999788	0.531807
541.959000111	0.731395
543.832000017	0.71456
545.821999788	0.970774
547.821999788	0.212684
549.89199996	0.059076
551.832000017	0.38893
553.792000055	0.017614
555.821999788	0.857696
557.84100008	0.691945
559.842000246	0.87101
561.842000246	0.078484
563.820999861	0.538421
565.821999788	0.706073
567.90899992	0.721262
569.821999788	0.009512
571.821999788	1.043466
573.842000246	0.364869
576.261999846	0.64416
577.943000078	0.027084
580.282000065	0.447083
581.842000246	0.79233
584.002000093	0.596256
585.832000017	0.582075
587.821999788	0.069367
589.823000193	0.547858
593.261999846	0.278065
597.082000256	0.517918
598.420000076	0.566625
599.811000109	0.559009
601.65199995	0.841421
602.643000126	0.63424
604.167999983	0.054829
605.842000246	0.422088
608.371999979	0.003597
610.471000195	0.472668
613.471000195	0.046397
615.442000151	0.318859
617.051000118	0.481661
617.971000195	0.475282
619.825000048	0.606364
621.820999861	0.387729
623.825000048	0.04531
625.871000051	0.168261
627.821999788	0.563562
629.823000193	0.462564
631.820999861	0.024455
633.83100009	0.27303
635.851999998	0.031006
638.002000093	0.522787
640.061999798	0.322829
642.322000265	0.308442
645.252000093	0.37931
646.582000017	0.470656
647.80700016	0.442935
649.971000195	0.355263
652.0	0.115767
654.445999861	0.29298
657.162000179	0.01013
658.450999975	0.281717
659.92200017	0.005179
661.821999788	0.454202
664.080999851	0.34386
665.848999977	0.312235
667.871000051	0.264434
670.071000099	0.080123
672.268000126	0.473411
673.980999947	0.008678
676.067000151	0.151747
678.292000055	0.006744
680.572000027	0.256787
682.601000071	0.306147
684.700999975	0.341858
686.111000061	0.366828
688.151000023	0.29088
690.082000256	0.366301
691.962000132	0.253441
693.921000004	0.304186
696.121000051	0.396714
698.072000027	0.40429
701.452000141	0.211927
702.740999937	0.368048
704.84100008	0.178597
706.011000156	0.443937
707.891000032	0.486956
709.940999985	0.568037
711.901000023	0.044777
714.180999994	0.520036
716.401000023	0.538657
718.071000099	0.53525
720.082000256	0.096216
724.351999998	0.063845
726.21600008	0.319889
727.211000204	0.118467
728.045000076	0.343465
730.083000183	0.477734
732.082000256	0.453175
734.071000099	0.318733
736.071000099	0.486669
737.901000023	0.45081
739.921000004	0.387263
742.071000099	0.450591
743.967999935	0.4263
748.320999861	0.234139
749.528000116	0.342357
751.021999836	0.356628
752.992000103	0.281569
755.194000244	0.271327
756.320999861	0.19188
758.160000086	0.279608
760.291000128	0.39196
762.101000071	0.414005
763.971000195	0.326308
766.071000099	0.437065
768.071000099	0.416505
770.071000099	0.448487
772.06099987	0.343877
774.381000042	0.350116
776.14199996	0.38603
778.09100008	0.610295
780.111000061	0.714992
782.06099987	0.836106
784.072999954	0.713679
786.196000099	1.080469
788.252000093	0.263483
790.242000103	0.283638
792.775000095	0.067213
795.812000036	0.564993
798.116999865	0.564135
799.492000103	0.690896
800.911999941	0.624612
802.452000141	0.160774
805.075000048	0.390043
808.461999893	0.54393
810.631000042	0.357777
812.098999977	0.722241
814.101999998	0.419169
816.551000118	0.030093
818.020999908	0.645023
820.261999846	0.348038
822.171999931	0.399312
824.431999922	0.002245
825.440999985	0.564627
826.648000002	0.519725
828.071000099	0.650745
830.09100008	0.773137
832.14199996	0.962779
834.092000008	0.656171
836.092000008	0.017585
838.861999989	0.195291
840.992000103	0.48888
842.092000008	0.729039
844.212000132	0.797357
846.243999958	0.116941
851.092000008	0.033824
853.080999851	0.748721
854.063000202	0.528237
855.582000017	1.206603
857.452000141	0.575694
858.962000132	0.199827
861.371999979	0.151705
863.371999979	0.418023
865.551000118	0.446283
867.402000189	0.381278
869.0	0.936884
870.552000046	0.221696
873.442000151	0.317924
877.040999889	0.55538
879.391000032	0.462879
881.522000074	0.35842
883.691999912	0.529822
886.111000061	0.876178
887.042000055	0.586811
887.842000246	1.339684
889.641000032	0.249675
891.371999979	0.577215
894.011000156	0.350707
895.291000128	0.427658
897.171999931	0.262446
898.891000032	0.536101
900.605000019	0.034569
902.402000189	0.07597
904.320999861	0.186217
906.082000256	0.591767
908.332000017	0.567911
910.322000265	0.333713
912.562000036	0.335409
917.212000132	0.516268
919.659000158	0.349852
920.280999899	0.008902
921.472000122	0.688316
922.213000059	0.887575
924.33100009	0.699013
926.332000017	0.335274
928.332000017	1.271842
930.291000128	1.291697
932.111999989	0.347657
934.320999861	0.325388
936.322000265	1.306708
938.322000265	1.782721
940.352999926	0.535008
946.191999912	0.555311
947.431999922	0.420799
948.713000059	0.323119
950.312000036	0.03966
951.839999914	0.756458
952.821999788	0.017847
955.189999819	0.169439
957.472000122	0.280319
960.447000027	0.30073
964.282000065	0.320206
965.59100008	0.625836
966.829999924	0.809605
968.371999979	0.763648
970.292000055	0.358488
972.101999998	0.57241
974.671999931	0.147979
977.512000084	0.254683
979.611999989	0.285638
980.720999956	0.028924
983.031000137	0.033151
986.072000027	0.053444
988.46600008	0.255497
989.266000271	0.254687
989.691999912	0.38492
990.47300005	0.445722
992.391000032	0.247496
994.320999861	0.316389
996.200999975	0.231316
998.361000061	0.1966
1000.32099986	0.411911
1002.31900001	0.342245
1004.34100008	0.395194
1006.33100009	0.411685
1008.33100009	0.202612
1010.33100009	0.449037
1012.18600011	0.552058
1014.33100009	0.382662
1016.19199991	0.317423
1018.28499985	0.388406
1020.33100009	0.50355
1022.32099986	0.445742
1024.37199998	0.503594
1026.31799984	0.379169
1028.30199981	0.558878
1030.32099986	0.129162
1032.31999993	0.626756
1034.32200027	0.034269
1036.32099986	0.226252
1038.33200002	0.800585
1040.32300019	0.937994
1042.33200002	0.175474
1044.37199998	0.55909
1046.32200027	0.51333
1048.32200027	0.7786
1050.34100008	0.708171
1052.32200027	0.242817
1054.65399981	0.613343
1056.33200002	0.859058
1058.33100009	0.188164
1060.33200002	0.4736
1062.33999991	0.835012
1064.31100011	0.079234
1066.37100005	0.246506
1068.41100001	1.019899
1070.34200001	0.291795
1072.51200008	0.263205
1077.7809999	0.304882
1079.54199982	0.548706
1081.1190002	0.413532
1081.40200019	0.997309
1082.34200001	0.44348
1084.32200027	0.558683
1086.50099993	0.406966
1088.32200027	0.123997
1092.01200008	0.423562
1093.08099985	0.171692
1094.33100009	0.725525
1096.36100006	0.284867
1098.33200002	0.799369
1100.35400009	0.097782
1102.33100009	0.245115
1104.35100007	0.891534
1106.33100009	0.799004
1108.33100009	0.815928
1110.33200002	0.136322
1112.88700008	0.012225
1114.421	0.179269
1116.33200002	1.066492
1119.13199997	0.401772
1121.54199982	0.478373
1123.21200013	0.73237
1124.37199998	0.113495
1128.33100009	0.34438
1128.81399989	0.267837
1131.16100001	0.613121
1132.9920001	0.401875
1135.33100009	0.51295
1137.09200001	0.444248
1138.921	0.875376
1141.08099985	0.752989
1143.16200018	0.588438
1145.62999988	0.016724
1150.36800003	0.342406
1150.82099986	0.446385
1151.2809999	0.032556
1153.13100004	0.42091
1155.09100008	0.243476
1157.08099985	0.278324
1159.08099985	0.358341
1161.12300014	0.39556
1163.10100007	0.516774
1165.08099985	0.375607
1167.09100008	0.267913
1169.08200026	0.667872
1171.079	0.415468
1173.08099985	0.325743
1175.08099985	0.174779
1177.18099999	0.006155
1179.08200026	0.485925
1181.0710001	0.45715
1183.09100008	0.038578
1185.08099985	0.312837
1187.03299999	0.297264
1189.26099992	0.628559
1191.10100007	0.488956
1193.08099985	0.56051
1195.08099985	0.392199
1197.10100007	0.46077
1199.09100008	0.516863
1201.07200003	0.527466
1203.66199994	0.744895
1205.08099985	0.730507
1207.12100005	0.666671
1209.08200026	0.717378
1211.08200026	0.020477
1213.55200005	0.13107
1217.11199999	0.484326
1218.579	0.590428
1220.46399999	0.460418
1223.33899999	0.28375
1225.05100012	0.366671
1226.43099999	0.558972
1227.47100019	0.713459
1229.08099985	0.724652
1231.09399986	0.890581
1233.13100004	0.452985
1235.10100007	0.028125
1237.12100005	0.627925
1239.0710001	0.025803
1241.08099985	0.104631
1243.45200014	0.008952
1245.08899999	0.188693
1247.13199997	0.023145
1249.19199991	0.50609
1251.09100008	0.546137
1253.12100005	0.228856
1255.08099985	0.013965
1257.09100008	0.137139
1259.08099985	0.077667
1261.19099998	0.089798
1263.17299986	0.153035
1265.16300011	0.182293
1267.54199982	0.139083
1269.0710001	0.022184
1271.08300018	0.715659
1273.07999992	0.010674
1275.08500004	0.393735
1277.102	1.029681
1279.33200002	0.997067
1281.10100007	1.210076
1283.11199999	0.810566
1285.73100019	1.124843
1287.65199995	0.009505
1289.4920001	0.042206
1291.22600007	0.578958
1293.40200019	0.01601
1295.24099994	0.210759
1297.58200002	0.227622
1299.28200006	0.341622
1301.11799979	0.628323
1303.22600007	0.021692
1305.31500006	0.137639
1307.15199995	0.341472
1309.17199993	0.481852
1311.37100005	0.340538
1313.34100008	0.310196
1315.33200002	0.499209
1317.33100009	0.284545
1319.33200002	0.315018
1321.34100008	0.527592
1323.33200002	0.175206
1325.33100009	0.008255
1327.33100009	0.776573
1329.40100002	1.240108
1331.36200023	0.114594
1333.9849999	0.287814
1336.27100015	0.49295
1337.79200006	0.358054
1340.86199999	0.645997
1341.79200006	0.73499
1343.20300007	0.008365
1345.34200001	0.832264
1347.79100013	0.207179
1349.29100013	0.664452
1351.33200002	0.080141
1354.70099998	0.327864
1355.95099998	0.545336
1357.37100005	0.619544
1359.39100003	0.842588
1361.34100008	0.845478
1363.34100008	0.498965
1365.44099998	0.230747
1367.33899999	0.829867
1369.45099998	0.674653
1371.33100009	0.588902
1373.33899999	0.462537
1375.33100009	0.53821
1377.65700006	0.539189
1379.34200001	0.453683
1381.55100012	0.100853
1384.14100003	0.025833
1385.33100009	0.571746
1387.34200001	0.770687
1389.34200001	0.783725
1391.33200002	0.892073
1393.41299987	0.560589
1395.51300001	0.480979
1397.33100009	0.187062
1399.92200017	0.389478
1401.57299995	0.336507
1403.26199985	0.336507
1405.26099992	0.549842
1407.7110002	0.694302
1409.59200001	0.793679
1411.59200001	1.016601
1414.47100019	0.422835
1416.80099988	0.299197
1418.24900007	0.312294
1419.82400012	0.003529
1422.09000015	0.251591
1423.5710001	0.293686
1425.41100001	0.413341
1427.73100019	0.368179
