0.0	0.812321
4.04499983788	0.10167
5.80700016022	0.638305
6.64100027084	0.207834
7.9319999218	0.505232
8.97700023651	0.83308
12.0680000782	0.282355
12.6020002365	1.844551
14.1410000324	0.48645
15.0220000744	1.068803
15.6410002708	2.013096
15.9340000153	1.175138
16.5959999561	1.975013
18.5720000267	1.999098
19.5300002098	2.13117
20.3130002022	1.656856
21.2740001678	1.78868
23.2720000744	0.842264
25.8680000305	0.517607
27.2730002403	0.50883
29.2740001678	1.167439
31.2720000744	1.567577
33.5280001163	0.433562
35.5220000744	0.274976
37.4210000038	1.856639
39.5720000267	0.243568
46.253000021	0.845118
50.7100000381	0.791419
54.5160000324	0.275839
59.503000021	0.786569
60.6740000248	0.073465
62.618999958	0.293298
64.0160000324	0.688609
67.0550000668	0.030639
68.4300000668	0.029995
70.4200000763	0.175221
71.2510001659	0.612827
71.8789999485	0.608643
74.5820000172	0.72793
76.0660002232	1.120286
78.9110000134	0.407333
80.4090001583	1.440284
82.2669999599	1.498889
83.2289998531	0.439031
86.388999939	0.264249
88.5930001736	0.957439
90.4300000668	0.09382
93.2799999714	0.452059
94.3340001106	1.321878
94.5540001392	1.359263
94.8580000401	0.504049
95.1559998989	0.45197
95.5039999485	0.499682
95.871999979	0.745804
97.7730000019	0.551116
99.6740000248	0.985444
101.772000074	0.010512
103.769000292	0.789828
105.730000019	1.49185
107.773000002	0.202881
111.703000069	0.363511
115.914000034	1.383722
118.214000225	0.59152
123.123000145	0.848336
127.263000011	0.0065
130.443000078	0.342011
137.151000023	0.000461
138.033000231	0.070727
138.625000238	0.483208
139.254000187	0.010434
140.226999998	0.039172
142.271000147	0.603269
143.065000296	0.53102
144.255000114	0.188296
145.787000179	0.011203
147.812999964	0.089176
150.84100008	0.04032
154.203999996	0.241997
157.282999992	0.52136
159.013000011	0.010548
159.743999958	0.020631
160.809000254	0.644482
161.875999928	0.433221
163.810000181	0.088746
166.289000273	1.249402
169.817000151	0.502546
171.910000086	1.220417
173.198000193	1.746964
179.584000111	0.101808
181.68900013	0.680185
182.546000242	1.390474
183.39199996	1.930666
184.126000166	1.614806
185.340999842	0.367333
186.326000214	1.905125
187.184000015	0.041573
188.102000237	0.08987
188.88100028	0.149966
189.568000078	0.261292
191.59800005	0.223002
193.944000006	1.252607
196.891000032	0.168182
198.239000082	1.210178
199.84800005	0.020184
203.207000017	0.057136
204.830000162	0.355171
212.135999918	0.057026
213.899000168	0.019756
216.963999987	0.038985
218.191999912	0.024761
220.810000181	0.076837
222.428999901	0.210399
226.10800004	0.409452
227.962000132	0.354895
230.292999983	0.395331
233.482000113	0.034228
234.873000145	0.643812
236.031000137	0.688905
237.578000069	0.460965
238.335999966	0.027986
239.161000252	0.45384
239.944000006	1.439925
243.519999981	0.022361
249.319999933	0.041989
250.715000153	0.121462
251.549000025	0.173312
253.778000116	0.125975
255.348999977	0.21914
257.900000095	0.195951
260.002000093	0.980385
261.319999933	1.489068
264.691999912	0.632533
268.338999987	0.604439
272.43900013	0.095877
272.887000084	0.022537
273.243999958	1.592655
274.663000107	0.318245
277.521000147	0.272518
279.334000111	0.170761
280.763999939	0.023517
281.59800005	0.019208
282.310000181	1.642371
284.714000225	0.02048
286.146000147	0.392347
288.684999943	0.136727
289.979000092	0.405158
292.555000067	0.994798
294.714000225	0.819345
299.049000263	0.311978
301.156999826	0.439044
305.318000078	0.21548
306.68200016	0.161315
308.59800005	0.02485
309.519000053	0.23066
310.396999836	0.649754
311.774000168	0.26314
313.76699996	0.869891
315.318000078	0.068864
318.325000048	0.040212
319.886000156	0.217107
322.39800024	0.103281
325.355000019	1.362548
326.263000011	1.670917
327.358999968	1.5249
330.161000252	0.063613
333.106000185	0.681324
334.755000114	1.560625
335.729000092	1.845906
336.651000023	1.926508
337.550000191	0.479098
338.511000156	0.037664
341.108999968	0.014895
342.468999863	0.248809
343.592000008	0.128656
344.834000111	0.302845
347.164999962	1.355546
349.703000069	0.31857
354.947999954	0.640705
358.762000084	0.025729
360.010000229	0.012854
361.372999907	1.237033
362.174000025	0.205671
363.001000166	0.114143
364.575000048	0.121409
368.236000061	0.360586
370.20600009	0.097942
373.350000143	0.6247
377.36500001	0.030943
379.215000153	0.123618
381.679000139	0.884178
382.932999849	0.25939
384.309000015	0.911936
386.27300024	0.553367
388.421000004	1.613141
390.654999971	0.132738
393.697000265	1.510699
396.139000177	1.880691
396.969000101	0.548517
397.460999966	1.844852
399.975000143	0.241215
400.778000116	0.018893
402.154999971	0.06743
405.475000143	0.072318
408.658000231	0.009028
410.067000151	0.995648
411.092000008	0.197465
412.713000298	0.672799
416.015000105	0.771113
418.874000072	0.555268
424.291000128	0.01472
426.794000149	0.34915
427.470000029	0.419686
428.242000103	0.259186
429.690999985	0.010965
431.715000153	0.537937
432.247999907	0.74358
433.559999943	1.649881
435.914999962	0.085092
436.759000063	0.6928
438.838000059	0.161663
439.936000109	0.138687
440.845000029	0.852145
442.195000172	0.049785
443.519999981	1.07442
444.735000134	0.618719
446.636999846	0.202471
447.655999899	0.432346
448.294000149	0.874868
450.762000084	0.185253
452.795000076	0.222716
455.684999943	0.488645
458.523000002	0.43573
460.241000175	0.611004
464.947000027	1.813002
468.838999987	0.526936
471.289000273	0.827976
472.500999928	0.829684
473.253000021	0.906127
475.287000179	1.411702
475.873000145	1.904592
476.687000036	0.117802
478.310000181	0.198995
480.131999969	0.034213
480.746999979	1.045785
481.833000183	0.233482
484.721000195	0.433552
487.926000118	1.51937
490.003999949	0.02139
492.718000174	0.395986
496.219000101	0.149339
497.868000031	0.658023
500.610000134	0.103238
502.134000063	1.812502
503.817000151	0.008651
508.876999855	0.693994
513.720000029	0.178433
516.126000166	0.432211
519.068000078	0.754035
520.132999897	0.053415
521.628000021	0.312104
523.078999996	0.339003
526.568000078	0.185904
527.684999943	0.147385
528.267999887	1.413378
531.235000134	0.186689
532.113000154	1.244569
534.674000025	0.014188
535.738000154	1.956118
539.125	0.763536
541.374000072	0.2819
546.2900002	0.034358
547.411000013	1.300422
548.382000208	1.531847
549.299999952	0.684387
550.383000135	0.066929
551.575999975	0.63518
553.585000277	1.603391
554.516000032	0.082859
556.894999981	0.199644
558.964999914	0.07299
561.808000088	1.367363
563.435000181	0.573
565.225000143	0.312704
567.071000099	0.089479
569.89199996	0.561922
572.832000017	1.789782
574.721000195	0.594413
577.407999992	1.507141
578.88499999	0.329108
580.272000074	1.150396
582.160000086	0.997423
590.67599988	0.368435
592.88499999	0.194101
593.636999846	0.58046
594.05700016	0.810931
594.747999907	1.58223
595.374000072	1.654236
596.506999969	0.765927
597.90500021	2.177145
599.529000282	0.44878
600.828000069	1.710233
602.167000055	0.016517
607.116999865	0.987827
609.852999926	0.216193
612.926000118	0.062837
615.15199995	0.382398
618.306000233	0.107554
621.687000036	0.228009
622.809000254	0.759652
624.996000051	1.012577
625.564999819	1.700703
626.329000235	0.085592
629.36500001	0.040548
635.106000185	0.012536
637.013000011	0.70507
637.311000109	1.52356
637.681000233	0.011895
638.344000101	1.316852
640.902000189	0.780496
642.288000107	1.739096
644.700999975	0.181702
646.274000168	0.063451
648.475000143	0.287137
650.234000206	0.305257
652.020999908	0.870462
654.378000021	1.279245
656.282000065	0.541482
657.419000149	0.409148
658.775000095	0.181073
660.384000063	0.938477
662.671000004	1.416701
666.051000118	0.022875
673.588999987	0.013778
674.764999866	0.254077
675.498000145	1.483508
676.678000212	0.914371
678.243999958	0.01345
679.75999999	0.134859
680.923000097	1.034989
681.967000008	1.532404
684.598999977	0.296204
686.306000233	0.928552
688.196000099	0.394475
689.766000032	1.302158
691.499000072	0.419155
693.687000036	0.021964
703.549000025	0.001206
704.630000114	0.042371
706.019000053	0.016103
706.486999989	0.322248
707.44900012	0.330279
709.050000191	0.073431
712.241000175	0.055123
719.473000288	0.146779
720.29700017	0.323867
720.982000113	0.57981
722.648000002	0.008323
724.147000074	0.564816
724.89199996	0.661309
725.628999949	0.177412
726.312000036	1.263966
729.549000025	0.412841
730.130000114	0.642974
731.442000151	0.909155
732.545000076	0.075565
734.209000111	0.690965
736.782999992	0.849964
739.864000082	0.932414
746.631999969	0.015407
751.164000034	0.014591
751.97300005	0.04815
752.481000185	1.092222
753.312000036	0.042068
753.820999861	1.574511
754.460999966	0.434302
756.039999962	0.554534
758.100999832	0.049578
762.496000051	0.034889
766.438000202	1.577295
767.575000048	1.987901
772.977000237	0.206139
775.585000277	0.45183
778.743999958	0.028239
779.465000153	0.437255
780.322000027	0.191114
781.648000002	0.010951
782.138000011	0.718064
783.227999926	1.373934
784.215000153	1.601406
786.257000208	0.045284
787.289000273	1.678091
787.88499999	1.903384
788.399000168	1.597796
788.822000027	1.779165
790.023999929	0.399509
792.025000095	1.96146
794.025000095	0.562946
796.54399991	0.18814
798.03000021	0.127452
800.020999908	0.392434
802.026000023	1.547339
804.035000086	0.722502
807.7900002	0.01793
808.962000132	1.106843
810.022000074	1.674689
812.269000053	0.128545
814.019999981	1.720836
816.023999929	1.720836
818.019999981	0.411253
820.020999908	0.499986
822.039000034	0.622487
824.272000074	0.353723
826.275000095	1.152738
828.523000002	0.53243
830.523999929	0.248131
832.556999922	0.093391
834.927999973	0.358417
836.52699995	1.426465
838.529000282	1.654009
