0.0	0.014267
0.365999937057	0.460305
0.572999954224	0.603183
0.766999959946	0.313611
0.865999937057	0.709221
1.02400016785	2.64195
1.14699983597	2.64195
1.38400006294	1.678459
1.66799974442	3.892276
3.56500005722	4.352592
5.56299996376	3.676336
7.56699991226	4.424778
9.56999993324	1.940581
11.5690000057	0.447327
13.5719997883	1.729353
15.5680000782	0.766367
17.5690000057	0.017316
19.5709998608	0.003842
21.5650000572	0.5032
23.5709998608	0.253788
25.5709998608	0.522349
27.5690000057	0.984181
29.5699999332	0.003471
31.5699999332	0.515142
33.5699999332	1.497261
35.5719997883	4.71849
37.5699999332	4.549112
39.5659999847	0.13247
41.5669999123	0.003289
43.5690000057	0.287482
45.5639998913	8.702531
47.5739998817	0.333305
49.5690000057	1.963285
51.5729999542	3.334157
53.5659999847	3.105867
55.5729999542	10.187553
57.5669999123	0.495387
59.5749998093	0.321149
61.5690000057	0.151631
63.5729999542	0.078232
65.5780000687	3.586476
67.5699999332	3.48612
69.5699999332	0.612986
71.5709998608	2.854442
73.5639998913	4.207737
75.5690000057	3.087166
77.5719997883	0.00209
79.5719997883	0.024406
81.5709998608	1.727023
83.5729999542	9.061912
85.5739998817	0.838549
87.5690000057	0.628862
89.5680000782	4.101371
91.5699999332	2.498705
93.5690000057	0.63321
95.5680000782	0.653618
97.5719997883	0.491997
99.5719997883	1.271031
101.569999933	0.307392
103.819000006	6.096051
105.566999912	0.402159
107.68599987	7.901551
109.813999891	7.439338
111.819999933	0.218061
113.82400012	0.478131
115.822999954	0.406
117.605000019	0.051398
119.819000006	0.635291
121.825000048	0.235485
123.814999819	0.098539
125.814999819	0.251544
127.812999964	0.789014
129.819999933	1.065437
131.667999744	0.837636
133.814999819	0.544776
135.813999891	0.46925
137.81799984	2.198244
139.81799984	7.297224
141.814999819	0.853316
143.813999891	0.796343
145.813999891	0.676746
147.814999819	0.6159
149.814999819	0.013609
151.814999819	0.119619
153.812999964	0.12292
155.736000061	0.489957
157.815999985	0.136189
159.813999891	3.451007
161.81799984	0.003841
163.816999912	0.273526
165.815999985	0.016988
167.813999891	0.013759
169.814999819	0.084658
171.81799984	0.16034
173.813999891	2.506781
175.812999964	0.810436
177.813999891	0.091173
179.65899992	0.891346
181.821000099	0.135792
183.813999891	0.581072
185.814999819	5.07793
187.82400012	3.599035
189.812999964	1.657489
191.812999964	3.648417
193.821000099	4.118316
195.812999964	13.479159
197.814999819	13.479159
199.815999985	13.833907
201.82400012	14.698787
203.812999964	3.684884
205.814999819	3.743352
207.814999819	5.391379
209.813999891	0.436393
211.813999891	3.849272
213.811999798	12.532907
215.813999891	9.741412
217.813999891	8.135086
219.819999933	0.018243
221.821000099	5.104415
223.812999964	0.234107
225.813999891	6.259748
227.814999819	0.867793
229.814999819	0.013527
231.816999912	13.13801
233.815999985	0.131789
235.811999798	1.836308
237.812999964	2.232107
239.813999891	7.714025
241.821000099	14.981798
243.813999891	0.126041
245.813999891	12.309301
247.814999819	5.024001
249.816999912	0.015182
251.738999844	0.734186
253.813999891	1.508623
255.812999964	2.828783
257.814999819	10.735125
259.814999819	0.207839
261.819999933	0.919004
263.813999891	0.139505
265.814999819	0.103934
267.813999891	0.034309
269.815999985	8.674428
271.81799984	0.40343
273.816999912	4.658766
275.813999891	0.894349
277.815999985	11.432543
279.82400012	12.941524
281.819000006	0.462504
283.814999819	0.511232
285.813999891	0.920757
287.814999819	1.918691
289.814999819	0.166666
291.822000027	0.674264
293.815999985	0.044573
295.813999891	8.86222
297.842000008	0.065148
299.815999985	5.479823
301.814999819	0.287433
303.819000006	0.269094
