0.0	3.466649
0.191999912262	1.406102
0.398999929428	1.406102
0.561999797821	1.406102
0.876999855042	0.016071
1.40399980545	0.071718
1.55900001526	0.517761
1.82899975777	1.391996
2.52199983597	1.113447
3.5609998703	1.171846
5.54799985886	0.032225
7.51600003242	0.460598
9.50999975204	1.084375
11.509999752	0.688996
13.5759999752	0.126879
15.5249998569	0.007559
17.9129998684	1.000805
19.9099998474	0.040079
21.9139997959	0.013205
23.9099998474	1.204451
25.9199998379	0.333971
27.509999752	1.354858
29.5119998455	0.003107
31.6189997196	0.032198
33.5629997253	0.068272
35.4579997063	0.013919
37.5709996223	1.706814
39.512999773	0.055164
41.5119998455	0.072452
43.5279998779	0.012804
45.510999918	1.255715
47.5239999294	0.03431
49.5289998055	0.499403
51.5119998455	0.151745
53.6399998665	0.145977
55.5119998455	2.26615
57.5289998055	1.423126
59.5169999599	0.019015
61.5149996281	0.083427
63.5339996815	0.111281
65.5199999809	0.018953
67.5209999084	0.56433
69.5429999828	1.31097
71.5139997005	3.015181
73.5339996815	2.722954
75.5239999294	0.261574
77.532999754	0.046091
79.5160000324	3.439983
81.532999754	0.032824
83.4159998894	1.954033
85.532999754	0.13654
87.5399999619	1.873292
89.5239999294	0.130269
91.510999918	0.079197
93.512999773	0.132629
95.5239999294	0.034927
97.5339996815	2.750824
99.6199998856	3.950753
101.592999935	0.135757
103.51699996	0.213994
105.512999773	0.038952
107.535000086	0.534212
109.529999733	0.022935
111.517999887	0.044327
113.576999903	0.128716
115.562999725	0.036276
117.545999765	0.010153
119.95299983	0.133103
121.539999962	0.008511
123.517999887	0.014786
125.549999714	0.01635
127.524999857	0.097399
129.51699996	0.140284
131.511999846	0.999697
133.509999752	0.029718
135.52699995	2.820298
137.55099988	2.476872
139.51699996	2.393942
141.508999825	0.680161
143.536000013	2.212638
145.519000053	0.799285
147.536000013	2.309485
149.540999889	0.03988
151.532999754	1.7009
153.511999846	0.5742
155.525999784	0.690613
157.523999929	2.684805
159.506999731	0.033515
161.51699996	0.053707
163.519000053	3.070466
165.536000013	2.929179
167.523999929	2.929179
169.509999752	2.929179
171.516000032	0.073714
173.508999825	1.450369
175.506999731	0.058274
177.523999929	2.884828
179.517999887	0.006896
