0.0	2.464557
0.490000009537	0.53882
1.07300019264	2.164769
1.94099974632	0.106811
2.70399999619	2.386427
3.49000000954	0.090654
3.91000008583	3.495047
4.32299995422	3.857386
4.92100000381	0.102323
5.3599998951	4.074262
6.05599999428	0.93597
8.02500009537	4.149703
10.0099999905	0.846421
11.9349999428	2.66679
14.010999918	2.867424
16.010999918	1.798099
18.0099999905	0.420547
20.0099999905	1.213
22.010999918	0.024025
24.0199999809	1.934618
26.0090000629	2.11356
28.013999939	3.983548
30.010999918	3.147118
32.013999939	0.030663
34.012999773	0.013591
36.010999918	1.22037
38.010999918	0.402068
40.010999918	1.938545
42.0119998455	2.023273
44.0119998455	1.793614
46.0230000019	0.906922
48.0099999905	0.346647
50.0099999905	0.161013
52.012999773	0.829715
54.0099999905	0.308928
56.010999918	0.503356
58.010999918	0.013036
59.9319999218	3.722288
62.0099999905	1.725856
64.010999918	0.042008
66.010999918	0.184364
68.013999939	0.160565
70.013999939	0.014883
72.010999918	0.069571
74.010999918	0.691475
76.0170001984	0.060433
78.0099999905	0.023821
80.010999918	0.456557
82.0170001984	0.049536
83.9370000362	0.506406
86.010999918	0.966264
88.0090000629	0.010349
90.010999918	3.664094
92.0099999905	0.116532
94.0099999905	0.022427
96.012999773	0.06627
98.010999918	0.216179
100.014999866	0.009747
102.010999918	0.319151
104.00999999	0.493723
106.00999999	2.545398
107.941999912	0.501217
110.009000063	0.136117
112.011999846	3.454271
114.00999999	3.760791
116.013999939	4.108972
118.00999999	0.072169
120.00999999	0.295251
122.013999939	0.023818
124.00999999	0.133207
126.00999999	3.347987
128.010999918	2.961233
130.00999999	0.246555
132.00999999	0.434573
134.009000063	0.063709
136.00999999	4.219286
138.009000063	1.937204
140.010999918	0.620419
142.00999999	3.840507
144.011999846	0.747385
146.009000063	4.266929
148.00999999	4.282765
150.009000063	4.30807
152.00999999	4.30807
154.011999846	4.30807
156.00999999	4.309963
158.011999846	0.921109
160.010999918	4.363156
162.009000063	0.471943
164.009000063	4.714915
166.010999918	0.510042
168.009000063	0.054665
170.009000063	0.090874
172.010999918	4.281312
174.009000063	4.209327
176.015999794	0.035455
178.019999981	2.037621
180.00999999	0.494296
182.010999918	1.947578
184.011999846	3.416066
186.009000063	0.031026
188.259000063	0.277363
190.009000063	0.030933
192.266000032	0.173336
194.25999999	0.379068
196.260999918	0.009826
198.259000063	0.006293
200.259000063	0.501381
202.260999918	0.329648
204.25999999	0.670765
206.25999999	0.017755
208.25999999	0.120029
210.259000063	0.051519
212.263999939	0.25071
214.259000063	0.480155
216.25999999	0.684064
218.25999999	2.024031
220.258000135	0.12349
222.25999999	0.174493
224.25999999	0.009617
226.265000105	1.329041
228.25999999	0.499623
230.262000084	0.296377
232.259000063	0.008061
234.25999999	0.792091
236.25999999	0.008051
238.259000063	0.316369
240.25999999	0.087032
242.262000084	0.095987
244.265000105	1.136108
246.260999918	3.85629
248.265000105	1.709459
250.259000063	0.020412
252.138000011	0.007854
254.25999999	1.034425
256.259000063	1.320934
258.260999918	2.837904
260.259000063	4.164844
262.259000063	0.88967
264.262000084	0.234414
266.265000105	0.903317
268.25999999	0.029937
270.260999918	0.576175
272.260999918	0.638068
274.262000084	0.020768
276.177999973	0.042786
278.25999999	4.416367
280.274999857	0.036042
282.258000135	0.13611
284.259000063	4.242841
286.259000063	0.521221
288.262000084	0.168797
290.25999999	0.783092
292.263000011	0.026886
294.259000063	2.704338
296.259000063	0.592641
298.262000084	0.061057
300.151000023	0.19488
302.258000135	0.050928
304.259000063	0.284908
306.262000084	0.02155
308.260999918	2.73114
310.259000063	4.305062
312.258000135	0.343162
314.270999908	0.906281
316.259000063	0.436346
318.263999939	0.031256
320.258000135	0.495622
322.25999999	0.008095
324.265000105	0.505266
326.25999999	2.969153
328.259000063	1.9637
330.262000084	4.505952
332.258000135	4.306854
334.258000135	0.977805
336.25999999	4.542524
338.260999918	0.097855
340.263999939	2.1353
342.260999918	4.14084
344.262000084	1.992208
346.266000032	0.627236
348.260999918	0.505753
350.258000135	3.328622
352.260999918	1.905648
354.266000032	1.488042
356.258000135	0.155374
358.262000084	0.497961
360.258000135	0.172812
362.25999999	2.319683
364.259000063	0.388826
366.256999969	0.513776
368.26699996	0.477389
370.273000002	0.607709
372.260999918	1.215795
374.260999918	0.268142
376.259000063	0.083723
378.258000135	2.47711
380.260999918	0.082279
382.259000063	0.477129
384.258000135	1.353129
386.262000084	1.353129
388.258000135	0.158915
390.263000011	0.645057
392.260999918	0.481761
394.25999999	0.006307
396.25999999	1.497603
398.258000135	0.769989
400.268999815	0.027212
402.258000135	0.009774
404.259000063	0.0189
406.275999784	0.740997
408.258000135	3.262685
410.258000135	0.256141
412.259000063	0.835091
414.260999918	1.276975
417.15199995	0.01572
418.25999999	0.062979
420.258000135	0.482377
422.273999929	2.988637
424.256999969	0.147821
426.258000135	0.009431
428.256999969	0.532087
430.260999918	0.455738
432.256999969	2.573697
434.258000135	1.293277
436.258000135	1.058306
438.259000063	0.133865
440.259000063	0.016008
442.258000135	2.892711
444.258000135	1.289857
446.265000105	1.308367
448.507999897	0.124564
450.507999897	0.167594
452.507999897	0.3053
454.510999918	0.486996
456.513000011	0.168593
458.455999851	0.863147
460.508999825	0.409571
462.508999825	0.396736
464.514999866	0.029283
466.508999825	1.848893
468.510999918	0.00712
470.50999999	0.052873
472.507999897	0.158332
474.477999926	0.002729
477.218999863	0.041618
478.508999825	0.56919
480.507999897	0.351895
482.44299984	0.484528
484.507999897	0.236368
486.510999918	0.556662
488.515999794	0.052803
490.50999999	0.055593
492.506999969	0.591016
494.535999775	0.330397
496.50999999	1.313098
498.506999969	0.082152
500.515999794	0.052043
502.507999897	0.146783
504.507999897	0.008437
506.455999851	1.275923
508.507999897	0.112139
510.508999825	0.148638
512.516999722	0.092224
514.507999897	1.066694
516.50999999	0.008447
518.508999825	1.34018
520.510999918	0.581445
522.506999969	0.314454
524.507999897	0.977937
526.50999999	1.027412
528.510999918	0.002758
530.433000088	0.50341
532.511999846	0.311861
534.50999999	0.271753
536.50999999	0.057725
538.507999897	0.037658
540.50999999	1.227457
542.507999897	0.567117
544.508999825	3.255639
546.508999825	3.037965
548.507999897	0.025317
550.508999825	0.009431
552.506999969	0.028033
554.508999825	0.482484
556.513000011	2.629983
558.975999832	0.03732
561.101999998	1.687001
563.514999866	1.772506
565.858999968	0.5502
567.822000027	1.333702
569.630000114	0.326255
571.65899992	0.623644
573.601000071	0.029032
575.20600009	0.010343
576.787999868	0.02418
578.427000046	0.035135
580.516999722	1.31657
582.508999825	0.118958
584.507999897	0.141759
586.508999825	0.103673
588.50999999	2.328941
590.510999918	0.01035
592.506999969	0.158455
594.508999825	0.051044
596.507999897	1.66574
598.50999999	4.414513
600.50999999	2.375989
602.507999897	0.490249
604.507999897	3.846533
606.508999825	4.1929
608.508999825	4.333858
610.506999969	0.037594
612.50999999	4.143321
614.506999969	0.045416
616.506999969	0.050639
618.507999897	4.427716
620.507999897	0.095683
622.508999825	0.021844
624.506999969	0.007668
626.506999969	0.508439
628.507999897	0.124163
630.506999969	0.698642
632.507999897	1.812395
634.508999825	4.974432
636.506999969	4.965656
638.506999969	4.534951
640.506999969	4.600018
642.507999897	0.319898
644.513000011	0.07331
646.507999897	0.526121
648.506999969	0.008069
650.506999969	0.503505
652.506999969	5.455245
654.507999897	0.837921
656.508999825	0.382803
658.506999969	0.021703
660.506999969	0.448241
662.507999897	1.156952
664.506999969	0.095573
666.506999969	0.040765
668.506999969	0.086264
670.523000002	0.133574
672.50999999	0.237282
674.506999969	0.915533
676.507999897	0.015408
678.507999897	0.015798
680.508999825	0.059442
682.50999999	0.772915
684.506999969	0.0091
686.756999731	0.502537
688.507999897	0.020099
690.758000135	0.008115
692.506000042	0.030839
694.506999969	0.114194
696.538000107	0.105278
698.641000032	0.059255
700.764999866	0.29762
702.756999731	2.149816
704.755999804	0.456261
706.758000135	2.866521
708.756999731	0.488151
710.759000063	0.815678
712.683999777	0.486265
714.758000135	2.31751
716.75999999	0.994939
718.754999876	0.5284
720.756999731	0.679572
722.638000011	0.091434
724.763999939	0.194655
726.758000135	0.031077
728.764999866	1.679147
730.754999876	0.286343
732.756999731	0.558231
734.762000084	3.329544
736.758000135	0.601617
738.756999731	0.040664
740.775999784	0.239091
742.759000063	0.02091
744.759000063	1.050933
747.302999973	0.24921
748.910000086	0.056338
750.895999908	0.013182
752.759000063	0.016419
754.755999804	0.980953
756.755999804	0.501075
758.786999941	0.020735
760.677999973	0.791945
762.758000135	2.315643
764.75999999	4.671874
766.759000063	4.671874
768.756999731	2.655036
770.633000135	0.049044
772.756999731	0.006975
774.762000084	0.138327
776.755999804	0.058624
778.755999804	1.052793
780.755999804	4.207142
782.756999731	4.207142
784.758000135	0.489507
786.759000063	0.016006
788.76699996	0.06963
790.756999731	0.598889
792.755999804	2.278638
794.755999804	0.510512
796.758000135	0.127673
798.755999804	0.160563
800.759000063	0.072091
802.75999999	0.304842
804.755999804	1.046455
806.75999999	0.039749
808.680999994	3.393875
810.755999804	0.038246
812.754999876	0.468095
814.755999804	0.036248
816.756999731	4.790933
818.646999836	0.050058
820.756999731	2.738633
822.764999866	0.007137
824.762000084	0.007928
826.756999731	1.623082
828.756999731	0.496004
830.755999804	0.286642
832.755999804	1.674464
834.758000135	3.475683
836.755999804	3.475683
838.754999876	0.87326
840.754999876	4.137059
842.763999939	0.028913
844.756999731	3.326542
846.756999731	1.146311
848.755999804	2.053472
850.759000063	2.035711
852.754999876	0.044507
854.755999804	1.261344
856.756999731	4.648238
858.754999876	0.785361
860.815999985	0.132511
862.758000135	2.268552
864.754999876	3.473379
866.763000011	0.500069
868.755999804	1.361339
870.755999804	2.323933
872.754999876	4.435353
874.755999804	2.640963
876.756999731	0.022445
878.759000063	1.376059
880.754999876	0.491878
882.755999804	4.21241
884.755999804	2.374632
886.759000063	4.707951
888.75999999	3.472383
890.758000135	4.737542
892.755999804	2.073662
894.755999804	4.170294
896.758000135	4.409681
898.754999876	4.768396
900.756999731	0.508339
902.771999836	3.278413
904.75999999	3.278413
906.755999804	0.020568
908.755999804	0.014017
910.756999731	0.494231
912.755999804	1.637543
914.755999804	0.014037
916.754999876	3.93804
918.755999804	0.04116
920.754999876	3.419622
922.756999731	1.670011
924.756999731	4.051678
926.763000011	3.895034
928.754999876	3.210084
930.755999804	0.455116
932.763000011	3.749684
934.758000135	0.603957
936.755999804	3.851167
938.756999731	0.027534
940.754999876	3.025046
942.755999804	0.442337
944.758000135	0.437063
946.754999876	0.89432
948.756999731	0.910599
951.006000042	2.446163
953.006999969	0.500858
955.003999949	0.083692
957.004999876	2.538375
959.004999876	0.534041
961.018000126	1.172596
963.006000042	0.511558
965.004999876	3.688814
967.003999949	3.370746
969.006999969	4.56507
971.004999876	3.29071
973.004999876	0.02758
975.006999969	2.355081
977.004999876	4.349617
979.006000042	0.217221
981.007999897	3.76005
983.004999876	0.446538
985.006000042	3.285368
987.006999969	1.749104
989.004999876	2.52924
991.014999866	0.041092
993.004999876	3.443083
995.004999876	3.354419
997.003999949	0.816132
999.006999969	1.244274
1001.00499988	0.496652
1003.00900006	0.177011
1005.00499988	1.168529
1007.00600004	0.061386
1009.00600004	0.014854
1011.00399995	0.007966
1013.00499988	0.01982
1015.01299977	0.182594
1017.00699997	0.051652
1019.00600004	0.645437
1021.00499988	0.469417
1023.00399995	0.054928
1025.00499988	0.492666
1027.00499988	0.527098
1029.00499988	3.734825
1031.00499988	1.539902
1033.00600004	0.460797
1035.00399995	0.023049
1037.00499988	3.912761
1039.00499988	0.002815
1041.00399995	0.010372
1043.01199985	1.337423
1045.00399995	0.014195
1047.00399995	0.572928
1048.87199998	0.015706
1051.00499988	0.009315
1053.00399995	1.763428
1055.00699997	0.521279
1057.00499988	0.071946
1059.13499999	0.668958
1061.04900002	3.16077
1063.00600004	0.28981
1065.00699997	0.023878
1067.00300002	0.298961
1069.00699997	0.101347
1071.00399995	4.971213
1073.00499988	3.318426
1075.00499988	2.612005
1077.00499988	2.254782
1079.00499988	4.788695
1081.00399995	1.080103
1083.00600004	0.487121
1085.0079999	0.039993
1087.00399995	0.006473
1089.00499988	4.365093
1091.00399995	4.390345
1093.00399995	1.308103
1095.00600004	2.50185
1097.00600004	0.020662
1099.00399995	3.863486
1101.00300002	0.008041
1103.01099992	0.009352
1105.00600004	1.107387
1107.00699997	0.884164
1109.00499988	4.064108
1111.00499988	1.396357
1113.00399995	5.031857
1115.00499988	1.454057
1117.00499988	4.221267
1119.00399995	2.823701
1121.00600004	0.015223
1123.00499988	5.366743
1125.00399995	0.17626
1127.00300002	5.177546
1129.00399995	3.93563
1131.00399995	3.93563
1133.00300002	4.886409
1135.00399995	4.886409
1137.00399995	2.711283
1139.00300002	4.93154
1141.00399995	0.01546
1143.00300002	0.750725
1145.00300002	4.330363
1147.00399995	4.571311
1149.00300002	2.747101
1151.00399995	0.519588
1153.00600004	4.447718
1155.00300002	2.425446
1157.00399995	0.021967
1159.00399995	0.020742
1161.00399995	3.672923
1163.00399995	0.028036
1165.00399995	1.035681
1167.00600004	4.590782
1169.00399995	1.368459
1171.00499988	0.370087
1173.00699997	0.061951
1175.00499988	1.95623
1177.00399995	0.70997
1179.00399995	0.46424
1181.00399995	1.723336
1183.00399995	0.07243
1185.00399995	1.464426
1187.00399995	0.458092
1189.00300002	0.485139
1191.00399995	0.055936
1193.00399995	0.055863
1195.00399995	1.38319
1197.25399995	1.638771
1199.25399995	0.015871
1201.2559998	0.008094
1203.25299978	0.840508
1205.2559998	1.200598
1207.27099991	0.480353
1209.2559998	0.597062
1211.25399995	0.714574
1213.26099992	0.523812
1215.11500001	0.071739
1217.05199981	2.460945
1219.26099992	0.172061
1221.25499988	0.031287
1223.25399995	0.506335
1225.25299978	1.797114
1227.25299978	0.49463
1229.25399995	0.02647
1231.17700005	1.317037
1233.25499988	3.395336
1235.25299978	0.137362
1237.26799989	0.989699
1239.25399995	0.027941
1241.25399995	4.366685
1243.27399993	3.371891
1245.25299978	0.680429
1247.25399995	0.010342
1249.25299978	1.297978
1251.25399995	0.526347
1253.25699997	0.017239
1255.25299978	0.965682
1257.25299978	0.008075
1259.25800014	4.616345
1261.25800014	0.72045
1263.25399995	4.774274
1265.2559998	4.260491
1267.28600001	0.167051
1269.25299978	2.754683
1271.25999999	0.008699
1273.25299978	3.440157
1275.25299978	0.013589
1277.25299978	2.313356
1279.19799995	2.09836
1281.25299978	2.329258
1283.25299978	0.183547
1285.25499988	0.016664
1287.25699997	0.520901
1289.2559998	0.008279
1291.25999999	0.011605
1293.25499988	0.043971
1295.25399995	0.028928
1297.25399995	0.462443
1299.25299978	0.478882
1301.2559998	0.478882
1303.25299978	0.913888
1305.25299978	0.008606
1307.25800014	1.05738
1309.26200008	0.062565
1311.25299978	0.121534
1313.2559998	0.021294
1315.25299978	0.174601
1317.25499988	0.119266
1319.25399995	0.010281
1321.25900006	0.647559
1323.25299978	0.030634
1325.2559998	0.287768
1327.25999999	0.475166
1329.25499988	0.29138
1331.25499988	0.066971
1333.25399995	0.009605
1335.25299978	0.016338
1337.2559998	0.008186
1339.25999999	0.051142
1341.25299978	0.021079
1343.25499988	0.031151
1345.28399992	0.08252
1347.25299978	0.058813
1349.25399995	0.008004
1351.25399995	1.156907
1353.25499988	0.233419
1355.25699997	0.01974
1357.26099992	0.522681
1359.25299978	1.182351
1361.25299978	0.045307
1363.25299978	0.092707
1365.2559998	0.020362
1367.25199986	0.009407
1369.25900006	0.035775
1371.25199986	0.235003
1373.25900006	0.0877
1375.26799989	0.430335
1377.25699997	0.017848
1379.25199986	0.05962
1381.26399994	0.792497
1383.25299978	0.03017
1385.25299978	0.078792
1387.26300001	0.081073
1389.26099992	0.01638
1391.25399995	3.574952
1393.2559998	0.07848
1395.25299978	0.076849
1397.25299978	0.075687
1399.25499988	0.414445
1401.25399995	0.023972
1403.25199986	0.088241
1405.25199986	0.00289
1407.25800014	0.049538
1409.25900006	0.015695
1411.25299978	0.084492
1413.25299978	0.425126
1415.25299978	1.628796
1417.25199986	0.449007
1419.25499988	0.027918
1421.78399992	0.033968
1423.25299978	0.474073
1425.25299978	0.20741
1427.25199986	1.342662
1429.25399995	0.432558
1431.25199986	0.072928
1433.25299978	2.412907
1435.2559998	3.24009
1437.25199986	0.0967
1439.26399994	2.485148
1441.2559998	0.008023
1443.50300002	3.636242
1445.25299978	0.235168
1447.41100001	0.087932
1449.50399995	0.015585
1451.50500011	0.083027
1453.5079999	0.049425
1455.50200009	0.185703
1457.50200009	0.446199
1459.50200009	0.008381
1461.50399995	0.023891
1463.50300002	0.333395
1465.50200009	1.105476
1467.50099993	0.007556
1469.77199984	0.001175
1471.39199996	0.029918
1473.50600004	0.272454
1475.50200009	0.098626
1477.50500011	0.009206
1479.50099993	2.204263
1481.50200009	0.457445
1483.50200009	0.197667
1485.50200009	1.73502
1487.50200009	1.767769
1489.50200009	0.008137
1491.50600004	0.024763
1493.50200009	1.196849
1495.42299986	0.01387
1497.50200009	0.414827
1499.50300002	0.083587
1501.50200009	1.157474
1503.50300002	0.108087
1505.50300002	0.015396
1507.50300002	1.984581
1509.44299984	0.473655
1511.51099992	0.017663
1513.50099993	0.042293
1515.50099993	0.034831
1517.50300002	1.111462
1519.44499993	0.03475
1521.50200009	0.113653
1523.50099993	0.340963
1525.50300002	0.038263
1527.50200009	0.010361
1529.50300002	2.356097
1531.50200009	0.368047
1533.50200009	0.706699
1535.50200009	1.176307
1537.50300002	1.406584
1539.50399995	0.504644
1541.50500011	3.547833
1543.50300002	0.036537
1545.50399995	0.051867
1547.50200009	0.03851
1549.50200009	0.01587
1551.50600004	0.045216
1553.38399982	0.020396
1555.50300002	0.384
1557.50300002	0.337163
1559.5079999	0.952762
1561.50300002	0.01448
1563.50300002	0.610201
1565.5079999	0.586181
1567.50600004	0.486279
1569.50099993	0.023354
1571.50099993	0.059542
1573.50300002	0.185507
1575.50099993	1.589952
1577.50500011	0.506087
1579.70500016	0.007528
1581.51699972	0.396672
1583.50099993	0.11513
1585.50099993	0.028523
1587.50099993	0.484973
1589.50099993	0.21159
1591.50300002	3.301972
1593.50300002	0.072538
1595.50099993	0.277457
1597.50500011	0.010055
1599.50500011	0.407292
1601.50600004	0.489396
1603.50200009	0.002943
1605.51199985	0.258845
1607.50099993	0.193174
1609.50099993	0.092553
1611.50099993	0.491241
1613.50099993	0.345662
1615.50200009	0.007221
1617.50200009	0.072532
1619.50200009	0.518579
1621.50099993	1.258155
1623.50099993	0.707629
1625.50200009	0.491814
1627.50200009	0.504956
1629.50099993	0.470981
1631.50099993	2.466968
1633.50099993	0.134789
1639.99599981	0.796439
1641.07999992	0.253278
1642.34699988	0.214004
1642.82899976	3.398594
1644.22300005	0.041593
1645.50099993	3.538399
1647.50399995	1.666834
1649.50099993	0.499488
1651.50300002	3.517443
1653.50099993	3.699197
1655.50099993	0.191662
1657.50099993	0.072301
1659.50200009	4.251806
1661.50099993	4.166333
1663.50200009	2.124437
1665.50099993	4.254067
1667.50300002	1.514959
1669.50600004	4.131746
1671.50099993	4.202352
1673.51800013	2.583818
1675.50200009	2.841923
1677.50099993	0.457182
1679.50099993	4.404869
1681.50099993	3.009932
1683.50099993	0.43739
1685.50300002	0.071838
1687.50200009	0.112691
1689.50300002	4.065244
1691.50099993	3.8204
1693.75	0.145714
1695.75	0.52583
1697.75199986	0.499789
1699.75	0.018433
1701.63599992	0.03026
1703.7559998	1.487124
1705.75300002	0.039245
1707.75300002	0.030009
1709.76699996	0.558574
1711.75300002	0.100283
1713.75300002	0.007906
1715.75099993	1.047346
1717.75	2.907052
1719.75399995	1.130873
1721.75199986	0.323954
1723.75199986	0.515925
1725.62599993	0.016677
1727.75099993	0.602074
1729.75	0.113444
1731.75099993	0.074899
1733.79900002	0.150332
1735.75199986	0.008773
1737.75199986	0.060853
1739.76200008	0.034068
1741.75	3.207756
1743.75	0.123667
1745.75499988	0.471039
1747.75199986	0.287422
1749.75300002	1.582513
1751.76300001	0.019644
1753.75099993	0.206728
1755.75099993	0.02848
1757.75099993	0.082248
1759.75	0.008719
1761.75	0.124602
1763.75099993	0.345566
1765.75099993	0.00963
1767.75099993	0.031991
1769.75	0.022909
1771.75300002	0.01024
1773.65299988	0.066254
1775.75699973	0.086852
1777.59099984	0.010335
1779.75099993	0.037693
1781.75	0.013497
1783.74500012	0.030941
1785.75300002	0.008717
1787.75300002	0.126348
1789.75300002	0.134802
1791.75	0.321343
1793.75199986	0.010353
1795.75	1.275361
1797.62599993	0.015889
1799.77700019	1.751239
1801.75300002	1.711412
1803.75	0.025959
1805.75199986	1.332885
1807.75	2.056423
1809.75	2.423899
1811.75499988	2.481051
1813.75099993	2.598236
1815.75499988	2.557913
1817.75199986	2.301882
1819.75	0.329465
1821.63000011	0.070983
1823.75699973	4.229785
1825.75	4.118321
1827.75099993	0.360205
1829.75	0.031036
1831.75199986	0.49358
1833.75199986	0.386765
1835.75	0.070718
1837.75	0.904024
1839.75300002	0.28602
1841.75	0.070057
1843.75	0.110497
1845.75	1.489365
1847.75	2.451095
1849.74899983	0.285873
1851.75999999	0.036455
1853.74899983	0.365691
1855.75	0.504523
1857.75	0.028978
1859.75699973	2.330972
1861.75	2.165038
1863.75499988	0.868484
1865.75	0.4976
1867.75	1.47997
1869.75199986	2.399661
1871.76300001	0.099838
1873.74899983	1.862734
1875.75399995	0.833883
1877.75099993	3.651864
1879.74899983	0.473129
1881.76699996	1.725749
1883.74899983	4.04148
1885.75099993	2.693502
1887.75099993	0.010387
1889.75	0.50458
1891.75	3.857036
1893.75099993	0.492486
1895.75099993	0.013373
1897.75300002	4.764145
1899.75199986	1.949117
1901.74899983	0.167422
1903.74899983	0.091776
1905.75099993	1.898652
1907.75	4.206547
1909.75099993	4.158311
1911.75099993	0.028929
1913.75399995	0.022577
1915.74899983	4.343265
1917.7559998	4.373301
1919.76100016	3.257698
1921.75	0.172605
1923.75	3.966045
1925.75099993	4.142941
1927.75300002	1.771494
1929.74899983	1.067742
1931.74899983	0.166387
1933.74899983	2.41741
1935.75199986	0.339375
1938.00100017	2.60459
1939.99899983	0.100352
1941.99899983	2.228029
1943.99899983	0.059372
1945.99899983	0.041511
1947.99899983	0.8001
1949.99899983	0.04199
1952.0	0.619633
1954.0079999	4.113122
1955.93499994	3.386568
1957.99899983	0.008523
1960.00100017	3.034298
1962.0	0.063652
1964.00300002	2.382288
1965.99799991	5.371638
1968.0	5.12087
1969.99899983	0.774643
1971.99899983	4.213949
1973.99899983	0.012139
1975.99899983	0.496106
1978.00499988	0.710191
1979.92600012	2.108887
1982.0	4.546991
1984.0	0.091478
1986.00100017	0.009648
1987.99799991	0.111723
1989.99899983	0.444327
1991.99799991	2.019988
1993.99899983	0.071736
1995.99899983	0.009424
1997.99899983	0.541665
2000.00499988	0.051778
2002.00100017	0.909764
2003.97599983	0.461999
2005.99899983	0.417852
2008.00100017	1.921705
2010.0	0.568865
2011.99899983	1.303852
2014.00200009	1.138686
2015.99799991	0.13971
2017.99899983	0.028177
2019.99899983	0.092449
2022.00699997	1.649342
2024.00200009	0.470291
2026.00200009	2.768832
2027.93499994	1.090498
2029.99899983	3.010645
2031.99899983	3.059709
2033.99899983	0.569011
2035.99899983	3.314523
2037.99799991	2.713724
2039.99799991	0.558222
2041.99899983	1.065104
2043.99899983	0.082198
2046.00100017	0.009169
2048.00699997	1.398303
2049.99799991	1.435474
2051.93899989	1.435474
2053.99799991	1.781705
2055.99899983	0.271634
2057.99899983	0.23924
2059.99899983	0.051742
2061.99899983	0.487667
2063.99799991	2.002927
2065.99799991	3.101851
2068.0	3.101851
2070.0	3.101851
2071.99799991	1.146298
2073.99899983	2.796339
2075.94400001	1.340485
2078.00399995	3.575846
2080.0	2.154658
2081.99799991	0.021287
2083.99899983	3.713048
2086.00200009	3.713048
2087.99899983	0.105629
2089.99799991	1.464619
2091.99899983	0.073919
2093.99899983	2.312943
2095.99799991	2.312943
2097.99899983	0.122188
2099.92600012	4.492639
2101.99799991	1.679902
2103.99899983	0.76844
2105.99899983	1.089726
2107.99899983	4.254138
2110.0	0.499476
2111.99899983	0.624385
2114.00300002	0.030518
2115.99799991	2.694644
2117.99899983	0.942069
2119.99899983	0.739638
2121.99899983	1.780061
2123.99799991	0.829456
2126.00200009	1.548853
2127.99899983	2.155351
2129.99799991	0.810759
2131.99899983	2.192866
2134.0	2.192866
2135.99899983	0.352091
2137.99799991	0.519011
2140.0	0.050761
2141.99899983	0.112278
2143.99799991	0.119608
2145.99899983	0.030933
2147.99799991	0.489769
2149.99699974	0.031698
2152.00100017	2.33589
2153.99799991	0.059117
2156.0	0.070265
2158.00499988	0.05884
2159.99799991	0.147099
2161.99799991	0.509368
2164.00399995	0.078588
2165.99699974	2.728075
2167.99699974	0.013808
2169.99899983	3.020462
2172.0	0.918672
2173.99799991	0.178756
2175.99799991	0.214537
2178.00100017	0.029705
2180.00499988	0.595683
2181.99899983	0.746604
2184.24799991	0.008445
2185.99899983	0.082515
2188.2559998	0.123405
2190.24699998	0.152486
2202.55999994	0.000127
2203.52799988	0.350281
2204.26899981	0.917417
2204.95099998	0.699088
2205.671	1.326296
2206.50500011	0.105959
2207.24699998	0.414507
2207.82500005	0.405186
2208.63999987	0.02754
2210.24699998	0.199123
2212.26600003	1.13012
2214.24900007	1.13012
2216.25	0.008196
2218.25	1.26333
2220.24799991	2.673342
2222.25	1.041926
2224.25399995	0.285103
2226.24699998	0.002799
2228.24699998	0.029744
2230.28299999	0.008918
2232.25199986	0.015407
2234.24799991	2.78501
2236.25699997	0.037055
2238.24699998	0.150481
2240.24900007	0.02735
2242.25199986	0.309201
2244.13999987	0.007093
2246.24799991	0.072807
2248.26200008	1.53889
2250.24900007	0.009435
2252.27099991	0.350517
2254.26200008	0.476783
2256.24900007	0.373956
2258.25699997	0.016522
2260.24799991	1.394775
2262.24699998	0.047946
2264.24799991	0.014839
2266.26099992	1.516266
2268.24799991	0.606903
2270.24799991	1.095372
2272.29900002	0.029584
2274.24699998	0.009053
2276.25999999	0.069533
2278.24799991	1.711916
2280.24799991	2.097399
2282.24799991	0.090665
2284.25	0.798801
2286.24600005	0.323074
2288.24699998	0.47238
2290.25399995	0.186744
2292.24799991	0.455455
2294.24799991	0.079552
2296.25	0.307555
2298.25399995	0.10612
2300.24699998	0.154512
2302.25399995	2.36529
2304.24799991	0.014136
2306.25099993	0.626234
2308.24799991	0.75623
2310.24699998	1.298326
2312.24799991	0.016293
2314.24799991	0.439833
2316.24799991	0.834889
2318.24799991	0.139189
2320.24900007	1.167882
2322.24900007	0.051679
2324.25	0.702732
2326.25	1.299615
2328.24600005	0.668751
2330.24600005	0.038591
2332.273	2.792586
2334.24799991	0.042932
2336.24699998	1.058143
2338.25499988	0.077832
2340.24600005	1.46039
2342.24799991	1.030317
2344.24600005	0.207002
2346.24699998	0.009588
2348.24699998	0.469383
2350.25	0.49651
2352.24600005	0.050684
2354.24600005	0.443724
2356.27999997	0.126126
2358.24699998	0.57868
2360.25299978	0.475525
2362.25	0.324904
2364.24799991	1.000435
2366.25699997	0.357798
2368.24900007	0.119209
2370.24699998	0.009346
2372.25299978	1.004478
2374.24600005	1.352819
2376.24600005	1.507483
2378.24600005	1.439497
2380.24699998	0.031702
2382.24600005	2.487469
2384.24699998	2.487469
2386.27999997	2.487469
2388.24600005	0.015682
2390.24699998	1.395384
2392.24699998	1.5807
2394.24900007	0.002703
2396.25499988	1.705548
2398.25800014	0.43745
2400.24799991	0.732788
2402.25800014	0.014741
2404.24699998	0.392006
2406.24799991	0.968602
2408.24900007	0.968602
2410.24900007	1.829244
2412.24799991	1.829244
2414.24699998	1.829244
2416.25099993	1.590088
2418.24600005	0.035153
2420.24699998	1.816633
2422.25299978	2.910846
2424.24900007	0.702674
2426.24600005	2.214475
2428.25199986	0.039418
2430.24699998	2.843333
2432.24699998	0.490215
2434.49599981	0.020792
2436.5	0.007803
2438.49699998	0.074711
2440.5	0.456875
2442.49899983	0.02034
2444.49599981	0.822196
2446.49799991	1.065991
2448.49799991	2.966535
2450.43400002	3.049477
2452.49899983	0.026103
2454.49599981	0.890519
2456.49599981	0.526723
2458.49699998	0.591844
2460.49799991	0.70211
2462.49599981	0.040124
2464.49799991	2.337749
2466.49599981	2.337749
2468.49699998	2.337749
2470.49699998	0.079976
2472.49799991	0.701456
2474.43300009	0.480877
2476.49699998	0.021711
2478.50200009	0.170192
2480.49799991	2.536208
2482.49599981	0.972342
2484.50500011	0.01635
2486.49799991	0.24131
2488.50600004	0.0288
2490.49699998	2.335916
2492.50600004	2.335916
2494.5	1.160411
2496.49599981	0.28675
2498.43899989	0.497389
2500.49699998	0.006336
2502.49899983	0.093788
2504.49699998	1.461483
2506.49799991	0.143573
2508.49799991	1.730685
2510.49599981	0.735289
2512.49699998	0.809875
2514.49799991	0.226657
2516.57599998	0.011841
2518.50099993	0.082831
2520.5	4.622829
2522.50200009	0.393057
2524.49699998	4.304821
2526.49699998	0.054552
2528.49699998	2.005099
2530.50500011	0.205104
2532.49699998	0.511043
2534.49699998	0.044083
2536.49699998	0.063712
2538.49799991	0.031845
2540.49899983	0.012069
2542.49599981	0.518404
2544.49699998	0.074945
2546.41899991	4.634125
2548.5	1.513948
2550.49599981	0.041488
2552.49699998	4.232429
2554.5	0.040046
2556.49699998	0.516629
2558.49699998	0.754512
2560.49899983	1.864489
2562.49699998	1.203241
2564.49499989	2.216965
2566.49499989	0.01375
2568.49799991	2.391798
2570.49799991	2.391798
2572.5079999	2.817525
2574.49599981	2.817525
2576.49699998	4.260805
2578.49699998	0.020026
2580.49899983	0.031518
2582.49699998	0.176047
2584.49599981	0.08751
2586.50099993	1.269508
2588.49599981	0.884405
2590.47799993	0.041288
2592.49499989	2.202941
2594.43000007	2.814008
2596.50300002	0.749452
2598.49599981	0.008052
2600.49699998	0.010353
2602.49899983	0.002721
2604.49599981	1.780937
2606.49499989	0.801762
2608.49599981	4.95396
2610.49599981	4.640163
2612.49699998	4.213994
2614.49599981	0.023436
2616.49699998	2.539762
2618.49699998	0.513809
2620.49599981	0.007508
2622.49599981	0.206044
2624.49599981	0.149981
2626.49799991	0.007849
2628.50399995	0.018983
2630.49599981	0.048167
2632.49599981	0.020273
2634.49699998	0.52913
2636.48600006	0.386197
2638.57400012	0.051584
2640.49499989	0.002892
2642.49499989	0.452065
2644.49499989	0.032846
2646.49699998	0.040429
2648.50600004	0.192199
2650.49799991	0.034069
2652.49799991	0.134764
2654.49599981	0.395235
2656.49799991	0.017009
2658.49699998	0.040189
2660.49599981	0.058421
2662.49599981	0.029363
2664.49799991	0.153299
2666.49899983	0.508657
2668.49499989	1.180473
2670.49599981	1.054367
2672.49599981	0.032151
2674.49599981	0.070541
2676.49599981	0.022448
2678.49499989	0.155662
2680.49499989	0.007997
2682.74600005	3.961446
2684.74600005	0.061806
2686.49599981	0.12182
2688.74600005	0.165647
2690.67199993	0.132263
2692.74699998	0.342455
2694.74699998	0.153665
2696.77499986	0.155623
2698.74600005	0.069304
2700.74600005	0.030808
2702.74899983	0.057618
2704.66799998	0.521689
2706.74500012	0.603276
2708.76499987	0.940397
2710.74500012	3.140376
2712.74699998	0.01774
2714.63599992	0.047571
2716.74600005	0.065911
2718.74500012	0.24461
2720.74500012	3.566812
2722.74600005	0.025926
2724.74799991	0.027709
2726.74899983	0.106472
2728.9690001	0.466044
2730.74600005	0.008041
2732.75499988	0.462595
2734.74500012	0.217435
2736.74500012	0.03533
2738.6559999	0.006002
2740.83500004	0.003145
2742.92299986	0.017107
2744.75499988	0.123056
2746.74500012	0.02682
2748.74699998	0.744468
2750.77399993	0.022651
2752.66499996	4.282113
2754.74600005	0.073942
2756.74600005	0.030945
2758.74500012	0.009931
2760.74500012	0.04456
2762.75499988	1.406861
2764.74399996	2.723064
2766.74399996	4.180996
2768.74699998	0.09893
2770.74500012	0.030927
2772.74500012	0.016735
2774.75099993	0.153622
2776.74799991	0.371849
2778.74500012	0.503508
2780.86099982	0.061786
2783.19999981	0.002919
2788.97899985	0.398355
2792.77099991	0.977112
2795.52399993	0.136701
2797.59199977	1.358977
2799.69499993	0.686625
2801.34899974	0.751443
2802.79499984	0.123765
2804.18899989	0.066006
2805.51599979	2.148772
2806.85899997	0.1932
2808.36699986	0.007595
2809.4599998	0.434752
2810.51199985	0.380971
2811.73099995	0.112766
2812.98500013	0.229378
2814.74899983	0.213
2816.76499987	0.078182
2818.74500012	2.73582
2820.74600005	0.008
2822.74399996	0.007317
2824.68099999	1.154519
2826.74399996	0.040695
2828.76100016	0.020691
2830.74500012	0.010444
2832.74500012	1.410241
2834.74500012	0.00843
2836.74500012	1.603589
2838.74399996	0.09408
2840.76200008	0.066944
2842.74399996	0.020601
2844.74500012	0.500549
2846.74399996	2.048321
2848.74399996	2.048321
2850.74500012	0.596883
2852.77900004	0.050473
2854.74399996	0.455078
2856.74600005	1.988461
2858.75099993	0.019384
2860.74399996	0.037244
2862.74500012	0.047385
2864.75	1.157814
2866.74600005	0.094132
2868.74300003	0.052573
2870.74699998	0.310087
2872.74399996	2.176335
2874.75399995	2.176335
2876.76600003	0.845191
2878.74399996	0.016909
2880.74500012	0.022817
2882.74399996	0.423005
2884.74500012	0.266129
2886.74600005	0.121701
2888.74799991	0.009596
2890.74399996	0.341063
2892.74399996	0.453486
2894.74399996	0.389313
2896.74600005	2.010326
2898.74699998	0.121764
2900.74399996	0.036643
2902.74799991	0.032148
2904.74500012	0.092113
2906.74500012	0.008084
2908.74300003	0.558673
2910.74300003	0.246011
2912.7559998	0.040461
2914.74500012	0.318784
2916.99399996	0.079917
2918.99399996	1.141814
2920.99799991	2.850023
2922.99699974	0.146844
2924.99499989	0.030186
2926.99499989	0.500276
2928.99399996	0.048693
2930.99399996	0.427654
2932.99399996	0.185272
2934.99300003	0.11918
2936.99499989	0.490929
2938.99300003	0.348254
2940.99399996	0.474335
2942.99399996	1.880155
2944.87300014	0.015845
2946.99599981	0.016404
2948.99899983	2.299878
2950.99399996	0.019662
2952.99199986	0.009177
2954.99799991	0.01585
2956.99699974	0.017658
2958.99799991	2.330988
2960.99300003	0.061694
2962.99799991	2.716532
2964.99300003	0.471997
2966.99399996	1.292911
2968.99399996	0.213307
2971.00200009	0.007362
2972.99599981	0.353073
2974.99399996	0.763632
2976.99300003	2.125199
2978.99499989	0.775739
2980.99599981	0.106658
2983.0	0.412563
2985.00200009	0.203761
2986.99399996	0.169588
2988.99499989	0.190736
2991.28399992	0.041055
2993.00699997	0.041193
2994.99499989	0.118328
2996.99399996	0.147461
2998.99499989	1.335848
3000.99699974	1.298734
3002.95099998	0.111086
3004.99300003	0.150192
3006.99399996	0.013892
3009.02200007	0.061586
3010.99399996	0.14529
3012.99399996	2.932987
3014.99499989	0.145293
3016.88799977	0.048182
3018.99399996	0.023345
3020.99399996	0.896817
3022.99399996	0.029666
3024.99399996	1.687132
3026.99499989	0.065641
3028.99300003	1.900739
3030.99300003	4.453225
3032.99399996	1.792165
3034.99699974	0.161312
3036.99499989	3.134732
3038.99499989	0.071961
3040.99799991	0.0073
3042.99300003	2.17467
3044.99300003	0.200121
3046.99399996	2.795843
3048.99599981	0.002371
3050.99300003	0.417433
3052.99300003	0.11936
3054.99799991	0.014315
3056.99300003	0.03161
3058.99399996	0.30315
3060.99399996	0.793059
3062.99599981	0.374544
3064.91499996	0.017529
3070.41799998	1.011152
3072.27599978	0.270395
3073.546	0.015004
3074.40900016	0.027695
3076.13400006	1.218276
3078.24499989	0.023743
3080.21299982	0.009415
3082.796	0.015595
3083.64299989	0.010547
3084.99300003	1.738454
3086.99599981	0.784447
3088.99499989	0.495887
3090.99699974	0.054906
3092.99499989	0.879236
3094.99799991	1.285993
3097.02999997	0.044831
3098.99599981	0.512688
3101.02899981	0.035975
3102.99300003	3.527745
3104.99599981	0.050329
3107.32999992	0.02468
3108.99799991	0.008875
3110.99699974	0.005111
3112.99499989	0.507458
3114.99699974	2.177051
3116.99300003	0.004559
3118.99399996	0.02136
3120.99499989	0.018062
3122.99399996	1.939585
3124.99199986	0.061125
3126.99499989	1.581502
3128.99300003	2.353175
3130.99399996	0.015432
3132.99199986	0.009824
3135.0	1.645802
3136.99199986	0.025122
3138.99199986	0.421043
3140.99199986	0.421043
3142.99300003	1.185734
3144.99300003	0.075647
3146.99399996	0.467274
3148.99199986	0.538545
3150.99199986	2.001552
3152.99599981	0.076091
3154.99300003	0.110787
3156.99199986	0.00692
3158.99199986	0.031632
3160.99300003	0.468467
3162.99399996	0.153959
3164.99300003	0.007099
3166.99300003	0.101889
3169.023	0.273236
3171.2420001	2.234901
3173.25	0.052559
3175.24300003	0.457683
3177.24300003	0.058604
3179.24499989	0.033335
3181.24699998	0.014295
3183.2420001	2.757614
3185.24399996	0.008082
3187.2420001	0.441815
3189.24499989	2.5572
3191.24399996	0.009823
3193.25	0.427898
3195.24100018	0.503961
3197.24799991	0.503961
3199.171	0.504907
3201.2420001	0.236398
3203.24100018	2.10086
3205.24300003	0.170381
3207.2420001	0.032103
3209.24499989	0.03059
3211.25099993	0.071812
3213.24100018	1.292974
3215.24100018	2.336972
3217.25299978	0.025522
3219.2420001	2.350095
3221.2420001	0.343197
3223.26300001	0.48372
3225.2420001	0.043108
3227.2420001	0.317426
3229.25399995	0.460719
3231.2420001	2.295308
3233.24499989	0.023691
3235.24399996	0.795141
3237.2420001	0.022183
3239.2420001	0.756743
3241.2559998	3.226226
3243.24499989	0.008061
3245.2420001	0.082754
3247.41400003	0.011441
3249.24100018	2.13456
3251.24499989	0.180813
3253.25299978	0.058591
3255.2420001	1.630584
3257.2420001	1.630584
3259.24300003	0.15373
3261.24300003	0.007576
3263.2420001	0.443145
3265.2559998	0.102854
3267.2420001	0.503712
3269.24799991	1.156076
3271.25699997	1.156076
3273.24499989	0.008046
3275.24499989	0.577765
3277.25	0.213002
3279.24100018	0.045346
3281.2420001	0.493261
3283.24399996	2.065878
3285.2420001	0.292717
3287.24600005	0.773658
3289.24300003	0.251017
3291.2420001	0.514896
3293.2420001	0.024253
3295.24399996	0.463028
3297.2420001	3.267632
3299.24100018	3.267632
3301.24699998	0.019289
3303.2420001	0.020427
3305.24499989	0.014123
3307.25099993	0.206647
3309.88599992	0.041419
3311.2420001	0.103936
3313.24699998	4.421937
3315.24300003	1.50288
3317.24100018	4.097175
3319.17199993	0.501189
3321.24499989	0.019043
3323.24300003	3.977573
3325.24300003	0.040858
3327.24399996	3.655749
3329.24399996	2.24985
3331.24600005	0.05168
3333.24499989	2.266695
3335.2420001	0.546715
3337.24600005	3.49014
3339.24100018	0.520972
3341.2420001	1.101592
3343.24100018	0.42115
3345.2420001	0.02072
3347.2420001	0.034174
3349.24399996	1.679959
3351.24600005	1.343302
3353.23999977	1.058722
3355.24100018	0.949941
3357.2420001	4.414526
3359.2420001	2.734847
3361.24499989	0.547813
3363.24100018	0.472781
3365.24100018	0.029817
3367.38199997	0.484891
3369.2420001	0.490461
3371.2420001	0.040388
3373.24499989	3.869022
3375.24100018	4.035349
3377.24100018	0.542892
3379.24399996	4.881111
3381.24100018	0.017658
3383.24499989	4.795493
3385.24600005	3.376786
3387.2420001	0.634476
3389.2420001	5.041078
3391.25199986	1.071855
3393.24600005	2.323262
3395.2420001	0.007852
3397.24900007	1.138123
3399.2420001	4.76937
3401.68900013	5.263727
3403.273	5.560151
3405.49199986	4.273199
3407.2420001	2.367985
3409.49199986	4.703622
3411.49499989	0.048566
3413.49199986	1.310938
3415.3690002	0.007383
3417.49000001	1.322738
3419.49199986	2.182689
3421.49099994	4.405319
3423.49099994	2.258217
3425.49099994	4.614871
3427.49099994	4.837482
3429.49299979	4.650238
3431.49099994	2.440642
3433.49599981	1.307385
3435.49099994	0.010442
3437.49099994	0.279703
3439.49199986	4.897456
3441.49000001	0.942382
3443.49399996	3.072723
3445.49099994	0.023642
3447.49099994	1.016318
3449.49499989	4.509917
3451.49099994	0.442368
3453.49599981	0.090458
3455.49099994	2.708912
3457.49099994	0.507703
3459.49099994	0.550092
3461.49199986	4.286372
3463.49000001	1.250258
3465.49000001	1.03108
3467.50200009	0.005695
3469.49199986	0.017406
3471.49199986	0.209154
3473.49099994	4.882816
3475.49399996	1.722312
3477.49099994	0.017479
3479.49000001	0.008068
3481.49299979	0.022848
3483.49199986	0.991577
3485.49000001	1.936911
3487.37800002	0.009921
3489.49099994	0.033807
3491.49299979	0.155624
3493.49199986	0.359694
3495.49099994	0.051846
3497.49399996	0.122743
3499.49199986	2.399544
3501.49199986	0.008096
3503.49399996	0.310612
3505.49199986	0.981224
3507.49099994	0.009674
3509.49099994	0.052479
3511.49399996	0.481875
3513.49199986	0.647544
3515.49000001	0.00873
3517.49099994	4.538413
3519.49099994	5.372507
3521.49099994	0.023528
3523.49000001	0.05253
3525.49099994	0.258597
3527.49199986	1.492856
3529.49199986	0.010701
3531.49199986	0.054546
3534.53499985	0.076042
3537.3039999	0.104688
3538.75499988	0.543085
3539.82399988	0.07618
3541.49000001	1.8504
3543.48900008	0.773885
3545.49299979	1.143794
3547.49000001	1.028025
3549.49000001	0.141527
3551.49299979	0.164501
3553.48900008	3.02914
3555.49099994	0.069604
3557.49099994	0.002835
3559.49099994	0.04438
3561.49099994	0.16437
3563.49000001	0.061507
3565.49000001	0.009368
3567.49099994	0.532984
3569.49099994	1.198654
3571.49399996	4.239076
3573.49000001	4.337561
3575.48900008	4.402096
3577.49000001	3.154476
3579.48900008	0.037551
3581.49099994	0.034555
3583.49199986	0.015443
3585.49099994	0.038994
3588.11100006	0.021691
3589.8829999	0.268814
3591.49199986	0.171371
3593.48900008	0.011533
3595.49000001	0.010344
3597.49000001	0.12447
3599.49000001	1.304144
3601.49000001	4.293922
3604.19599986	0.848385
3606.25499988	0.993153
3607.54899979	3.102495
3609.49099994	1.208098
3611.50500011	0.03208
3614.06399989	0.0193
3615.49000001	0.377644
3617.49000001	0.00669
3619.49099994	0.576756
3621.49000001	0.341274
3623.49099994	5.236756
3625.49099994	0.034578
3627.64900017	0.049851
3629.49099994	0.112857
3631.4849999	0.010127
3633.49099994	0.839128
3635.49099994	0.096995
3637.49000001	0.002881
3639.49299979	0.041143
3641.49199986	2.075552
3643.49099994	0.042049
3645.49000001	0.014448
3647.49000001	0.017037
3649.48900008	0.012138
3651.48900008	0.901908
3653.48900008	0.951986
3655.49099994	0.507833
3657.73999977	4.114468
3659.74600005	0.007946
3661.73899984	0.027496
3663.73999977	0.061675
3665.75399995	0.896839
3667.7420001	0.023334
3670.08299994	2.176352
3671.57700014	0.007557
3673.73899984	0.319073
3675.73899984	0.040982
3677.75099993	1.331181
3679.73999977	3.668799
3681.73999977	0.006705
3683.7420001	0.267845
3685.73899984	1.111127
3687.7420001	0.042626
3689.74099994	0.520121
3691.73999977	0.016312
3693.70600009	0.399358
3695.73999977	0.006851
3697.73899984	0.13949
3699.73799992	0.510231
3701.73899984	0.357218
3703.74899983	0.075292
3705.7420001	0.061603
3707.7420001	1.733474
3709.73999977	0.009559
3711.73899984	0.62702
3713.73899984	0.62702
3715.73999977	0.62702
3717.68299985	0.713693
3719.75099993	0.355159
3721.73999977	0.015122
3723.73899984	0.009253
3725.73999977	0.958693
3727.74099994	0.008346
3729.61500001	1.612986
3731.7420001	0.119165
3733.73899984	0.154458
3735.74099994	0.126406
3737.74799991	0.485168
3739.73999977	1.784831
3741.73899984	2.657158
3743.74699998	0.126867
3745.7420001	1.556684
3747.7420001	1.670847
3750.01199985	0.006823
3752.5309999	0.115589
3753.92900014	0.086774
3755.73799992	1.634826
3757.74399996	0.009619
3759.73999977	0.10793
3761.74399996	0.030639
3763.74099994	0.032422
3765.73899984	0.634576
3767.74099994	0.007302
3769.74099994	1.425613
3771.73999977	0.007483
3773.73799992	0.507819
3775.73999977	2.306548
3777.73999977	2.419059
3779.73799992	2.763175
3781.73899984	0.009994
3783.73799992	0.719426
3785.73799992	0.486452
3787.73999977	0.200301
3789.73899984	0.464957
3791.74099994	3.44629
3793.73899984	0.749874
3795.73999977	0.038354
3797.73999977	1.856595
3799.73799992	1.793229
3801.74600005	2.743374
3803.74899983	3.483944
3805.73899984	0.08764
3807.73999977	0.167379
3809.74500012	1.978275
3811.74099994	0.218856
3813.73899984	0.511667
3815.73899984	1.48555
3817.73999977	0.12455
3819.74899983	0.030663
3821.7420001	0.276474
3823.74799991	1.142294
3825.73999977	0.008106
3827.73799992	2.645919
3829.73899984	0.723742
3831.7420001	0.254884
3833.73999977	0.016133
3835.73799992	0.103092
3837.73999977	0.512846
3839.7420001	0.077773
3841.73799992	0.122351
3843.73899984	0.071443
3845.7420001	0.267218
3847.75300002	0.052511
3849.73999977	4.638216
3851.73899984	4.351061
3853.73899984	4.204882
3855.7420001	1.10274
3857.73999977	0.029968
3859.73999977	0.00754
3861.73699999	0.507943
3863.73899984	1.563926
3865.73799992	1.620442
3867.73799992	1.166194
3869.73799992	0.393483
3871.73999977	1.314878
3873.7420001	1.296004
3875.73899984	1.881211
3877.74300003	0.035852
3879.73699999	0.894609
3881.74300003	0.435091
3883.73999977	0.074467
3885.7420001	0.537573
3887.73899984	2.232859
3889.74099994	0.33219
3891.73799992	3.122565
3893.86799979	0.103499
3895.74099994	0.338917
3897.73899984	0.24547
3899.73899984	1.464567
3901.73999977	0.066618
3903.73899984	0.691154
3905.73899984	0.092652
3907.98799992	0.232833
3909.73899984	0.506152
3911.98899984	0.115997
3913.74099994	0.174885
3915.98899984	3.316044
3917.98799992	0.487706
3919.98699999	4.356501
3922.00499988	1.171065
3923.91499996	4.353097
3925.98699999	4.353097
3927.98699999	3.710763
3929.98899984	0.733714
3931.99099994	0.111426
3933.99300003	0.094424
3935.98799992	0.023679
3937.98699999	0.077122
3940.01099992	0.212144
3941.98699999	0.041397
3943.98899984	0.020541
3945.99000001	0.002947
3947.99099994	0.360167
3949.98799992	0.014596
3951.98899984	0.501065
3953.98799992	0.177741
3955.99199986	0.008185
3957.99099994	0.474149
3959.87400007	0.473251
3961.99000001	0.096556
3963.99000001	0.009177
3965.82200003	0.007311
3967.94700003	0.092616
3969.98799992	1.96933
3971.99000001	0.142746
3973.98799992	1.633307
3975.98899984	1.444902
3977.99000001	0.016253
3979.94099975	0.067409
3985.02999997	0.246216
3986.40199995	0.134655
3988.04200006	0.00765
3989.273	0.006884
3990.35599995	0.105857
3991.98799992	0.058171
3993.99000001	2.379372
3995.98799992	1.322829
3997.98799992	0.150272
3999.99699974	0.225929
4001.98699999	1.573196
4003.98799992	1.007278
4005.98699999	1.332715
4007.98699999	0.24652
4009.98799992	0.031038
4011.98799992	0.413098
4013.98899984	3.057577
4015.98699999	0.009274
4017.99000001	0.752792
4019.94500017	0.43199
4021.98799992	1.20047
4023.98799992	0.22866
4026.01599979	0.007701
4027.87999988	0.002624
4029.99000001	0.023148
4031.98899984	0.197443
4034.0170002	0.008013
4035.98799992	0.009594
4037.98899984	0.002781
4039.99000001	0.026805
4041.99000001	0.882026
4044.00100017	0.771351
4045.98699999	0.301143
4047.98799992	0.081045
4049.99000001	0.48492
4051.99000001	1.196947
4053.898	0.05135
4055.98799992	0.124309
4057.99099994	0.030968
4059.99499989	0.031056
4061.98699999	0.002901
4063.99300003	0.48571
4065.99399996	1.073878
4067.98699999	0.462812
4069.99099994	0.161043
4071.99699974	0.083073
4073.98699999	0.009226
4075.98699999	0.218028
4077.98799992	0.401086
4079.98799992	0.068174
4081.98799992	0.090678
4083.99199986	0.008818
4085.99000001	0.055628
4087.98699999	0.566485
4089.98699999	0.191329
4092.0999999	0.273649
4093.92700005	0.023908
4095.98799992	0.232913
4097.98699999	0.009339
4099.98899984	3.927254
4101.99000001	0.477674
4103.99000001	0.099166
4105.98799992	0.339119
4107.99699974	3.029659
4109.99000001	0.009129
4111.98699999	0.013512
4113.99899983	4.386226
4115.98799992	2.797345
4117.98799992	0.00704
4120.00200009	0.131211
4121.99000001	0.495631
4123.98699999	0.191033
4125.99300003	0.483258
4127.98699999	0.044377
4129.98600006	1.555056
4131.98699999	0.009225
4133.98699999	1.686218
4135.98699999	0.014371
4137.99000001	0.503081
4139.98899984	0.497862
4141.98600006	3.192189
4143.98699999	0.982354
4145.98600006	0.081513
4147.98699999	0.416411
4149.98899984	0.029044
4151.98600006	1.139703
4153.98699999	0.091085
4155.98699999	0.101438
4157.98799992	1.338936
4160.23799992	3.159825
4162.23699975	3.159825
4164.23699975	0.482713
4166.2420001	0.0401
4168.25099993	0.319012
4170.23999977	0.601948
4172.23699975	0.60375
4174.23599982	0.359842
4176.23599982	0.518057
4178.23599982	0.039357
4180.26999998	0.008182
4182.24799991	0.803871
4184.23999977	1.156126
4186.3119998	0.062568
4188.23699975	0.430077
4190.23699975	0.092728
4192.25800014	1.583291
4194.23699975	0.787906
4196.23699975	0.026973
4198.24100018	1.214916
4200.23699975	0.038861
4202.23599982	0.726221
4204.24799991	0.338808
4206.23699975	2.886758
4208.2420001	2.599659
4210.2420001	0.008097
4212.2420001	0.783952
4214.23799992	0.01547
4216.23599982	0.013894
4218.23799992	0.067154
4220.23699975	0.079958
4222.25199986	0.126106
4224.23899984	0.0074
4226.23599982	0.791441
4228.23699975	0.051362
4230.23699975	0.451387
4232.23599982	1.021239
4234.24600005	0.014426
4236.2420001	1.356671
4238.24100018	1.688432
4240.24600005	1.640019
4242.23699975	0.089621
4244.23599982	1.020436
4246.23599982	1.952236
4248.23599982	1.902876
4250.23599982	1.922034
4252.24900007	2.027946
4254.2349999	0.007895
4256.2349999	0.045416
4258.24100018	1.948224
4260.23899984	0.760577
4262.23899984	0.078596
4264.23799992	0.133008
4266.2349999	0.055058
4268.2349999	0.006597
4270.23599982	0.472722
4272.23599982	0.801904
4274.23599982	0.212384
4276.24699998	2.323632
4278.23699975	1.922382
4280.23699975	0.391758
4282.25399995	0.032373
4284.23599982	0.480334
4286.23599982	0.025064
4288.23999977	0.077551
4290.2349999	0.082366
4292.23599982	0.024679
4294.25299978	0.522891
4296.23599982	1.394058
4298.23699975	0.025699
4300.23699975	0.051453
4302.23599982	0.067986
4304.23599982	0.070171
4306.23699975	0.03221
4308.30699992	0.023611
4310.24100018	0.056424
4312.23599982	0.007583
4314.23699975	0.008529
4316.23699975	0.771278
4318.23999977	0.054563
4320.23599982	2.362803
4322.24600005	3.107538
4324.23599982	1.514243
4326.23599982	0.023727
4328.23599982	1.894586
4330.24300003	0.015245
4332.23899984	1.689273
4334.23799992	0.835584
4336.23799992	0.870498
4338.23599982	0.938598
4340.2349999	0.035228
4342.23699975	1.207617
4344.23699975	0.098049
4346.23699975	0.010262
4348.23699975	0.216686
4350.2349999	0.059391
4352.23699975	0.511434
4354.24399996	0.006775
4356.23699975	3.574232
4358.2349999	1.621146
4360.24600005	0.056542
4362.2349999	1.988762
4364.2349999	0.051243
4366.24300003	0.064667
4368.23799992	0.983198
4370.23599982	1.252254
4372.24300003	0.09166
4374.23899984	4.912727
4376.23599982	2.152778
4378.24100018	0.024556
4380.21000004	0.009557
4382.23699975	1.82712
4384.2349999	0.014987
4386.2349999	0.05127
4388.23599982	0.038218
4390.23699975	0.508878
4392.23599982	1.888821
4394.23599982	0.007488
4396.2420001	0.008291
4398.23599982	2.317349
4400.23699975	1.513581
4402.23599982	0.009104
4404.23699975	0.497476
4406.5	0.14392
4408.28600001	1.226408
4410.4849999	1.861233
4412.49599981	0.033034
4414.48699999	2.447071
4416.48600006	3.461594
4418.51699972	0.451577
4420.48900008	0.009161
4422.48699999	0.011361
4424.49499989	0.073408
4426.48600006	4.435502
4428.48600006	0.516673
4430.5	0.008365
4432.48600006	0.227255
4434.3599999	0.053991
4436.48699999	4.251388
4438.48900008	0.059349
4440.48699999	0.013313
4442.42500019	0.461146
4444.48699999	0.030338
4446.4849999	0.009123
4448.4849999	0.009358
4450.48600006	1.195325
4452.48600006	0.500845
4454.48600006	0.006105
4456.4849999	2.049275
4458.48399997	0.04217
4460.48799992	0.108818
4462.48600006	0.006546
4464.49000001	0.090334
4466.49000001	0.475056
4468.48600006	3.607902
4470.48600006	0.00651
4472.49099994	0.084428
4474.48399997	0.328392
4476.48699999	0.514536
4478.48600006	2.296154
4480.48600006	1.326967
4482.48699999	0.008929
4484.48600006	0.072696
4486.4849999	0.069883
4488.48699999	0.0428
4490.50399995	0.82496
4492.48799992	1.449119
4494.4849999	3.32739
4496.4849999	3.043817
4498.4849999	0.056813
4500.48699999	0.011272
4503.01399994	0.00793
4505.39899993	0.019573
4507.11800003	0.097225
4509.56900001	0.041529
4511.0079999	0.053213
4512.48900008	0.7789
4514.41100001	1.351913
4516.48399997	2.951622
4518.4849999	0.285744
4520.4849999	0.870559
4522.48600006	0.02971
4524.48399997	0.041349
4526.4849999	0.069944
4528.48799992	0.122423
4530.48399997	0.00866
4532.4849999	0.133726
4534.48399997	0.504034
4536.48600006	2.042055
4538.4849999	0.40179
4540.48399997	0.207332
4542.48900008	0.787474
4544.48799992	0.023665
4546.48699999	0.112708
4548.48399997	1.995618
4550.48900008	0.03114
4552.48799992	2.250297
4554.48399997	0.510035
4556.48699999	4.224092
4558.48399997	3.492174
4560.48600006	1.711049
4562.44199991	1.711049
4564.4849999	1.711049
4566.48399997	0.895869
4568.4849999	0.01407
4570.48399997	0.021224
4572.48399997	0.729937
4574.48699999	1.992892
4576.4849999	0.865865
4578.48399997	0.009552
4580.4849999	0.520089
4582.4849999	0.007967
4584.48399997	0.097792
4586.50899982	0.894691
4588.49299979	0.849371
4590.49000001	0.203498
4592.49000001	0.023994
4594.48399997	1.912759
4596.48399997	1.015693
4598.48699999	0.887098
4600.48399997	0.593212
4602.48699999	0.111268
4604.4849999	0.865788
4606.48399997	0.477334
4608.48399997	0.015246
4610.49899983	1.406464
4612.48399997	0.587574
4614.4849999	0.071799
4616.48399997	0.015758
4618.48600006	0.100506
4620.48300004	0.825553
4622.48399997	0.002658
4624.48399997	3.151295
4626.48699999	0.00929
4628.48300004	0.042814
4630.49499989	0.498182
4632.73399997	3.145158
4634.7349999	0.46594
4636.73399997	1.566595
4638.73399997	0.120755
4640.73599982	0.009028
4642.73399997	1.568902
4644.78500009	0.635739
4646.74500012	1.138812
4648.73399997	2.689881
4650.73399997	3.082562
4652.7329998	1.559457
4654.73399997	1.000649
4656.73799992	1.272842
4658.7349999	1.325824
4660.73399997	0.71172
4662.73399997	0.061216
4664.7349999	0.254453
4666.7349999	0.265266
4668.73599982	0.485948
4670.73899984	0.110802
4672.73899984	0.01925
4674.73599982	2.282302
4676.73999977	2.282302
4678.73699999	2.282302
4680.7349999	0.024784
4682.73699999	0.47468
4684.7329998	0.041474
4686.7420001	0.02628
4688.73799992	0.002686
4690.73399997	0.365349
4692.73799992	0.023171
4694.73799992	0.103401
4696.7349999	0.639472
4698.73699999	1.144244
4700.73399997	2.389531
4702.73799992	0.791074
4704.7329998	0.791074
4706.73999977	0.791074
4708.73399997	0.027776
4710.73799992	0.008166
4712.75099993	2.126254
4714.76699996	0.006993
4716.73899984	2.608953
4718.73399997	0.363659
4720.73899984	0.143323
4722.73599982	3.552613
4724.7349999	0.013834
4726.73599982	0.007144
4728.74099994	0.838896
4730.75999999	0.499808
4732.73799992	0.020853
4734.7349999	4.148068
4736.73899984	0.009684
4738.7329998	2.785993
4740.7329998	0.486805
4742.73799992	4.196721
4744.77299976	0.042633
4746.73899984	0.51682
4748.73099995	0.978889
4750.73899984	1.515836
4752.73699999	0.505687
4754.73599982	4.300397
4756.73999977	1.0368
4758.73399997	0.051273
4760.74399996	3.764538
4762.74600005	0.516135
4764.73899984	0.155191
4766.74500012	0.276723
4768.7329998	5.591089
4770.7329998	2.100447
4772.7329998	0.570122
4774.73599982	0.519236
4776.73699999	1.660975
4778.73599982	0.007381
4780.73899984	0.834696
4782.73000002	0.070515
4784.73599982	1.09695
4786.73599982	2.470089
4788.72900009	0.501755
4790.73599982	4.045742
4792.7329998	0.118778
4794.7349999	4.571021
4796.7349999	3.874374
4799.31800008	0.082177
4801.37899995	0.010394
4803.46799994	0.187053
4805.23899984	0.355599
4806.95799994	0.122851
4808.90099978	0.843134
4810.74099994	0.160157
4812.7349999	0.017867
4814.73899984	0.051911
4816.73399997	0.020826
4818.73999977	0.002701
4820.73699999	0.445858
4822.72900009	0.245904
4824.7329998	0.013615
4826.73899984	0.473514
4828.7349999	0.00288
4830.73799992	3.10979
4832.73899984	1.005579
4834.73999977	0.354071
4836.73899984	0.015535
4838.73599982	0.988604
4840.7329998	4.539402
4842.73399997	4.477031
4844.73599982	0.400588
4846.74500012	0.125559
4848.73799992	1.231174
4850.75699973	0.007674
4852.75399995	0.030385
4854.73699999	0.016409
4856.73399997	0.500587
4858.73699999	1.088831
4860.7349999	0.503394
4862.73599982	2.135355
4864.73199987	3.202061
4866.7329998	0.03087
4868.73399997	1.036301
4870.73899984	0.02339
4872.99799991	0.270921
4874.73399997	0.050573
4876.73199987	0.22625
4878.7329998	1.221353
4880.98500013	0.015123
4882.98300004	0.354675
4884.98399997	0.009636
4886.98600006	0.009298
4888.91499996	0.482438
4890.98399997	1.514262
4892.98799992	0.564276
4894.99300003	0.045254
4896.98399997	1.181083
4898.98300004	0.010363
4900.98200011	3.223931
4902.98200011	0.088701
4904.98300004	3.992848
4906.98500013	4.190638
4908.98399997	1.10741
4910.98699999	0.044737
4912.98200011	0.494131
4914.99099994	0.048751
4916.98099971	0.26931
4918.98899984	0.08822
4921.00499988	0.071711
4922.98600006	0.027317
4924.87999988	0.03138
4926.99499989	0.088788
4928.98500013	0.028173
4930.98899984	0.156004
4932.88199997	0.949513
4934.98300004	0.109329
4936.91000009	0.03046
4938.98799992	0.795482
4940.98300004	0.008186
4942.98300004	0.876158
4944.98200011	0.014409
4946.98300004	0.017227
4948.98399997	0.261238
4950.98300004	2.310102
4952.98899984	0.02621
4954.98200011	0.043766
4956.98200011	0.072833
4958.98600006	0.009629
4960.98099971	0.454903
4962.98799992	0.052098
4964.99300003	0.027017
4966.99000001	0.100911
4968.99899983	0.020201
4971.02899981	0.505393
4972.98600006	1.444608
4974.99099994	0.38297
4976.98099971	0.071416
4978.98600006	0.075673
4980.98399997	0.513985
4982.98600006	0.543968
4984.90299988	5.302213
4986.98500013	1.959589
4988.98500013	0.499507
4990.98300004	0.019187
4992.98099971	0.015019
4994.98600006	0.470449
4996.98300004	3.484119
4998.98399997	0.020706
5000.98399997	0.508243
5002.98200011	0.050718
5004.98200011	1.931231
5006.98600006	1.345414
5008.94500017	0.390411
5010.98600006	2.989776
5012.98600006	0.017358
5014.98600006	0.111105
5016.99000001	0.561176
5018.98200011	0.007267
5020.98600006	0.083041
5022.98099971	0.069214
5024.99000001	1.0905
5026.98399997	0.220414
5028.98600006	0.096603
5030.98799992	0.507297
5032.98500013	0.631643
5034.99399996	0.018323
5036.98500013	1.132164
5038.98399997	3.908555
5040.99199986	0.002736
5042.98399997	0.054523
5044.98399997	1.278435
5046.99099994	2.377221
5048.98600006	0.307035
5050.98500013	2.52169
5052.98699999	1.64857
5054.98500013	0.223791
5056.98099971	2.001914
5058.98500013	2.076585
5060.98099971	2.424804
5062.98600006	0.527563
5064.98699999	0.062049
5066.98500013	0.014518
5068.98200011	2.166731
5071.01999998	0.308005
5072.98099971	0.052223
5074.98300004	0.626398
5077.00100017	1.282504
5078.99300003	1.282504
5080.98600006	1.148612
5082.98099971	2.4344
5084.98399997	0.025795
5086.98200011	0.014785
5088.98399997	2.755545
5090.98200011	0.523467
5092.98500013	0.051511
5094.98600006	0.40874
5096.98099971	0.930745
5098.98099971	1.109892
5100.98399997	0.010263
5102.98399997	0.762666
5104.98300004	0.486585
5106.98200011	0.14944
5108.98099971	0.016946
5110.98099971	0.797473
5112.98200011	0.040809
5114.98200011	0.04669
5116.98200011	0.00795
5118.98399997	0.1552
5121.23099995	0.008046
5123.23599982	1.462011
5125.00900006	0.01865
5127.23000002	0.154413
5129.23199987	0.088643
5131.25199986	0.258892
5133.23099995	0.118785
5135.23799992	1.057668
5137.23399997	0.958897
5139.23099995	0.027772
5141.60699987	0.144737
5143.23399997	1.601624
5145.23099995	0.330498
5147.23099995	0.29978
5149.2420001	0.454122
5151.23099995	0.72169
5153.12299991	0.021363
5155.24100018	1.336229
5157.23399997	0.182686
5159.23699975	0.184775
5161.23000002	0.439215
5163.23300004	0.476681
5165.23199987	0.39925
5167.23199987	0.474117
5169.23099995	0.007372
5171.23300004	1.892315
5173.23099995	0.195697
5175.23000002	0.017186
5177.23300004	0.483164
5179.23399997	0.006662
5181.23399997	0.104488
5183.23300004	0.486223
5185.23099995	0.245628
5187.23000002	0.659896
5189.23199987	0.141099
5191.15499997	0.489935
5193.23199987	0.804014
5195.23199987	0.030836
5197.23699975	2.709392
5199.23099995	0.113171
5201.23199987	0.494244
5203.23099995	1.617695
5205.23300004	0.017968
5207.24499989	4.107345
5209.23999977	4.358543
5211.87800002	1.198546
5213.25099993	0.008028
5215.16299987	1.104779
5217.23199987	3.692714
5219.23300004	3.692714
5221.23899984	0.031069
5223.23300004	3.394246
5225.2349999	1.15331
5227.23599982	0.517569
5229.23000002	2.930439
5231.23300004	0.292508
5233.23000002	3.422414
5235.23199987	0.430288
5237.23199987	0.139254
5239.15499997	1.404169
5241.23000002	0.965449
5243.23599982	0.017174
5245.23599982	1.322374
5247.23000002	0.00268
5249.24499989	0.024836
5251.24399996	0.060031
5253.23000002	0.009201
5255.23099995	0.618778
5257.23199987	0.014661
5259.23199987	0.007977
5261.23199987	0.086873
5263.23300004	0.486223
5265.23000002	0.008273
5267.23000002	2.183895
5269.23999977	1.517935
5271.23199987	0.008089
5273.23000002	0.497069
5275.23399997	0.452979
5277.23000002	0.985591
5279.23000002	0.009198
5281.23099995	0.089637
5283.23000002	0.080523
5285.23300004	0.093672
5287.23300004	1.157765
5289.22899985	0.018392
5291.23300004	0.05023
5293.2349999	0.585021
5295.23300004	0.059786
5297.23000002	0.0796
5299.23199987	0.07537
5301.23599982	0.236013
5303.23099995	0.183895
5305.23099995	0.211389
5307.23000002	0.528765
5309.23199987	0.827494
5311.23699975	2.221959
5313.23300004	0.154227
5315.23000002	3.039556
5317.23099995	0.008217
5319.23199987	0.038932
5321.23199987	0.007252
5323.23099995	0.215593
5325.2349999	0.753745
5327.22899985	0.106595
5329.24699998	0.115928
5331.23000002	0.448868
5333.23000002	0.088132
5335.19899988	1.339701
5337.23000002	0.008766
5339.22899985	0.277508
5341.23099995	0.01841
5343.23000002	1.036463
5345.23199987	1.30434
5347.27199984	0.041765
5349.23000002	1.664896
5351.23300004	2.023009
5353.23599982	2.301827
5355.23000002	0.038496
5357.23199987	0.141371
5359.23300004	0.471834
5361.22899985	1.00663
5363.23699975	0.274971
5365.22899985	1.559444
5367.23199987	0.237907
5369.23000002	0.492721
5371.23300004	3.226373
5373.47999978	0.002743
5375.47999978	0.026417
5377.48100019	0.099479
5379.47999978	0.44106
5381.48200011	1.030303
5383.34399986	0.007881
5385.47899985	0.104968
5387.47899985	2.061476
5389.47999978	2.410205
5391.47999978	2.937903
5393.47999978	0.488011
5395.48200011	0.024565
5397.47999978	1.065801
5399.47899985	0.20593
5401.47899985	0.881955
5403.47999978	0.483792
5405.48100019	1.482435
5407.48100019	0.480158
5409.47999978	0.015339
5411.47899985	0.002377
5413.48100019	0.009248
5415.47899985	2.856373
5417.47799993	0.483079
5419.47999978	0.031003
5421.48100019	0.225315
5423.48100019	2.237828
5425.47999978	2.525377
5427.47899985	0.432814
5429.47999978	1.550582
5431.48100019	1.850852
5433.47899985	3.140739
5435.48600006	0.943051
5437.47899985	0.009126
5439.48399997	2.058817
5441.48100019	0.015541
5443.47899985	0.853535
5445.47999978	1.139888
5447.47999978	1.952632
5449.47999978	3.650722
5451.47899985	0.033974
5453.48900008	1.734364
5455.47899985	0.503814
5457.48799992	0.887138
5459.47899985	3.903187
5461.47999978	0.010345
5463.48699999	0.03211
5465.47899985	1.007426
5467.47799993	0.061867
5469.47799993	0.050849
5471.48100019	0.062078
5473.47999978	1.289164
5475.47899985	1.209428
5477.39300013	1.429894
5479.47899985	0.889158
5481.47899985	0.0452
5483.47899985	3.178339
5485.48100019	2.154426
5487.48200011	2.236246
5489.47899985	0.134667
5491.47899985	1.91285
5493.47999978	1.934615
5495.47899985	4.152274
5497.47899985	3.968468
5499.47899985	4.268908
5501.49799991	0.032261
5503.48200011	1.657823
5505.47999978	0.831066
5507.47899985	4.055066
5509.47899985	2.076615
5511.47899985	0.367672
5513.48100019	0.014099
5515.48200011	2.046658
5517.47899985	0.020187
5519.48900008	4.461552
5521.48100019	3.133833
5523.47899985	2.940922
5525.47899985	4.213581
5527.47899985	2.283596
5529.47899985	2.740727
5531.47899985	4.883464
5533.47999978	4.581515
5535.48100019	0.987589
5537.48300004	0.795464
5539.48200011	4.249322
5541.47899985	5.06135
5543.48300004	0.008101
5545.47899985	2.242446
5547.48200011	0.037891
5549.48900008	0.328508
5551.47999978	0.502061
5553.48300004	0.019259
5555.48200011	0.00764
5557.47999978	0.135076
5560.75199986	0.068247
5562.63800001	0.008074
5564.0079999	0.258421
5565.47999978	0.333341
5567.48100019	0.008862
5569.47899985	3.73183
5571.47799993	0.029288
5573.48100019	1.282197
5575.47899985	3.358783
5577.47899985	0.002895
5579.47899985	0.241411
5581.65100002	0.415795
5583.47899985	0.186987
5585.47999978	0.002937
5587.47799993	1.85493
5589.47899985	0.04023
5591.47899985	0.573732
5593.47899985	1.395242
5595.47799993	0.00967
5597.49899983	0.008575
5599.47999978	1.376176
5601.47899985	1.184257
5603.47899985	2.68324
5605.47899985	0.045855
5607.47999978	0.074203
5609.47799993	0.523362
5611.48100019	0.072898
5613.4849999	3.776004
5615.47799993	1.187408
5617.47799993	0.067935
5619.47699976	0.28964
5621.72900009	0.079693
5623.72799993	0.007196
5625.73399997	1.617877
5627.73000002	0.265843
5629.72900009	0.071895
5631.73000002	0.008039
5633.73099995	2.656242
5635.73199987	1.462674
5637.65299988	1.365084
5639.73099995	0.037122
5641.73199987	4.439473
5643.7329998	0.492684
5645.73399997	3.576686
5647.61299992	1.948069
5649.72900009	0.030271
5651.72799993	0.014941
5653.72799993	0.013483
5655.73000002	2.296069
5657.72799993	3.762029
5659.72900009	2.50242
5661.65700006	0.502971
5663.72799993	0.044534
5665.7329998	1.637367
5667.72900009	0.104658
5669.73799992	2.413522
5671.72900009	0.820876
5673.72799993	0.061736
5675.727	2.643987
5677.73199987	3.044591
5679.72799993	3.044591
5681.72900009	0.889347
5683.73000002	1.74921
5685.74600005	0.40448
