0.0	0.095753
0.274000167847	0.030025
0.356000185013	1.851596
0.397000312805	1.851596
0.454000234604	2.163908
0.53400015831	3.651037
0.60100030899	4.523211
0.806000232697	6.281662
1.52700018883	4.130642
3.53200030327	0.158788
5.52900028229	1.552386
7.53100013733	1.262043
9.53500008583	1.834216
11.5429999828	5.244049
13.5340001583	2.086515
15.5440001488	0.120055
17.5480003357	0.677874
19.5360000134	3.804184
21.5490002632	3.969332
23.5350000858	4.51221
25.5400002003	4.644613
27.5280001163	4.633162
29.5340001583	5.30837
31.5350000858	3.610424
33.5270001888	4.068969
35.5440001488	0.322455
37.5300002098	0.188533
39.5420000553	2.875379
41.5410001278	2.081612
43.5390000343	0.411036
45.5330002308	6.354326
47.5540001392	2.481727
49.5280001163	1.581498
51.5420000553	2.591189
53.5310001373	2.457686
55.5540001392	3.326199
57.5560002327	4.170073
59.5470001698	0.29518
61.5410001278	1.34983
63.5429999828	0.755805
65.5820002556	0.262821
67.5330002308	3.539218
69.5440001488	1.669283
71.5310001373	1.832956
73.5550000668	0.005173
75.5340001583	1.74148
77.5410001278	0.005283
79.5360000134	5.279692
81.5330002308	4.293313
83.5330002308	4.458143
85.5390000343	0.005026
87.5380001068	4.574805
89.5460002422	0.344698
91.5320003033	3.203717
93.5300002098	0.710981
95.5380001068	3.376953
97.5420000553	1.028918
99.5420000553	2.483824
101.538000107	5.055895
103.544000149	0.046265
105.5400002	2.733729
107.541000128	6.586257
109.546000242	0.904304
111.563000202	3.949597
113.535000086	5.657128
115.536000013	5.657128
117.534000158	4.2298
119.537000179	1.939754
121.5400002	1.640483
123.542000055	4.780655
125.534000158	0.711628
127.53000021	0.916562
129.532000303	4.967959
131.536000013	5.535043
133.563000202	2.575965
135.53000021	2.298523
137.535000086	0.964219
139.529000282	1.627317
141.542999983	0.163073
143.541000128	1.298932
145.535000086	0.125066
147.537000179	3.66561
149.533000231	4.869403
151.554000139	0.600452
153.541000128	2.249493
155.536000013	0.112116
157.534000158	1.202344
159.568000078	2.376022
161.546000242	1.228122
163.534000158	1.73494
165.537000179	4.900485
167.535000086	6.339163
169.553000212	0.787083
171.538000107	0.644531
173.546000242	0.585775
175.542999983	0.144661
177.544000149	1.988312
179.541000128	0.263537
181.809000254	1.987932
183.544000149	0.45122
185.781000137	0.378226
187.545000315	0.091886
189.787000179	1.544105
191.782999992	0.143291
193.795000076	1.208487
