0.0	3.706791
2.63100004196	0.017624
3.96099996567	2.445702
7.55900001526	2.158194
8.64999985695	0.660885
10.0209999084	0.022338
16.9560000896	0.09495
18.2839999199	0.379747
20.4790000916	0.201682
22.3190000057	0.201451
23.3399999142	0.616109
24.3080000877	0.631211
25.9649999142	0.239544
27.6199998856	0.00453
29.2459998131	0.030486
31.0579998493	5.667657
32.1600000858	6.401286
33.9609999657	0.022334
35.3899998665	0.551754
37.6630001068	4.319428
41.4099998474	1.491385
45.3789997101	0.487416
46.9750001431	1.687699
48.2649998665	3.607576
50.6319999695	0.087584
52.9960000515	1.605445
54.7520000935	3.853004
57.7920000553	1.948003
60.3159999847	4.753712
64.2289998531	1.120916
65.3350000381	0.761126
66.5	2.507223
68.2189998627	0.041927
69.6449999809	5.304883
71.246999979	4.395008
73.9319999218	0.813214
75.7309997082	0.376603
78.8289999962	0.923121
82.001999855	0.167862
84.1319999695	0.335659
87.9809999466	0.690382
90.2339999676	4.409179
92.9809999466	5.683592
94.9830000401	1.423108
97.9839999676	0.860866
100.018999815	2.640745
103.66899991	0.8802
107.288000107	0.03038
112.069000006	1.115493
117.121999979	0.025788
120.493000031	5.902903
123.069999933	0.771157
125.095999956	1.64366
127.672999859	2.702988
129.345000029	4.055834
132.234999895	4.057458
134.236999989	0.268266
137.23300004	0.179566
139.256999969	0.439342
142.237999916	0.038288
145.237999916	2.374074
147.240999937	6.101213
149.730999708	4.854465
151.989999771	0.02922
154.751000166	0.027243
156.732000113	2.238565
159.236999989	0.544408
161.530999899	0.15874
163.740999937	0.29821
166.23300004	1.515877
168.237999916	7.139417
170.73300004	4.139851
172.753000021	0.051377
175.240999937	0.027899
177.239000082	1.057453
179.972999811	0.018121
181.735000134	1.914963
185.332999945	0.026814
188.695000172	0.067001
190.448999882	0.540644
193.248999834	0.033468
195.234999895	1.762141
197.98300004	5.276265
200.524999857	0.880702
202.485999823	1.319132
205.236999989	0.805339
207.23300004	0.086369
210.720999956	0.083194
212.495000124	3.767715
215.754999876	1.759518
217.937000036	0.04484
220.496999979	0.162526
222.513999939	0.145342
225.994999886	0.230065
227.929999828	2.46582
230.741999865	0.005364
233.508999825	1.88489
235.845999956	0.100495
238.482999802	0.066825
240.487999916	0.044789
243.23300004	1.479019
245.236000061	2.812705
249.220999956	0.02799
254.157999754	0.671844
257.261999846	0.034393
257.994999886	2.035052
258.988999844	4.587471
262.248999834	0.548158
267.22300005	0.157884
268.608999968	0.599556
271.267999887	2.524287
273.243999958	2.903657
275.749999762	1.574751
277.848999977	0.238991
280.246999979	1.210072
282.239000082	3.355212
284.495000124	1.940418
288.090999842	0.062563
290.292999983	1.216522
291.893999815	0.111184
294.24000001	0.132689
296.24000001	0.037125
298.237999916	2.331464
300.741999865	0.04183
302.737999916	4.606397
306.098999739	0.640081
310.924000025	4.78123
315.162999868	0.511758
316.097999811	4.952334
317.519999981	0.089205
318.740999937	2.729734
320.738999844	2.040251
323.555999994	0.958771
325.483999968	3.324721
328.736999989	1.451548
331.237999916	2.377778
333.233999968	0.093624
335.736999989	0.037277
337.738999844	7.664355
339.74000001	0.031991
342.258999825	10.481401
344.457999945	6.328417
346.628000021	4.282967
348.736000061	6.738158
351.349999905	2.883794
353.245999813	4.261432
355.241999865	1.764132
358.000999928	0.030487
359.812999964	1.761245
362.501999855	6.59837
364.743000031	4.644196
368.484999895	1.449378
371.485999823	2.19304
373.493000031	0.189715
376.565999746	0.029
382.575000048	3.533843
384.866999865	0.203373
386.598999977	1.008561
387.257999897	6.439108
389.737999916	3.066868
391.555999994	1.715846
393.743999958	2.679979
395.73300004	9.684164
397.733999968	4.401704
399.804999828	0.148573
402.247999907	1.804554
404.996999979	2.922657
407.23300004	0.161835
409.736999989	7.350253
411.737999916	3.744379
415.232000113	2.433554
417.233999968	7.400149
419.737999916	5.229857
422.240999937	0.044988
424.232000113	4.73846
426.497999907	1.864656
428.483999968	0.019712
431.234999895	3.045986
433.236000061	0.38869
435.738999844	0.030478
437.744999886	4.517353
440.241999865	0.536097
442.237999916	0.047351
445.232000113	0.023107
447.234999895	2.02465
450.242999792	5.27142
452.234999895	1.693866
455.234999895	0.004719
457.738999844	0.019257
459.733999968	3.795543
461.738999844	0.447134
463.73300004	2.185982
466.232000113	2.622986
468.23300004	0.039516
470.743999958	1.037441
472.733999968	4.78256
475.330999851	1.94795
477.482999802	0.448423
479.738999844	1.751153
481.732000113	0.02758
484.736000061	0.047788
486.796999931	0.018408
490.236000061	0.869432
492.737999916	0.144695
494.732000113	0.118207
496.736999989	0.154822
498.73300004	1.66575
500.735000134	2.254181
502.596999884	0.096062
504.730999708	5.328978
507.234999895	0.043549
509.271000147	0.019503
511.988999844	0.15431
513.993999958	5.535836
516.732000113	0.020983
518.737999916	0.147657
521.230999947	1.814536
523.248999834	0.04187
525.736000061	0.040604
527.737999916	0.238754
529.581999779	3.861595
531.73300004	3.904869
533.983999968	0.030493
535.985999823	7.30249
537.988999844	0.026786
539.98300004	2.059424
541.984999895	2.531948
544.483999968	0.035013
546.486999989	2.247749
548.512000084	0.191574
550.985999823	5.180839
553.016000032	0.805127
556.245999813	1.005126
558.23300004	1.248814
561.984999895	0.020964
565.500999928	0.022353
567.757999897	2.48709
570.488999844	1.729414
572.5	6.017249
575.73300004	1.921069
577.73300004	0.685087
579.737999916	6.726601
581.741999865	4.214302
583.732000113	2.918017
585.552000046	3.33007
587.744999886	6.521114
589.735000134	7.710985
591.743000031	8.698612
593.738999844	3.05082
595.736000061	9.074133
597.735000134	12.485236
599.730999708	0.040573
601.735000134	3.022263
603.736000061	0.759583
606.369999886	2.069635
607.983999968	0.112253
