0.0	1.458108
1.17699980736	1.469022
1.39599990845	1.36062
1.95899963379	1.271947
2.30099987984	1.131523
2.72199988365	1.561787
3.29499959946	1.336298
3.632999897	1.38241
4.10199975967	1.338864
4.58099985123	1.510887
6.28899979591	1.296112
8.28799986839	1.343463
10.2799999714	1.026727
12.2759997845	1.026727
14.2779998779	1.280527
16.2879998684	1.366357
18.2859997749	1.382453
20.2819998264	0.871663
22.5390000343	1.365329
24.2869997025	1.494103
26.2869997025	1.500404
28.2889997959	1.099705
30.5449998379	0.883568
32.529999733	1.322485
34.5339996815	1.478997
36.526999712	1.47446
38.5419998169	1.322356
40.5379998684	1.427778
42.5469999313	1.298488
44.526999712	0.880976
46.5289998055	1.240115
48.5449998379	0.089244
50.5360000134	1.046471
52.5309998989	1.263914
54.5369999409	1.501542
56.5439999104	1.211869
58.5309998989	0.238147
60.5360000134	0.918655
62.4629998207	0.008965
64.5279998779	0.645664
66.5319998264	0.667124
68.5390000343	0.605385
70.5289998055	0.555156
72.515999794	0.27063
75.4469997883	0.757095
77.751999855	0.78051
80.0379998684	1.230035
81.0190000534	1.330189
82.5289998055	1.555195
84.5319998264	1.2643
86.5409998894	1.288934
88.534999609	1.184948
90.526999712	1.196249
92.5399999619	1.192005
94.5519998074	0.976964
96.526999712	1.353263
98.5319998264	1.21651
100.526999712	1.401947
102.540999889	1.182931
104.534999609	1.206889
106.541999817	0.762837
108.526999712	1.16719
110.531999826	1.16719
113.632999897	1.001472
118.230999708	0.199638
123.231999874	0.71165
127.837999821	0.798859
130.079999924	0.590546
131.583999872	1.210718
133.523999929	1.29657
135.449999809	1.283704
137.849999666	1.358899
140.238999605	1.3303
142.012999773	1.392681
143.955999851	1.32899
144.667000055	1.352569
145.36899972	0.473487
145.90899992	1.203163
146.445999861	1.189959
147.095999956	1.323877
147.609999657	1.441795
149.687999964	1.315931
150.536000013	1.117715
152.532999754	1.278379
154.530999899	1.291018
156.527999878	1.28436
158.463999987	1.404169
161.388999939	0.201314
164.491999865	0.577308
167.884999752	0.788501
170.809999704	0.076927
173.061999798	0.085427
175.129999876	1.231567
176.858999968	1.454348
178.705999851	1.243324
180.483999968	0.009027
182.66299963	1.172574
184.274999857	0.052541
185.801999807	1.563797
187.200999737	1.499456
187.980999947	1.505887
189.598999739	1.244663
191.161999702	1.088679
192.784999847	1.499584
194.531999826	1.284422
196.672999859	1.476762
198.63499999	0.087266
201.053999662	1.071374
203.775999784	1.121868
206.47699976	0.142184
208.241999865	0.484221
210.303999901	0.068043
211.56099987	1.247053
215.113999844	1.336053
218.648999929	0.46211
221.27699995	1.413781
223.801999807	1.486354
225.540999889	1.558056
226.656999826	1.477974
227.979999781	0.148092
230.492999792	1.605349
233.064999819	0.142873
235.191999912	1.528708
236.781999826	1.623523
238.137999773	0.824323
239.856999874	1.151375
241.788999796	1.058314
243.180999756	1.472268
245.227999926	0.40827
247.716999769	1.46515
249.374999762	0.289
252.115999937	0.929408
254.463999987	0.280461
257.100999832	0.024072
259.427000046	1.576258
261.936999798	1.500843
263.537999868	0.14751
264.880999804	0.036083
268.015999794	0.011184
271.684000015	0.097442
273.933999777	1.179762
277.364999771	0.229039
279.434999943	0.146613
282.163999796	0.059585
285.313999653	0.24873
287.388000011	0.674437
289.059000015	0.044003
290.309999704	0.675264
292.552999735	0.313704
293.768999815	1.461117
295.131000042	1.444264
296.633999825	0.065373
297.81799984	1.354753
298.931999922	0.780416
301.039999962	1.03636
303.441999674	1.406474
305.852999926	1.32901
306.697999716	1.287456
307.821999788	1.342198
308.557999849	1.283292
309.246999741	0.564912
309.64599967	1.456824
310.803999901	1.30842
312.780999899	1.046921
314.782999754	1.288838
316.791999817	1.083811
318.792999744	1.460318
320.791999817	0.999657
322.779999971	0.095275
324.786999941	0.875725
326.784999847	1.055762
328.78399992	0.90424
330.748999834	0.712601
332.793999672	0.991528
334.779000044	0.724184
336.787999868	0.457788
338.781999826	1.278681
340.791999817	0.310422
342.638999701	1.384804
344.791999817	1.359404
346.793999672	0.503847
348.790999651	1.024481
350.793999672	1.349078
352.784999847	0.011475
354.654999733	1.269484
356.781999826	1.03009
358.791999817	1.03009
360.811999798	1.305659
362.788999796	1.047922
364.779999971	0.800974
366.801999807	1.453336
368.786999941	0.604304
370.795000076	0.830325
372.782999754	1.015736
374.786999941	0.908713
376.792999744	1.460146
378.659999847	0.973564
380.782999754	0.202028
382.803999901	0.486858
384.789999723	1.191048
386.801999807	1.196286
388.792999744	0.798189
390.786999941	1.486454
392.784999847	0.029763
395.10199976	0.141914
396.786999941	1.211951
398.790999651	1.618734
400.789999723	1.736403
402.799999952	1.736403
404.781999826	1.736403
406.806999683	1.66381
408.801999807	1.406538
410.782999754	0.599598
412.784999847	0.853104
414.809999704	1.329628
416.793999672	1.279835
418.788999796	0.603119
420.793999672	0.925298
422.784999847	1.221095
424.790999651	1.221095
426.695999861	0.588015
428.781999826	1.336747
430.798999786	1.247088
432.786999941	1.314734
434.787999868	0.93363
436.785999775	0.93363
438.795000076	1.051881
440.80099988	0.74981
442.789999723	1.242213
444.790999651	0.558021
446.790999651	0.966821
448.788999796	1.312322
450.782999754	0.35304
453.863999844	0.047512
456.376999855	0.04268
458.087999821	1.168606
460.178999901	1.230712
462.34499979	0.636584
466.220999718	0.05463
470.294999599	0.666713
472.390999794	0.245494
473.847999811	1.15848
476.048999786	0.816442
479.331999779	1.116044
480.604999781	1.215527
481.852999926	1.174843
482.188999891	1.171943
482.513999701	1.118212
483.341999769	1.298415
484.78399992	0.63694
486.785999775	1.252565
488.785999775	0.771496
490.791999817	1.448576
492.782999754	1.914719
494.786999941	0.311451
497.090999842	1.47228
498.786999941	0.030953
500.795000076	0.545896
502.986999989	1.388169
505.665999651	0.083685
508.540999889	0.115127
511.286999702	0.164256
512.684000015	0.849763
514.90599966	0.538244
518.299000025	0.728531
522.581999779	0.013871
526.171999931	1.384504
529.304999828	1.306398
531.036999941	1.343006
533.471999884	1.374656
534.904999733	1.24202
536.930999994	0.059096
538.441999674	1.124869
539.922999859	1.105339
542.117999792	0.283051
543.936999798	0.270741
545.457999706	0.970099
546.963000059	0.786966
549.813999653	0.176359
552.39199996	0.150172
552.966999769	1.072547
554.059999943	1.026297
559.039999962	0.083213
561.308999777	0.291735
563.088999748	0.017305
564.265999794	1.089771
565.934999704	0.730388
568.272999763	1.382575
570.430999756	1.024701
571.472999811	1.368016
573.707000017	1.193648
575.552999735	0.194717
577.393999815	1.20572
579.009999752	0.435238
581.772999763	0.713248
584.536999941	0.837025
585.992999792	1.185679
587.311999798	1.211344
589.441999674	0.561299
591.153999805	1.231767
592.05499959	0.196896
593.383999825	0.057821
596.793999672	0.055803
599.024999857	0.476649
601.263999939	1.34294
603.068999767	0.091282
605.741999865	1.276525
608.375999928	1.33437
610.90599966	1.471959
613.188999891	1.303999
613.785999775	1.36817
614.752999783	1.542901
615.438999653	1.414568
616.268999815	1.454491
616.921999693	1.571259
617.78399992	1.383537
619.045999765	1.256594
621.04399991	1.373427
623.044999838	1.492875
625.040999889	1.594492
627.036999941	1.405141
629.032999754	0.6736
631.036000013	1.228971
632.900999784	1.584373
635.051999807	1.479282
637.051999807	1.193195
639.05099988	0.492747
641.044999838	1.390065
643.051999807	1.599123
645.037999868	1.580656
647.044999838	1.60781
649.05099988	1.417355
651.07799983	1.552813
653.055999994	1.090208
655.036999941	0.618515
656.932999849	0.962263
659.051999807	1.200833
661.05099988	1.080067
663.041999817	1.520562
665.041999817	0.916775
667.04399991	1.321491
669.041999817	1.540823
671.036000013	1.498654
673.038999796	1.511546
675.042999983	1.586551
677.042999983	1.316521
679.045999765	1.528746
681.032999754	1.243926
683.051999807	1.064626
685.045999765	1.442949
687.042999983	0.024501
689.051999807	1.494319
691.05099988	1.341925
693.04399991	0.911507
695.041999817	0.911507
697.051999807	1.31414
699.045999765	1.243047
701.044999838	1.359999
703.036000013	1.383583
705.04399991	1.310957
707.05099988	1.155446
709.05099988	1.047323
711.039999962	1.382988
713.052999735	1.392382
715.044999838	1.445382
717.05099988	1.495066
719.034999847	1.214652
721.048999786	1.332301
723.038999796	1.418511
725.037999868	1.372019
727.045999765	1.475083
729.04399991	1.475083
731.051999807	1.475083
733.041999817	1.251112
735.040999889	1.56516
737.042999983	0.291445
739.947000027	0.433607
742.991999865	0.053014
745.251999855	0.251054
747.257999659	1.12855
749.515999794	1.472126
751.586999893	1.509637
751.973999739	1.582577
753.047999859	0.85888
755.052999735	0.668204
757.036999941	1.3895
759.095999956	1.091126
763.181999683	0.815642
765.268999815	1.205811
766.659999847	0.728593
768.365999699	1.657498
769.949999809	0.602122
773.328999758	1.442391
775.257999659	0.287558
777.036000013	0.015669
780.031999826	0.105293
783.328999758	0.182482
790.286999702	0.024229
793.89199996	0.598887
795.758999586	0.628675
798.247999907	0.671637
800.046999693	1.13459
801.63499999	0.470186
803.45299983	1.395068
803.914999962	1.256504
805.216999769	1.313651
806.743999958	0.132523
808.413999796	1.02184
810.293999672	0.067781
813.36199975	0.07493
815.473999739	1.17849
817.505999804	0.08029
819.928999901	1.339098
822.082999945	0.610514
823.615999937	0.898777
824.967999935	0.05119
826.437999725	0.386631
828.203999996	0.839581
829.264999866	0.076775
832.700999737	1.297918
836.086999655	1.176604
838.809999704	0.702198
840.835999966	1.202713
842.069999695	1.159208
843.14599967	1.298079
844.32799983	0.140032
845.375999928	0.959686
846.458999872	0.036165
849.04399991	0.064635
851.232999802	1.537641
853.656999826	1.447912
855.93599987	1.57077
857.66899991	0.022555
859.320999861	0.239842
860.005999804	0.025644
862.092999935	0.065697
865.217999697	0.079727
868.063999891	0.283234
871.296999931	1.423998
873.433999777	1.665805
874.929999828	0.274768
876.321999788	1.697378
877.760999918	1.112111
879.291999817	0.341733
880.36199975	1.8003
881.397999763	1.76258
883.38599968	0.046894
884.664999723	0.387028
886.465999842	0.034427
888.704999924	0.186626
891.936999798	0.556099
896.200999737	0.449213
898.389999866	0.213611
899.667000055	1.603481
900.819999933	1.456518
902.903999805	0.423479
904.804999828	0.134006
906.572999716	1.327553
908.99399972	1.480892
910.88599968	0.276005
912.607999802	1.457542
914.774999619	1.441705
916.038999796	1.288762
917.248999834	1.240421
918.003999949	1.311961
918.600999832	1.304503
919.819000006	1.232757
921.937999725	1.232385
923.89199996	1.177758
925.573999882	1.289924
927.526999712	1.411544
929.318999767	0.459884
931.302999735	0.758084
933.296999931	0.30303
935.292999744	1.394164
937.299999952	0.135448
939.302999735	1.502912
941.286999702	1.135388
943.292999744	0.94914
945.299999952	1.435558
947.296999931	1.435379
949.299999952	1.469374
951.294999599	1.493124
953.296000004	1.358543
955.292999744	0.951171
957.294999599	0.714564
959.296000004	0.915135
961.294999599	1.542706
963.30099988	1.295451
965.289999723	1.554466
967.30099988	1.680575
969.286999702	1.680575
971.297999859	1.087886
973.296000004	1.288381
975.299000025	1.31762
977.299000025	1.259902
979.286999702	0.822531
981.292999744	1.416239
983.291999817	1.42194
985.296999931	1.327294
987.294999599	0.019935
989.296000004	1.511224
991.302999735	1.355456
993.313999653	1.570695
995.299999952	1.260724
997.292999744	1.137766
999.30099988	1.500948
1001.29999995	1.375391
1003.29900002	1.432068
1005.29900002	0.352777
1007.29299974	1.419121
1009.30099988	1.7808
1011.28999972	0.074357
1013.3039999	0.618376
1015.28799987	1.599302
1017.29799986	1.165889
1019.29099989	0.484657
1021.30099988	1.375051
1023.296	1.30137
1025.29699993	1.43758
1027.29799986	1.427468
1029.2949996	1.503088
1031.44300008	1.007604
1033.54299974	1.420205
1035.54599977	1.303649
1037.54699993	1.351061
1039.54399991	1.514159
1041.53999996	0.782497
1043.54999971	1.410408
1045.54899979	1.245588
1047.5619998	1.341302
1049.54499984	1.737848
1051.53699994	1.663153
1053.54899979	1.392233
1055.41999984	1.392233
1057.54699993	1.392233
1059.54299974	1.392233
1061.55500007	1.290024
1063.54999971	1.591731
1065.55500007	0.716977
1067.54199982	1.395969
1069.55399966	1.34778
1071.55899978	1.444933
1073.54699993	1.248307
1075.55199981	1.397303
1077.55099964	1.366061
1079.44400001	1.197112
1081.55999994	1.197112
1085.24899983	0.360215
1089.24399996	1.446692
1091.54399991	1.513197
1091.79099965	1.377191
1092.92499971	0.04516
1095.27199984	0.028281
1098.07899976	0.492695
1101.91999984	0.003987
1105.72300005	0.509653
1106.98699999	0.074786
1108.42199969	0.050263
1110.43999982	0.152565
1114.46599984	1.563097
1119.20499992	1.446512
1122.19099975	1.395981
1124.01699972	1.29734
1126.60499978	1.224598
1127.54499984	1.448099
1129.14599967	1.270654
1130.07899976	1.390189
1131.2249999	1.283052
1132.3039999	0.017329
1133.43999982	1.405891
1134.96399999	0.014121
1136.65999985	0.189192
1138.40499973	0.811349
1140.2949996	0.064064
1142.31099963	1.53428
1144.74399996	0.401616
1145.77599978	0.044762
1146.90899992	0.057627
1151.28399992	0.670021
1154.70299959	1.127245
1157.79099965	0.107536
1160.08199978	1.298394
1161.82999969	1.231392
1164.01299977	1.206191
1165.54399991	1.225135
1166.97899985	1.195412
1169.83099961	1.228825
1171.15799975	0.104981
1172.65399981	1.119271
1174.31099963	0.324363
1177.03600001	1.131563
1180.28599977	0.433457
1181.35399985	1.276883
1183.49799967	1.334224
1185.77799988	1.341337
1187.42099977	0.091447
1188.9829998	0.600463
1190.63999987	0.285487
1192.56999969	0.983317
1194.4849999	0.070147
1196.37799978	0.188504
1198.12799978	0.695912
1200.63999987	0.440608
1203.1789999	0.468171
1204.51999998	1.274516
1205.57799983	0.084854
1206.76099992	1.327856
1208.64399981	0.630855
1209.98099995	0.047305
1211.93899989	0.026503
1215.01599979	1.064735
1218.61899996	0.003085
1221.5	1.485448
1223.45099998	0.066816
1224.74499989	0.17253
1225.85399985	0.155669
1228.26999974	0.094223
1230.02599978	0.315914
1232.81399965	0.047093
1235.04199982	0.749657
1237.17199993	1.252196
1239.75799966	1.035252
1241.79299974	1.307191
1243.73399973	0.403326
1244.72199988	0.056613
1245.81999993	0.906519
1247.49399972	0.352992
1251.19299984	0.131521
1253.92299986	1.198978
1255.86399984	0.441028
1257.78699994	1.090738
1260.04799986	1.027764
1261.15999985	0.963646
1262.51699972	0.5766
1264.89699984	0.301482
1267.41599989	0.229008
1270.00899982	0.951982
1270.37299991	1.267835
1273.72099972	1.130495
1275.24799991	0.558114
1276.34099984	0.345896
1278.03999996	0.997474
1279.72699976	0.45288
1281.79799986	1.055969
1284.6389997	0.214784
1285.55199981	0.090846
1287.06699991	1.17975
1289.78699994	0.033285
1292.67899966	0.046167
1294.49399972	1.475473
1296.02799988	0.003837
1298.15499997	0.20311
1300.2889998	0.320364
1302.06499982	1.08794
1304.81999993	1.032094
1307.85599995	0.443025
1309.796	1.184806
1311.42999983	1.112341
1312.3579998	1.241893
1314.02399993	1.08822
1315.61199999	1.143825
1316.44799995	0.248954
1317.04199982	0.897917
1318.88199973	1.145127
1320.81099987	0.044001
1322.70700002	0.785457
1324.7099998	0.039676
1327.07399988	0.03051
1331.02399993	0.99175
1333.51599979	0.277285
1335.2329998	1.185639
1336.48300004	1.183677
1338.66499972	1.00465
1342.80799985	0.019255
1345.05299973	0.263199
1347.61199999	0.083232
1350.39399981	0.842765
1352.17699981	0.378526
1354.56899977	0.014239
1355.81399965	1.054329
1357.97299981	1.358821
1360.17499971	1.082527
1361.9139998	1.167737
1363.16999984	1.136611
1364.5079999	0.027802
1366.4849999	0.138482
1368.20599985	1.096374
1369.99599981	1.222459
1373.88199973	1.387077
1376.76099992	0.160112
1377.66599965	0.129991
1378.73799968	0.024284
1379.99599981	0.014714
1381.23099971	0.04828
1385.15699983	1.409283
1387.0849998	0.078195
1389.21399975	1.390305
1390.50899982	0.888089
1392.92599988	1.053879
1394.83799982	1.012321
1396.88800001	1.524651
1398.0139997	1.864458
1400.06299973	1.598471
1400.95599985	1.621275
1401.52499986	1.70221
1402.74099994	1.570341
1403.58699989	1.717743
1404.12899995	1.391853
1405.81799984	0.708921
1407.80199981	0.576779
1409.86299968	0.816346
1411.79899979	0.288438
1414.08999968	1.490907
1415.80699968	0.61259
1417.80799985	1.277359
1420.16799998	0.771874
1421.81900001	0.683422
1423.80199981	0.03086
1426.04499984	1.79773
1429.25799966	0.022462
1431.9429996	0.914345
1436.42099977	0.074904
1440.34999967	1.408382
1444.30199981	0.338999
1448.04799986	1.639603
1450.11500001	1.654375
1451.76199985	0.07129
1453.32199979	0.133717
1454.51299977	0.013842
1455.98199987	1.710688
1457.29999995	0.815784
1459.18999982	0.024417
1460.9989996	1.350299
1462.70700002	1.716918
1464.78499985	1.507167
1468.04999971	1.227393
1470.50499988	0.538354
1471.70799994	0.233447
1472.93199992	1.758358
1476.02199984	0.942168
1477.56799984	0.292989
1479.50899982	0.040914
1481.84499979	1.281368
1484.34699988	0.223867
1486.24799991	1.521022
1487.50999975	1.663614
1489.31599998	0.052994
1490.47899961	0.917391
1492.10699987	1.649424
1493.38999987	0.175408
1494.48099995	0.071657
1496.53999996	1.101243
1498.48699975	0.098994
1499.88699961	0.094608
1503.25499964	0.347427
1505.63699985	0.720493
1512.39399981	0.966407
1514.63999987	0.654223
1515.33799982	1.376428
1517.43899965	1.350022
1519.68899989	0.728047
1521.28199983	1.107935
1522.84099984	1.388952
1524.83500004	0.863066
1526.65699983	1.146661
1527.35399985	1.17422
1528.0999999	1.091441
1529.54899979	0.579538
1531.15999985	1.049025
1532.44599986	0.916316
1533.71899962	0.047244
1535.0769999	0.989995
1535.70199966	1.081709
1536.98899984	1.006821
1538.17599988	0.938317
1540.05999994	0.021122
1542.06399989	0.971162
1544.05499959	0.885038
1546.05499959	0.711057
1548.05099988	1.160817
1549.95599985	0.849912
1552.06299973	1.112278
1554.05900002	1.092133
1556.05499959	1.206413
1558.05399966	1.042152
1559.95699978	0.864205
1562.04599977	0.831149
1564.04699969	0.707324
1566.05099988	1.077225
1568.21699977	0.864173
1570.0619998	0.92682
1572.04899979	1.026015
1574.04999971	1.040637
1576.04899979	1.069031
1578.06299973	0.891256
1580.06799984	0.848609
1582.05399966	1.172764
1584.06399989	1.005621
1586.06099987	1.088341
1588.05099988	1.084695
1590.05099988	0.744115
1592.05199981	0.500243
1594.05699992	0.85856
1596.06699991	1.212454
1597.96599984	0.407055
1600.05399966	1.257672
1602.05499959	1.322691
1604.04799986	1.378379
1606.04899979	0.400274
1608.05599999	0.722138
1610.05499959	1.440049
1612.04899979	1.251967
1613.95099974	0.022734
1616.05699992	1.409422
1618.91699982	0.85164
1620.83699989	1.138398
1622.0619998	1.119535
1624.05099988	1.129378
1626.05499959	1.229136
1628.05499959	1.168628
1630.05900002	1.018695
1632.06099987	1.277375
1634.05799985	1.149483
1636.05299973	1.37059
1638.05199981	1.316194
1640.05900002	1.181775
1642.04999971	1.25606
1644.05900002	1.371798
1646.58399987	1.363548
1648.05699992	1.157924
1650.05999994	0.007981
1652.51299977	1.372123
1654.04899979	1.370362
1656.11099982	0.970986
1658.50499988	1.313217
1660.83299994	1.232307
1663.35699987	1.007936
1665.74699998	1.133682
1667.704	0.768202
1669.56499982	0.013695
1671.37199998	1.283719
1673.38699985	1.326959
1675.36299992	0.058032
1677.65499973	1.296753
1680.18499994	0.015599
1682.74599981	1.153454
1685.2349999	1.223852
1687.29099989	1.054579
1689.36999989	1.046403
1691.23699975	1.077542
1693.33999991	1.194257
1695.19299984	0.395144
1696.66999984	0.871367
1698.74999976	0.02607
1701.38499975	0.100887
1706.45599985	1.134638
1710.39299989	0.038766
1712.43399978	0.355407
1713.74199986	0.029685
1715.46700001	0.168925
1718.04799986	0.201369
1720.06499982	0.875365
1722.02299976	0.317752
1724.16599965	1.119301
1725.92799997	1.101088
1727.77199984	0.117753
1729.43599987	0.033016
1731.16699982	0.210498
1732.68199968	0.597767
1735.85599995	1.124564
1738.26699996	1.13825
1741.12299991	1.207566
1742.98799992	1.274264
1744.08399987	1.135738
1745.68799996	1.428454
1747.64899993	0.959306
1748.90799999	1.514511
1750.06799984	1.324797
1750.83599997	1.42941
1752.18799996	1.211534
1753.8829999	1.172056
1755.22899985	0.753371
1756.24000001	1.06989
1758.2179997	1.171325
1760.23399973	0.607426
1763.22299981	0.162733
1767.79799986	0.736305
1771.9989996	0.251568
1774.8829999	1.302624
1777.58399987	1.237309
1779.31699991	1.387376
1780.89699984	1.213005
1782.16299987	0.090205
1783.75399971	1.386485
1785.14099979	0.443429
1786.59599996	1.262156
1788.52999973	1.313048
1790.01599979	1.28352
1791.32299995	1.412623
1792.71999979	1.271958
1793.74699998	0.349684
1795.95299983	1.193193
1797.82799983	1.10779
1799.70899987	1.196375
1801.99499989	0.015974
1804.06899977	1.126475
1805.72599983	1.151073
1807.41199994	1.229762
1808.61799979	1.184216
1809.42599988	1.273038
1811.09399986	0.912622
1813.74999976	1.162133
1815.74999976	1.28527
1817.2099998	0.276547
1819.61299992	0.164995
1822.67699981	1.161704
1825.47099972	0.220774
1827.44999981	0.265539
1831.83599997	1.243503
1837.1619997	1.615563
1840.89100003	1.432526
1842.09299994	1.081549
1843.43499994	1.373616
1845.21899986	0.17038
1846.72399998	0.81831
1849.17199993	1.513933
1852.34899974	0.003743
1854.65799975	0.089607
1855.48300004	0.033166
1856.25900006	0.748089
1856.84399986	0.089014
1860.01499963	0.004524
1862.30599976	0.58662
1863.68499994	1.426323
1865.98099995	1.279673
1868.39399981	1.421378
1870.66499972	1.412085
1872.2559998	0.144286
1873.7809999	1.298599
1875.26699996	1.393599
1876.86299968	0.088131
1878.79099965	1.251607
1881.0389998	0.017981
1882.39999986	1.282684
1883.7099998	0.207198
1884.84199977	1.409182
1887.27699995	0.135756
1890.25699973	0.015692
1893.20300007	0.038736
1895.39799976	0.60789
1897.53399968	0.0084
1899.8099997	0.607639
1902.204	0.482561
1904.73399973	1.263554
1906.89899993	0.90104
1909.04999971	1.109987
1910.75799966	1.097499
1912.0	1.175809
1912.86799979	1.191546
1913.69099998	1.112436
1914.64999986	1.245526
1915.45099998	1.158175
1916.24399996	1.294517
1917.0849998	1.14425
1918.30899978	1.201933
1920.3119998	1.384696
1922.3099997	1.250615
1924.25499964	0.720157
1926.30299973	1.193195
1928.31399965	1.387316
1930.3099997	1.084669
1932.30799985	1.368567
1934.7249999	1.060263
1937.39499998	0.019695
1940.57099986	1.042969
1943.23099971	0.326588
1945.82599974	0.146544
1948.41899991	0.247437
1951.39499998	1.012844
1953.93099999	1.262001
1955.85499978	1.241954
1957.4849999	1.41396
1959.21399975	0.673261
1961.18099976	0.160988
1963.21099997	0.01519
1965.00699973	0.094068
1966.36099982	0.017393
1972.21499968	1.059281
1974.31099963	1.152538
1975.75899959	0.77044
1977.05399966	1.000905
1978.67999983	1.149235
1980.19699979	1.299016
1981.59299994	1.334958
1983.5	0.741724
1986.04499984	0.132739
1987.3579998	0.678786
1990.19799972	1.321212
1992.8039999	1.395229
1995.02999973	0.227457
1996.93799973	0.497726
1997.93599987	1.149851
1999.01599979	1.089043
2000.52199984	1.525375
2001.99799967	0.462807
2003.14700007	0.045966
2005.2249999	0.671957
2008.69599986	1.016596
2011.46599984	0.061637
2012.53199983	1.228085
2013.14299965	0.894246
2015.83999991	0.411142
2018.51999998	1.170392
2021.86999989	1.183192
2025.88199973	1.036837
2028.6559999	1.217542
2029.87099981	1.300029
2031.20599985	1.249533
2032.85599995	1.330387
2034.37999988	1.262768
2034.59899974	1.456439
2035.28399992	1.357668
2035.62399983	1.356798
2036.34599972	1.410962
2038.31699991	0.023403
2040.31799984	1.27528
2042.31699991	1.278065
2044.55399966	1.39591
2046.55799985	1.195953
2048.55799985	0.802884
2050.56499982	1.285194
2052.55799985	0.762059
2054.55399966	0.907979
2056.56699967	1.274218
2058.579	0.87267
2060.56099987	0.937203
2062.56799984	0.568135
2064.56799984	0.568135
2066.56599975	1.19255
2068.56599975	1.264269
2070.55999994	1.329488
2072.56099987	1.496244
2074.56599975	1.097312
2076.57199979	0.886211
2078.56899977	0.884682
2080.56599975	1.402353
2082.55999994	0.958503
2084.56699967	0.955722
2086.55899978	0.593982
2088.56699967	1.162876
2090.56799984	1.350698
2092.56599975	1.239983
2094.56499982	1.079373
2096.56499982	1.065285
2098.55500007	1.072568
2100.5619998	1.296772
2102.56599975	1.038812
2104.56499982	1.046647
2106.56799984	1.097194
2108.55799985	1.144155
2110.56999969	1.335392
2112.56499982	1.075805
2114.55899978	0.729255
2116.56899977	1.155498
2118.57099986	1.414999
2120.55899978	1.120895
2122.55599999	1.333306
2124.58699989	1.384879
2126.65199995	0.692183
2129.24000001	0.821967
2130.6329999	1.029354
2132.58899975	1.190323
2134.56099987	0.036088
2136.56299996	1.156052
2138.5619998	0.301538
2140.5619998	0.676478
2142.5769999	1.301468
2144.55699992	0.887706
2146.55599999	0.974247
2148.57199979	1.070188
2150.56299996	1.410845
2152.56299996	1.308645
2154.55699992	1.2829
2156.57099986	1.033468
2158.55799985	0.717854
2160.56899977	1.128978
2162.55899978	1.290128
2164.5619998	1.241691
2166.56399989	1.306139
2168.56799984	1.14924
2170.55899978	1.353988
2172.57099986	0.15799
2174.57199979	1.109508
2177.01999998	0.011843
2182.10899973	1.173346
2184.10199976	1.081399
2185.82599974	1.22104
2187.25199986	1.145058
2188.54299974	0.326998
2191.17599988	0.758332
2195.0769999	0.264039
2200.17999983	0.021716
2201.77399969	0.294033
2202.47099972	0.116701
2204.85599995	0.660108
2207.43199992	0.170572
2209.80899978	0.004776
2212.32099986	0.049281
2214.73699975	0.069475
2216.94700003	0.928824
2218.58699989	1.011918
2220.01999998	1.122336
2221.52199984	1.23704
2223.27499986	0.687027
2224.10299969	0.490616
2224.79699993	0.033504
2226.19899964	1.207517
2229.69899988	0.375112
2234.37699986	0.807556
2237.56599975	0.003543
2239.11799979	1.279271
2240.50099993	1.477998
2242.64599967	1.058513
2245.71599984	0.150005
2249.79899979	0.420562
2252.84399986	0.488148
2254.58599973	0.550573
2256.0769999	0.588366
2257.51999998	0.620016
2258.56799984	1.119944
2259.91499996	1.055808
2261.13899994	1.141351
2262.43399978	0.557402
2263.3119998	1.093139
2264.12999988	0.916217
2266.05799985	0.722268
2270.70700002	0.785838
2273.86699986	0.003019
2274.80699968	0.689541
2275.73199987	0.516094
2279.40299988	0.605289
2281.29799986	0.877128
2282.49399972	0.643389
2284.22199988	0.088421
2285.27999997	0.772344
2286.81999993	1.110121
2287.82099986	1.214156
2289.55699992	1.130644
2291.84199977	0.013789
2294.94999981	1.016915
2296.84199977	0.403715
2299.27899981	1.238845
2301.7249999	1.22183
2304.04599977	1.064195
2306.23799968	1.012221
2308.02399993	1.125777
2309.49799967	1.082241
2311.00399995	0.849782
2313.66899991	0.241451
2315.87599993	0.09746
2319.83199978	0.183694
2321.90099978	0.897512
2323.47399974	0.778128
2324.32199979	0.263362
2325.6309998	0.781235
2328.31299973	0.871295
2330.74799991	0.361932
2332.29299974	0.228833
2333.54499984	1.072813
2335.32199979	0.19729
2337.77499962	1.129824
2341.83500004	0.274595
2344.296	0.367699
2345.33699989	0.877484
2347.79999995	0.164733
2350.2249999	0.100245
2351.09399986	0.961761
2351.62999988	0.656093
2353.14299965	0.964396
2355.59500003	1.04493
2357.61899996	1.052699
2359.22399998	0.245985
2360.9599998	0.873628
2362.74599981	1.076234
2367.36799979	0.070174
2369.0619998	0.965953
2370.66299963	0.295128
2372.08799982	0.178342
2373.24599981	0.9124
2374.15999985	1.001824
2376.18499994	0.062735
2377.66599965	0.17247
2379.72799993	0.027968
2382.04499984	0.246242
2386.11199999	0.097503
2388.04699969	0.256625
2390.30199981	0.025912
2392.25299978	1.161541
2393.91999984	0.183516
2396.56599975	0.913621
2399.19099975	1.013028
2401.92599988	0.960096
2405.30799985	0.442457
2407.13399982	0.517517
2409.60999966	0.14952
2411.22999978	0.723125
2411.99299979	0.954557
2413.87199998	1.037502
2415.93599987	0.821418
2417.67999983	0.732832
2419.54599977	0.901517
2421.8039999	1.115439
2423.43199992	0.503355
2424.53699994	0.860532
2425.6469996	1.095213
2427.14599967	0.997533
2428.36699963	0.357968
2429.82999969	0.513474
2432.09599996	0.042154
2434.54699993	0.002719
2436.31299973	0.077207
2438.05499959	0.173098
2440.6079998	1.111395
2443.26699996	0.97325
2445.77999997	0.955996
2448.37899995	0.968788
2450.19399977	0.356032
2451.79199982	1.161821
2452.89499974	1.292702
2454.11500001	1.411366
2455.61399984	0.086148
2457.6469996	0.451091
2459.94799995	0.089703
2462.58099985	0.741686
2465.33399987	0.352337
2468.23099971	1.203172
2470.9519999	0.657653
2472.0	1.198783
2472.68099976	1.258596
2476.47199988	0.056014
2478.95599985	1.01864
2480.89399981	1.135308
2484.35299993	1.244121
2486.62399983	0.002988
2487.62899995	1.374729
2488.74599981	0.770003
2489.49199986	0.602827
2491.82099986	1.265488
2496.01299977	1.00541
2497.16999984	1.147757
2497.48099995	1.212328
2498.11999989	1.227491
2501.704	0.885051
2504.32699966	0.154925
2506.15399981	0.078432
2508.32899976	0.933354
2509.84299994	1.101144
2511.95599985	1.068163
2515.08099985	0.215312
2515.32099986	0.785779
2515.60099983	0.942211
2517.32699966	0.309302
2522.24799991	1.009825
2525.03299975	1.103821
2526.93199992	1.142673
2528.69899988	0.155469
2529.74499989	0.127329
2530.92799997	1.281606
2532.84299994	0.003798
2534.86399984	0.367814
2537.25900006	1.014981
2539.6329999	0.479046
2542.35899973	0.097508
2543.59500003	0.142793
2544.73699975	0.107222
2546.43799973	0.064273
2548.46099973	0.817431
2552.85599995	0.179218
2556.04499984	0.010897
2557.88499975	0.225652
2559.53999996	1.070152
2562.48399997	0.003246
2563.34199977	1.121535
2565.03499985	0.003669
2567.07099962	0.629348
2568.43799973	0.965563
2571.40799999	0.985523
2573.38999987	1.048999
2574.75399971	1.218736
2576.84599972	0.575445
2578.39399981	0.55383
2580.54899979	1.131599
2582.83599997	0.861819
2585.53499961	1.132763
2586.90499973	0.965739
2588.32999969	0.01659
2590.54999971	0.050043
2591.22899985	0.030802
2592.44199967	0.206465
2593.96799994	0.108266
2600.09599996	0.998139
2602.25299978	0.624177
2604.37100005	1.177023
2605.88499975	0.24925
2607.96699977	1.124207
2609.97199988	1.11514
2611.76699972	0.519843
2612.27699995	0.009502
2613.04299998	0.978048
2616.0139997	1.086185
2618.7099998	0.955066
2620.11999989	1.007946
2621.70099974	1.05035
2622.87999988	1.020613
2624.60599971	1.071475
2626.46999979	0.24669
2627.43799973	1.170394
2628.51099968	0.276183
2630.11899972	1.127455
2631.34099984	1.344606
2632.64099979	1.346502
2633.87399983	1.055551
2635.08699965	0.486047
2637.06999969	1.258612
2639.02099991	0.119087
2641.05900002	0.216757
2643.08999968	1.160496
2645.07299972	1.516267
2647.06899977	1.094093
2649.05999994	1.273767
2651.09499979	1.395729
2653.07399988	0.260432
2655.06399989	1.100998
2657.07799983	0.55494
2659.02799988	1.358438
2660.94400001	0.017568
2663.07299972	1.314436
2665.0769999	1.30553
2667.10899973	1.13508
2669.88899994	0.720414
2671.97199988	0.039059
2673.60399985	0.991506
2675.66799998	0.746323
2678.00899982	0.021743
2679.0769999	0.947994
2681.55599999	0.336343
2683.33399987	0.766656
2685.14199972	0.539684
2687.07299972	1.233391
2689.07099962	1.294163
2691.06799984	0.533859
2693.07999992	0.550536
2695.09099984	0.686671
2697.06999969	1.361105
2699.0849998	1.032845
2701.0769999	0.751543
2703.08599973	0.766514
2705.07399988	1.496963
2707.06899977	0.109481
2709.29799986	0.174232
2711.09799981	0.903261
2713.11999989	1.119149
2715.08699965	1.379723
2717.80899978	1.476044
2720.20499992	0.658158
2722.75799966	1.18985
2725.06099987	1.080297
2727.07999992	0.689012
2729.25799966	1.451974
2730.89899993	0.962867
2732.32199979	1.462025
2734.50999975	0.322127
2736.89100003	1.071526
2739.03699994	0.766858
2741.47999978	1.069225
2744.38299966	1.159039
2748.43499994	0.016818
2752.79699993	0.427353
2755.18999982	0.604459
2756.90299964	1.066699
2759.09200001	0.518286
2761.04799986	0.294537
2762.55299973	0.324975
2764.82899976	1.037794
2767.17599988	0.24803
2768.80599976	1.258253
2770.86299968	1.111064
2773.22999978	1.197717
2774.45899987	1.172934
2776.49699974	0.365268
2778.51999998	0.148583
2780.21199989	0.214231
2781.26999974	1.310644
2783.93799973	0.023384
2785.95699978	0.208438
2788.44999981	0.316996
2789.7099998	0.897293
2791.01299977	0.388483
2794.34099984	0.002433
2796.24300003	1.185729
2797.12699962	0.197679
2800.79399967	0.355649
2802.7249999	1.102151
2804.64099979	0.015884
2806.61399984	1.238199
2808.91299987	0.04169
2811.20300007	0.244566
2813.61699986	0.922319
2815.97599983	0.084228
2817.58599973	0.709176
2819.72899985	0.160024
2822.91299987	0.004055
2824.71399975	0.522447
2826.05699992	1.167624
2828.22799993	0.069048
2830.59599996	0.369877
2832.44699979	1.086903
2833.74099994	1.039212
2835.74799991	0.91832
2837.37299991	0.369418
2838.8269999	0.320981
2840.04899979	0.041292
2841.38399982	1.14032
2842.93599987	1.16447
2845.38800001	0.900206
2848.21899986	1.040739
2851.88499975	0.489208
2852.14999986	0.867573
2852.42099977	0.829684
2852.64299989	0.992553
2852.87399983	1.123376
2853.34799981	1.240467
2855.31999993	1.041016
2857.32799983	1.011728
2859.32899976	0.717427
2861.96699977	1.045008
2864.0999999	0.88261
2865.57499981	1.150796
2868.29900002	0.881495
2870.93299985	0.684816
2873.44799995	0.670226
2876.204	0.833343
2879.60699964	0.766293
2882.05799985	0.843253
2883.91599989	0.112067
2885.61999989	1.12316
2887.45899987	0.936471
2889.9909997	0.866917
2892.7179997	0.902035
2894.84199977	0.556342
2896.227	0.996511
2898.15799975	0.512123
2900.01699972	0.832922
2901.52199984	1.014388
2903.57199979	0.500622
2906.65299988	0.346034
2910.19499993	0.59741
2912.85399985	0.886131
2914.94899988	0.641836
2916.85499978	1.004753
2918.05399966	1.108875
2919.1639998	0.927033
2921.25199986	0.908025
2923.40199971	0.929956
2925.31399965	0.918293
2926.71199989	1.004118
2928.28799987	0.44449
2930.34899974	0.002424
2933.22099972	0.886788
2936.18199968	0.990818
2938.75499988	0.512022
2941.35399985	0.64135
2942.97499967	0.306372
2944.34099984	0.868916
2946.20799994	0.445403
2948.30499983	0.11686
2950.11999989	0.774682
2951.78299975	0.021827
2955.39499998	1.004563
2957.30099988	1.310521
2958.66799998	1.000653
2960.44699979	1.195444
2962.39199996	0.103922
2964.2949996	0.040879
2965.94999981	0.8945
2967.648	1.131647
2970.57399988	0.003147
2972.70799994	0.604273
2974.10899973	1.266543
2975.66599965	1.091111
2977.27199984	0.8513
2980.73799968	1.025363
2983.22299981	0.15917
2983.81299973	0.222008
2985.12099981	0.06139
2988.19999981	0.178776
2990.20099974	0.083327
2992.0999999	0.698182
2993.90899992	1.155925
2996.06899977	1.227406
2999.07999992	1.184489
3000.15099978	1.13505
3001.36099982	1.221757
3002.6389997	1.001187
3003.78999972	1.1925
3004.81099987	1.137501
3005.91599989	0.503874
3006.64999986	0.934616
3008.35899973	0.99666
3010.39299989	1.001902
3011.62699986	1.089283
3013.32099986	1.01307
3015.31999993	0.940013
3017.33099985	0.998903
3019.32799983	0.607397
3021.32099986	1.004199
3023.32199979	1.004199
3025.32799983	1.29275
3027.32099986	1.527079
3029.33099985	0.304744
3031.44099975	1.348125
3033.35500002	0.63492
3035.32199979	1.192889
3037.31899977	1.091838
3039.32399988	1.047151
3041.40199971	1.272451
3043.32099986	1.19405
3045.35500002	1.09153
3047.32099986	1.299777
3049.57199979	1.092181
3052.67499995	1.113461
3054.03999996	1.16529
3055.33599997	0.98238
3057.57199979	0.972734
3059.56999969	1.056961
3061.57999992	1.044055
3063.58299971	1.100334
3065.5769999	1.02195
3067.57999992	1.017987
3069.57199979	1.124989
3071.46999979	0.930551
3073.57399988	1.11966
3075.55999994	0.912293
3077.57799983	1.007289
3079.57999992	0.95128
3081.5769999	1.154128
3083.5849998	1.021789
3086.24799991	0.986674
3087.37899995	0.995048
3089.57299972	1.114955
3091.57499981	0.73101
3093.57799983	0.73101
3095.45099998	1.049782
3097.57099986	1.225925
3099.579	1.069597
3101.58299971	1.119254
3103.5769999	0.909592
3105.56899977	0.739406
3107.58199978	1.14005
3109.579	1.167099
3111.57299972	1.244766
3113.5909996	1.181455
3115.5769999	0.02432
3117.57999992	1.105522
3119.49699974	1.25702
3121.5769999	0.856631
3123.57799983	1.274505
3125.57399988	0.690046
3127.58299971	1.203958
3129.57999992	1.186235
3131.57299972	1.242772
3133.58299971	1.019225
3135.57299972	1.031603
3137.57199979	1.120925
3139.57199979	0.687088
3141.579	1.121264
3143.49299979	1.129767
3145.57099986	0.974753
3147.56899977	0.974753
3149.57099986	1.186097
3151.58199978	1.01217
3153.57299972	0.977402
3155.58399987	0.977402
3157.57499981	0.222245
3159.58799982	0.972244
3162.15199995	0.024473
3192.45399976	0.202777
3193.95699978	0.487232
3194.92199969	0.521077
3195.68400002	0.536894
3196.74599981	0.063953
3197.74799991	0.559299
