0.0	1.755948
0.115000247955	1.509075
0.5	1.717114
0.917000055313	1.605144
1.77200007439	1.253814
2.8220000267	1.595279
3.77000021935	1.976128
4.6360001564	1.948469
5.51799988747	1.144231
6.23000001907	1.898174
6.6360001564	1.610796
7.20900011063	1.794207
9.21200013161	2.261812
11.4619998932	4.027808
13.4460000992	4.535804
15.4609999657	4.425954
17.2860000134	0.079875
19.4609999657	3.451125
21.4560000896	0.048058
23.4460000992	3.934022
25.4619998932	3.528838
27.4550001621	2.16715
29.4490001202	4.104408
31.4560000896	2.242561
33.4539999962	4.37424
35.4590001106	1.052966
37.4619998932	3.46124
39.4480001926	4.523044
41.248000145	4.083796
43.4490001202	5.225566
45.4490001202	4.367596
47.4590001106	0.058049
49.4560000896	5.34118
51.4580001831	1.977394
53.4630002975	4.234107
55.4590001106	3.627028
57.4630002975	3.597629
59.4490001202	4.174817
61.4530000687	3.981891
63.4580001831	4.036847
65.4570000172	3.36937
67.4490001202	4.06551
69.4500002861	4.295731
71.4619998932	3.56275
73.4619998932	1.662283
75.4630002975	3.821989
77.4550001621	3.908077
79.4510002136	3.358953
81.4630002975	3.643049
83.4530000687	3.096365
85.4530000687	3.199225
87.4640002251	2.207552
89.4510002136	4.219261
91.4640002251	2.047315
93.4580001831	1.391245
95.4539999962	3.786559
97.4590001106	1.970859
99.4609999657	2.975104
101.460000038	3.277075
103.459000111	0.117303
105.450000286	4.811749
107.45600009	3.704308
109.453000069	0.311765
111.452000141	3.750578
113.448000193	0.821701
115.460000038	0.101597
117.453000069	1.257869
119.468000174	2.16529
121.460999966	4.567953
123.460999966	3.587848
125.452000141	3.879282
127.466000319	1.069568
129.464000225	3.608604
131.453000069	1.990221
133.468000174	3.933091
135.451000214	1.445217
137.457000017	0.030986
139.459000111	4.377162
141.45600009	4.420843
143.453000069	4.396004
145.466000319	0.05311
147.463000298	0.08761
149.460999966	1.829128
151.466000319	0.228208
153.35800004	0.13503
155.467000246	0.299815
157.660000086	0.876767
159.636000156	1.785083
161.463000298	1.361187
163.453000069	3.25492
165.463000298	3.577785
167.463000298	1.870565
169.464000225	1.457228
171.465000153	3.596115
173.459000111	2.465552
175.463000298	3.801753
177.458000183	3.257934
179.453000069	0.244183
181.457000017	0.899257
183.460000038	1.610132
185.460000038	4.844344
187.459000111	3.668678
189.463000298	0.674832
191.455000162	3.656302
193.470000029	3.280392
195.464000225	4.068835
197.464000225	4.006861
199.457000017	1.467336
201.463000298	4.227181
203.45600009	0.231839
205.461999893	2.299871
207.467000246	1.117418
209.463000298	3.765
211.465000153	2.84409
213.45600009	0.375168
215.468000174	3.318843
217.463000298	2.35808
219.461999893	3.504627
221.464000225	3.781487
223.460999966	3.066173
225.468000174	2.29227
227.460000038	2.562747
229.470000029	0.257166
231.468000174	2.856587
233.453999996	1.400305
235.459000111	4.44732
237.463000298	0.301322
239.463000298	3.928517
241.463000298	1.790075
243.471000195	0.588804
245.458000183	0.292956
247.467000246	0.257198
249.47300005	0.618906
251.465000153	2.014045
253.469000101	0.260863
255.471000195	0.110769
257.466000319	2.217619
259.706000328	3.508814
261.467000246	4.659005
263.717000008	4.131457
265.717999935	3.851083
267.720999956	4.056677
269.714000225	4.321266
271.524000168	1.971474
273.703000069	2.941147
275.717999935	3.63184
277.717999935	3.155242
279.711000204	4.153483
281.714000225	3.181433
283.72200036	0.172291
285.706000328	3.746897
287.720999956	3.299365
289.707000256	0.318964
291.710000038	3.9409
293.703000069	3.534111
295.536999941	0.152815
297.715000153	3.692939
299.723000288	0.722751
301.680999994	2.241912
305.632000208	1.038634
309.770000219	1.819598
311.498000145	1.880525
313.298000336	1.339542
314.381000042	2.07564
314.964000225	0.319894
315.586000204	1.935932
317.709000111	0.186126
319.714000225	3.296725
321.710000038	3.908933
323.707000256	4.211264
325.723000288	4.211264
327.711000204	4.211264
329.706000328	3.817791
331.715000153	3.51892
333.712000132	3.880938
335.720000029	3.404409
337.707000256	4.394718
339.717000008	0.880547
341.706000328	3.207691
343.711000204	3.625144
345.717999935	3.978201
347.711000204	3.727231
349.719000101	4.038191
351.717999935	3.826526
353.712000132	3.335291
355.720999956	3.612411
357.717999935	3.717658
359.713000059	4.101563
361.710000038	4.040233
363.720000029	3.921582
365.71600008	3.646012
367.714000225	4.945491
369.715000153	3.421281
371.714000225	3.387234
373.707000256	6.194314
375.708000183	3.893282
377.71600008	3.362646
379.717999935	2.961797
381.72200036	3.991335
383.720000029	3.844244
385.708000183	4.062491
387.720999956	2.14365
389.71600008	3.992398
391.705000162	4.045528
393.72200036	4.164731
395.723000288	3.821591
397.71600008	3.786564
399.714000225	4.031979
401.707000256	4.325783
403.708000183	4.017636
405.712000132	4.403393
407.720000029	3.440071
409.714000225	3.528547
411.717000008	3.633546
413.713000059	4.101879
415.711000204	4.084637
417.72200036	3.729246
419.711000204	4.208017
421.717000008	3.888848
423.708000183	4.363149
425.72200036	1.079322
427.708000183	3.995445
429.72200036	2.528775
431.720000029	1.253177
433.717000008	0.138056
435.726000071	3.603122
437.711000204	3.141711
439.720999956	2.242828
441.720000029	0.806535
443.711000204	3.668213
445.724000216	2.290751
447.719000101	2.830744
449.71600008	1.904439
451.714000225	3.448854
453.72200036	3.315506
455.720000029	3.137671
457.707000256	2.085175
459.720000029	2.353396
461.71600008	3.566228
463.714000225	1.768942
465.714000225	3.695729
467.717000008	4.045378
469.715000153	3.381807
471.717999935	4.61151
473.711000204	4.242354
475.712000132	0.150484
477.710000038	0.117463
479.723000288	4.045397
481.72200036	2.029833
483.710000038	4.051003
485.72200036	3.08517
487.724000216	3.461067
489.708000183	3.623314
491.725000143	2.546043
493.720000029	3.424431
495.723000288	3.860277
497.72200036	1.701291
499.714000225	3.3483
501.725000143	3.165711
503.717000008	4.164338
505.715000153	3.042055
507.96600008	1.61545
509.967000246	4.110746
511.963000298	3.133476
513.725000143	3.726907
515.962000132	4.405482
517.976000071	0.442281
519.964000225	3.773294
521.975000143	4.30141
523.976000071	3.800277
525.968000174	3.103791
527.972000122	0.029706
529.97300005	0.377212
531.97300005	2.242553
533.964000225	3.996374
535.960000038	3.995231
537.984000206	2.62646
539.972000122	3.201714
541.970000267	1.447387
543.979000092	3.937295
545.960000038	3.884059
547.96600008	4.771058
549.967000246	3.736343
551.96600008	3.683471
553.970000267	4.104219
555.969000101	2.745702
557.970000267	0.150717
559.975000143	2.169452
561.963000298	4.631492
563.975000143	2.556031
565.960000038	0.046048
567.973999977	3.805799
569.964000225	2.801809
571.969000101	4.021312
573.968000174	3.945601
575.968000174	4.505157
577.967000246	3.395396
579.967000246	2.750064
581.973999977	0.151379
583.972000122	4.238453
585.967000246	4.445684
587.987000227	3.723379
589.976999998	3.539851
591.963000298	3.703824
593.964000225	4.147727
595.964000225	3.233375
597.963000298	0.025104
599.975000143	3.7416
601.969000101	1.675602
603.97300005	1.393967
605.967000246	4.407843
607.96600008	3.885076
609.964000225	3.994247
611.975000143	2.2601
613.970000267	0.862361
615.970000267	2.212355
617.964000225	3.567246
619.972000122	5.503248
621.967000246	0.291081
623.965000153	3.477544
625.972000122	2.23159
627.976000071	2.483395
629.97300005	1.544693
631.975000143	1.825126
633.976999998	3.889555
635.97300005	3.49401
637.97300005	3.714103
639.97300005	3.90927
641.980000019	4.556304
643.980000019	4.326684
645.976999998	3.811889
647.978000164	2.972957
649.979000092	0.043927
651.965000153	1.749629
653.975000143	3.991264
655.979000092	0.086588
657.97300005	0.196108
659.968000174	3.865018
661.970000267	2.329003
663.963000298	3.395348
665.967000246	3.388561
667.973999977	4.859594
669.978000164	0.598684
671.969000101	0.099329
673.973999977	3.910401
675.973999977	3.642727
677.976000071	3.976683
679.978000164	3.92852
681.975000143	3.53845
683.971000195	3.076445
685.975000143	3.847915
687.97300005	3.645185
689.980000019	0.827693
691.972000122	3.426963
693.978000164	3.944262
695.975000143	3.470288
697.969000101	4.509038
699.96600008	2.024434
701.970000267	0.881497
703.965000153	4.406643
705.970000267	4.02355
707.975000143	4.264348
709.976999998	3.879864
711.976000071	4.212387
713.983000278	2.25431
715.976000071	0.414862
717.964000225	0.220274
719.978000164	4.369973
721.976000071	2.228835
723.976000071	4.154365
725.976000071	3.730906
727.972000122	3.300082
729.973999977	3.720673
731.971000195	3.511332
733.96600008	4.053898
735.96600008	3.738365
737.980999947	4.23096
739.969000101	3.640742
741.973999977	3.458357
743.971000195	4.388398
745.979000092	1.544812
747.972000122	4.614636
749.970000267	3.436472
751.981999874	4.527098
753.980000019	3.770259
756.224000216	3.687024
757.980000019	0.130194
759.979000092	0.911049
761.976000071	3.37976
764.229000092	4.311023
766.022000074	4.062752
768.224000216	3.835976
770.225000143	0.038629
772.224000216	3.632641
774.220999956	4.349013
776.232000113	2.102314
778.221999884	4.11103
780.225000143	3.858022
782.220000029	4.433105
784.227000237	2.869802
786.224000216	0.136525
788.219000101	1.263126
790.025000095	4.089166
792.227000237	4.492179
794.231000185	0.152987
796.224000216	0.064822
798.230000019	0.004617
800.232000113	0.095074
802.228000164	0.460495
804.229000092	2.865814
806.228000164	4.413242
808.224000216	0.318558
810.227000237	2.301189
812.230000019	0.501673
814.069999933	0.38841
816.220999956	2.497663
818.232000113	1.545779
820.234000206	4.339602
822.223000288	0.036713
824.225000143	4.647359
826.224000216	3.439578
828.223000288	3.93356
830.227000237	4.435961
832.226000309	4.119145
834.23300004	2.295794
836.228000164	4.375314
838.227000237	0.103527
840.224000216	4.367451
842.224000216	3.109751
844.219000101	3.962801
846.229000092	2.907722
848.228000164	4.083281
850.234000206	4.359779
852.223000288	3.259247
854.234000206	3.462571
856.223000288	4.277786
858.23300004	2.892454
860.232000113	0.051316
862.234000206	0.406982
864.23300004	4.086173
866.228000164	3.813882
868.23300004	2.971979
870.227000237	0.791535
872.23300004	1.578688
874.227000237	2.886814
876.235000134	0.334007
878.225000143	4.135904
880.229000092	1.528873
882.228000164	2.294154
884.232000113	4.332861
886.226000309	2.076118
888.23300004	3.02671
890.244000196	4.358807
892.227000237	3.755222
894.224000216	3.058021
896.220999956	0.067878
898.235000134	4.093475
900.220000029	3.45351
902.231000185	0.439217
904.23300004	4.124365
906.230000019	3.457311
908.224000216	2.021782
910.232000113	3.229299
912.228000164	0.028101
914.231000185	3.88974
916.230000019	3.95176
918.228000164	3.387828
920.235000134	3.734144
922.23300004	3.485646
924.234000206	1.59291
926.228000164	4.208705
928.226000309	4.079769
930.236999989	3.735883
932.229000092	1.747689
934.219000101	4.161452
936.24000001	3.160889
938.23300004	2.776172
940.232000113	2.244145
942.226000309	4.421472
944.221999884	0.15119
946.234000206	3.577994
948.23300004	4.242596
950.224000216	4.330008
952.223000288	3.915369
954.227000237	4.084144
956.225000143	4.17003
958.236999989	0.305162
960.230000019	3.949003
962.231000185	4.047195
964.229000092	0.795078
966.229000092	3.598127
968.220999956	4.597647
970.236999989	3.505101
972.236999989	2.03802
974.234000206	4.249928
976.239000082	3.69722
978.249000072	2.614634
980.232000113	4.086324
982.234000206	1.932737
984.230000019	0.071678
986.224000216	4.106185
988.23300004	3.935123
990.230000019	3.483545
992.236000061	4.031258
994.232000113	3.820994
996.234000206	2.143868
998.234000206	3.737368
1000.23000002	2.634892
1002.23699999	2.517123
1004.23699999	4.167087
1006.23699999	4.030106
1008.24900007	4.169615
1010.47600007	3.939329
1012.23600006	3.664232
1014.48700023	3.266219
1016.47500014	3.284226
1018.48700023	3.770098
1020.47200012	0.627738
1022.47600007	4.165729
1024.47799993	4.286359
1026.48099995	3.329037
1028.477	4.407647
1030.48700023	3.735141
1032.48400021	3.542315
1034.47600007	1.344736
1036.47500014	0.705622
1038.48099995	3.272994
1040.48600006	4.023949
1042.48800015	3.992707
1044.47900009	3.965364
1046.47600007	0.68896
1048.48400021	3.387073
1050.48700023	3.597061
1052.48800015	4.288392
1054.48300028	4.244186
1056.48200035	1.968665
1058.48900008	3.78716
1060.48099995	0.065403
1062.48099995	4.205104
1064.48099995	2.743231
1066.48400021	3.684234
1068.48900008	4.490588
1070.47600007	1.852551
1072.48099995	3.878534
1074.47799993	2.22097
1076.47900009	1.1168
1078.48400021	4.217633
1080.48800015	1.498648
1082.477	1.010478
1084.48200035	1.777253
1086.47500014	2.317417
1088.48500013	2.296102
1090.48099995	0.579559
1092.48200035	3.741131
1094.49300003	1.251994
1096.48500013	3.699721
1098.49100018	2.296976
1100.49000025	1.296226
1102.47799993	1.93746
1104.48200035	0.122406
1106.477	0.85192
1108.48800015	3.856432
1110.47799993	3.954479
1112.48600006	2.410389
1114.48099995	3.096429
1116.48200035	0.062174
1118.47600007	3.87056
1120.47799993	3.013133
1122.47799993	2.253472
1124.47799993	0.133805
1126.48700023	4.368194
1128.48200035	3.589328
1130.48000002	3.571095
1132.48099995	3.133373
1134.48200035	4.095517
1136.48800015	2.044974
1138.48300028	0.062774
1140.48200035	0.244084
1142.49000025	4.201054
1144.48200035	2.738464
1146.48700023	1.939426
1148.48200035	3.297082
1150.48400021	3.904344
1152.47500014	4.190598
1154.49300003	3.106913
1156.48800015	0.052834
1158.49300003	3.421003
1160.49100018	2.139435
1162.47799993	0.769874
1164.48900008	0.069713
1166.48600006	1.1476
1168.48500013	4.932432
1170.47799993	2.29586
1172.48099995	3.890195
1174.477	2.294023
1176.49100018	4.80581
1178.47600007	0.55843
1180.49100018	3.173146
1182.49100018	0.595216
1184.48200035	2.310126
1186.48700023	2.939644
1188.48200035	4.096137
1190.48000002	1.358104
1192.48200035	3.612433
1194.48500013	3.57818
1196.47900009	1.309965
1198.48099995	0.809633
1200.48200035	3.90362
1202.49600005	3.89407
1204.49100018	2.466365
1206.48400021	0.056492
1208.47900009	0.66277
1210.48099995	3.176621
1212.4920001	0.036411
1214.48300028	3.473175
1216.48700023	2.869035
1218.48200035	4.049808
1220.48800015	3.82561
1222.48000002	0.178113
1224.48200035	1.518207
1226.48300028	0.113106
1228.47799993	0.831997
1230.49399996	0.171013
1232.49100018	2.37087
1234.49300003	3.996985
1236.49399996	3.879312
1238.48900008	3.920994
1240.48800015	1.325863
1242.48700023	4.106121
1244.49500012	4.208935
1246.48400021	5.239343
1248.47900009	0.083421
1250.48000002	1.221264
1252.49100018	4.302124
1254.49800014	2.562433
1256.4920001	3.4727
1258.73500013	4.111036
1260.53500009	2.302203
1262.49300003	0.036531
1264.73900008	0.614031
1266.73500013	0.061246
1268.7440002	4.426403
1270.74099994	3.845833
1272.73300004	4.328234
1274.73200011	3.742619
1276.74000001	0.748943
1278.74800014	2.923863
1280.74000001	3.309167
1282.73699999	4.431688
1284.53500009	4.349293
1286.74099994	2.391643
1288.73300004	3.548524
1290.74300027	2.805249
1292.73000026	3.437799
1294.7440002	3.682428
1296.74300027	1.375484
1298.74099994	0.197137
1300.75500011	3.412047
1302.72800016	3.759167
1304.74300027	2.352217
1306.7440002	3.241461
1308.73100019	3.70732
1310.7440002	3.402022
1312.7420001	0.069353
1314.74000001	2.340918
1316.7440002	3.926614
1318.74099994	4.024712
1320.74300027	4.130358
1322.74099994	4.544094
1324.7420001	1.063623
1326.73800015	4.35951
1328.73300004	3.072931
1330.74700022	1.11756
1332.73000026	3.62249
1334.73500013	0.972548
1336.74500012	4.277343
1338.73399997	4.47527
1340.74000001	4.054172
1342.74900007	2.253472
1344.74000001	4.234651
1346.7440002	3.342791
1348.73399997	3.928566
1350.73800015	3.334657
1352.73900008	4.395591
1354.73500013	0.015965
1356.75600004	2.195668
1358.74700022	0.177294
1360.74000001	3.773133
1362.74500012	1.112669
1364.7420001	4.120656
1366.7440002	2.238077
1368.74000001	4.421715
1370.75699997	3.374486
1372.74000001	3.429024
1374.73699999	3.858011
1376.74300027	4.914478
1378.7440002	4.071057
1380.74600029	3.9449
1382.7440002	3.628558
1384.74800014	4.242808
1386.74700022	4.141183
1388.74000001	0.523898
1390.7440002	3.728692
1392.73600006	3.273595
1394.74800014	3.11208
1396.73600006	1.697087
1398.74800014	1.706781
1400.74700022	0.038934
1402.75699997	1.252551
1404.7440002	0.643455
1406.7440002	3.881915
1408.7420001	1.972688
1410.7440002	4.00015
1412.74000001	3.993812
1414.7440002	4.333682
1416.73300004	3.583058
1418.7440002	3.808347
1420.74500012	4.281376
1422.74700022	1.151271
1424.75300002	3.541083
1426.74700022	3.613673
1428.73399997	1.737418
1430.74700022	4.192903
1432.74500012	4.404443
1434.74099994	3.282143
1436.73699999	4.088234
1438.7440002	3.781262
1440.73300004	0.789858
1442.73800015	2.161128
1444.7420001	2.750112
1446.74500012	3.594502
1448.74300027	3.912029
1450.74800014	3.048455
1452.7420001	3.439285
1454.73600006	2.575216
1456.74000001	0.999467
1458.74700022	2.82616
1460.74700022	0.599642
1462.74700022	0.169327
1464.74700022	3.854749
1466.74099994	0.320189
1468.73600006	3.436008
1470.7420001	3.629093
1472.74300027	0.1423
1474.73800015	3.579308
1476.73300004	4.460598
1478.74700022	1.37143
1480.75200009	3.795224
1482.74800014	3.459445
1484.74800014	3.747069
1486.7420001	3.753379
1488.73800015	2.23351
1490.73500013	0.510854
1492.74500012	3.60094
1494.7440002	3.317073
1496.73600006	2.156891
1498.74900007	2.75929
1500.7420001	4.394324
1502.74000001	3.21121
1504.73800015	4.450291
1506.98500013	3.777233
1508.75	4.12263
1510.98700023	3.578153
