0.0	0.037581
0.319000005722	0.356409
0.90900015831	0.136907
1.07899999619	0.878224
1.24500012398	0.711127
1.41400003433	0.915723
1.9509999752	0.192651
2.21900010109	0.952083
3.18300008774	0.401218
3.63300013542	0.948359
5.89200019836	1.185769
7.92000007629	1.228939
9.89400005341	1.228939
11.8840003014	1.389881
13.9100000858	0.261551
15.8840003014	0.022225
17.9210002422	0.380862
19.8870000839	0.634768
21.8830001354	0.017826
23.8870000839	1.23463
25.8850002289	1.101843
27.8870000839	1.849321
29.8870000839	1.611386
31.8830001354	0.309153
33.9420001507	0.719372
35.8860001564	0.156712
37.8840003014	1.635312
39.8840003014	2.013289
41.8880000114	0.072438
43.9279999733	0.786263
45.8860001564	0.252494
47.8870000839	0.454115
49.8850002289	0.651053
51.8870000839	0.400045
54.1410002708	0.777372
55.8880000114	0.481073
57.8890001774	0.760127
59.8860001564	0.012526
61.8900001049	1.160096
63.8890001774	0.284212
65.8830001354	0.797805
67.9539999962	0.797805
69.8930001259	0.607507
71.9700000286	0.74927
73.8860001564	0.251836
75.8840003014	0.035175
77.8830001354	0.33184
79.9060001373	0.261393
81.8989999294	1.139135
83.8850002289	0.683964
85.8920001984	2.211159
87.8830001354	2.082289
89.8870000839	0.912324
91.9130001068	2.619243
93.8880000114	2.458904
95.8860001564	0.500731
97.8860001564	0.012222
99.8850002289	0.452235
101.885000229	0.782636
104.135999918	1.230053
106.13499999	2.298066
108.140000343	2.186201
110.137000084	0.240875
112.141000271	1.401496
114.174000025	1.123181
116.154999971	0.7427
118.162000179	0.019259
120.006000042	0.637236
122.499000072	0.197192
124.174999952	1.473805
126.228000164	2.233736
128.143000126	0.145143
130.051000118	0.076726
132.213000059	0.486779
134.143000126	0.232307
136.137000084	0.324534
138.202000141	0.880412
140.138000011	1.649573
142.142000198	0.004544
144.003000021	1.067396
146.138000011	0.040531
148.138999939	1.679192
150.162000179	2.191177
152.138999939	1.072571
154.140000343	0.785446
156.141000271	0.785446
158.135999918	0.006255
160.134000063	1.868534
162.135999918	0.550085
164.135999918	2.29013
166.134000063	0.101658
168.111000061	0.0237
170.135999918	0.611328
172.133000135	0.356878
174.141000271	0.492092
176.13499999	0.331246
178.13499999	0.825672
180.13499999	0.91609
182.137000084	0.019689
184.140000343	2.766529
186.135999918	2.766529
188.133000135	2.766529
190.142000198	0.746931
191.997000217	0.759581
194.13499999	0.718411
196.133000135	0.049962
198.13499999	0.483489
200.134000063	0.699701
202.13499999	0.701224
204.13499999	2.837358
206.186000109	0.946463
208.135999918	1.243135
210.13499999	0.005251
212.137000084	2.358063
214.135999918	1.238725
216.134000063	0.321081
218.133000135	0.222396
220.223999977	0.74771
222.13499999	0.888025
224.13499999	2.808139
226.137000084	0.60218
228.190999985	0.808759
230.138000011	0.190391
232.135999918	0.011086
234.151000023	0.347995
236.138999939	0.019858
238.135999918	0.43026
240.140000343	0.488996
242.140000343	1.155255
244.137000084	0.237941
246.851000071	0.024358
248.140000343	1.956134
250.134000063	0.911035
252.137000084	2.365108
254.133000135	1.435918
256.134000063	1.460662
258.14800024	0.030834
260.138000011	2.327867
262.13499999	0.895749
264.128000021	0.087096
266.330000162	0.569522
268.538000107	0.210466
270.173000097	0.022696
272.133000135	0.283447
274.13499999	0.750095
276.13499999	1.462823
278.134000063	0.034693
280.13499999	0.022585
282.134000063	0.663644
284.133000135	0.027146
286.137000084	0.468467
288.140000343	1.439267
290.138000011	0.015843
292.154000044	0.045265
294.14800024	0.018712
296.134000063	0.014257
298.13499999	2.587104
300.13499999	0.450111
302.138000011	0.374584
304.134000063	0.027052
306.140000343	0.051287
309.085000277	0.088911
311.735000134	0.052364
313.828000307	0.680744
314.406000137	2.317151
316.13499999	0.079094
318.140000343	0.039754
320.137000084	0.27057
322.135999918	0.074071
324.138000011	0.165137
326.138000011	0.100356
328.174000025	0.041324
330.156000137	0.591425
333.073000193	0.520013
334.684000254	0.016941
336.36400032	1.730618
338.157999992	0.021022
340.134000063	0.029274
342.135999918	0.007162
344.134000063	0.008027
346.134000063	0.006266
348.14800024	0.028451
350.134000063	0.760356
352.138000011	0.025127
354.384000063	0.138877
356.384000063	0.16695
358.386000156	0.066083
360.385000229	0.632507
362.385000229	0.017326
364.385000229	0.022822
366.402000189	0.04584
368.42200017	0.485395
370.398999929	0.769112
372.384000063	0.024239
374.260000229	0.699916
376.385000229	0.034256
378.20600009	0.002253
380.384000063	0.956016
382.383000135	0.025383
384.394999981	0.790994
386.402000189	0.034268
388.384000063	0.06559
390.38800025	0.015659
392.386000156	0.04503
394.387000084	0.059162
396.384000063	0.014847
398.244000196	2.282233
400.670000076	0.00361
402.207000017	2.167284
404.384000063	0.002958
406.394000053	0.239654
408.40500021	0.392279
411.1650002	0.047077
414.213999987	0.546415
414.950000048	2.028051
416.385000229	0.030035
418.38800025	0.579712
420.390000105	0.07662
422.260000229	0.845876
424.391000032	0.299432
426.390000105	0.629559
428.38800025	0.034761
430.300000191	0.030073
432.384000063	0.734292
434.384000063	1.132466
436.385000229	0.031761
438.384000063	0.251112
440.385000229	0.015192
442.386000156	0.323263
445.385000229	0.102103
447.468000174	0.166197
448.503999949	0.856846
450.38800025	0.109091
452.384000063	0.029022
454.390000105	0.069745
456.634000063	0.724989
458.384000063	0.057433
460.385000229	2.165704
462.385000229	0.102618
464.582000017	0.003304
467.453000069	0.102169
469.765000105	0.017147
471.558000088	0.721179
472.374000072	0.472751
474.625000238	0.168961
476.692000151	0.016658
478.612000227	0.057768
480.384000063	0.142112
482.334000111	0.013066
484.390000105	1.98366
486.385000229	0.303986
488.386000156	0.040479
490.385000229	2.072391
492.386000156	2.178643
494.385000229	0.752534
496.386000156	2.198048
498.386000156	0.002493
500.385000229	0.015589
502.401000261	0.014009
504.385000229	2.678294
506.386000156	0.103327
508.385000229	0.022134
510.385000229	0.778757
512.387000084	0.571507
514.385000229	2.593422
516.38800025	2.593422
518.340000153	0.014849
520.934000015	0.053297
522.387000084	1.971407
524.450999975	0.002952
526.39199996	0.036473
528.445000172	0.371169
530.383000135	0.012059
532.384000063	0.906441
534.428000212	0.319733
536.407999992	2.235374
538.430000067	0.004899
540.42200017	0.018211
542.384000063	0.81917
544.384000063	0.031262
546.453000069	0.017612
548.447999954	2.272634
550.399999857	0.993632
552.384000063	1.465843
554.387000084	0.008518
556.384000063	1.498525
558.404000282	1.744686
560.383000135	2.344476
562.385000229	2.344476
564.389000177	0.934432
566.39199996	0.019209
570.145000219	0.954256
570.810000181	0.319768
572.411000013	0.089693
574.410000086	1.874868
576.404000282	1.579529
578.389000177	1.579529
580.961000204	0.003251
582.385000229	0.256169
584.657999992	0.155935
586.638000011	2.125003
588.637000084	0.049787
590.63499999	2.388706
592.636000156	0.358824
594.636000156	1.084684
596.63499999	1.084684
598.646000147	2.409218
600.644000292	1.696864
602.655999899	0.347256
604.643000126	0.027892
606.657000065	0.057193
608.648000002	1.965865
610.645000219	0.810284
612.685000181	0.727551
614.633000135	0.700526
616.634000063	0.018817
618.637000084	0.068399
620.637000084	0.667181
622.638999939	2.432033
624.63499999	1.146665
626.65899992	0.245236
628.651000023	0.315864
630.662000179	0.001802
632.639999866	0.153625
634.614000082	1.102436
636.687000036	0.609566
638.639999866	0.712205
640.657999992	1.081218
642.633000135	0.017448
644.637000084	1.216157
646.639999866	0.353331
648.638000011	1.456582
650.638999939	0.195542
652.634000063	1.822474
654.634000063	2.600378
656.633000135	0.01595
658.641000271	1.173136
660.652000189	0.228941
662.510999918	0.042043
664.652000189	0.483376
666.669000149	1.232158
668.638000011	0.774526
670.651000023	1.221034
672.694000006	1.063385
674.654000044	0.322836
676.799999952	0.009556
678.662000179	0.012831
680.648000002	0.067595
682.648000002	0.445115
684.634000063	0.69355
686.668000221	0.374878
688.647000074	0.683887
690.542000055	0.036279
692.654999971	0.029193
695.243000031	0.124997
696.733000278	0.360218
698.690999985	0.554962
700.647000074	0.413016
702.657999992	0.072576
705.794000149	0.163567
707.614000082	0.002861
708.909000158	0.096158
710.670000076	0.022572
712.646000147	0.268596
714.654999971	0.003534
716.63499999	0.709479
718.638000011	0.643826
720.634000063	0.669073
722.649000168	0.15729
724.654000044	0.510059
727.639999866	0.002074
728.679000139	0.774809
730.639999866	0.384462
732.642000198	0.039178
734.657000065	0.487133
736.713000059	0.15845
738.677000046	0.383146
740.639999866	0.029628
742.642000198	0.367414
744.649000168	0.397887
746.666000128	0.05516
748.637000084	0.636669
750.636000156	0.008574
752.638999939	0.631176
754.601999998	0.511933
756.677000046	0.042688
759.277000189	0.170552
761.24000001	0.067013
762.63499999	0.198108
764.6650002	0.428171
766.660000324	0.642005
768.637000084	0.527731
770.639999866	1.416217
772.636000156	0.915253
774.633000135	0.424184
776.638999939	2.176351
778.637000084	0.840908
780.637000084	0.265283
782.636000156	0.062523
784.639999866	0.254532
786.720000029	1.001684
788.654000044	0.056261
790.636000156	0.042499
793.489000082	0.029885
794.914999962	0.025257
796.769999981	0.637914
798.888000011	1.421057
800.900000334	0.018138
802.889000177	0.927952
804.886000156	0.700198
806.972000122	0.753021
808.942000151	0.924604
810.894000053	0.16142
812.998000145	0.520692
814.892000198	0.033495
816.889000177	0.074369
818.753000259	0.680351
820.917999983	0.334594
822.898999929	0.019864
824.909000158	0.019796
826.883000135	0.011714
828.980000257	0.317818
830.892000198	0.019389
832.986999989	0.709628
834.906000137	0.894979
836.892000198	0.266988
839.19900012	0.174739
840.920000076	0.666185
842.887000084	0.184828
844.895999908	0.348183
846.908000231	0.800336
848.897000074	0.299802
852.926000118	0.034924
854.351000071	0.113239
855.638999939	0.029771
856.917000055	0.622785
858.909000158	0.002633
860.919000149	0.006134
862.906000137	0.137308
864.926000118	0.102061
866.902000189	0.189235
868.944000006	1.130851
870.895999908	0.127207
872.887000084	0.660842
876.709000111	0.306374
877.322000027	0.813567
878.910000086	0.813567
880.924000263	1.723462
882.900000334	1.574295
884.894000053	0.016369
886.894000053	0.340928
888.894000053	0.794262
890.901000261	0.006908
892.898999929	0.927039
894.920000076	1.191033
897.132000208	0.095072
898.994000196	0.545428
900.886000156	0.032651
903.154999971	1.273962
905.052000284	0.621582
906.989000082	0.020457
909.228000164	0.011619
911.134000063	0.850874
913.026000023	1.056723
915.193000078	2.051666
917.119999886	0.023066
919.134000063	0.041524
921.134000063	1.025322
923.146000147	2.124352
925.144000053	0.738534
928.07400012	0.55485
929.123000145	0.019528
931.143000126	0.264127
933.193000078	0.058096
934.982000113	0.030031
937.157000065	0.024526
939.147000074	0.6698
941.190000057	0.341668
943.167000055	0.676077
945.13499999	1.218113
947.285000086	0.069377
949.263000011	0.459721
951.150000095	1.511767
953.154000044	0.016675
955.13499999	1.330858
957.150000095	0.439941
959.142000198	1.279167
961.137000084	0.810087
963.17200017	0.162182
965.059000015	0.50881
967.14800024	0.006182
969.135999918	0.586321
971.134000063	1.428831
973.140000343	0.036759
975.138999939	2.081241
977.137000084	1.282994
979.13499999	0.146485
981.533000231	0.021034
983.134000063	0.090172
985.138000011	0.016082
987.181000233	0.016354
992.372000217	0.03218
994.14800024	0.109899
994.802000046	0.040177
995.292000294	1.228457
997.157999992	0.661485
999.173000097	0.702732
1001.13899994	0.094816
1003.19499993	0.014726
1005.25099993	0.131111
1007.14100027	0.024596
1009.21200013	0.011835
1012.25	0.000754
1013.16600013	0.756048
1015.13400006	0.076985
1017.20100021	0.867771
1019.15300012	0.052104
1021.13599992	0.013297
1023.19900012	0.22308
1025.13499999	0.058436
1027.14400005	0.54924
1029.13800001	0.767827
1031.14000034	0.266504
1033.16600013	0.477036
1035.13400006	0.796553
1037.13300014	0.534941
1039.13400006	0.374442
1041.13899994	0.608611
1043.13499999	1.181913
1045.13599992	0.233433
1047.13400006	1.020063
1049.1420002	0.66824
1051.13300014	0.013258
1053.16900015	1.280127
1055.13599992	0.223969
1057.19600034	0.014415
1059.16700006	0.082187
1062.91499996	0.953469
1068.15199995	0.007966
1069.47000003	0.098513
1070.61599994	0.735881
1071.12900019	0.681868
1072.01800013	0.9058
1073.90000033	0.082143
1075.22200012	0.482549
1077.16700006	0.752675
1079.14000034	2.066787
1081.13800001	0.537555
1083.13499999	0.484543
1085.13800001	2.289529
1087.13899994	1.92393
1089.13200021	2.331843
1091.13400006	0.18389
1093.14600015	1.8274
1095.39400005	0.903373
1097.88100028	0.038418
1100.38300014	0.628862
1101.38600016	0.02125
1103.38400006	0.594117
1105.39999986	0.645368
1107.41499996	0.277439
1109.42400002	1.265871
1111.26100016	0.500292
1113.38600016	0.006436
1115.40500021	0.129406
1117.38900018	0.533562
1119.87700009	0.01485
1121.57300019	0.216787
1123.20100021	0.011828
1125.41300011	0.862544
1127.46600008	0.002185
1129.39400005	0.677299
1131.40100026	0.045719
1133.65899992	0.716237
1135.40100026	0.205388
1138.38400006	0.803756
1139.36600018	1.033129
1141.38600016	0.295907
1143.28400016	0.163446
1145.75099993	0.133226
1147.47199988	0.524826
1149.454	0.111673
1151.4460001	0.426482
1153.38800025	0.537848
1155.38900018	0.03977
1157.39300013	0.533401
1159.39100003	0.233377
1161.38600016	0.082068
1163.38900018	0.628579
1165.38600016	0.802374
1167.41200018	0.017192
1170.01300025	0.034476
1172.89400005	0.008675
1174.42500019	0.013905
1175.36199999	0.005636
1177.41000009	0.283324
1179.41100001	0.012908
1181.39499998	0.470476
1183.39100003	0.005962
1185.3900001	0.00606
1187.39300013	0.002385
1189.42800021	0.003001
1191.39100003	0.021704
1193.38500023	0.018837
1195.37100005	0.029394
1197.79100013	0.101497
1199.38400006	0.160992
1201.38900018	0.041028
1203.59600019	0.049865
1205.40900016	1.450571
1207.30000019	0.018384
1209.32800007	1.126064
1211.38600016	0.202443
1213.39700007	0.481006
1216.09200025	1.412994
1217.40900016	0.956483
1219.75999999	0.253105
1221.38500023	2.276696
1223.44799995	0.038473
1225.4610002	0.605743
1227.38600016	0.433065
1229.38400006	0.91741
1231.38900018	0.009927
1233.38500023	0.084989
1235.39300013	0.062907
1237.39100003	0.023167
1239.55300021	0.61829
1242.47400022	0.51277
1243.30900025	1.328978
1245.39499998	0.589697
1247.398	0.037931
1250.227	0.001683
1252.023	0.062737
1253.42200017	0.061554
1255.398	0.671221
1257.61899996	0.020483
1259.39300013	0.437969
1261.38700008	0.683371
1263.39499998	0.643009
1265.39600015	1.112244
1267.40500021	0.350691
1269.39300013	0.830779
1271.41499996	1.327788
1273.40200019	0.87554
1275.41200018	0.130588
1277.39999986	1.024703
1279.46399999	0.883384
1281.40200019	0.695988
1283.40200019	0.49035
1285.40200019	0.178643
1288.24699998	0.13755
1292.42600012	0.032071
1293.11500001	0.390327
1294.61899996	0.292371
1295.64100027	0.492972
1298.14500022	0.499861
1299.75199986	0.804982
1301.41499996	0.012431
1303.44400024	1.054731
1305.47000003	0.343845
1307.40799999	0.064957
1309.35600019	0.056961
1311.45599985	0.355278
1313.55100012	0.248687
1315.42700005	1.00536
1317.44900012	0.171285
1319.39600015	0.121961
1321.398	0.01126
1325.34900022	1.062368
1326.30900025	1.269753
1327.38800025	0.360541
1329.41300011	0.188098
1331.54399991	0.675053
1333.40300012	0.067053
1335.40300012	0.016068
1337.40400028	0.017422
1339.40900016	0.266608
1341.39999986	0.080365
1343.41200018	0.058005
1345.70100021	0.307453
1347.56299996	0.001845
1349.64400029	0.236921
1351.63600016	0.544772
1353.53400016	0.168691
1355.64400029	0.047347
1357.55900002	0.792412
1359.63400006	0.504995
1361.648	0.657443
1363.648	0.012106
1365.62800026	0.258712
1367.5999999	0.078978
1369.83100009	0.153054
1373.69300008	0.088905
1375.48699999	1.361953
1376.62000012	0.007316
1377.65499997	0.177894
1379.66700006	0.747054
1381.63400006	0.15977
1383.69099998	0.493716
1385.75400019	0.037588
1387.63400006	0.716791
1389.63199997	0.667709
1391.63499999	1.346014
1393.63499999	0.012579
1395.63300014	0.781147
1397.63400006	2.421467
1399.648	0.174236
1401.65499997	0.41183
1403.64100027	0.009093
1405.80699992	0.23976
1407.64400029	0.359994
1409.64700007	0.009545
1411.67900014	0.635147
1413.6650002	0.008937
1415.65499997	0.872182
1417.69200015	0.71438
1420.50300002	0.00182
1421.90900016	0.333524
1423.64400029	0.449792
1425.64300013	0.540695
1427.66000032	0.253056
1429.648	0.430883
1431.64700007	0.296236
1433.88900018	0.155633
1435.55300021	0.726905
1437.63300014	0.099138
1439.67700005	0.855827
1441.63999987	0.697261
1443.65100002	0.541265
1446.14700007	0.212596
1447.54800034	0.035284
1449.69300008	1.464519
1451.65200019	0.69582
1453.64900017	0.108196
1455.648	0.557201
1457.63199997	0.628057
1461.12800002	0.146967
1462.546	1.098359
1463.66200018	0.32623
1465.63600016	0.335846
1467.648	1.007333
1469.69000006	0.716914
1471.70900011	0.256819
1473.66000032	0.471456
1476.64500022	0.264948
1477.59899998	0.91012
1479.64700007	0.376099
1481.66000032	1.056315
1483.65300012	0.564745
1485.64700007	0.242877
1487.65499997	1.305474
1489.71000004	0.324579
1491.70900011	0.104265
1493.63700008	0.587839
1495.65400004	0.706711
1497.63300014	0.253266
1499.63800001	0.844953
1501.63400006	0.412072
1503.63499999	0.626592
1505.63499999	1.264953
1507.67800021	0.891341
1509.63800001	0.019176
1511.63400006	2.39267
1513.64700007	2.545555
1515.63999987	1.105223
1517.68000007	0.536252
1519.65499997	0.714698
1521.64100027	0.919278
1524.89300013	0.01151
1525.67499995	0.739356
1527.6559999	0.17759
1529.64400029	0.689232
1531.6420002	0.749283
1533.65100002	0.231253
1535.63199997	0.728707
1537.69300008	0.00699
1539.66400003	0.40473
1541.69900012	0.381817
1543.64500022	0.005028
1545.80800009	0.74656
1547.89700007	0.065003
1549.75700021	0.107655
1551.92100024	0.702403
1553.93700027	0.566534
1555.90800023	0.575113
1557.90000033	0.965236
1560.00500011	1.041114
1561.68600011	0.033537
1563.898	0.975818
1565.95600033	0.041709
1568.4610002	0.35335
1569.82399988	1.29026
1571.93900013	0.141628
1574.63999987	1.32732
1576.5320003	0.180579
1577.91900015	0.0429
1579.90500021	0.038712
1581.93499994	0.125682
1583.89599991	0.017272
1585.68400025	0.779164
1587.89899993	0.751063
1589.90000033	0.518884
1591.91100001	0.136486
1593.76100016	0.445144
1596.38400006	0.072986
1597.89700007	1.086696
1600.89700007	0.584567
1603.70300007	0.337439
1604.51300025	0.805149
1605.89300013	0.092869
1607.89300013	0.011626
1609.89100003	0.142825
1611.91400003	0.303997
1613.93000007	0.500848
1615.95900011	1.370846
1618.56700015	0.660218
1619.88200021	1.188821
1622.58100009	1.225715
1623.88300014	1.841559
1625.88800001	0.013643
1627.88900018	0.742123
1629.88700008	0.843738
1631.90900016	0.013393
1633.90000033	0.041893
1635.89100003	0.001847
1638.602	0.238928
1639.91300011	0.050865
1642.23800015	0.135677
1643.89300013	0.180512
1645.90600014	0.285598
1647.91400003	0.373382
1649.9460001	0.848052
1652.09300017	0.060958
1653.89100003	0.975813
1655.88700008	0.107196
1657.91000009	0.002974
1659.90600014	0.078881
1661.80500007	0.044073
1663.88200021	0.009261
1665.83000016	0.466991
1667.92799997	0.015829
1669.90800023	0.110253
1672.72900009	0.305926
1674.21200013	0.214315
1675.92500019	0.069612
1678.68700004	0.452751
1679.94300008	0.53512
1681.90200019	0.010662
1683.88800001	0.144059
1685.86500025	0.305846
1687.91400003	0.341715
1689.99099994	0.48204
1691.90600014	0.373399
1693.99000001	0.371775
1695.88300014	0.208527
1697.89599991	0.03841
1699.89400005	0.729131
1701.89499998	0.161849
1704.66000032	0.196857
1705.94400001	1.075488
1708.27300024	0.116277
1709.9230001	0.014535
1711.89100003	0.04608
1713.90300012	0.445135
1715.90800023	0.210668
1718.6559999	0.459197
1720.2360003	0.679665
1721.89300013	0.678933
1723.88600016	0.044355
1725.8900001	0.654114
1729.00699997	0.038472
1730.01200032	0.929661
1731.89499998	1.094317
1733.8900001	0.157914
1735.91600013	0.009553
1738.15199995	0.152791
1739.89599991	0.59054
1741.89300013	1.294497
1743.90900016	0.012794
1745.88100028	0.667548
1747.88200021	2.235214
1749.88200021	0.366737
1752.58000016	0.600283
1753.88300014	0.012556
1755.89499998	0.090075
1757.96600008	0.018729
1759.88900018	0.65985
1761.88300014	0.656973
1763.91600013	0.036072
1765.95499992	0.356587
1768.91799998	0.013526
1769.954	0.151511
1771.88200021	0.204381
1774.03999996	0.584196
1777.02699995	0.39789
1778.18700004	2.288916
1780.15499997	2.214624
1782.14800024	0.301509
1784.15700006	0.67417
1786.42600012	0.615668
1788.16900015	0.707335
1790.13700008	0.707335
1792.89700007	0.017689
1794.18900013	0.607393
1796.13700008	1.608741
1798.17499995	0.515459
1800.88700008	1.319161
1802.17499995	0.191422
1804.14400005	0.014748
1806.6559999	0.518915
1808.14300013	0.652259
1810.14600015	0.599052
1812.20600009	0.594522
1814.71800017	0.328808
1816.13300014	0.902272
1818.13300014	1.820952
1820.13200021	0.647141
1822.13800001	2.091848
1824.13300014	1.66483
1827.46200013	0.707355
1829.04299998	0.019624
1830.15199995	2.160041
1833.82700014	0.431768
1834.28900027	0.254654
1836.1730001	0.015806
1838.16600013	1.02096
1840.20900011	1.09393
1842.1650002	1.09393
1844.16900015	0.320241
1846.14700007	0.982499
1849.27700019	0.010028
1851.16100025	0.218641
1851.99600029	0.773284
1854.14900017	0.988206
1856.14400005	0.165833
1858.18400002	0.409963
1860.14900017	0.22267
1862.8900001	0.880731
1864.1420002	0.327292
1866.16000009	0.458682
1868.15400004	1.184126
1870.18100023	1.064801
1872.14800024	0.199587
1874.13599992	1.081965
1876.13499999	0.123864
1878.21399999	0.770778
1880.1420002	0.652896
1882.92000008	0.031428
1884.24900007	0.718035
1886.39999986	0.238122
1888.398	0.551798
1890.39100003	0.19124
1892.38900018	0.019568
1894.39999986	0.083647
1896.4230001	0.08044
1898.40300012	0.188657
1900.39300013	0.33605
1902.43400002	0.018092
1904.58500028	0.012085
1907.50300002	0.031371
1908.89400005	0.137531
1910.39199996	0.12635
1912.41599989	0.033899
1914.40700006	0.04605
1916.36100006	0.028941
1919.13599992	0.287238
1920.40400028	0.706115
1922.3900001	1.090592
1924.38200021	1.126128
1926.38300014	1.028265
1929.34299994	0.07847
1931.3900001	0.006664
1932.25200033	0.873028
1934.38100028	0.3612
1936.3900001	0.833242
1938.42600012	0.759533
1940.40900016	0.971508
1942.398	1.76307
1944.39100003	1.087944
1946.42400002	0.213691
1948.41400003	0.601505
1950.41200018	0.015516
1952.40400028	0.123295
1955.63300014	0.036789
1956.91700006	0.051367
1958.3900001	0.049817
1960.38100028	0.016658
1963.08400011	0.072521
1965.14800024	0.01016
1967.4940002	0.08208
1969.0079999	0.840812
1970.38400006	1.491941
1972.38400006	0.029943
1974.39100003	0.847049
1976.38600016	1.956023
1978.38700008	0.031556
1980.38900018	2.657568
1982.38400006	2.605678
1984.38400006	1.880613
1986.38300014	1.170026
1988.59000015	0.327095
1990.39400005	0.014562
1992.42400002	0.065422
1995.38100028	0.002766
1997.13499999	1.869967
1998.88300014	2.28041
2000.38400006	0.02453
2003.08400011	0.033144
2004.98399997	0.030459
2007.13499999	0.865626
2008.80100012	0.02168
2011.13200021	0.120273
2013.15100002	0.119073
2014.38200021	0.171459
2016.39199996	1.219686
2018.38400006	1.520805
2020.39700007	1.014536
2022.38800025	0.019922
2025.05300021	0.057986
2026.8840003	2.326681
2028.63199997	0.351012
2031.38100028	1.253245
2032.63300014	1.253245
2035.48699999	0.034318
2036.64600015	0.136141
2038.6420002	0.017236
2041.84800005	0.075411
2043.51200008	0.017464
2044.63199997	0.547715
2046.66400003	0.042075
2048.70300007	0.061282
2051.33100009	0.329186
2052.63300014	1.404033
2054.63199997	1.715091
2056.63400006	1.762008
2059.07999992	1.917834
2060.63400006	0.493632
2062.64300013	0.06025
2064.79400015	0.159817
2067.39199996	0.01166
2068.65300012	0.071889
2071.65499997	0.02218
2073.42100024	0.044576
2075.63700008	0.027794
2077.6500001	0.032659
2078.8840003	0.17205
2080.63700008	0.031075
2083.11199999	0.024764
2084.63300014	0.07607
2087.07999992	2.465162
2088.49600005	0.763705
2090.63400006	0.040616
2092.63499999	0.014864
2095.09100008	0.017992
2096.65200019	0.00868
2099.08800006	0.780362
2100.64700007	0.216397
2102.63800001	1.694177
2104.63199997	0.02156
2106.63499999	0.230731
2108.63600016	0.101356
2110.96700001	0.033811
2113.73400021	0.494298
2115.71499991	0.003536
2116.71499991	0.014764
2118.63700008	0.197033
2120.63400006	0.418852
2123.33000016	1.304202
2124.63199997	0.036549
2127.33300018	0.00394
2130.33599997	0.033956
2133.51999998	0.014783
2135.13300014	0.042555
2137.296	0.017141
2137.86299992	1.254229
2139.00500011	0.005667
2141.08800006	1.134649
2143.08500028	0.872206
2144.63999987	1.926145
2146.63400006	0.326038
2149.34399986	0.360054
2150.63600016	0.292171
2153.13800001	0.028869
2154.68200016	0.672616
2157.15100002	1.065043
2161.39199996	0.061974
2162.70600009	0.544729
2163.46600008	0.066945
2165.16400027	0.032394
2167.53600001	0.12528
2168.63600016	2.41005
2171.63499999	0.768482
2172.85800004	0.226478
2174.80699992	0.166787
2176.98500013	0.222514
2179.24799991	0.023106
2180.90100026	0.834909
2182.63199997	0.208079
2184.63499999	1.17312
2187.44500017	1.036044
2189.28900027	2.22873
2190.66600013	2.54537
2192.63199997	2.838234
2194.6559999	0.115485
2196.63199997	0.031737
2199.46600008	0.018013
2200.63499999	0.60413
2203.28699994	0.261373
2204.63300014	1.750133
2207.13300014	0.173688
2208.63199997	0.723293
2211.07999992	0.83989
2212.63999987	0.575018
2215.10100007	0.003201
2216.66600013	0.700891
2219.5400002	1.735005
2220.63199997	1.614271
2223.53800011	2.52722
2224.63499999	1.174547
2226.63199997	0.887222
2229.34500027	0.037042
2230.90000033	0.249001
2233.38400006	0.006114
2235.77100015	0.115193
2237.56599998	0.026284
2239.14400005	0.011242
2241.33899999	0.042108
2242.63700008	1.669818
2244.63400006	0.079578
2247.12600017	0.133059
2249.31500006	0.30798
2250.63199997	0.849369
2252.63600016	0.018983
2254.66100025	2.492478
2256.64400029	0.731602
2258.63999987	0.288146
2261.13700008	1.207272
2262.66200018	2.762715
2265.08100009	0.971558
2266.63300014	1.008053
2269.38200021	3.232863
2270.67499995	0.008902
2273.38300014	0.03816
2274.63199997	0.046338
2276.8840003	0.856652
2278.88500023	0.429869
2281.43300009	0.368922
2282.88200021	0.48554
2285.33100009	0.017278
2287.17400002	0.001976
2289.62900019	0.070797
2291.28299999	1.502642
2293.59600019	2.028927
2294.92100024	0.0243
2297.73200011	0.270871
2299.28600001	0.016445
2301.04799986	0.405166
2303.38400006	0.026363
2304.88700008	0.026963
2306.88200021	0.101918
2308.8840003	0.952791
2310.9460001	1.798029
2312.93700027	0.032644
2314.88500023	0.015037
2316.92700005	0.40579
2318.89899993	0.02266
2321.92400026	0.318691
2323.69200015	0.642261
2324.8900001	0.161016
2326.8840003	0.822569
2328.88500023	0.743986
2330.88200021	0.095657
2332.88300014	0.280486
2334.88500023	2.057936
2336.88600016	0.05384
2338.8840003	0.035889
2341.5880003	0.732358
2344.28200006	0.27003
2344.85200024	1.506137
2347.8840003	1.523431
2348.71199989	1.616611
2350.88200021	0.870997
2353.58200002	0.915677
2354.75	0.564538
2356.88200021	0.180294
2358.8840003	0.022211
2360.88200021	0.682448
2362.88600016	0.479661
2365.50000024	0.033804
2367.2420001	0.10234
2369.82299995	0.564199
2370.85300016	1.062187
2372.91300011	0.207691
2374.90400004	1.382697
2376.88800001	0.029119
2378.88300014	0.767882
2380.8840003	1.057664
2382.84200001	0.014887
2384.8840003	0.04215
2386.88200021	0.020827
2389.58100009	0.021206
2390.88300014	0.016484
2392.88500023	0.074963
2395.98100019	0.171784
2396.75199986	0.26133
2398.88700008	0.037935
2400.88600016	0.061751
2403.16900015	0.001737
2404.88300014	0.174799
2406.88800001	0.232953
2408.8900001	0.464768
2411.58100009	0.045638
2413.88300014	0.066671
2415.71300006	0.033795
2417.86500025	0.01573
2421.45300007	0.014084
2422.51800013	0.011014
2423.71000004	0.066594
2425.03600025	0.024109
2427.61599994	0.136377
2429.63700008	0.009249
2431.07999992	0.115939
2432.89300013	0.091861
2434.88600016	0.009018
2436.90200019	2.09158
2438.89499998	0.033143
2441.50300002	0.087317
2444.29200029	0.498924
2445.03500009	1.167618
2446.88200021	0.149178
2449.8920002	0.853763
2453.57800007	0.01049
2454.54900026	0.011752
2456.26999998	1.882738
2457.3900001	0.451526
2458.88200021	1.000117
2460.88200021	0.782659
2462.90600014	0.284219
2464.93000007	0.710656
2468.94500017	0.016899
2469.72000003	0.139042
2470.898	0.325989
2472.88200021	0.014386
2474.88200021	1.804139
2477.58000016	2.108916
2479.78500009	0.065445
2480.88200021	1.48357
2482.88600016	0.031316
2484.8840003	2.449089
2487.14800024	0.595184
2489.58399987	0.354077
2491.13200021	0.061741
2492.93000007	0.01259
2495.06700015	1.053588
2497.13200021	0.042847
2499.13300014	1.025122
2501.84400034	0.696561
2503.13100004	1.222815
2505.13400006	2.394405
2507.13100004	2.736204
2509.14600015	1.715407
2510.99300027	0.792225
2513.14000034	0.034301
2515.13499999	0.438511
2518.13700008	0.953134
2519.25600004	0.088792
2521.13800001	0.022435
2523.13499999	0.028174
2525.15100002	0.318891
2527.91300011	0.110834
2529.62199998	0.17488
2531.82600021	0.584389
2533.63700008	0.555674
2535.02800012	0.778862
2537.13400006	0.587103
2539.13200021	0.531419
2541.13300014	0.468304
2543.13499999	0.113162
2545.13300014	0.106685
2547.13800001	0.013809
2549.79500008	0.074438
2551.13100004	0.360416
2553.13300014	0.091733
2555.13300014	1.289295
2557.13000011	0.180848
2559.00900006	0.673685
2561.16799998	0.257441
2563.09100008	0.068571
2565.56299996	0.318122
2567.13200021	0.959313
2569.13000011	0.049609
2571.18300009	0.646503
2573.13000011	0.002951
2575.13400006	0.599188
2577.14500022	0.821826
2579.13700008	1.952166
2581.18100023	0.371796
2583.13499999	0.441087
2585.18600011	0.00809
2587.29300022	0.016444
2589.14100027	0.232135
2591.91900015	0.088103
2593.18100023	0.033181
2595.69200015	0.080149
2597.91700006	0.082379
2599.75099993	0.088301
2601.13400006	1.716985
2603.16100025	0.066681
2605.14700007	0.069421
2607.13400006	0.051307
2609.83400011	0.022635
2612.37800002	0.001988
2614.59000015	2.094494
2615.54699993	0.039585
2619.88500023	0.265951
2621.09599996	2.503938
2621.40100026	0.064007
2623.63199997	2.864361
2625.13400006	0.546772
2627.8840003	0.22556
2629.13599992	0.875433
2631.70800018	2.230469
2633.13100004	2.895516
2635.13200021	0.040564
2637.13599992	0.649611
2639.13599992	1.178416
2641.13300014	0.787896
2643.13300014	2.6715
2645.83999991	2.6715
2647.13100004	2.6715
2649.13400006	2.380249
2651.13300014	2.729642
2653.13100004	0.593565
2655.13200021	0.756754
2657.38200021	0.88365
2659.13100004	0.740351
2661.13599992	2.889759
2663.13100004	1.138937
2665.13100004	2.497515
2667.15300012	1.089742
2669.83300018	1.089742
2671.13400006	1.760063
2673.13200021	0.006808
2675.14600015	2.351732
2677.16300011	2.590886
2679.6420002	0.562791
2682.26300001	2.415666
2683.22500014	2.328767
2685.18200016	1.284907
2687.2420001	1.104294
2690.12100005	1.11219
2691.13300014	0.057964
2693.58399987	2.337276
2695.13700008	0.835606
2697.63100004	1.569745
2699.13200021	0.890354
2701.83300018	1.640699
2703.38500023	0.585314
2705.13400006	0.835144
2707.13200021	0.048211
2709.14000034	2.177039
2711.13499999	2.685057
2713.78699994	0.812053
2715.13300014	2.994083
2717.88200021	0.785702
2719.37899995	2.976461
2721.78800011	3.258522
2724.13200021	2.231714
2725.37899995	0.071807
2727.63000011	0.853026
2729.37899995	0.015447
2731.41200018	0.410371
2733.39899993	2.919981
2735.42200017	0.008576
2737.41400003	1.468738
2739.38900018	0.271758
2741.64400029	0.259931
2743.25900006	0.006186
2745.63700008	2.796255
2747.63000011	3.140178
2749.38500023	3.129306
2751.63999987	3.175221
2753.38100028	0.004025
2755.91100001	0.860346
2757.62900019	0.007386
2759.40799999	2.448231
2761.40300012	2.323789
2763.38200021	0.471242
2765.67900014	0.18303
2767.38400006	0.004345
2769.63199997	2.754073
2771.59600019	0.620706
2773.38000011	1.961265
2775.82900023	0.095988
2777.38200021	2.894307
2779.63199997	0.031965
2781.38200021	2.422206
2783.45599985	0.00144
2785.38400006	0.00868
2787.39400005	0.012984
2789.61500001	2.391053
2791.38200021	1.173996
2793.38200021	1.23341
2795.39700007	0.774168
2797.41900015	0.004431
2799.50699997	0.021798
2801.38100028	2.031346
2803.38300014	0.865268
2805.38200021	0.713853
2807.38100028	1.604776
2809.38400006	0.020339
2811.38500023	1.034016
2813.39100003	0.449909
2816.18400002	0.01492
2817.38100028	0.879982
2819.80900025	1.219786
2821.375	0.015544
2825.13100004	0.680234
2826.11199999	1.933518
2828.63899994	1.425344
2829.79300022	0.741343
2831.38300014	2.383146
2833.42400002	2.707791
2835.38400006	1.987668
2837.33599997	0.014197
2839.38200021	2.320992
2841.38200021	0.255398
2843.38100028	0.334571
2845.75199986	0.787034
2847.41100001	1.133344
2849.39400005	1.471473
2851.38300014	1.035205
2853.671	0.959067
2856.04500008	0.967203
2857.40300012	1.457631
2859.38500023	0.992166
2861.32900023	0.503931
2863.38700008	1.158935
2865.38200021	1.292008
2867.38600016	0.749766
2869.38500023	0.010964
2871.38700008	2.95656
2873.38200021	0.943818
2875.38600016	2.901611
2877.43700027	1.323057
2879.38800025	2.668358
2881.38300014	3.041736
2883.38800025	2.734163
2885.38100028	2.259134
2887.38400006	3.189662
2889.38400006	1.861116
2892.2900002	2.861513
2893.38700008	0.598902
2896.13700008	0.784172
2897.38100028	2.573691
2899.38300014	2.652174
2901.38100028	2.820967
2903.38300014	0.227465
2906.13200021	0.020249
2907.41900015	1.875489
2910.12900019	1.974613
2911.34700012	0.018086
2913.42200017	1.65201
2915.38800025	0.031847
2917.38300014	0.010805
2919.39499998	0.664647
2921.38200021	0.664647
2923.38000011	0.199063
2925.37800002	0.397343
2927.38200021	0.133337
2929.38100028	0.518711
2931.37899995	0.161023
2934.38300014	0.051551
2935.38400006	0.710515
2937.38100028	0.938149
2939.38100028	0.169922
2941.38000011	1.043079
2943.38000011	0.602735
2945.38100028	1.292348
2947.38000011	1.292348
2950.07800007	1.646296
2951.38000011	0.319347
2953.39300013	1.400645
2955.38100028	0.489312
2958.32700014	0.742501
2959.62900019	2.305865
2962.08299994	1.923092
2963.63100004	2.111657
2966.03300023	2.061773
2967.63100004	2.061773
2969.64700007	0.007112
2971.67400002	2.400837
2973.63000011	1.294486
2975.63400006	0.005749
2978.08299994	0.007104
2979.63700008	1.68665
2981.64100027	2.164554
2983.63600016	1.791708
2985.63499999	1.933294
2987.63100004	2.380404
2990.33200026	2.562773
2991.62900019	0.83403
2994.53300023	2.112469
2995.63400006	1.431309
2997.63100004	1.145269
2999.63300014	0.649708
3001.63000011	0.746567
3003.63000011	0.00936
3005.63800001	2.114998
3007.62900019	1.83815
3009.62900019	2.461911
3011.63000011	1.961913
3014.33400011	0.012083
3015.62800026	1.322161
3017.648	2.273475
3019.63000011	0.040701
3021.63000011	1.346306
3024.33400011	2.488919
3025.63199997	2.772974
3027.63100004	2.772974
3029.63199997	0.787486
3032.35300016	2.219372
3033.6730001	0.493276
3036.13300014	0.005571
3037.63800001	2.174573
3040.38100028	0.797488
3041.68300009	1.388423
3044.13200021	2.648787
3045.64300013	0.416226
3048.08400011	2.617537
3049.63300014	0.018774
3051.63400006	1.760793
3053.63000011	0.785737
3055.63199997	1.042158
3057.63600016	2.549667
3059.63100004	0.872521
3061.66000032	0.502314
3064.07999992	0.767664
3065.63700008	1.010974
3067.63300014	2.052494
3069.63199997	2.262469
3071.63199997	0.35263
3073.63499999	2.283085
3075.63600016	0.323134
3077.63499999	2.494655
3079.63400006	2.17457
3081.63199997	3.027365
3083.63700008	3.027365
3085.63600016	1.557231
3087.62900019	1.390708
3089.63800001	0.010195
3091.90600014	1.288981
3093.63100004	0.680438
3095.63300014	0.755266
3097.62800026	1.056371
3099.63000011	1.368738
3101.63199997	0.697383
3103.63100004	0.518276
3105.68000007	1.028938
3107.62900019	1.702021
3109.63000011	1.893919
3111.63000011	2.456827
3113.63000011	0.240565
3115.62800026	1.654495
3117.63100004	2.704355
3119.62900019	2.797823
3121.63100004	2.392867
3123.63100004	0.723857
3125.62900019	0.968235
3127.93599987	0.015445
3129.63000011	1.275549
3131.62900019	1.49625
3133.63100004	1.934922
3135.70300007	1.803253
3138.34700012	2.219363
3140.26699996	1.026011
3142.63100004	0.003546
3143.63000011	0.027488
3146.30299997	0.005483
3147.63499999	2.186667
3149.88500023	0.095288
3151.58700013	0.001796
3154.375	0.014091
3155.68100023	2.3964
3157.63499999	2.321129
3159.63199997	0.819086
3162.47400022	0.007164
3163.63800001	0.579882
3165.64100027	0.34384
3167.6420002	0.017323
3170.46200013	1.584361
3171.63000011	2.319987
3174.33100009	2.319987
3175.62900019	0.145965
3177.63600016	2.578711
3179.63000011	2.541919
3181.63800001	0.027726
3184.32700014	2.627741
3185.62800026	0.036713
3187.62800026	1.217793
3189.62900019	0.559812
3191.63700008	1.653384
3193.63199997	2.208802
3196.37899995	0.011064
3198.352	1.007713
3199.63000011	2.509157
3201.64400029	2.509157
3203.62800026	2.509157
3206.32600021	0.018491
3207.87999988	2.570561
3209.89700007	0.899251
3211.75400019	2.955506
3214.33599997	0.122105
3216.25300026	0.011452
3217.88200021	0.005266
3220.58700013	0.008455
3221.87899995	2.987194
3223.88100028	0.616431
3225.87899995	0.004967
3227.88800001	0.611264
3229.88800001	1.153414
3231.88900018	0.711917
3233.87999988	0.711917
3235.78100014	1.289158
3238.42000031	1.793196
3239.89899993	1.04097
3242.34600019	0.044264
3243.88200021	0.882854
3246.62900019	2.46959
3247.88100028	1.174501
3249.89100003	2.56117
3252.39899993	1.180341
3253.9230001	1.028072
3255.97099996	1.144694
3257.91700006	0.03657
3260.14100027	0.742804
3261.90800023	1.455912
3264.63899994	1.455912
3265.87999988	0.664152
3267.88300014	0.004884
3269.88100028	1.864091
3271.88200021	0.011144
3273.90400004	0.220355
3276.62600017	0.835325
3277.87899995	2.333206
3280.28200006	0.745257
3281.87999988	2.476853
3284.5320003	2.656477
3285.88600016	2.585316
3287.89499998	0.465632
3289.88300014	1.114547
3291.88100028	2.667407
3293.87800002	0.799538
3295.87999988	2.852567
3297.88200021	2.600205
3300.58200002	0.547527
3301.88200021	2.80945
3303.88700008	2.62624
3305.88100028	2.62624
3307.88100028	2.62624
3309.88200021	2.62624
3312.58900023	2.642901
3314.07200003	2.3556
3315.88300014	0.603
3317.88100028	2.543658
3320.78800011	2.658066
3322.41900015	1.414023
3323.88300014	0.01326
3326.70600009	0.0301
3327.88100028	0.013215
3330.63100004	2.946139
3331.88200021	0.747776
3334.34299994	2.313864
3335.88200021	1.181343
3338.53500009	2.389347
3339.91600013	0.227778
3342.34299994	0.144386
3343.88300014	1.550455
3345.88300014	1.406598
3347.95800018	2.543136
3349.88300014	0.005064
3351.88700008	1.112861
3353.89599991	2.537225
3356.37899995	0.33784
3357.92500019	0.017011
3359.90300012	2.409038
3361.88300014	0.003919
3363.89700007	2.646601
3365.87899995	0.426238
3368.579	0.010636
3369.87899995	0.568618
3372.62900019	2.241318
3373.87899995	0.99359
3375.88200021	0.757161
3377.87999988	2.390616
3380.38400006	2.658045
3381.88800001	0.114607
3384.69700027	0.662384
3385.89400005	2.087592
3387.91199994	1.963555
3389.90200019	1.321974
3391.89100003	0.739294
3394.64600015	0.578076
3396.71099997	0.510434
3398.38300014	2.361093
3399.88200021	0.383131
3401.88300014	2.194774
3403.91499996	1.867235
3406.33400011	0.340193
3407.87999988	2.143075
3410.63300014	1.137844
3412.39999986	0.332292
3413.87899995	2.732942
3415.88900018	2.732942
3418.57599998	0.013266
3419.89300013	0.629675
3422.57500005	0.019909
3423.88200021	0.866791
3425.89899993	1.116934
3427.99199986	0.779218
3430.13000011	2.721834
3432.13100004	0.956834
3434.13200021	0.946609
3436.13100004	0.786159
3438.61500001	0.048164
3440.13100004	2.771661
3442.83200002	0.017274
3444.12800002	2.608315
3446.87100005	2.466318
3448.32400012	0.00217
3450.16400027	1.132018
3452.12900019	1.205549
3454.5880003	2.684066
3456.15799999	0.019068
