0.0	0.051566
23.7699997425	2.97545
24.4419996738	2.97545
24.5499997139	2.97545
24.7959997654	4.735842
24.9269998074	12.964859
25.4909996986	12.964859
25.5799996853	10.289973
29.7379996777	0.712175
31.9539997578	11.175328
34.2009999752	11.175328
36.2049999237	4.080625
48.3059997559	13.484341
56.5929999352	7.835998
56.888999939	7.835998
57.8999996185	7.835998
58.8199996948	0.422248
59.3149998188	3.297666
64.8339998722	0.664578
65.1229996681	4.09998
67.1769998074	3.691223
68.9549996853	1.72965
71.4609999657	4.939479
73.4559998512	4.38443
75.5169999599	0.315829
78.1529998779	3.673222
80.4699997902	2.617914
82.5569999218	4.513499
85.7269997597	5.494566
88.9699997902	0.102972
90.9499998093	7.70364
93.9629998207	4.857023
95.9609999657	4.992038
97.9509997368	7.678303
99.9509997368	7.026251
101.955999613	7.16126
104.09499979	7.556034
105.951999903	4.051576
108.949999809	2.688545
110.962999821	10.067834
113.200999975	0.515125
114.960999966	7.090895
116.958999634	5.128819
119.461999893	6.523582
121.459999561	2.659443
123.451999664	0.125549
125.483999729	4.170709
127.464999914	0.119367
129.462999821	6.664289
131.449999809	5.448999
134.225999832	0.461239
136.49399972	1.852179
139.706999779	2.482224
141.701999903	0.800255
143.703999996	0.067063
145.720000029	0.005341
147.704999924	0.144951
149.70299983	0.234754
152.211999655	0.178826
154.199999809	0.079315
156.204999924	1.307382
158.208999872	3.633466
160.213999748	0.315494
163.135999918	0.094999
164.207999945	0.039486
166.208999872	0.267035
168.204999924	1.917786
170.203999758	2.098246
172.203999758	0.040326
174.563999653	0.021601
178.190999746	0.037144
179.428999901	4.886986
181.951999903	0.297965
183.955999613	0.568749
186.312000036	0.984044
188.542999744	0.055981
190.578999758	0.071931
192.634999752	0.400435
195.718999624	2.965305
212.620999813	1.90512
