0.0	2.890207
0.723999977112	0.395329
0.829999923706	1.344625
0.942999839783	1.344625
1.31200003624	0.267921
4.3149998188	0.355249
4.98400020599	1.813197
8.83800005913	0.000484
9.35099983215	0.926082
10.1959998608	1.030816
11.018999815	0.162258
12.1449999809	1.166749
13.1700000763	1.153985
15.643999815	2.560894
16.259999752	0.026862
16.8359999657	1.295239
18.371999979	0.016641
20.2339999676	2.576731
23.3869998455	0.02255
26.1619999409	0.032182
28.1799998283	3.871689
30.0039999485	0.018209
31.2620000839	0.01541
35.112000227	0.013998
36.1239998341	0.075207
37.7250001431	2.647485
41.4010000229	0.774763
45.4599997997	0.226731
47.1419999599	0.330253
48.1349999905	0.958987
50.1799998283	2.046455
52.2339999676	0.465884
55.353000164	0.216175
56.1610000134	0.472941
58.8050000668	1.242363
59.8320000172	2.78488
63.2119998932	0.233306
64.4670000076	0.545574
67.7790000439	0.007708
69.5410001278	0.040709
70.6449999809	0.61536
78.5490000248	0.00102
79.0529999733	0.203569
81.6449999809	0.02769
85.6839997768	0.327361
85.8250000477	0.790656
86.4080002308	1.241485
88.9170000553	1.007032
89.9690001011	0.00397
90.7309999466	0.774502
91.2769999504	2.449554
92.5429999828	0.488253
93.9600000381	0.011145
94.6629998684	0.239021
95.6770000458	0.003496
95.9319999218	1.128261
97.6700000763	1.721999
99.7189998627	0.431124
101.684999943	3.344807
103.677999973	1.569649
105.680000067	2.390542
107.667999744	1.101928
109.670000076	0.007274
111.677999973	1.680488
