0.0	0.547491
1.20799994469	0.426805
1.57400012016	0.460481
2.53400015831	0.53305
4.41299986839	0.002161
5.11199998856	0.5105
5.73099994659	0.51238
6.44600009918	0.525223
8.13400006294	0.483374
10.3460001945	0.53213
10.7950000763	0.321715
11.5629999638	0.497898
12.1940000057	0.017413
13.875	0.534108
15.132999897	0.522123
16.486000061	0.541188
18.4849998951	0.544091
20.4759998322	0.331818
22.4879999161	0.555864
26.2529997826	0.170084
27.876999855	0.390567
29.2049999237	0.156295
34.1870000362	0.173519
38.6940000057	0.181991
40.6150000095	0.502399
41.5770001411	0.323873
44.7020001411	0.041982
46.3190000057	0.445757
48.3770000935	0.066604
49.7430000305	0.359666
49.9700000286	0.394368
50.1949999332	0.326664
51.7180001736	0.487209
53.4379999638	0.002918
54.7130000591	0.299833
56.4800000191	0.394391
58.4940001965	0.495542
60.4929997921	0.457093
62.9159998894	0.534202
64.4919998646	0.533831
66.4790000916	0.027231
70.0510001183	0.333051
72.4430000782	0.469715
76.9450001717	0.524952
79.7910001278	0.460337
80.8890001774	0.492313
83.1800000668	0.010727
84.6609997749	0.423039
88.3910000324	0.492134
91.5920000076	0.02503
93.873000145	0.534602
95.510999918	0.51132
97.8680000305	0.488738
100.135999918	0.459188
102.618000031	0.460664
105.919999838	0.481954
106.310000181	0.379915
106.443000078	0.416232
107.782000065	0.504115
109.777000189	0.410198
111.516000032	0.52951
112.809000254	0.105317
115.163000107	0.03749
116.394999981	0.538456
117.575999975	0.018098
121.346000195	0.296423
123.076999903	0.51615
124.524999857	0.041998
126.442000151	0.513131
130.263000011	0.294583
132.779999971	0.411178
133.991999865	0.507204
134.978000164	0.508164
136.627000093	0.068811
137.834000111	0.503357
139.286000013	0.300781
140.694000006	0.431855
145.919999838	0.425512
149.134000063	0.020123
149.442000151	0.489349
152.04399991	0.484783
153.046999931	0.536118
157.305999994	0.121461
160.114000082	0.542697
160.655999899	0.532924
160.911000013	0.434176
161.036000013	0.539479
162.486000061	0.52967
164.496000051	0.516925
165.572999954	0.521149
166.737000227	0.511171
168.737000227	0.480579
170.729000092	0.515493
172.726000071	0.169803
174.727999926	0.543282
176.742000103	0.449435
179.11500001	0.171645
