0.0	0.538905
0.128999948502	1.794106
0.273000001907	1.794106
0.5609998703	0.730359
0.848999977112	1.295656
1.44200015068	1.631617
2.14600014687	1.855353
3.04099988937	1.796207
3.82600021362	2.275632
4.53699994087	1.759369
6.1369998455	1.20065
8.41000008583	3.08923
9.83299994469	0.346235
11.8249998093	0.02019
14.1380000114	0.874824
15.8350000381	2.693551
17.8329999447	0.47821
19.8260002136	0.00459
21.8260002136	3.079171
23.8340001106	0.066733
25.8580000401	0.57355
27.8260002136	3.232954
29.8260002136	0.887898
31.8249998093	5.646186
34.4169998169	5.463089
35.8249998093	1.627922
37.8420000076	6.080618
39.8340001106	0.880149
41.8340001106	0.289791
43.8429999352	3.956217
45.8260002136	2.342818
47.8260002136	2.621898
49.8260002136	4.057083
51.8350000381	4.87542
53.8270001411	2.280817
55.8510000706	2.411993
57.8420000076	4.649255
59.8329999447	0.420688
61.6740000248	5.286872
63.8500001431	4.789277
65.8260002136	0.830964
67.8580000401	2.844437
69.8260002136	3.365512
71.8660001755	1.216082
73.8270001411	0.588532
75.8420000076	0.381869
77.8260002136	0.045625
79.8420000076	1.708661
81.8260002136	0.02261
83.8500001431	0.837478
86.1780002117	0.837557
87.8420000076	2.268735
89.8260002136	0.553908
91.8270001411	0.068068
93.8440001011	0.019128
95.8510000706	0.783559
97.8260002136	1.853194
