0.0	3.336267
0.211999893188	0.631535
0.422999620438	0.748939
0.717999696732	2.142468
0.9359998703	6.125807
1.20399999619	1.734163
1.9470000267	1.759444
2.85899996758	2.060859
3.93899989128	2.54655
5.20799994469	0.042137
5.77799963951	3.632811
7.82799983025	4.631269
9.65100002289	5.390839
11.6949996948	0.009179
13.7759997845	0.031473
15.6759998798	6.443076
17.8469996452	0.297554
19.6719999313	6.711223
21.7619998455	2.177983
23.8229997158	6.651717
25.8659996986	4.798318
27.6670000553	4.798318
29.7369997501	0.036897
31.7869999409	7.212281
33.8729999065	8.47473
35.6839997768	0.033365
37.765999794	3.573946
39.6869997978	0.650567
41.904999733	0.352422
43.7099997997	0.009217
45.8109998703	0.027377
47.8399999142	0.229184
49.6670000553	0.008945
51.7279999256	0.110039
53.8109998703	1.446518
55.8639998436	0.192778
57.8329997063	0.014278
59.8269999027	0.030601
61.7630000114	0.006737
63.6789996624	0.609731
65.8689997196	0.038029
67.9309999943	0.068028
69.7399997711	0.023841
71.7749996185	0.437874
73.8209998608	0.037554
75.9029996395	7.144905
77.6929998398	0.687209
79.7899997234	5.863892
81.8279998302	0.027437
83.8979997635	5.786778
85.7269997597	4.534049
87.7959997654	8.566759
89.8839998245	0.003055
91.9289999008	0.123496
93.9989995956	0.83693
95.8029999733	0.32589
97.8519999981	0.028001
99.904999733	0.764293
101.727999926	0.010229
103.81499958	0.023726
105.897999763	0.061238
107.720999718	0.692111
109.766999722	9.774801
111.826999903	0.620217
113.859999895	0.129601
115.922999859	2.153762
117.730999947	0.012716
119.793999672	0.163647
121.851999998	0.623959
123.928999901	0.261116
126.013999701	0.14723
127.860999823	0.708255
129.944999933	3.543537
131.779000044	0.688548
133.852999926	0.695291
135.781999826	1.080333
137.938999891	0.015722
139.766999722	0.190344
141.826999903	0.003011
143.855999947	4.113048
145.909999847	0.649285
147.971999884	0.03961
149.794999838	2.435273
151.876999855	0.012794
153.951999903	0.006536
156.428999901	0.379238
157.891000032	0.514566
160.005999804	0.765186
161.839999914	1.048478
163.95299983	1.171503
165.779000044	0.668412
167.873999834	1.571065
169.968999863	0.537304
171.791999817	2.185926
173.884999752	2.142889
175.967999935	0.024845
178.048999786	1.812794
179.809999704	0.009786
181.865999699	0.06874
183.826999903	0.775153
186.032999754	3.7127
187.828999758	1.535212
189.895999908	0.012625
191.974999666	3.551108
194.025999784	3.851978
195.835999966	0.008807
197.880999804	0.073246
199.9599998	3.754824
202.036999702	0.010042
203.862999678	0.036625
205.90899992	1.754385
207.984999895	0.671599
210.051999807	1.446005
211.841999769	0.085312
213.958999634	1.061416
216.025999784	0.037091
217.836999893	0.017464
219.899999857	1.22043
221.961999655	8.930926
223.99399972	2.247669
226.036999702	7.768682
227.881999731	9.303565
229.986999989	10.265289
232.053999662	11.220189
233.910999775	11.220189
235.95299983	11.220189
238.019999981	0.666522
240.076999903	3.562997
241.871999979	3.562997
243.940999746	0.414664
246.012999773	0.683552
248.0849998	2.608108
249.907999992	2.612403
251.981999636	0.592627
254.089999676	0.726582
255.913999796	0.609995
258.010999918	2.058023
260.06799984	0.183557
262.132999897	0.024846
263.907999992	0.02807
265.979999781	0.65046
268.052999735	0.24418
270.122999907	0.594564
271.944999933	6.844023
274.037999868	2.29297
276.108999729	3.308305
277.924999714	3.319444
280.019000053	0.019319
282.096999884	6.901387
283.922999859	0.030839
285.995999813	7.98336
288.070999622	6.702637
290.146999836	0.612408
291.949999809	3.793239
294.017999649	4.219151
296.103999853	9.668033
297.90899992	7.70276
299.97699976	0.97053
302.076999903	9.076789
304.15199995	0.610714
305.977999687	3.203315
308.089999676	10.15732
310.121999741	4.577751
312.194999933	4.577751
314.009999752	1.027001
316.096999884	0.054906
317.937999725	2.77344
320.000999928	3.148285
322.095999956	3.148285
323.934999704	3.321123
326.020999908	4.23676
328.091999769	10.429501
330.166999578	10.268712
331.997999668	10.268712
334.095999956	10.268712
336.200999737	2.5932
337.985999823	10.019646
340.068999767	10.019646
342.015999794	10.019646
344.195999861	10.019646
346.016999722	10.019646
348.089999676	10.019646
350.173999786	10.019646
351.979999781	1.463867
354.079999924	0.017216
356.178999901	1.761483
358.010999918	0.482904
360.09499979	1.835629
362.193999767	0.574583
363.997999668	2.328914
366.065999746	2.662803
368.156999826	2.43107
369.968999863	3.192377
372.022999763	3.075884
374.066999912	4.04644
376.098999977	3.526418
378.137999773	4.688193
380.182999611	4.507375
382.221999645	5.416224
384.009999752	6.788154
386.05099988	0.029179
388.085999727	1.161206
390.003000021	2.17733
392.212999821	5.578322
394.021999836	5.051533
396.106999874	7.665601
398.16899991	7.665601
400.254999638	2.695497
402.05499959	0.655069
404.124999762	7.931147
406.184999704	0.292787
408.004999876	1.936948
410.106999874	7.158529
412.197999716	0.099352
414.143999815	4.674265
416.102999687	0.052624
418.184999704	0.089544
420.275999784	0.617045
422.078999758	0.054045
424.182999611	0.632608
426.262999773	0.999549
428.023999929	0.152587
430.086999655	1.379768
432.126999617	0.982624
434.203999996	0.662992
436.048999786	3.311912
438.141999722	9.914071
440.207999945	9.914071
442.306999922	0.919333
444.132999897	0.055117
446.204999924	0.093556
448.275999784	0.988008
450.286999702	5.886606
452.06799984	6.062389
454.111999989	6.062389
456.157999754	0.63031
458.210999966	0.03726
460.254999638	0.225086
462.289999723	5.876543
464.072999716	0.045017
466.112999916	0.120385
468.158999681	4.69761
470.201999664	0.125709
472.245999813	0.66337
474.287999868	1.262583
476.093999863	7.082597
478.148000002	0.094624
480.262999773	1.866468
482.299999952	7.669286
484.104999781	8.277199
486.17599988	0.636406
488.288999796	9.010908
490.123999834	0.122855
492.19299984	8.25424
494.267999887	0.307317
496.333999872	0.643227
498.139999866	1.590091
500.213999748	8.959217
502.285999775	0.773859
504.316999912	0.009028
506.11500001	0.678076
508.172999859	5.387233
510.259000063	0.684472
512.343999863	0.938748
514.155999899	1.551467
516.220999718	0.175489
518.271999836	0.008988
520.329999685	0.03415
522.392999887	2.293338
524.20299983	1.819738
526.264999866	10.005815
528.337999821	0.410825
530.144999743	0.639576
532.201999664	0.078085
534.269999743	10.229729
536.331999779	10.229729
538.138999939	9.191931
540.218999863	9.16145
542.307999849	10.307201
544.360999823	0.680011
546.181999683	3.467537
548.25999999	0.698846
550.332999706	0.470281
552.400999784	0.009739
554.211999893	0.694893
556.282999992	2.000332
558.296999931	0.577097
560.329999685	8.82039
562.390999794	7.170922
564.228999853	0.011964
566.267999887	9.556728
568.309999704	0.691664
570.395999908	8.240809
572.208999872	2.296306
574.313999653	0.012839
576.409999847	0.157826
578.230999708	1.279455
580.315000057	8.780243
582.402999878	9.902397
584.240999937	1.282304
586.336999893	1.858102
588.40899992	10.11505
590.231999874	0.010305
592.322999954	10.001546
594.421999693	0.029516
596.240999937	0.010027
598.313999653	9.523836
600.398999691	1.974223
602.206999779	0.641035
604.271999836	11.601185
606.350999594	0.635263
608.428999901	5.94766
610.210999966	0.008541
612.286999702	0.04866
614.36199975	0.190147
616.454999685	0.643041
618.259000063	4.017453
620.331999779	9.216975
622.41899991	8.627909
624.226999998	0.02426
626.297999859	0.006517
628.38599968	0.141715
630.245999813	0.054947
632.275999784	0.079294
634.353999853	0.403772
636.77799964	0.80466
638.303999901	0.301653
640.364999771	0.633874
642.433999777	0.113265
644.383999825	0.583309
646.330999851	0.042388
648.427000046	0.047475
650.497999668	0.193484
652.867999792	0.324533
654.785999775	0.303276
656.411000013	0.062259
658.27099967	0.593081
660.381999731	0.009688
662.474999905	1.01966
664.319999933	0.451612
666.427999973	0.273172
668.274999857	1.360811
670.367999792	0.441072
672.456999779	0.392967
674.559999943	0.025749
676.39199996	0.089121
678.484999895	0.537953
680.320999861	0.044084
682.421999693	0.425495
684.490999937	0.27962
686.333999872	1.995269
688.392999887	2.02723
690.498999834	1.341614
692.311999798	2.941488
694.411000013	2.799284
696.506999969	3.108629
698.350999594	0.02071
700.428999901	3.338126
702.517999649	0.01997
704.32799983	3.912736
706.43599987	0.055087
708.521999836	3.80368
710.367999792	2.42626
712.450999975	0.642336
714.552999735	0.948001
716.357999802	4.475628
718.451999903	0.758402
720.553999662	0.012792
722.380999804	0.62404
724.473999739	0.159847
726.316999912	0.00965
728.381999731	0.136863
730.479999781	1.831426
732.546999931	4.013724
734.380999804	1.275251
736.479999781	1.549899
738.552999735	3.682874
740.461999655	3.6593
742.373999834	1.861313
744.468999863	5.193862
746.555999994	1.612697
748.387999773	5.315628
750.457999706	0.646096
752.553999662	2.004544
754.38599968	3.091304
756.470999718	0.714075
758.550999641	1.943706
760.382999659	1.844579
762.477999687	0.172281
764.56099987	0.009486
766.40899992	4.964042
768.515999794	4.964042
770.608999729	4.222792
772.443999767	0.022269
774.535999775	5.085236
776.619999886	5.330188
778.409999847	5.166236
780.490999937	4.402461
782.534999609	4.786148
784.574999809	5.352105
786.62899971	5.908743
800.56099987	5.938119
800.883999825	6.297013
801.028999805	6.297013
801.177999735	6.297013
801.448999882	2.529189
801.779000044	0.072405
802.007999897	6.089762
802.485999823	0.089129
804.532999754	0.012581
806.570999861	4.530264
808.631999969	1.730826
810.444999933	5.919731
812.506999969	3.914968
814.596999884	6.485307
816.657999754	6.602052
818.465999842	7.474086
820.520999908	7.142255
822.565999746	3.298636
824.637999773	3.432391
826.455999851	0.113832
828.539000034	2.987436
830.639999866	3.447675
832.475999832	0.037599
834.569999695	4.009979
836.420999765	4.009979
838.489999771	0.099336
840.559999943	5.89867
842.643999815	5.89867
844.478999615	3.740188
846.555999994	0.047009
848.633999825	0.059282
850.704999924	0.732929
852.539000034	0.03766
854.642999887	0.260087
856.677999735	0.026264
858.498999834	0.009011
860.458999872	0.62244
862.669999838	0.102454
864.48699975	0.02403
866.561999798	1.887712
868.648999929	3.953161
870.735999823	0.020087
872.581999779	2.398009
874.679999828	0.522092
876.498999834	0.065099
878.592999935	1.232282
880.667999983	0.027586
882.737999678	0.29343
884.574999809	1.378498
886.683999777	3.300347
888.515999794	4.718554
890.603999853	2.319626
892.686999798	4.946716
894.508999825	0.028731
896.603999853	0.074171
898.707999945	0.170618
900.541999817	0.012663
902.637999773	5.932297
904.733999729	1.981712
906.568999767	3.089933
908.532999754	6.026587
910.512999773	2.992121
912.597999811	1.775062
914.677999735	0.714204
916.760999918	0.515674
918.595000029	0.623184
920.678999662	0.128557
922.764999866	5.652653
924.571999788	0.011403
926.669999838	0.622175
928.741999865	1.187571
930.568999767	0.014236
932.521999836	2.900783
934.711999893	2.011271
936.540999889	1.338774
938.63499999	0.115906
940.716999769	3.48425
942.548999786	5.442515
944.602999926	0.059398
946.697999716	0.066282
948.546999931	2.308701
950.643999815	5.42245
952.72699976	6.072847
954.575999975	0.28506
956.649999857	1.524144
958.730999947	0.540724
960.815999985	0.038587
962.636999846	0.003173
964.717999697	0.187123
966.785999775	1.986815
968.606999636	1.590454
970.683999777	8.543369
972.779999971	5.983292
974.599999905	0.010491
976.703999996	0.606422
978.751999855	5.434345
980.556999922	0.635252
982.643999815	3.956516
984.72699976	0.16502
986.812999725	0.012783
988.633999825	0.003018
990.721999645	0.079646
992.796999931	0.112676
994.618999958	0.076542
996.665999651	0.442967
998.729999781	0.104734
1000.78799987	0.038411
1002.84799981	0.002639
1004.66700006	0.637512
1006.76899981	0.060994
1008.83999991	1.431065
1010.6639998	0.011097
1012.73599982	0.539784
1014.80599976	0.643309
1016.63199997	3.304073
1018.69999981	3.399348
1020.78499985	10.427648
1022.86899972	9.34021
1024.69299984	8.18412
1026.79099965	8.18412
1028.61199999	0.643371
1030.69599986	0.148912
1032.77699971	1.358652
1034.82599974	0.009506
1036.87099957	0.038733
1038.70099974	0.020657
1040.81399965	2.585313
1042.63499999	3.261333
1044.72300005	3.257648
1046.79099965	3.39803
1048.87199998	4.039919
1050.6849997	1.804623
1052.76699972	0.640197
1054.852	2.072344
1056.65399981	5.609577
1058.70599985	3.53675
1060.78799987	5.641414
1062.88199973	0.673122
1064.70299959	0.187927
1066.77999997	3.470825
1068.87399983	0.020339
1070.70199966	0.090725
1072.77099991	1.149
1074.86199975	4.355228
1076.67799973	0.626359
1078.74499989	7.156245
1080.81900001	0.089916
1082.90299964	0.036974
1084.72199965	8.140828
1086.79699993	7.906659
1088.89599991	8.528077
1090.71199989	0.078583
1092.81299973	6.247676
1094.90700006	8.828878
1096.72799993	8.728917
1098.82599974	9.520359
1100.90199971	9.385831
1102.96300006	2.628062
1104.76599979	4.241792
1106.85299993	4.946455
1108.93399978	0.229039
1110.73599982	3.633289
1112.8269999	4.912548
1114.76499987	4.912548
1116.74299979	0.008629
1118.83399987	9.673307
1120.88199973	0.655218
1122.93999982	5.437636
1124.76699972	9.80342
1126.83500004	9.80342
1128.90799999	9.80342
1130.98199964	0.012843
1132.83299971	3.216877
1134.90199971	3.216877
1136.73899984	3.862559
1138.80899978	0.039608
1141.55699992	0.71056
1142.98999977	1.201908
1144.83099961	1.448585
1146.90899992	1.449167
1148.99199986	1.642512
1150.82399988	1.953104
1152.92499971	0.372068
1155.00699973	3.226977
1156.83599997	3.383305
1158.92399979	3.721981
1161.00399995	0.025179
1162.81399965	2.523549
1164.89899993	1.647959
1166.9989996	0.021427
1168.83399987	3.83102
1170.91199994	4.009413
1172.96099973	4.325737
1174.76899981	4.369544
1176.852	4.709733
1178.96699977	4.709733
1181.01499963	4.226644
1182.82899976	3.81439
1184.90299964	4.243285
1186.83799982	1.078048
1188.78299975	5.738865
1190.87299991	5.840862
1192.94899988	5.823285
1195.01599979	6.515444
1196.8099997	6.673612
1198.85899997	2.17094
1200.92099977	0.018402
1203.02199984	0.235936
1204.83099961	6.03537
1206.88999987	2.806534
1208.96399999	6.493405
1210.78999972	0.086825
1212.86999965	7.047884
1214.93899989	6.573884
1217.05499959	7.301541
1218.86699986	7.142405
1220.88499975	7.080655
1222.9849999	6.926709
1225.04799986	8.118341
1226.86699986	0.095899
1228.96999979	7.823274
1231.0139997	0.980152
1232.84199977	8.392385
1234.91699982	0.687209
1236.98699999	8.763826
1239.07599998	8.763826
1240.89899993	0.663573
1242.97499967	3.3516
1245.04699969	10.281565
1246.87099957	10.281565
1248.95699978	0.010678
1251.04499984	0.01266
1252.86699986	0.082903
1254.94799995	0.641989
1256.99199986	3.378504
1258.94700003	10.636159
1260.90899992	3.949451
1262.97299981	11.539598
1265.01499963	9.986912
1267.10999966	9.986912
1268.92099977	9.986912
1271.00699973	9.986912
1273.09499979	9.986912
1274.92499971	9.986912
1277.01099992	9.986912
1279.06699991	9.986912
1280.90199971	9.986912
1282.98199964	9.986912
1285.07599998	2.341513
1287.1329999	2.10008
1288.9519999	3.292331
1291.02899981	4.339281
1293.08899975	2.580692
1294.89699984	0.03808
1296.98899984	0.064134
1299.0769999	0.056303
1301.13999987	0.010159
1302.96999979	5.209616
1305.02599978	6.042032
1306.9829998	6.483444
1308.94499993	0.049807
1310.99199986	6.065501
1313.05399966	9.075787
1315.14199972	3.522179
1316.97499967	0.017432
1319.06699991	9.665542
1321.15399981	9.801724
1322.93899989	0.012187
1325.00499988	0.460711
1327.04299998	0.487666
1329.07599998	0.009093
1331.1329999	10.292289
1332.95299983	0.011163
1334.99699974	4.626261
1337.08099985	0.658714
1339.14499974	0.041556
1340.97099996	0.628569
1343.06999969	0.009348
1345.13100004	10.071137
1347.19399977	5.926527
1349.01699972	0.122545
1351.07399964	0.686557
1353.14899993	0.08627
1354.95799971	9.630689
1357.06099987	8.983671
1359.14699984	9.900473
1360.97099996	0.732663
1363.01199985	10.45117
1365.07899976	0.688223
1367.1329999	0.010099
1368.96399999	0.041074
1371.03299975	0.012788
1373.10499978	0.262656
1375.20299983	0.031296
1377.02699995	0.003246
1379.09899998	12.492903
1381.15699983	0.251873
1383.21399975	0.620421
1385.03499985	2.93585
1387.10899973	0.037718
1389.20699978	0.64571
1391.03199983	0.196557
1393.10999966	0.180376
1395.18799996	3.180853
1396.99699974	0.00936
1399.02299976	3.276424
1401.07500005	0.398875
1403.1329999	0.624236
1405.19499993	9.199079
1407.01799965	7.089378
1409.05699992	3.658833
1411.14199972	4.597934
1413.20099974	5.085898
1415.02899981	10.888441
1417.10099983	10.953398
1419.18799996	0.288616
1421.26299977	0.010311
1423.09199977	9.706214
1425.16299987	0.008848
1427.23399973	0.631184
1429.06599975	4.301542
1431.13699985	4.301542
1433.21399975	4.324782
1435.02999973	0.381267
1437.11399984	0.622209
1439.18999982	3.220021
1441.13999987	3.854429
1443.09899998	0.009925
1445.18099976	2.771857
1447.27899981	0.643519
1449.06799984	5.758988
1451.14999986	5.860394
1453.25199986	6.012806
1455.06099987	6.377258
1457.13100004	0.668193
1459.21399975	5.563434
1461.02799988	7.183338
1463.12599969	0.168889
1465.19799972	0.009765
1467.26199985	0.009821
1469.08999968	0.009778
1471.15499997	2.629471
1473.22999978	1.692877
1475.31500006	0.018759
1477.14499974	0.009163
1479.19199991	10.252394
1481.24699974	7.34321
1483.06899977	4.955228
1485.11699986	0.624722
1487.1619997	9.345543
1489.24300003	5.144208
1491.31399965	9.79999
1493.10899973	10.381541
1495.21899986	0.678814
1497.27799964	0.009296
1499.0999999	5.114573
1501.20099974	5.114573
1503.2809999	5.114573
1505.11399984	2.747266
1507.18599987	0.011058
1509.24199986	4.496698
1511.33999991	6.932515
1513.16299987	9.724383
1515.23399973	11.213792
1517.32999969	11.213792
1519.16899991	9.480553
1521.26799989	9.918917
1523.32099986	9.918917
1525.14899993	0.098825
1527.23399973	0.04653
1529.29999995	0.645536
1531.37199998	0.062221
1533.20799994	10.42632
1535.26099992	9.66652
1537.19799972	5.033613
1539.15199995	7.33262
1541.20799994	10.004534
1543.32299995	10.004534
1545.13399982	9.596894
1547.23399973	0.818625
1549.29599977	9.474157
1551.12799978	9.474157
1553.22899985	9.474157
1555.26999974	9.474157
1557.34399986	6.412912
1559.17799973	0.051287
1561.26599979	4.864154
1563.35899973	0.097708
1565.16299987	1.931461
1567.27299976	6.537324
1569.36999965	9.206422
1571.18999982	7.850996
1573.27999997	9.899045
1575.3809998	9.899045
1577.1789999	9.899045
1579.2949996	0.08713
1581.3659997	0.053033
1583.1849997	3.281061
1585.27799964	3.281061
1587.38699985	3.281061
1589.21299982	3.281061
1591.31099963	3.281061
1593.39199996	3.281061
1595.21199989	3.625811
1597.28399992	3.995718
1599.36799979	3.995718
1601.44399977	5.613233
1603.26499987	9.73619
1605.33199978	2.826865
1607.40099978	0.02348
1609.23199987	4.255322
1611.32899976	4.255322
1613.38299966	4.255322
1615.21399975	4.255322
1617.2889998	4.255322
1619.38499975	5.214143
1621.204	0.017756
1623.27299976	6.19118
1625.34499979	6.745706
1627.44099975	6.745706
1629.25999999	1.970709
1631.35099959	1.022256
1633.27899981	7.047515
1635.24599981	2.545641
1637.31699991	7.099179
1639.43099976	7.041371
1641.28399992	6.892084
1643.36399984	1.950387
1645.45799971	3.082246
1647.27699971	3.082246
1649.35399985	3.082246
1651.46399999	3.082246
1653.29299974	7.227948
1655.3579998	7.164461
1657.29299974	7.164461
1659.26399994	7.164461
1661.33999991	7.164461
1663.42499971	7.164461
1665.25299978	7.164461
1667.32399988	7.164461
1669.38299966	7.164461
1671.4599998	3.771727
1673.27399969	2.966675
1675.3579998	3.759058
1677.46999979	3.891779
1679.27499986	4.292048
1681.26199985	4.764718
1683.44799995	4.764718
1685.27799964	4.764718
1687.32499981	4.764718
1689.4139998	4.764718
1691.51599979	4.764718
1693.30199981	4.764718
1695.36999965	4.764718
1697.44299984	4.630905
1699.2889998	5.634873
1701.39599991	0.638399
1703.47099972	1.966482
1705.2869997	0.635304
1707.38699985	1.859151
1709.5	7.013695
1711.3349998	6.169527
1713.38599968	7.359294
1715.43999982	6.462683
1717.53799987	8.000885
1719.32999969	7.633851
1721.40499973	4.963323
1723.5	4.963323
1725.32199979	4.963323
1727.41100001	2.027594
1729.34899974	8.810259
1731.53199983	4.656285
1733.32999969	1.798264
1735.43799973	3.907306
1737.50999975	4.424838
1739.34199977	4.424838
1741.4139998	4.448284
1743.53399968	4.448284
1745.34399986	0.024998
1747.8889997	0.715782
1749.52499986	1.85044
1751.3579998	1.894607
1753.34399986	2.253139
1755.55899978	2.33467
1757.39399981	3.031638
1759.46099973	0.00993
1761.52899981	0.025905
1763.34699988	0.619994
1765.42999983	4.325787
1767.5139997	5.066034
1769.60299993	0.742889
1771.40299988	5.71171
1773.48799992	5.71171
1775.58399987	0.037645
1777.37499976	0.642968
1779.43799973	1.912781
1781.5079999	7.337621
1783.5849998	6.883253
1785.37799978	8.096246
1787.47299981	0.670491
1789.56599975	8.295396
1791.40199971	8.36136
1793.50399995	0.03104
1795.5769999	7.58449
1797.40399981	0.648786
1799.47699976	0.073306
1801.57499981	10.650327
1803.3809998	0.008344
1805.47999978	0.043774
1807.55099964	11.43168
1809.65399981	1.743335
1811.47999978	0.685888
1813.55499983	0.009358
1815.63699985	0.213405
1817.43599987	0.023343
1819.49499965	0.092982
1821.5619998	0.682951
1823.39699984	11.001813
1825.46999979	0.615743
1827.55499983	0.073137
1829.62399983	5.752417
1831.43899965	0.012548
1833.52599978	8.04405
1835.61100006	0.631214
1837.45899987	0.213305
1839.52999973	0.02928
1841.60099983	0.009283
1843.40299988	0.092352
1845.46999979	2.671741
1847.52399993	0.010257
1849.5909996	0.684057
1851.65499973	0.290238
1853.45699978	2.979625
1855.52499986	0.067489
1857.59699988	0.210515
1859.6559999	0.611799
1861.49599981	8.517521
1863.54899979	0.009535
1865.61899996	2.068671
1867.69499969	5.703649
1869.50299978	0.628598
1871.579	3.68768
1873.61999989	0.66046
1875.69699979	0.561654
1877.5059998	0.01067
1879.58299971	0.012667
1881.67999983	0.018343
1883.47699976	0.628701
1885.53799987	5.968985
1887.60899973	0.009415
1889.69199991	9.55602
1891.52499986	3.173422
1893.61799979	6.41441
1895.68799996	1.278486
1897.49399972	0.671342
1899.58199978	0.12418
1901.65299988	0.047743
1903.70199966	0.133141
1905.52599978	5.632224
1907.61100006	2.475415
1909.68799996	0.007782
1911.50899982	0.010784
1913.60899973	0.312167
1915.6619997	0.054781
1917.70599985	0.630247
1919.51099968	7.789417
1921.579	7.789417
1923.67499995	7.789417
1925.72599983	9.193621
1927.54099989	0.012695
1929.59199977	0.010627
1931.67099977	0.092434
1933.49799967	8.953797
1935.58699989	0.100783
1937.65999985	0.045712
1939.75999999	10.1478
1941.5909996	8.455156
1943.68099976	5.037071
1945.75199986	4.016858
1947.54799986	0.008853
1949.62199974	8.487828
1951.67999983	0.096234
1953.77199984	0.754177
1955.56699967	11.560847
1957.63999987	4.54044
1959.59599996	9.7392
1961.54699993	10.015625
1963.58299971	0.589943
1965.6469996	0.664359
1967.71999979	0.009825
1969.76899981	0.641603
1971.60199976	6.100455
1973.68299985	10.813858
1975.77999997	10.813858
1977.61499977	9.152204
1979.70099974	9.974159
1981.73999977	0.019728
1983.64199972	3.375594
1985.55199981	0.141081
1987.59799981	0.125579
1989.66899991	11.359967
1991.74299979	0.009094
1993.56799984	0.632776
1995.6469996	0.009445
1997.70899987	0.009283
1999.79299974	9.250735
2001.62899971	7.135679
2003.7249999	0.669677
2005.80799985	8.867886
2007.63599992	0.024641
2009.72399998	10.749288
2011.79699993	0.036045
2013.59500003	9.211107
2015.65799975	7.566409
2017.73999977	0.63003
2019.8099997	11.200358
2021.62299967	4.304383
2023.69799972	0.012748
2025.78199983	0.088029
2027.61999989	0.678111
2029.71699977	0.019149
2031.65799975	0.653356
2033.83199978	0.011557
2035.64299989	6.088437
2037.70799994	0.685308
2039.79099965	0.307443
2041.62599969	0.633706
2043.69999981	10.957923
2045.77099991	0.682549
2047.86199975	2.588108
2049.63199997	9.460363
2051.7329998	0.647807
2053.77999997	0.074311
2055.72399998	7.238485
2057.71099973	0.172518
2059.8119998	0.048628
2061.88599968	0.713742
2063.70499992	9.838312
2065.77699971	0.645319
2067.86099982	0.048287
2069.69599986	3.873632
2071.77599978	6.854633
2073.85299993	6.854633
2075.6869998	6.854633
2077.77199984	6.854633
2079.71899962	6.854633
2081.91999984	0.068651
2083.76699972	4.604254
2085.84599972	4.664247
2087.68099976	0.029209
2089.75999999	3.351114
2091.8579998	3.351114
2093.68999982	0.029569
2097.37100005	0.843757
2098.12699962	1.201676
2099.7099998	1.513962
2101.77199984	1.558685
2103.75699973	1.797668
2105.69799972	0.01726
2107.79499984	2.455536
2109.91699982	2.709903
2111.73399973	3.032835
2113.75399971	3.693458
2115.7889998	0.999221
2117.82299972	3.760652
2119.90799999	1.104617
2121.71599984	4.271801
2123.81299973	4.317686
2125.88399982	0.011007
2127.72300005	4.172793
2129.79899979	5.106337
2131.87199998	3.377452
2133.68899989	0.012566
2135.79899979	5.412699
2137.90700006	2.939224
2139.75199986	6.893564
2141.84099984	4.049813
2143.94099975	7.141759
2145.77299976	7.118414
2147.8599999	0.669456
2149.96199965	7.896537
2151.76399994	7.896537
2153.87099957	7.896537
2155.96399999	1.94613
2157.78299975	7.11284
2159.85099983	7.896135
2161.92399979	7.896135
2163.98099971	7.896135
2165.80799985	2.557896
2167.85499978	5.837167
2169.93999982	0.009465
2171.74999976	3.610141
2173.84599972	0.54804
2175.93799973	2.320193
2177.77099991	1.061128
2179.82599974	2.942287
2181.94199967	0.020333
2183.76399994	2.644126
2185.86499977	3.087106
2187.95699978	0.018946
2189.79999995	4.146341
2191.89899993	0.012789
2193.97299981	4.374261
2195.7889998	4.293173
2197.86499977	0.135318
2199.9369998	4.099729
2201.77399969	5.038004
2203.84399986	2.875317
2205.91699982	1.336317
2207.98699999	5.085867
2209.8119998	0.628586
2211.84899974	5.664794
2213.93399978	7.925959
2216.01699972	6.337755
2217.82099986	8.079207
2219.92499971	8.519606
2222.01299977	0.184971
2224.04499984	6.637319
2225.85099983	7.53976
2227.90999985	0.010799
2229.98199964	0.023534
2231.81399965	10.012784
2233.87799978	9.979024
2235.95299983	9.979024
2238.03799987	9.979024
2239.84299994	9.979024
2241.9369998	9.979024
2244.03199983	9.979024
2245.84899974	2.462288
2247.9349997	2.856344
2250.05599999	2.922989
2251.89499974	3.140166
2253.98199964	0.01987
2256.08299994	3.490924
2257.89699984	3.667036
2259.99599981	0.028524
2261.96699977	0.607999
2263.92599964	3.230637
2266.02399993	0.263257
2267.83099961	0.012611
2269.89399981	4.936369
2271.97199988	4.936369
2274.07299972	4.936369
2275.87699986	4.936369
2277.94899988	5.24876
2280.03599977	0.147836
2281.8599999	7.741704
2283.89100003	3.210466
2285.9829998	0.218684
2288.05099988	8.249765
2289.8829999	4.659758
2291.99299979	8.734652
2294.06299973	0.010015
2295.87099957	8.988414
2297.97899985	1.166258
2300.03199983	5.601056
2302.11699986	9.559056
2303.94199967	9.559056
2306.04099989	9.559056
2307.85699987	9.559056
2309.92399979	0.473043
2311.99799967	2.569976
2314.07199979	9.474651
2315.89999986	9.312907
2317.9909997	9.312907
2320.05599999	9.312907
2321.8889997	9.312907
2323.99599981	3.073568
2326.08899975	0.057586
2327.92499971	6.457494
2330.02499986	3.609063
2332.13999987	3.609063
2333.9909997	3.609063
2336.08299994	3.609063
2337.89599991	0.064021
2339.96699977	0.78812
2341.99799967	2.56061
2344.10899973	5.721205
2346.12599969	5.721205
2347.92999983	5.721205
2349.98799992	3.87134
2352.07099962	3.87134
2354.11799979	4.167037
2355.95399976	4.274128
2358.04199982	4.274128
2360.13499975	5.125265
2361.95599985	5.25172
2364.04699969	0.599213
2366.13799977	2.263656
2367.95599985	1.89252
2370.0369997	2.066326
2372.12499976	4.584368
2373.9369998	0.012724
2376.02199984	6.707632
2378.08999968	1.486902
2380.15899968	6.453809
2381.98999977	2.821296
2384.06899977	0.079034
2386.15499997	7.555018
2387.96099973	0.740028
2390.03599977	0.194943
2392.09899998	0.626026
2394.19799972	3.662698
2396.00699973	8.425721
2398.09099984	1.059471
2400.17399979	0.17665
2401.97199988	0.042933
2404.02899981	0.258704
2405.96199965	2.932921
2408.14599967	0.018316
2410.2099998	0.00955
2412.00699973	10.162521
2414.06799984	0.265962
2416.13999987	2.769478
2418.20199966	0.011934
2420.00999975	0.03618
2422.1079998	0.012686
2424.18799996	0.009416
2426.25099993	0.677674
2428.07899976	0.009783
2430.02099991	0.62854
2432.23999977	0.010018
2434.05399966	8.782757
2436.1079998	0.677145
2438.18299961	0.065948
2440.01599979	0.62849
2442.10499978	0.009618
2444.1639998	0.009652
2446.2349999	7.058209
2448.05900002	7.520149
2450.13899994	0.635595
2452.22999978	0.009904
2454.07299972	0.680588
2456.15199995	2.945075
2458.23199987	0.009557
2460.05499959	0.071095
2462.13699985	2.543789
2464.20799994	5.320487
2466.02699995	1.117449
2468.11299992	0.009358
2470.17699981	0.300381
2472.27399969	1.323233
2474.06499982	4.825625
2476.12799978	0.036768
2478.04899979	0.626962
2480.23899961	0.082247
2482.08699965	0.100759
2484.10999966	8.714685
2486.16099977	0.074484
2488.2349999	0.01791
2490.27899981	0.349974
2492.10399985	8.636005
2494.19299984	0.45667
2496.25699973	8.984956
2498.09899998	4.051774
2500.15399981	0.085922
2502.08199978	0.636961
2504.31899977	0.425246
2506.16099977	4.282357
2508.24399996	9.184698
2510.30599976	0.768713
2512.14099979	9.170153
2514.24599981	9.14918
2516.09599996	0.129808
2518.16099977	9.389917
2520.2559998	3.533606
2522.08999968	4.786441
2524.19799972	0.537984
2526.13499975	0.636524
2528.3599999	1.553265
2530.18999982	9.66597
2532.29599977	9.836703
2534.09599996	0.077166
2536.15899968	10.541758
2538.24899983	0.054684
2540.0999999	0.058128
2542.1849997	8.350081
2544.25499964	9.467821
2546.31699991	9.467821
2548.15399981	0.04165
2550.09099984	10.474867
2552.29299974	9.153657
2554.38399982	9.3308
2556.21899986	9.3308
2558.32199979	0.044882
2560.36899972	0.66976
2562.17299986	3.117527
