0.0	1.012279
0.142999887466	1.203217
0.326999902725	0.05229
0.596999883652	0.068106
0.795000076294	4.092007
1.43799996376	5.078784
2.19699978828	0.017577
2.57700014114	0.299917
2.93499994278	0.048296
3.61400008202	0.068544
5.60699987411	1.053612
7.86500000954	0.134353
9.61500000954	2.665106
11.6340000629	0.43672
13.614000082	3.182016
15.6069998741	1.0756
17.625	0.031018
19.5239999294	1.029404
21.6229999065	6.680305
23.5479998589	0.194943
25.6080000401	1.066656
27.6559998989	0.010452
29.6289999485	0.059148
31.6300001144	0.226167
33.7820000648	0.00993
35.614000082	0.065143
37.621999979	0.173316
39.6100001335	1.000672
41.5420000553	3.770414
43.609000206	0.93866
45.6159999371	3.702137
47.609000206	0.14798
49.6069998741	0.180258
51.6069998741	0.016546
53.6069998741	0.987238
55.6150000095	0.027535
57.6069998741	2.053946
60.0479998589	3.720406
61.8880000114	0.529285
63.867000103	1.052038
65.867000103	0.216788
68.0599999428	1.305903
70.3580000401	0.754074
71.8740000725	0.376266
73.8680000305	6.792961
75.8629999161	5.597763
77.8589999676	6.406372
79.882999897	0.043403
81.8619999886	5.434243
83.8740000725	0.070245
85.8940000534	0.348082
87.8599998951	0.976721
89.8580000401	3.300497
91.8599998951	1.055218
93.8789999485	0.106538
95.8580000401	0.325554
97.8570001125	1.341988
99.8580000401	1.202668
101.858999968	0.027205
103.858999968	0.139781
105.911999941	0.022586
107.758000135	0.129486
109.874000072	0.026461
111.886000156	4.275164
114.410000086	4.189066
115.859999895	4.178986
117.892999887	2.719513
119.907999992	4.030318
121.871999979	4.843518
123.874000072	0.248543
125.889000177	1.062014
127.85800004	0.112178
129.859999895	4.428095
131.894000053	6.571185
134.154999971	1.086194
135.890000105	0.296829
137.860999823	4.552758
139.916999817	6.308754
142.110000134	0.06131
143.889000177	0.159114
145.874000072	0.721447
147.906000137	0.104436
149.85800004	6.315854
151.859999895	0.844062
153.858999968	0.177408
155.858999968	2.27659
157.858999968	0.106309
159.860999823	1.069945
161.873000145	6.574357
163.85800004	2.967653
165.875999928	2.772607
167.858999968	0.032849
169.894000053	0.550315
171.858999968	0.408529
173.89199996	0.156039
175.85800004	5.296407
177.873000145	3.250747
179.858999968	0.02177
181.85800004	0.085505
183.878000021	5.155047
185.868000031	6.758579
187.865999937	0.869507
189.876999855	3.038706
191.868000031	3.826127
194.110000134	1.043494
195.930000067	0.015132
197.857000113	1.08675
199.868000031	0.071457
201.873000145	2.540392
203.867000103	0.057946
205.882999897	1.556576
207.857000113	5.084577
209.916999817	0.01455
211.867000103	1.062253
213.881999969	0.002672
215.865999937	0.013675
217.868000031	1.036998
220.116999865	0.903751
222.121999979	5.784398
224.124999762	0.003509
226.138999939	6.732161
228.122999907	0.998589
230.115999937	0.875887
231.970000029	1.778461
233.887000084	0.204145
236.212999821	4.555
238.369000196	2.162089
240.150000095	1.905341
242.115999937	5.73013
243.914999962	0.359998
246.198999882	0.028974
248.015000105	0.165807
250.118999958	0.315522
251.91899991	0.09065
254.148000002	2.507933
256.132999897	0.995512
258.121000051	0.744548
260.614000082	0.9614
262.11500001	0.048856
264.114000082	0.410248
266.122999907	1.424129
268.115999937	0.478369
270.13499999	1.086794
272.61500001	0.387623
274.363999844	0.104408
276.118000031	0.158225
278.113000154	0.03694
280.111999989	1.062155
282.111999989	0.032998
284.044999838	0.08539
286.110000134	0.698823
288.187000036	4.589889
290.111999989	0.112713
292.108999968	3.455166
294.148000002	3.371106
296.140999794	5.926985
298.10800004	1.363976
300.119999886	0.881355
302.110000134	2.504326
304.110000134	0.157945
306.108999968	0.451465
308.118000031	6.984731
310.138000011	0.541951
312.110000134	0.045156
314.110000134	0.083306
316.111999989	5.582352
318.116999865	1.054856
320.14199996	0.012239
322.118999958	0.074154
324.128000021	2.334132
326.131000042	0.029219
328.111000061	6.551367
330.177999973	6.446736
332.110000134	1.095632
334.116999865	0.015457
336.111000061	6.722769
338.572000027	1.169445
340.118999958	1.133668
342.111000061	3.315079
344.110000134	5.4991
346.114000082	6.614763
348.111000061	0.111643
350.110000134	0.026192
352.110000134	1.089744
354.115999937	6.846908
356.111000061	2.704825
358.110000134	6.32399
360.110000134	0.389794
362.148000002	6.856848
364.110000134	4.608838
366.111000061	6.787384
368.130000114	1.884739
370.110000134	0.666944
372.110000134	3.670036
374.111999989	6.868161
376.114000082	1.067592
378.467999935	6.95573
380.111000061	5.548072
382.111999989	5.619272
384.111000061	0.072819
386.111000061	0.123707
388.111000061	0.046707
390.130000114	1.069269
392.108999968	0.395553
394.10800004	5.999748
396.108999968	6.817586
398.108999968	0.807946
400.108999968	1.098946
402.10800004	1.668443
