0.0	0.01299
1.03799986839	0.420745
1.42000007629	0.43164
1.75200009346	0.43164
2.34500002861	1.284469
2.92300009727	0.009951
3.26699995995	1.12329
4.05499982834	0.357915
4.64800000191	3.016228
5.36899995804	1.925941
6.58199977875	1.489548
8.48699975014	0.010183
10.5870001316	2.366322
12.5870001316	1.245866
14.5829997063	0.00464
16.5759999752	2.28248
18.5909998417	2.705261
20.996999979	2.608828
22.5759999752	0.343772
24.5749998093	0.113151
26.5789999962	0.021193
28.5749998093	2.357921
30.5880000591	0.33513
32.493999958	0.004978
34.5769999027	0.016179
36.5870001316	1.075611
38.5749998093	0.00671
40.5779998302	0.005706
44.9259998798	2.009676
45.6519999504	2.352485
46.6410000324	1.619768
48.5749998093	2.671285
50.5749998093	0.407883
52.5829997063	2.922144
54.5859999657	2.013841
56.5749998093	1.788654
58.5859999657	1.392574
60.5920000076	2.404778
62.5989997387	0.008597
64.5880000591	1.161722
66.5899999142	1.91748
68.5889999866	2.527909
70.5859999657	0.110166
72.5870001316	0.114891
74.5799999237	0.011643
76.5769999027	0.031129
78.5799999237	0.074216
80.5179998875	0.03653
82.8169999123	0.041527
86.1979999542	0.009777
88.0910000801	1.260006
89.1210000515	1.49377
90.7849998474	0.569486
92.5769999027	1.670796
94.5819997787	1.731247
96.5929999352	1.731247
98.5880000591	1.731247
100.585000038	0.966991
102.587000132	1.192892
104.57799983	0.730199
106.585999966	2.21574
108.575999975	1.690795
110.56099987	1.695138
112.579999924	1.795111
114.590999842	1.61599
116.587000132	1.546266
118.588000059	1.680813
120.585999966	1.327174
122.590999842	0.651408
124.576999903	0.085599
126.597999811	0.77375
128.604000092	1.071818
130.575999975	0.013116
133.235000134	0.506163
136.493999958	0.167566
139.240999937	0.682399
140.971000195	0.892162
143.31799984	0.386537
145.605999947	1.152429
148.333999872	0.173792
153.200999975	0.006517
154.480999947	0.005562
155.244999886	0.716618
156.148999929	0.92028
157.109999895	0.398916
158.06099987	1.092292
159.299000025	0.092779
160.787000179	0.005831
162.835000038	0.006129
164.836999893	1.150506
166.660000086	1.411477
168.835999966	0.008564
170.833999872	0.552677
172.838999748	0.005438
174.829999924	0.005512
176.822999716	1.230358
178.830999851	0.006328
180.839999914	1.179185
182.832999945	0.081028
184.837999821	1.475205
186.837999821	1.310334
188.836999893	1.476267
190.652999878	0.733041
192.828999996	0.919994
194.833999872	1.442194
197.027000189	0.555326
