0.0	1.729584
0.317000389099	0.42963
0.503000259399	0.438547
0.749000310898	0.019414
0.976000070572	0.275379
1.28500032425	0.047368
1.66800045967	0.657731
2.14000034332	0.015834
2.60500025749	0.25692
3.66100025177	0.351911
5.66800045967	0.119695
7.65000033379	0.030985
9.66600012779	2.590135
11.6640000343	0.029292
13.6520004272	2.627627
15.6660001278	2.537796
17.6530003548	0.016073
19.6610002518	1.823258
21.5070002079	2.733517
23.6690003872	0.544881
25.6620001793	3.554595
27.6540002823	0.119565
29.6530003548	0.176449
31.6670000553	0.88795
33.6570003033	1.111618
35.6540002823	0.156009
37.6650002003	1.351245
39.6630001068	0.078828
41.6530003548	0.032854
43.6530003548	3.330905
45.5310001373	2.74182
47.6700003147	3.419203
49.6600003242	3.299084
51.6540002823	0.016349
53.6670000553	0.091975
55.5710000992	0.021135
57.6570003033	0.454742
59.6590001583	0.924696
61.6520004272	0.118984
63.6630001068	2.988258
65.6680004597	3.247642
67.6670000553	3.785702
69.5990002155	0.074451
71.6570003033	0.35488
73.6570003033	4.128596
75.6610002518	0.043687
77.6540002823	4.412796
79.6550002098	4.71286
81.6660001278	4.808239
83.6590001583	1.960041
85.6590001583	5.747955
87.6530003548	1.254818
89.6700003147	2.280782
91.6530003548	4.268032
93.6590001583	4.545273
95.6550002098	5.790865
97.6540002823	5.387518
99.6520004272	0.014633
101.667000055	0.31422
103.653000355	0.044273
105.663000107	0.014382
107.66800046	0.193162
109.65500021	0.124615
111.661000252	1.027751
113.666000128	0.998892
115.6650002	3.018975
117.664000034	6.685577
119.664000034	0.463786
121.663000107	0.140177
123.661000252	0.014747
125.6650002	0.259563
127.662000179	0.01423
129.659000158	1.442958
131.657000303	0.248913
133.658000231	6.200464
135.659000158	0.19879
137.660000324	2.478922
139.663000107	0.608668
141.662000179	0.99603
143.657000303	0.094459
145.657000303	0.667363
147.662000179	4.227491
149.657000303	4.227491
151.656000137	0.945478
153.664000034	3.432675
155.664000034	1.983193
157.656000137	0.020471
159.65500021	0.302833
161.667000055	1.018855
163.658000231	0.625837
165.65500021	0.182037
167.6650002	0.057546
169.666000128	0.11762
171.654000282	0.863169
173.657000303	3.406538
175.656000137	0.967843
177.661000252	4.664719
179.663000107	4.386402
181.657000303	4.980308
183.66800046	0.075815
185.659000158	6.406153
187.659000158	1.630764
189.653000355	0.044026
191.664000034	1.210362
193.656000137	0.34464
195.656000137	0.062624
197.666000128	0.082611
199.66800046	0.963867
201.66800046	0.172262
203.658000231	0.003886
205.661000252	0.474046
207.671000242	0.178094
209.670000315	0.043457
211.66800046	4.868909
213.65500021	1.129841
215.667000055	2.448272
217.657000303	5.990066
219.659000158	1.007136
221.660000324	0.164094
223.670000315	2.963792
225.664000034	1.055467
227.663000107	0.3732
229.666000128	0.803554
231.658000231	0.11191
233.664000034	0.029344
235.675000191	5.453169
237.660000324	0.999937
239.656000137	0.051643
241.680000067	2.453415
243.6650002	1.299289
245.670000315	0.841729
247.66800046	2.855306
249.910000324	5.038323
251.74600029	5.661319
253.669000387	0.061676
255.66800046	5.81942
257.914000273	0.063554
259.919000149	6.611822
261.9150002	1.535019
263.910000324	6.751829
265.913000345	0.793478
267.910000324	6.570471
269.914000273	5.560654
271.909000397	7.937313
273.912000179	6.980669
275.84800005	0.055144
277.919000149	7.430025
279.913000345	0.049077
281.921000242	6.956521
283.928000212	2.709367
285.92200017	0.014474
287.910000324	1.167777
289.918000221	0.115497
291.917000294	7.468869
293.913000345	1.504107
295.920000076	7.620422
297.917000294	8.115988
299.842000246	0.077014
301.910000324	0.064028
303.914000273	0.032301
305.909000397	1.019347
307.920000076	4.089308
309.914000273	0.016247
311.923000097	0.014611
313.916000366	0.796874
315.914000273	0.020358
317.912000179	0.105808
319.919000149	3.249795
321.919000149	6.505695
323.745000362	2.721395
325.913000345	0.186764
327.910000324	3.24986
329.913000345	2.143134
331.916000366	3.372943
333.910000324	1.068856
335.917000294	0.384058
337.920000076	6.857386
339.918000221	0.553496
341.914000273	0.710385
343.910000324	0.988837
345.920000076	0.270863
347.910000324	1.042323
349.92200017	4.335801
351.914000273	0.599058
353.919000149	0.044086
355.923000097	1.122062
357.920000076	0.055908
359.9150002	0.463568
361.910000324	1.263607
363.916000366	0.028448
365.920000076	0.069535
367.919000149	0.992914
369.909000397	0.248166
371.847000122	0.060842
373.916000366	7.498935
375.921000242	7.135403
377.916000366	0.015249
379.918000221	0.352387
381.9150002	1.042788
383.910000324	0.231893
385.917000294	0.54057
387.920000076	3.538752
389.9150002	0.62423
391.910000324	0.89811
393.921000242	0.014284
395.847000122	0.063916
397.917000294	1.129232
399.923000097	3.808394
401.909000397	0.924874
403.923000097	4.221677
405.914000273	4.379144
407.914000273	0.015747
409.913000345	2.084874
411.912000179	0.020552
413.921000242	1.716332
415.917000294	0.995129
417.920000076	4.363453
419.859000206	0.014962
421.917000294	0.351868
423.917000294	4.707627
425.911000252	1.000949
427.913000345	6.147204
429.920000076	5.604433
431.914000273	0.130184
433.923000097	7.274663
435.919000149	0.322333
437.925000191	1.134259
439.9150002	3.275087
441.930000305	2.985251
443.920000076	0.058966
445.920000076	7.086993
447.920000076	7.099426
449.912000179	7.099426
451.912000179	7.099426
453.914000273	7.766518
455.912000179	7.470598
457.92200017	5.372497
459.920000076	1.562638
461.914000273	9.65979
463.927000284	0.117092
465.923000097	2.876213
467.909000397	2.876213
469.918000221	0.030721
471.926000357	0.307327
473.925000191	1.059087
475.920000076	2.285407
477.925000191	2.460403
479.920000076	2.42914
481.912000179	2.66265
483.913000345	2.71261
485.918000221	0.019123
487.923000097	0.06139
489.919000149	0.031167
491.9150002	0.77961
493.928000212	2.900519
495.921000242	0.045742
497.916000366	0.856597
499.926000357	0.061144
501.924000263	2.633828
503.926000357	0.109051
506.176000118	1.515727
507.92200017	3.288007
510.167000055	3.563731
512.184000015	4.240058
514.167000055	0.825184
516.164000273	3.917677
518.175000191	2.497027
520.172000408	4.599885
522.163000107	5.366707
524.178000212	6.483264
526.171000242	5.201827
528.167000055	0.046813
530.176000118	6.572629
532.160000086	7.003444
534.166000128	6.881382
536.175000191	4.295654
538.163000107	4.295654
540.172000408	1.031682
542.177000284	5.48002
544.163000107	6.509842
546.176000118	0.056908
548.175000191	3.011504
550.175000191	2.404964
552.181000233	0.033427
554.173000336	1.560443
556.177000284	0.288286
558.162000179	0.288286
560.172000408	3.06373
562.169000387	3.312535
564.1650002	3.019553
566.175000191	0.679955
568.163000107	1.668833
570.168000221	0.948925
572.172000408	2.048033
574.175000191	0.031029
576.183000088	3.536003
578.172000408	2.591825
580.173000336	4.153996
582.169000387	0.181984
584.176000118	4.35399
586.1650002	0.931552
588.162000179	0.016869
590.177000284	0.19992
592.170000315	0.804894
594.166000128	3.291112
596.168000221	0.039034
598.164000273	0.027962
600.162000179	4.157671
602.170000315	0.246053
604.168000221	5.229212
606.161000252	0.004165
608.169000387	5.607374
610.18200016	0.074147
612.184000015	0.992997
614.173000336	5.06921
616.177000284	2.627768
618.18500042	0.085993
620.166000128	6.011126
622.173000336	1.002747
624.175000191	6.308893
626.169000387	0.253421
628.1650002	0.097478
630.175000191	4.154332
632.176000118	1.045613
634.172000408	1.898595
636.168000221	0.071548
638.177000284	6.491666
640.164000273	0.125355
642.168000221	6.659668
644.168000221	2.638048
646.166000128	1.050107
648.167000055	7.348165
650.164000273	8.209679
652.178000212	8.209679
654.164000273	7.86712
656.163000107	0.045837
658.164000273	0.04632
660.180000305	0.016167
662.180000305	2.099998
664.169000387	3.814151
666.170000315	0.029511
668.168000221	0.071972
670.176000118	1.026696
672.180000305	1.573565
674.184000015	0.00355
676.170000315	0.100369
678.169000387	0.697415
680.179000139	5.002078
682.167000055	5.919302
684.180000305	6.086307
686.176000118	6.506202
688.171000242	6.685
690.174000263	7.242637
692.178000212	7.787864
694.172000408	7.992033
696.168000221	0.043375
698.176000118	0.791165
700.18200016	0.321656
702.171000242	0.102902
704.184000015	0.015529
706.176000118	1.299808
708.175000191	7.816905
710.180000305	5.897818
712.170000315	7.640917
714.170000315	0.04539
716.180000305	7.806548
718.180000305	1.068572
720.187000275	0.241108
722.180000305	0.308407
724.192000151	0.700299
726.176000118	0.248704
728.18200016	0.10667
730.181000233	1.560846
732.181000233	1.009811
734.18200016	7.066033
736.167000055	3.074011
738.173000336	2.572569
740.188000441	0.237526
742.187000275	3.378187
744.1650002	0.046659
746.172000408	7.619704
748.177000284	8.290473
750.173000336	8.088864
752.173000336	7.410198
754.177000284	0.11898
756.180000305	8.971217
758.42800045	0.171715
760.18200016	0.492437
762.431000233	0.09694
764.417000294	4.016478
766.419000149	1.547662
768.431000233	1.1346
770.258000135	6.58995
772.43200016	7.465166
774.419000149	0.058116
776.430000305	2.92471
778.435000181	5.077164
780.423000097	0.029846
782.42800045	4.805891
784.431000233	5.104933
786.423000097	6.086933
788.425000191	6.703289
790.437000275	7.91831
792.417000294	0.101583
794.251000166	4.463795
796.42200017	0.136969
798.425000191	0.969858
800.417000294	0.044493
802.431000233	0.098545
804.434000254	0.032648
806.420000315	0.078507
808.421000242	4.441476
810.42200017	4.441476
812.421000242	5.761438
814.434000254	5.924216
816.423000097	5.924216
818.258000135	7.008479
820.43200016	3.688771
822.427000284	1.066696
824.421000242	6.623975
826.424000025	0.118525
828.431000233	0.998905
830.421000242	6.334056
832.42200017	7.042208
834.431000233	7.042208
836.427000284	0.079843
838.435000181	1.706637
840.431000233	0.864728
842.363000154	0.085999
844.424000025	0.089211
846.437000275	0.018624
848.434000254	0.016212
850.42200017	3.281799
852.423000097	0.03101
854.418000221	3.101064
856.421000242	3.208438
858.43200016	0.020553
860.430000305	2.99449
862.42200017	5.622686
864.423000097	0.016383
866.37100029	0.030662
868.423000097	2.52088
870.420000315	0.432955
872.419000149	0.983827
874.42200017	2.76311
876.42200017	5.340307
878.423000097	0.111612
880.42200017	0.030263
882.42200017	1.217616
884.429000378	0.058122
886.431000233	1.058361
888.433000326	0.180583
890.423000097	1.048278
892.433000326	2.79317
894.43200016	3.097035
896.43200016	1.029296
898.433000326	1.860784
900.438000202	1.006492
902.424000025	0.105217
904.431000233	7.788377
906.429000378	7.788377
908.435000181	7.788377
910.427000284	7.788377
912.418000221	7.788377
914.419000149	2.698179
916.420000315	0.061418
918.425000191	2.541826
920.434000254	0.119422
922.43200016	0.090862
924.435000181	0.859254
926.424000025	0.374709
928.42800045	0.755703
930.421000242	0.855087
932.425000191	3.667288
934.427000284	4.298596
936.423000097	4.704851
938.419000149	2.862903
940.431000233	4.74438
942.430000305	4.665915
944.419000149	0.017171
946.424000025	5.835382
948.424000025	0.96523
950.42200017	5.956612
952.42800045	5.615156
954.423000097	0.019927
956.430000305	5.453682
958.431000233	5.993004
960.434000254	6.203218
962.435000181	0.059238
964.427000284	0.044002
966.434000254	6.122704
968.424000025	6.447355
970.425000191	0.496335
972.425000191	3.240378
974.43900013	8.462202
976.433000326	5.216162
978.442000151	5.2445
980.433000326	0.275899
982.424000025	3.130567
984.424000025	3.6484
986.429000378	8.293391
988.429000378	8.293391
990.423000097	8.293391
992.435000181	8.293391
994.431000233	8.183046
996.424000025	9.164102
998.429000378	9.164102
1000.4380002	7.395193
1002.4230001	9.113515
1004.68400025	9.113515
1006.68400025	9.593693
1008.43000031	11.290681
1010.44300008	11.290681
1012.68400025	5.191044
1014.68400025	0.565936
1016.69100022	2.796488
1018.68500042	2.929528
1020.68300009	5.871992
1022.68300009	6.264244
1024.52900028	3.051896
1026.67600036	3.389801
1028.68700027	3.273418
1030.67300034	3.64457
1032.67500019	3.837667
1034.67400026	3.455535
1036.68400025	4.893209
1038.67400026	4.856145
1040.67500019	0.073607
1042.68200016	6.312023
1044.68300009	6.474501
1046.68500042	6.835637
1048.51300025	1.446003
1050.67900014	7.982883
1052.67500019	9.810381
1054.67600036	9.810381
1056.68000007	8.627067
1058.67400026	10.495531
1060.68200016	11.317543
1062.68500042	11.317543
1064.6900003	11.317543
1066.68400025	11.317543
1068.68600035	11.317543
1070.68100023	11.317543
1072.51300025	11.317543
1074.68100023	11.317543
1076.68200016	11.317543
1078.68200016	11.317543
1080.68400025	0.150663
1082.68900037	1.458896
1084.67700028	0.627417
1086.69100022	2.028048
1088.68400025	2.58858
1090.67600036	0.198777
1092.67500019	2.732956
1094.68600035	4.097268
1096.68100023	4.406282
1098.67300034	4.780458
1100.67600036	5.075648
1102.68700027	5.648927
1104.67300034	5.303956
1106.68600035	5.617711
1108.68400025	0.985474
1110.67600036	2.187804
1112.68200016	6.08259
1114.67700028	0.030813
1116.67500019	6.697247
1118.68300009	6.805892
1120.67500019	6.555049
1122.67500019	6.961902
1124.68200016	7.979954
1126.68700027	4.279834
1128.68400025	0.326411
1130.67300034	8.617183
1132.67800021	8.012145
1134.67200017	8.598069
1136.67400026	0.102643
1138.68500042	2.578957
1140.68000007	1.064506
1142.67800021	0.032662
1144.68200016	8.285133
1146.67900014	0.02078
1148.68400025	2.324244
1150.68600035	1.016241
1152.68400025	7.702216
1154.67500019	1.062928
1156.68500042	7.856609
1158.68200016	9.199822
1160.67900014	0.057124
1162.67600036	0.073223
1164.69300032	3.564043
1166.68000007	9.760592
1168.68000007	1.060147
1170.67500019	1.895155
1172.67700028	9.28111
1174.67300034	9.28111
1176.68300009	9.28111
1178.6880002	9.28111
1180.6900003	9.28111
1182.68300009	4.150292
1184.67700028	1.614508
1186.68400025	3.680776
1188.69100022	3.680776
1190.68000007	3.680776
1192.68600035	0.886001
1194.6900003	3.741755
1196.68100023	3.741755
1198.67700028	1.086838
1200.68200016	3.931563
1202.67700028	0.072207
1204.68900037	0.04773
1206.67900014	4.668635
1208.68500042	5.671641
1210.68300009	5.671641
1212.68500042	5.395987
1214.68500042	6.769627
1216.68100023	1.018595
1218.67800021	7.640946
1220.68200016	7.640946
1222.6880002	7.640946
1224.68000007	7.640946
1226.67500019	7.640946
1228.68200016	7.640946
1230.67800021	7.640946
1232.68100023	7.640946
1234.68700027	4.199928
1236.68300009	2.132575
1238.67500019	1.581386
1240.68400025	4.924875
1242.68100023	4.779209
1244.68500042	4.779209
1246.68000007	4.779209
1248.69500017	1.428192
1250.67700028	0.014442
1252.68300009	1.795057
1254.68100023	2.201341
1256.68500042	2.369918
1258.68200016	1.025613
1260.92800021	1.646948
1262.68900037	4.603089
1264.92700028	4.268786
1266.9380002	5.261888
1268.9320004	0.013813
1270.93900013	4.752929
1272.92700028	5.270109
1274.93500018	0.060668
1276.92700028	0.326034
1278.93900013	5.319779
1280.92900038	5.319779
1282.94200015	6.094141
1284.93700027	6.357923
1286.93300033	6.304692
1288.93500018	2.974458
1290.93100023	6.741747
1292.93600011	7.691052
1294.93100023	8.039313
1296.93700027	8.039313
1298.93300033	8.039313
1300.92800021	7.8264
1302.92900038	7.432258
1304.9400003	8.382133
1306.92700028	9.399788
1308.93700027	9.399788
1310.93700027	9.399788
1312.9380002	9.399788
1314.92700028	9.399788
1316.92800021	9.399788
1318.9400003	0.041603
1321.0480001	0.850617
1322.94600034	0.936733
1324.93500018	0.232077
1326.96300006	1.574467
1328.92700028	1.769553
1330.93100023	1.995564
1332.94900036	0.855616
1334.93600011	2.34109
1336.93500018	2.305529
1338.9400003	2.305529
1340.93600011	2.835189
1342.93100023	4.06281
1344.93000031	4.635106
1346.93500018	5.341032
1348.93100023	5.831744
1350.9400003	5.430802
1352.93500018	0.973549
1354.93400025	2.5892
1356.93300033	1.007404
1358.93000031	0.061068
1360.93000031	7.712222
1362.94100022	7.712222
1364.92900038	0.302039
1366.9380002	7.895395
1368.93100023	7.895395
1370.94900036	7.895395
1372.94100022	0.104199
1374.93600011	3.515991
1376.9400003	0.095879
1378.94200015	0.014666
1380.92700028	0.029088
1382.93900013	0.494383
1384.93500018	2.108654
1386.9400003	1.726089
1388.93700027	0.013756
1390.94600034	0.074119
1392.93900013	0.444115
1394.93300033	10.901153
1396.94100022	0.242049
1398.9380002	0.881921
1400.93000031	0.019428
1402.94900036	5.564592
1404.94200015	12.685923
1406.9320004	6.19137
1408.94100022	0.014315
1410.94400001	4.879429
1412.93000031	6.563822
1414.9320004	0.099335
1416.94300008	0.281973
1418.93600011	0.01495
1420.93100023	1.649843
1422.94200015	0.13876
1424.93000031	2.329083
1426.93100023	2.800587
1428.92900038	0.110996
1430.93000031	0.032185
1432.92900038	0.849196
1434.93600011	0.08271
1436.9320004	0.061961
1438.93000031	0.030325
1440.93000031	3.346348
1442.92900038	3.529662
1444.92900038	3.462181
1446.93100023	3.887828
1448.92900038	0.343786
1450.93100023	3.75785
1452.94400001	4.01035
1454.9320004	0.630344
1456.94600034	0.916349
1458.93300033	3.745164
1460.93400025	4.507661
1462.92900038	5.285736
1464.9400003	5.587265
1466.94200015	5.371102
1468.93500018	2.623991
1470.93400025	0.063875
1472.9320004	2.385272
1474.93600011	3.786994
1476.93100023	0.128196
1478.94100022	0.826923
1480.93500018	0.894983
1482.93500018	6.499293
1484.94500041	0.148475
1486.93900013	4.476464
1488.94300008	1.347854
1490.9320004	8.265529
1492.9320004	3.865002
1494.94300008	7.760503
1496.93400025	7.379381
1498.9380002	1.419202
1500.94700027	0.055776
1502.9320004	0.602678
1504.94300008	1.042167
1506.9380002	0.191988
1508.93400025	7.181395
1510.93000031	1.043713
1512.94400001	0.103662
1514.93600011	0.0566
1516.94200015	0.341915
1518.9380002	0.194252
1520.93400025	0.520602
1522.93100023	0.821544
1524.9380002	0.12154
1526.93600011	0.648094
1528.94500041	0.033199
1530.93900013	3.698321
1533.18700027	0.049924
1534.94500041	0.040915
1537.1900003	0.202998
1539.19400024	0.991125
1541.18300009	5.302364
1543.02100039	6.933882
1545.18400002	6.602887
1547.18200016	0.576375
1549.18400002	2.783851
1551.18700027	6.848657
1553.19200015	0.015513
1555.97400022	0.651468
1557.18500042	0.823894
1559.18300009	1.55789
1561.1900003	0.796029
1563.19400024	0.123765
1565.18500042	3.415734
1567.02100039	0.98302
1569.18800044	0.222876
1571.19500017	0.083074
1573.18600035	1.000672
1575.19800019	2.212006
1577.19200015	0.015797
1579.19500017	0.214119
1581.19200015	7.677391
1583.19600034	1.860929
1585.19700027	0.271855
1587.18400002	1.076681
1589.18600035	9.022972
1591.19400024	0.93221
1593.18900037	0.511792
1595.19700027	0.645299
1597.18400002	0.060038
1599.20900035	6.014592
1601.18900037	1.05519
1603.18900037	0.093939
1605.19800019	0.730163
1607.19200015	0.121968
1609.18600035	1.739428
1611.18700027	1.739428
1613.19600034	3.433715
1615.02700019	2.513478
1617.20200014	4.065566
1619.19200015	4.10536
1621.1900003	8.148891
1623.19600034	8.148891
1625.19700027	8.148891
1627.20200014	8.148891
1629.19700027	8.148891
1631.18900037	7.456151
1633.19600034	7.456151
1635.19900012	7.456151
1637.20200014	7.456151
1639.19500017	7.456151
1641.20400047	7.456151
1643.19100022	7.456151
1645.19200015	7.456151
1647.18600035	7.456151
1649.19100022	0.323135
1651.18400002	0.7577
1653.19100022	0.971669
1655.1900003	1.652822
1657.20600033	1.748366
1659.1900003	1.805755
1661.18800044	0.043118
1663.18900037	2.763231
1665.19200015	0.016332
1667.18600035	3.105582
1669.19300032	3.441953
1671.19700027	3.249244
1673.18900037	0.905988
1675.18700027	2.989183
1677.20300007	2.218815
1679.18700027	3.814879
1681.19800019	3.373783
1683.18400002	1.918582
1685.18500042	0.029404
1687.19700027	4.521233
1689.18500042	4.803466
1691.19900012	4.849314
1693.19200015	0.978716
1695.18700027	0.002294
1697.18500042	0.056692
1699.19200015	2.705256
1701.18500042	0.206206
1703.19600034	6.774382
1705.20700026	0.1159
1707.20400047	6.503692
1709.18800044	6.503692
1711.18400002	7.899444
1713.19400024	7.899444
1715.1900003	7.899444
1717.18900037	6.047236
1719.19900012	7.734017
1721.19300032	1.065834
1723.1900003	3.566822
1725.19700027	3.566822
1727.20200014	3.566822
1729.19400024	3.566822
1731.18900037	8.243776
1733.18600035	8.243776
1735.19400024	8.40103
1737.19300032	8.728136
1739.19200015	8.105719
1741.18400002	8.505957
1743.20200014	8.505957
1745.19900012	5.901875
1747.1900003	5.901875
1749.19800019	5.901875
1751.18800044	6.359963
1753.19600034	6.359963
1755.19600034	6.359963
1757.18700027	6.359963
1759.20300007	6.359963
1761.19500017	6.359963
1763.19200015	0.163397
1765.18800044	1.074017
1767.19900012	2.436887
1769.20900035	4.161055
1771.18900037	8.71816
1773.18800044	8.748796
1775.18800044	9.034535
1777.19600034	10.262191
1779.18900037	10.581864
1781.19500017	4.803626
1783.19300032	2.902103
1785.19700027	0.068168
1787.19700027	5.79662
1789.4380002	0.013835
1791.45500016	3.14354
1793.44100022	2.107464
1795.4380002	0.126726
1797.44100022	0.101566
1799.45100021	1.096096
1801.43700027	9.883694
1803.44800019	0.092369
1805.44800019	0.628556
1807.43900013	4.876902
1809.45100021	0.016185
1811.45600009	0.413827
1813.45300031	4.542325
1815.45100021	0.429939
1817.44900036	3.162651
1819.44700027	0.289256
1821.43700027	0.015397
1823.44700027	0.413805
1825.44200015	0.020445
1827.44600034	0.066121
1829.45400023	0.254955
1831.43900013	0.092376
1833.44100022	0.014652
1835.46900034	1.270566
1837.45500016	0.0198
1839.44500041	1.581633
1841.44600034	0.994846
1843.44800019	0.15903
1845.44400048	1.788649
1847.44800019	4.228521
1849.44600034	4.23641
1851.44800019	3.795476
1853.44500041	3.879027
1855.43700027	4.366444
1857.44000006	3.960752
1859.4380002	5.030537
1861.44000006	0.064334
1863.45100021	1.43755
1865.44000006	0.992988
1867.44900036	0.020848
1869.44400048	3.606991
1871.44100022	6.355709
1873.44200015	6.770543
1875.45000029	6.770543
1877.44600034	6.819416
1879.44500041	0.043639
1881.45400023	0.032714
1883.44300008	0.081151
1885.44100022	0.101325
1887.45100021	0.082698
1889.45200038	5.298493
1891.45000029	3.744783
1893.45400023	5.299345
1895.45300031	7.164353
1897.44200015	6.951001
1899.44700027	6.073487
1901.44600034	0.029951
1903.45200038	6.624084
1905.45200038	6.83759
1907.44400048	0.603906
1909.44300008	3.381186
1911.44800019	0.425329
1913.44600034	2.183337
1915.45100021	2.798171
1917.45000029	6.513512
1919.44900036	4.488427
1921.44700027	1.210422
1923.44100022	0.031397
1925.44200015	5.490002
1927.44600034	2.003842
1929.44900036	0.00401
1931.44200015	2.432882
1933.44400048	3.391798
1935.44000006	6.943002
1937.45400023	0.074187
1939.44600034	3.893646
1941.44500041	7.434444
1943.44900036	8.151795
1945.45400023	4.461833
1947.43900013	1.01462
1949.45100021	4.624564
1951.44600034	1.075986
1953.44700027	6.654563
1955.44900036	3.132965
1957.46200013	1.74164
1959.44800019	3.59598
1961.45000029	5.766786
1963.45800018	0.083559
1965.44300008	0.057971
1967.45200038	7.759539
1969.44700027	8.289593
1971.44800019	7.15779
1973.45300031	7.203629
1975.44700027	0.119384
1977.44600034	0.494794
1979.45000029	0.174212
1981.44100022	0.020291
1983.44900036	0.074493
1985.44600034	1.048083
1987.44200015	4.6061
1989.45400023	0.292745
1991.44800019	0.391172
1993.45500016	0.552249
1995.44700027	1.030628
1997.44900036	0.267135
1999.45500016	0.057358
2001.45000029	2.875034
2003.44400048	2.427706
2005.45200038	3.995509
2007.45000029	0.048761
2009.44600034	7.898339
2011.45400023	5.343163
2013.45000029	0.031014
2015.45500016	7.886131
2017.44000006	3.028301
2019.44900036	0.014843
2021.45500016	0.957967
2023.44900036	0.936967
2025.45400023	1.886606
2027.44400048	2.658023
2029.45400023	3.119406
2031.44900036	5.274337
2033.45200038	1.113102
2035.45200038	0.199671
2037.44900036	5.229477
2039.69700027	2.258376
2041.70300007	5.266396
2043.69800019	0.977191
2045.69500017	0.990871
2047.69400024	4.14323
2049.70600033	5.501871
2051.69700027	5.298889
2053.71700025	5.517185
2055.6960001	0.039804
2057.70800042	0.003554
2059.70300007	0.003837
2061.53700042	1.082298
2063.69700027	6.670925
2065.69700027	2.422587
2067.69500017	0.015481
2069.6960001	6.900645
2071.7050004	1.034501
2073.69700027	8.008818
2075.70800042	3.712935
2077.70300007	0.756434
2079.69500017	8.297208
2081.70700026	8.287713
2083.69800019	8.287713
2085.52400041	8.426742
2087.70800042	0.076109
2089.69900012	6.852369
2091.7050004	1.065806
2093.70300007	8.386051
2095.69400024	8.386051
2097.69700027	8.265447
2099.71200013	8.265447
2101.69700027	1.03293
2103.69700027	1.663738
2105.7050004	2.025559
2107.69400024	0.50367
2109.52600026	1.071995
2111.704	1.286709
2113.7130003	0.437876
2115.70000029	0.057933
2117.7050004	0.179425
2119.69500017	0.028854
2121.69300032	3.255688
2123.69500017	0.292693
2125.69900012	0.020633
2127.69800019	0.716873
2129.71000028	0.044207
2131.70900035	0.206655
2133.69700027	1.018663
2135.69400024	0.095188
2137.70800042	6.227279
2139.70000029	0.014831
2141.70900035	8.802491
2143.704	1.050667
2145.69400024	4.887057
2147.70000029	8.623293
2149.70300007	8.623293
2151.69700027	0.149726
2153.70600033	0.029473
2155.70300007	0.061898
2157.7050004	1.005935
2159.69700027	4.661999
2161.6960001	0.020725
2163.70800042	1.015743
2165.70800042	0.083668
2167.7050004	0.014372
2169.70000029	0.028846
2171.69400024	1.15021
2173.70300007	0.020463
2175.69700027	6.026892
2177.70300007	0.060582
2179.69800019	0.147665
2181.70000029	2.6255
2183.69800019	3.683472
2185.7050004	0.247721
2187.70300007	0.020696
2189.69800019	0.004171
2191.69400024	0.014195
2193.70300007	0.004011
2195.69900012	0.168196
2197.70600033	1.000896
2199.69700027	1.937977
2201.70600033	0.032904
2203.6960001	6.155358
2205.64300013	0.014493
2207.70000029	1.956711
2209.704	6.671452
2211.704	0.056452
2213.71200013	7.556895
2215.71000028	7.324882
2217.704	0.322533
2219.704	0.270599
2221.70800042	0.133368
2223.70800042	0.494538
2225.704	1.07875
2227.7050004	0.061294
2229.64500022	0.042848
2231.704	0.34132
2233.69900012	0.042949
2235.69500017	9.355599
2237.70800042	0.015674
2239.70800042	4.976391
2241.69400024	8.773485
2243.69700027	5.107598
2245.70300007	0.156199
2247.69700027	0.191057
2249.7110002	0.946582
2251.69700027	0.033449
2253.70900035	2.217666
2255.70300007	0.277596
2257.69500017	0.031135
2259.70900035	0.087985
2261.7050004	1.630141
2263.70300007	1.066429
2265.6960001	0.599883
2267.70300007	0.118014
2269.71600032	0.362888
2271.70300007	4.542598
2273.70800042	4.982042
2275.70800042	0.097729
2277.70000029	7.912543
2279.70900035	0.205069
2281.71400023	1.054405
2283.70800042	1.533855
2285.70700026	0.34795
2287.70600033	1.053018
2289.70600033	0.107139
2291.70800042	2.071869
2293.71000028	0.116745
2295.94900036	0.029122
2297.95500016	0.040951
2299.94900036	1.855948
2301.96000004	0.99161
2303.9610002	0.073714
2305.95200014	0.157803
2307.95300031	0.101239
2309.94800043	0.244887
2311.94900036	0.965348
2313.94700027	0.113209
2315.94700027	0.142615
2317.95000029	1.197672
2319.95000029	0.01517
2321.94700027	0.08592
2323.94600034	0.18647
2325.95800018	0.183238
2327.95200014	0.242166
2329.94800043	0.017381
2331.96000004	1.032004
2333.96300006	0.09018
2335.95200014	0.927947
2337.95800018	4.324257
2339.79100013	2.225452
2341.96300006	1.720011
2343.94900036	3.868674
2345.94800043	0.057276
2347.9610002	6.501362
2349.96000004	1.008084
2351.94900036	6.916333
2353.95500016	5.951294
2355.95400023	6.201405
2357.95900011	2.304268
2359.94800043	0.987114
2361.94800043	0.303509
2363.80500031	0.985857
2365.95300031	4.35934
2367.94900036	2.206916
2369.96400046	2.566673
2371.95100021	0.014598
2373.95200014	0.986177
2375.95300031	0.517693
2377.95300031	0.488757
2379.9610002	0.062784
2381.95400023	0.151391
2383.94800043	2.741809
2385.96000004	3.624588
2387.94800043	5.578437
2389.95200014	2.766149
2391.94800043	5.844271
2393.95600033	1.014295
2395.94800043	8.159247
2397.95800018	1.015502
2399.9610002	2.251919
2401.97000027	8.598287
2403.95400023	9.100872
2405.96200013	5.892001
2407.96200013	1.051901
2409.95800018	0.161588
2411.94700027	1.055902
2413.96200013	0.132047
2415.95500016	0.690292
2417.95600033	6.14871
2419.95200014	4.223758
2421.96000004	4.223758
2423.95200014	0.03908
2425.96200013	1.647125
2427.95700026	0.077894
2429.95700026	1.783174
2431.96200013	9.015115
2433.96300006	3.81176
2435.95300031	2.51958
2437.94900036	0.250046
2439.96400046	5.782856
2441.96000004	0.029698
2443.95800018	0.218369
2445.94900036	4.896607
2447.96200013	5.008706
2449.96200013	0.134992
2451.96300006	5.333152
2453.95100021	1.709339
2455.95100021	1.002784
2457.9610002	6.462451
2459.95200014	6.883292
2461.96000004	0.058758
2463.96400046	0.526906
2465.96000004	0.150982
2467.95800018	0.120092
2469.94900036	0.119782
2471.95200014	0.119778
2473.95800018	0.074826
2475.95600033	0.014818
2477.9610002	0.04328
2479.9610002	0.033258
2481.95200014	0.047263
2483.94900036	3.176529
2485.96600032	4.623333
2487.95800018	3.078861
2489.95800018	0.082651
2491.9610002	0.251177
2493.96700025	1.337807
2495.95800018	1.846637
2497.95300031	7.440451
2499.95200014	0.043546
2501.97100019	1.921007
2503.95100021	2.987889
2505.96500039	0.281078
2507.96800017	0.030076
2509.96700025	0.778404
2511.96200013	3.81714
2513.96700025	1.318609
2515.95500016	6.380145
2517.95700026	0.044948
2519.96400046	1.814967
2521.95900011	0.530227
2523.95200014	4.811916
2525.95000029	4.811916
2527.95100021	3.116851
2529.94900036	3.116851
2531.95500016	1.02892
2533.9610002	6.336091
2535.96800017	5.747261
2537.96600032	0.999315
2539.9610002	3.517749
2541.96000004	0.974018
2544.2050004	0.057883
2546.20700026	0.841862
2548.20900035	3.538478
2550.20600033	0.041783
2552.20700026	5.287088
2554.2190001	5.273417
2556.21500015	0.075744
2558.2110002	7.838517
2560.21600008	8.53047
2562.21200037	7.699275
2564.20300007	0.015199
2566.22300029	0.966899
2568.20800018	1.238792
2570.21000028	8.985143
2572.21400023	1.718146
2574.2050004	2.163637
2576.20300007	1.05299
2578.20600033	9.58317
2580.20000005	7.791895
2582.2190001	8.94463
2584.21500015	1.098171
2586.21500015	0.096057
2588.20700026	7.890102
2590.2050004	1.067279
2592.21800017	0.059833
2594.20900035	0.258436
2596.21000028	9.284672
2598.20200014	3.687947
2600.21200037	1.78568
2602.21600008	3.769902
2604.21600008	4.741668
2606.21500015	4.938124
2608.2110002	0.885397
2610.20800018	0.016852
2612.21000028	5.766874
2614.20700026	1.007326
2616.21000028	3.080551
2618.20300007	0.031806
2620.20200014	5.295647
2622.22200012	6.25142
2624.20300007	2.272993
2626.20400047	3.548713
2628.20400047	0.993418
2630.20300007	0.066524
2632.20300007	0.015978
2634.20300007	1.090321
2636.20300007	0.896446
2638.20400047	1.041011
2640.20400047	0.080815
2642.20300007	7.215144
2644.2050004	0.59003
2646.20600033	8.219058
2648.20300007	1.062028
2650.2050004	5.945774
2652.20300007	4.752042
2654.20300007	1.924344
2656.20200014	0.05952
2658.20400047	8.412406
2660.20300007	8.412406
2662.20300007	1.007022
2664.20400047	9.496104
2666.20300007	9.496104
2668.20600033	3.395127
2670.20200014	9.515599
2672.20300007	9.515599
2674.20300007	9.515599
2676.20400047	9.515599
2678.20400047	9.515599
2680.20300007	9.515599
2682.20300007	9.515599
2684.20400047	0.101769
2686.2050004	4.738017
2688.20400047	0.205967
2690.20300007	0.040882
2692.20300007	4.722258
2694.20700026	0.327578
2696.20400047	8.8475
2698.20300007	8.8475
2700.20400047	0.088587
2702.20300007	5.165839
2704.20600033	0.004413
2706.2050004	0.137789
2708.2050004	0.118204
2710.20300007	0.078374
2712.20900035	4.20828
2714.2050004	4.135777
2716.2050004	0.376215
2718.20800018	3.852296
2720.20400047	0.049051
2722.20400047	5.040573
2724.20400047	0.03144
2726.20700026	0.131589
2728.20700026	0.344468
2730.2050004	1.628565
2732.20400047	0.078922
2734.20700026	0.926107
2736.2050004	2.279451
2738.20400047	0.749121
2740.2050004	0.773294
2742.20600033	2.125214
2744.20800018	0.017126
2746.2050004	4.671874
2748.20600033	0.016104
2750.2050004	4.473091
2752.2050004	0.88975
2754.20400047	0.815128
2756.20700026	0.059573
2758.91900015	0.567392
2760.49200034	0.714295
2762.20600033	0.928257
2764.2050004	0.016423
2766.20600033	0.55192
2768.21600008	1.328105
2770.2050004	2.039419
2772.20600033	2.168761
2774.2050004	1.867243
2776.20900035	2.812162
2778.20800018	0.328955
2780.20700026	0.432866
2782.20600033	0.914511
2784.20600033	0.014509
2786.2050004	0.095134
2788.2050004	0.014998
2790.21700025	0.070528
2792.21000028	4.359396
2794.20800018	0.112723
2796.2130003	0.015712
2798.20600033	3.85836
2800.2190001	3.444117
2802.20600033	1.120866
2804.20600033	3.196717
2806.45700026	3.196717
2808.45600009	6.194863
2810.30300021	5.943969
2812.45600009	0.040484
2814.45500016	6.361031
2816.45700026	0.033395
2818.45600009	5.799927
2820.45600009	5.297722
2822.45500016	5.636782
2824.45700026	0.409214
2826.45500016	6.868727
2828.45600009	6.868727
2830.45600009	6.894503
2832.45700026	7.46327
2834.29500008	7.46327
2836.45800018	7.46327
2838.46000028	7.054242
2840.45800018	1.038133
2842.46000028	6.413645
2844.45700026	6.413645
2846.45700026	6.413645
2848.45800018	0.272295
2850.45700026	0.020188
2852.45600009	0.308146
2854.45800018	1.038297
2856.45700026	4.901149
2858.29700041	5.305164
2860.45700026	5.573988
2862.45700026	0.01462
2864.45600009	7.405797
2866.45700026	2.699668
2868.46000028	2.930457
2870.45700026	7.025285
2872.45700026	6.827638
2874.45700026	6.827638
2876.45600009	6.234092
2878.45700026	6.234092
2880.45600009	0.263717
2882.29200029	3.000263
2884.46000028	2.172055
2886.4610002	0.290759
2888.45600009	1.066386
2890.47100019	0.0829
