0.0	0.013968
0.552999973297	0.003194
0.861000299454	0.065045
1.08600020409	0.12483
1.56900000572	0.048267
2.01400017738	0.045295
2.50500011444	0.11426
2.91600012779	0.182545
3.30200028419	0.017995
3.617000103	0.159797
5.62700009346	0.261512
7.66300010681	6.206048
9.61600017548	0.235641
11.6300001144	0.274032
14.0650000572	0.050769
15.623000145	0.122274
17.6260001659	0.070251
19.6160001755	0.225672
21.6550002098	0.338907
23.6240000725	0.323189
25.9180002213	0.972714
27.8680000305	0.017215
29.6590001583	0.315524
31.6440000534	0.063213
33.8860001564	0.060591
35.8830001354	1.786054
37.8790001869	0.018271
39.6240000725	2.917755
41.873000145	0.893025
43.9040000439	0.045854
46.0970001221	0.048779
48.1289999485	2.875352
50.3790001869	0.07014
52.3730003834	2.457005
54.6690003872	0.032998
56.6480000019	1.061004
58.8940002918	0.016265
61.2240002155	1.633666
63.1380002499	0.057227
65.5040001869	0.492698
67.6360001564	2.49788
69.6380002499	5.49168
71.8820002079	0.096421
74.2640001774	0.095902
76.1910002232	4.869153
78.4079999924	0.917889
80.6270000935	0.130479
82.8740003109	4.574682
84.870000124	4.37225
87.1250002384	6.225724
89.3770000935	4.628246
91.3930001259	0.914587
93.6809999943	0.010276
95.8940002918	0.187001
98.1260001659	1.084285
100.407000065	0.131749
