0.0	0.037741
0.359000205994	1.275831
0.477000236511	1.277364
0.625000238419	1.708218
1.02000021935	0.014986
1.3029999733	10.365572
1.48300004005	7.771242
1.67300033569	6.555575
1.8290002346	9.672219
3.60700011253	0.225368
5.60700011253	2.225338
7.61100006104	0.289614
10.1790001392	0.033848
12.1800003052	3.630518
14.1800003052	0.017054
16.1790001392	0.049869
18.1830000877	0.034242
20.1800003052	0.011216
22.1800003052	0.413363
24.1790001392	0.034336
26.1790001392	0.087256
27.7380001545	0.003574
30.1800003052	0.0584
31.7540001869	1.317161
33.8580000401	0.058532
35.8559999466	0.008499
37.9030001163	0.01551
39.859000206	0.018822
41.8559999466	5.835854
43.8550000191	4.957183
45.8550000191	10.035843
47.8550000191	4.621391
49.8550000191	1.003388
52.1050002575	0.098709
54.106000185	2.00726
56.1070001125	2.098547
58.106000185	0.022284
60.106000185	0.043781
62.106000185	0.009876
64.1070001125	0.008451
66.359000206	0.025861
68.3570001125	0.786588
70.3570001125	0.014663
72.3570001125	0.071214
74.356000185	0.094298
76.356000185	0.017334
78.356000185	0.936847
80.3570001125	0.898826
82.6070001125	1.606337
84.606000185	0.415025
86.609000206	0.018149
88.612000227	0.620836
90.6670000553	0.033987
92.6070001125	0.765717
94.612000227	0.279804
96.612000227	0.0085
98.6070001125	0.077446
100.607000113	0.01709
102.609000206	0.768993
104.610000134	14.880506
106.610000134	13.765299
108.606000185	0.01849
110.60800004	0.075694
112.609000206	0.956441
114.605000257	0.011156
116.610000134	0.14546
118.857000113	0.068817
120.855000019	0.015964
122.855999947	0.018674
124.861000299	17.516602
127.105000257	0.003725
128.855000019	0.102798
130.854000092	0.011379
133.105000257	0.027971
135.106000185	0.207338
137.108000278	0.027356
139.104000092	0.123647
141.105000257	0.936268
143.106000185	4.189436
145.104000092	7.126592
147.105000257	11.453687
149.103000164	2.030423
151.103000164	5.909404
153.105000257	0.171469
155.103000164	3.580543
157.106000185	11.971899
159.103000164	4.047956
161.353000164	0.039271
163.355000019	0.64186
165.353000164	0.202618
167.357000113	0.308345
169.605000257	0.090495
171.60400033	0.019043
173.60400033	0.067514
175.60400033	0.039109
177.541000128	0.018704
179.605000257	0.016881
181.606000185	0.022869
183.60400033	0.003966
185.60400033	0.066419
187.606000185	0.018875
189.60400033	0.951342
191.60400033	0.362916
193.60400033	0.157167
195.853000164	0.0111
197.854000092	0.016832
199.855000019	0.104361
201.85800004	0.093147
203.698000193	0.854428
205.85800004	0.693738
207.855000019	4.234628
209.854000092	0.955156
211.853000164	1.311205
213.853000164	5.268667
215.853000164	0.0614
217.854000092	0.018977
219.857000113	0.018846
221.854000092	0.003662
223.855999947	0.060823
225.855000019	0.110161
227.854000092	0.017769
230.104000092	0.056647
232.105000257	0.426116
234.104000092	0.98437
236.103000164	0.051989
238.103000164	0.536717
240.105000257	0.156859
242.102000237	0.118174
244.102000237	0.018858
246.103000164	8.969244
248.103000164	0.091037
250.104000092	0.096453
252.104000092	0.008821
254.103000164	0.088234
256.103000164	0.56125
258.105000257	0.074273
260.35800004	0.025446
262.354000092	0.027066
264.351999998	0.034592
266.356000185	0.250431
268.355000019	0.035601
270.351000071	0.07128
272.354000092	0.012301
274.355000019	0.232986
276.353000164	0.144254
278.354000092	0.180345
280.351999998	7.637314
282.351999998	0.943673
284.353000164	9.726742
286.603000164	11.592952
288.601000309	0.968847
290.603000164	0.09753
292.601000309	8.013935
294.602000237	11.718879
296.601000309	13.114573
298.601000309	15.253037
300.507000208	0.672088
302.601000309	15.654438
304.601000309	12.331401
306.600000143	0.948634
308.603000164	6.39495
310.853000164	0.643495
312.851000071	9.286836
314.850000143	9.971797
316.850000143	5.224002
318.850000143	2.991728
320.851000071	3.61297
322.850000143	4.487661
324.850000143	4.576342
327.100000381	4.576342
329.100000381	4.576342
331.101000309	4.576342
333.101000309	10.58467
335.101000309	10.719129
337.101000309	11.751219
339.102000237	11.506389
341.103000164	12.87406
343.101000309	15.460674
345.101000309	0.383355
347.101000309	16.415721
349.101000309	0.372793
351.101000309	17.229573
353.101000309	19.623702
355.101000309	0.387453
357.350000143	11.828892
359.350000143	0.785267
361.351999998	6.364162
363.351000071	6.364162
365.350000143	6.364162
367.601000309	0.091985
369.600000143	6.838199
371.601000309	6.502838
373.600000143	7.542526
375.601000309	7.542526
377.602000237	7.888968
380.173000336	8.025346
382.17200017	2.789251
384.175000191	4.032773
386.173000336	1.812207
388.17200017	7.673617
390.175000191	8.145711
392.173000336	7.512527
394.173000336	4.235029
396.17200017	9.982556
398.173000336	10.332495
400.175000191	0.200492
402.17200017	7.469101
404.17200017	1.815597
406.173000336	2.631703
408.174000263	12.672016
409.852000237	0.752599
411.851000071	11.958494
413.84800005	7.406124
415.849000216	5.858201
417.850000143	0.633338
419.850000143	5.465278
421.853000164	8.587911
423.849000216	8.587911
425.852000237	7.209207
427.850000143	0.936275
429.849000216	0.35968
431.849000216	0.169774
433.855000019	0.882878
436.098999977	0.621759
438.102000237	0.421493
440.102000237	0.237895
442.103000164	0.101723
444.098999977	0.113019
446.077000141	0.117633
448.113000154	1.592507
450.100000381	0.390749
452.098999977	0.118175
454.098999977	0.051525
456.098999977	0.966176
458.101000309	0.03568
460.102000237	7.461377
462.100000381	0.018691
464.100000381	14.179959
466.349000216	7.819433
468.349000216	15.643967
470.349000216	10.674865
472.349000216	2.121379
474.348000288	5.942685
476.348000288	0.617264
478.348000288	0.373355
480.349000216	5.597951
482.350000143	3.886035
484.348000288	3.886035
486.349000216	3.886035
488.349000216	5.543696
490.350000143	5.078977
492.350000143	1.270592
494.349000216	5.813953
496.351000071	0.015205
498.351000071	0.313291
500.350000143	0.018737
502.351000071	0.185396
504.351000071	0.957593
506.354000092	2.709959
508.350000143	3.056623
510.601000309	0.280884
512.601000309	0.568488
514.598999977	0.128386
516.598999977	0.162637
518.600000143	0.008702
520.598999977	0.196538
522.598999977	0.053835
524.598999977	0.003915
526.600000143	0.385036
528.600000143	0.003867
530.59800005	0.016687
532.59800005	19.07618
534.600000143	0.05699
536.597000122	7.186454
538.598999977	0.765179
540.598999977	2.392745
542.614000082	0.043852
544.598999977	20.006531
546.849000216	0.136715
548.849000216	0.013737
550.849000216	0.435528
552.84800005	0.984394
554.84800005	0.454036
556.853000164	0.042686
558.849000216	15.415433
560.852000237	0.017068
562.851000071	0.536703
564.847000122	0.188411
566.847000122	0.654046
568.849000216	0.163544
570.847000122	0.250557
572.847000122	0.072287
574.847000122	0.747267
576.847000122	0.520646
578.849000216	0.017885
580.853000164	0.827315
583.098999977	0.053407
585.095999956	0.015491
587.097000122	0.033979
589.100000381	0.035067
591.100000381	0.043354
593.098999977	0.042327
595.09800005	0.207733
597.09800005	0.059473
599.09800005	0.017062
601.09800005	10.954698
603.09800005	0.01435
605.253000259	0.638542
607.349000216	0.142792
609.347000122	13.176595
611.347000122	0.659488
613.351000071	17.508373
615.347000122	0.396364
617.347000122	19.494369
619.348000288	0.916712
621.351000071	0.977492
623.347000122	0.213952
625.347000122	0.094162
627.597000122	21.602602
629.507000208	0.395092
632.170000076	0.475264
634.167999983	0.012964
636.169000149	0.489078
638.170000076	0.499529
640.170000076	0.379902
642.170000076	0.015193
644.174000263	0.236748
646.171000004	0.018347
648.171000004	0.019867
650.169000149	0.327136
652.169000149	0.021065
654.169000149	0.042053
656.170000076	0.330708
658.169000149	0.011981
661.169000149	0.769695
663.171000004	5.068579
665.263999939	0.038668
667.002000093	0.021493
668.289000273	0.140396
671.169000149	0.036559
673.167000055	0.140414
675.174000263	0.017821
677.169000149	0.022663
678.429000139	0.104531
681.166000128	0.073381
683.170000076	0.419239
685.173000336	0.05468
687.176000118	0.11
689.167000055	0.12943
691.169000149	0.058936
693.170000076	0.236437
695.167000055	0.322691
697.171000004	0.059978
699.173000336	0.05134
701.171000004	0.222411
702.255000114	4.679177
705.1650002	15.312515
707.169000149	0.912078
709.171000004	15.41821
711.170000076	1.996126
712.260000229	6.364585
714.84400034	6.364585
716.347000122	6.364585
