0.0	1.692708
0.0990002155304	2.237331
0.84500002861	0.107036
1.7610001564	0.416568
2.367000103	0.0154
2.68400001526	2.806793
3.0560002327	2.332423
3.64400005341	0.409334
4.45300006866	0.52927
4.83800029755	2.051788
5.71700000763	1.846491
7.6970000267	0.365641
9.36000013351	0.020242
11.3619999886	2.755055
13.9580001831	1.144165
17.9350001812	1.476205
19.9730000496	0.944248
21.1420001984	0.564958
25.5100002289	0.332392
26.5250000954	2.281543
27.4630002975	0.024557
28.7800002098	0.507514
29.6809999943	0.197903
31.5230002403	0.50002
34.7990002632	1.272474
36.2830002308	1.388374
39.0920000076	0.640887
41.6470000744	0.10368
44.2220003605	0.845813
46.0830001831	0.568709
48.4150002003	0.002463
51.123000145	0.581557
53.9409999847	1.204572
56.114000082	0.653683
59.9769999981	0.720265
62.3770000935	1.102064
64.356000185	1.628517
66.8659999371	0.714445
68.3380000591	0.216254
69.8170001507	0.280912
72.9280002117	0.425045
74.7769999504	0.778988
76.8430001736	0.651121
77.9960000515	0.248337
79.5280001163	0.022629
81.1000001431	0.260079
82.4480001926	0.242687
83.7460000515	2.265517
85.2470002174	2.676347
87.7240002155	0.846259
89.8900001049	0.017906
90.2019999027	1.768028
90.8060002327	0.014543
92.3390002251	0.950353
94.6990001202	1.344411
96.0369999409	0.094287
97.3580002785	1.727543
99.3790001869	1.020483
101.359000206	0.0095
103.296000004	0.003972
105.368000031	1.629698
107.36500001	0.062871
109.358000278	2.384435
111.358000278	0.047257
113.368000031	0.355696
115.359000206	0.018526
117.363000154	0.999853
119.364000082	2.630385
121.364000082	1.354898
123.358000278	0.966067
125.358000278	2.815724
127.364000082	0.074444
129.79700017	1.389113
132.876000166	0.016553
135.072000027	0.255634
138.555000067	1.002849
138.951000214	2.816389
140.654000282	0.351112
142.213000059	0.766101
143.739000082	0.147583
145.358000278	2.034325
147.359000206	0.777362
149.358000278	0.585544
151.361999989	0.754677
154.052999973	0.003398
157.644999981	0.28062
161.696000099	0.434901
164.374000311	0.041488
167.861000061	0.089802
169.598000288	1.725063
170.501000166	0.142346
171.702000141	0.054539
172.817000151	0.032205
174.772000074	0.105661
175.849999905	0.210444
178.491000175	2.081298
181.394000053	0.147474
185.71600008	0.647659
189.201999903	1.926524
190.401000023	0.110509
190.959000111	0.808386
191.326000214	0.191437
191.525000095	2.156404
191.723000288	2.178588
193.606000185	0.637257
195.625999928	0.033241
197.657000065	0.1373
199.52300024	0.257838
201.615000248	2.238294
203.607000113	2.822945
205.60800004	0.132868
207.60800004	0.036664
209.617000103	0.990978
211.607000113	2.691851
213.61400032	3.050626
215.60800004	0.052613
217.606000185	0.845256
219.616000175	0.331019
221.60800004	2.914492
223.611000299	0.019446
225.608999968	0.206438
227.609999895	0.5429
229.605000019	0.047299
231.647000074	0.080783
233.619000196	0.521712
235.60800004	0.583666
237.607000113	0.03278
239.606000185	0.695856
241.608999968	0.011344
243.608999968	1.329699
245.606000185	1.649135
247.513000011	2.29527
