0.0	0.028488
1.47099995613	0.54599
2.64499998093	1.260871
3.6819999218	0.981412
4.14900016785	0.117493
4.4509999752	2.501454
4.97899985313	1.272839
5.40599989891	1.199598
5.83099985123	1.301738
6.2610001564	1.284163
6.76200008392	1.147589
8.75999999046	2.968436
10.7490000725	1.761866
12.751999855	0.889855
14.7650001049	1.300959
16.8010001183	0.608741
18.7820000648	0.28602
20.7630000114	0.717122
22.7620000839	0.348415
25.0010001659	1.136236
26.7699999809	1.081298
29.1290001869	0.770729
31.6789999008	0.787645
33.378000021	0.78123
35.1900000572	1.334779
37.0370001793	0.0155
39.0770001411	0.061563
41.6740000248	0.010805
44.0549998283	0.485167
46.2349998951	0.503767
48.0130000114	0.035366
49.3059999943	0.05235
51.0090000629	0.758995
53.0	0.175196
55.4330000877	0.858265
57.0940001011	0.457256
58.9779999256	0.936847
61.5020000935	0.169587
63.6479997635	0.313792
65.6589999199	0.646598
67.5169999599	0.021632
68.9210000038	1.316315
71.0069999695	0.871589
73.0020000935	0.421696
75.0120000839	2.989287
77.353000164	1.060737
78.8589999676	0.071201
81.0069999695	0.008259
82.881000042	0.794328
85.0130000114	1.118376
87.2100000381	0.002169
89.0719997883	0.519578
91.007999897	1.434583
92.8299999237	0.042427
94.9979999065	0.010499
97.2820000648	0.004509
99.5539999008	0.165406
101.010999918	0.038825
102.998999834	0.667166
105.005000114	0.455919
106.890000105	0.645494
109.006000042	1.284542
111.010999918	1.195013
113.004000187	0.362504
115.006000042	0.047169
117.004000187	1.213576
119.0	0.944441
121.0	0.119137
122.882999897	0.01425
125.651000023	0.075882
129.398000002	0.990377
132.230000019	0.984191
135.86500001	0.568105
139.230000019	0.250974
142.08100009	0.044591
143.996000051	0.13247
147.605000019	0.370668
148.693000078	1.299443
150.492000103	0.531395
151.743000031	0.150319
153.069999933	0.289672
154.943999767	0.14511
156.559000015	0.394573
159.526000023	0.358436
163.169000149	0.851506
166.049999952	0.010477
168.101000071	0.043732
169.273000002	0.268541
170.558000088	0.346611
172.162999868	0.350734
173.463999987	0.334767
176.46600008	0.025632
179.986999989	1.13069
182.638000011	1.141987
183.730000019	0.67893
185.134000063	1.108825
185.879999876	1.388291
186.49000001	1.609871
190.236999989	0.926614
192.398000002	0.123389
194.441999912	0.554015
196.394999981	0.941078
198.441999912	0.72186
200.381000042	1.15857
203.075000048	1.241075
205.638000011	0.023927
206.805999994	1.292009
207.56799984	0.004523
209.242000103	1.21454
210.102999926	1.035338
210.917000055	0.304536
212.095999956	1.238229
212.686000109	0.19241
213.765000105	0.462869
215.372000217	0.746048
217.004000187	0.056124
219.005000114	0.621395
221.003000021	0.769752
222.996999979	1.058508
225.009000063	0.105428
226.996999979	0.021396
229.006999969	1.251237
231.012000084	0.902493
233.005000114	0.014301
235.010999918	1.276691
237.003000021	0.014499
239.00999999	0.73204
241.005000114	1.657666
243.007999897	1.657666
244.997999907	1.178705
246.996000051	0.66925
249.013999939	1.67209
251.006000042	1.67209
253.002000093	0.023108
255.001000166	1.03506
257.002000093	0.666926
259.006999969	1.315632
261.001000166	0.672057
262.998999834	0.575754
265.002000093	1.862139
266.998999834	3.307713
269.245000124	3.709215
271.250999928	0.681331
273.404999971	1.565999
275.245000124	1.181816
277.00999999	0.193768
279.261000156	1.972433
281.151000023	1.370398
283.769000053	0.295033
285.249000072	1.184789
287.255999804	0.282131
289.247999907	1.330733
291.250999928	0.304446
293.254999876	1.052007
295.257999897	0.722445
297.261000156	1.210179
299.246000051	0.010516
301.25	2.842696
303.247999907	0.821792
305.254999876	3.202236
307.262000084	3.202236
309.490999937	1.29667
313.290999889	0.874872
317.639999866	1.178319
321.243000031	1.256633
324.629000187	0.733747
327.940999985	1.201992
331.381999969	0.770971
333.638000011	0.477802
334.245000124	1.305878
335.197000027	1.158891
335.598999977	2.227125
336.417000055	0.167318
336.79700017	2.02069
337.374000072	0.148823
337.743999958	1.979754
339.259000063	0.004796
341.253999949	0.630025
343.261000156	1.263769
345.263999939	1.782471
347.261000156	1.377624
349.247999907	0.026729
351.261000156	1.280191
353.263999939	0.013809
355.246000051	1.139647
357.246999979	1.442484
359.257999897	1.194721
361.254999876	0.003893
363.322999954	0.34488
365.256999969	3.448856
367.246999979	1.783952
369.25	0.027821
371.260000229	2.199471
373.254999876	2.139477
375.259000063	0.935624
377.247999907	1.631048
379.249000072	1.608102
381.247999907	1.317128
383.254999876	1.794036
385.249000072	1.773244
387.260000229	0.031199
389.247999907	1.478599
391.252000093	1.364458
393.249000072	1.605961
395.247999907	1.529614
397.25	0.067659
399.250999928	1.307321
401.250999928	0.424034
403.25	1.305189
405.250999928	1.43161
407.246000051	0.042806
409.244000196	1.604304
411.246999979	0.102602
413.253999949	1.456122
415.253000021	0.700906
417.259000063	2.082698
419.253999949	1.088341
421.697999954	0.008186
423.486000061	1.114444
425.546000004	0.172009
427.429000139	1.512295
429.55700016	1.313028
431.539000034	0.235155
433.355000019	0.593015
435.271999836	0.856585
437.25	0.844427
439.601000071	0.042734
441.802000046	0.009122
443.946000099	0.040909
446.018000126	0.053738
448.730999947	0.688737
451.238999844	0.519105
452.819000006	1.083819
454.237999916	0.71225
455.885999918	0.67421
459.815000057	1.302269
465.441999912	0.032346
467.817000151	0.281043
469.578000069	0.591696
471.371000051	0.122813
473.004000187	0.058367
475.002000093	0.43772
477.492000103	0.919867
