0.0	2.677738
0.853000164032	1.13666
1.07700014114	0.991209
1.52600002289	2.767622
2.15199995041	2.244464
2.7539999485	2.650263
3.26699995995	2.070152
3.72099995613	2.075244
4.30399990082	0.911966
4.88700008392	1.365644
6.507999897	2.256382
8.47000002861	0.023843
10.4759998322	0.881257
12.4809999466	0.866153
14.4719998837	0.732764
16.4800000191	0.643831
18.4719998837	0.590022
20.5119998455	0.013904
22.4739999771	0.679489
24.5170001984	0.99612
26.4719998837	0.214523
28.4909999371	0.347838
30.4749999046	0.61926
32.4790000916	0.026092
34.4820001125	0.155211
36.4900000095	0.082561
38.4960000515	1.653903
40.4800000191	0.600263
42.4700000286	1.524602
44.4839999676	1.479866
46.478000164	1.365169
48.5759999752	2.352996
50.4719998837	0.269013
52.4709999561	0.298132
54.4770002365	0.455049
56.4759998322	2.130563
58.4709999561	2.130563
60.4709999561	0.184591
62.4700000286	0.015354
64.4759998322	1.60724
66.4879999161	0.619852
68.4729998112	0.172297
70.4820001125	0.032471
72.4739999771	0.218389
74.4930000305	0.622267
76.6440000534	1.367799
78.4700000286	0.923975
80.4700000286	0.179271
82.8839998245	0.188129
84.7279999256	0.569474
86.7220001221	0.075437
88.4709999561	0.032506
90.4909999371	0.015146
92.5010001659	0.122453
94.7269999981	0.173259
96.7209999561	0.03242
98.7230000496	0.045978
100.720999956	0.008718
102.746000051	0.210091
104.73300004	0.010485
106.73300004	0.016129
109.031999826	0.001885
110.726000071	2.209634
112.725000143	1.330226
114.720999956	1.283783
116.73300004	1.283783
118.720999956	2.487164
120.720999956	0.984063
122.726000071	2.6941
124.720000029	1.005678
126.726000071	0.677695
128.720000029	0.006107
130.769999981	0.160852
132.805000067	2.405016
134.736999989	3.049265
136.735999823	2.952296
138.720999956	3.043615
140.720000029	3.430079
142.720000029	1.048855
144.727999926	0.12827
146.723999977	1.279379
148.720999956	0.97316
150.730999947	0.012402
152.720999956	1.133527
154.720000029	2.442035
156.720999956	0.020275
158.731999874	0.011913
160.890000105	2.330765
162.720999956	2.696709
164.727999926	2.388051
166.730000019	2.612903
168.720000029	2.612903
170.723999977	2.868059
172.730000019	3.229899
174.730999947	3.229899
176.720999956	3.066595
178.727999926	0.16269
180.72300005	0.054598
182.723999977	1.769699
184.720000029	1.942137
186.720000029	0.580559
188.72300005	0.71124
190.720999956	0.433811
192.738000154	0.077032
194.72300005	0.093219
196.720999956	0.496339
198.722000122	0.661262
200.723999977	1.065677
202.720999956	0.921872
204.73300004	2.200065
206.730999947	2.320162
208.725000143	0.279196
210.807999849	1.940026
212.720000029	1.98368
214.725000143	1.159808
216.728999853	0.141591
218.720999956	0.038013
220.730999947	0.177699
222.723999977	0.643046
224.720000029	0.005828
226.722000122	0.028732
228.738000154	0.031094
230.728999853	0.006471
232.72300005	0.074695
234.73300004	0.046028
236.720000029	0.686078
238.893000126	0.009133
240.726999998	0.07837
242.722000122	0.361483
244.725000143	0.006428
246.720999956	0.008529
248.734999895	0.170111
250.738000154	0.007815
252.726000071	0.05003
254.726000071	0.00659
256.720999956	0.67807
258.72300005	0.944544
260.747999907	0.555395
262.733999968	0.008514
264.739000082	0.0181
266.720999956	1.167441
268.720999956	0.354918
270.719000101	0.012381
272.726000071	1.192252
274.726000071	0.065777
276.743999958	0.227952
278.72300005	0.109217
280.720999956	1.093655
282.719000101	1.285605
284.719000101	0.669434
286.720999956	0.132733
288.806999922	0.075273
290.734999895	0.036485
292.76699996	0.130136
294.728999853	0.065138
296.722000122	0.954289
298.720999956	1.47425
300.723999977	1.042097
302.733999968	0.01901
304.734999895	0.604207
306.720999956	0.044827
308.72300005	0.025014
310.72300005	0.734892
312.72300005	0.028881
314.719000101	0.058671
316.896999836	1.367194
318.725000143	0.656467
320.719000101	0.017216
322.72300005	0.412463
324.720999956	0.204158
326.720999956	2.03019
328.725000143	0.574459
330.720999956	0.915804
332.97300005	0.286379
334.984999895	0.621504
336.979000092	0.186504
338.971999884	0.025026
340.970999956	0.007603
342.974999905	0.270842
344.970999956	0.004987
346.863999844	0.836472
348.97300005	0.017663
350.97300005	2.380675
352.980000019	0.016843
358.398999929	0.264624
359.629000187	0.013115
360.34499979	0.035678
360.997000217	0.931598
362.978000164	0.462912
364.975999832	0.840992
366.971999884	0.045258
368.97300005	0.333791
370.941000223	0.032551
373.04399991	0.016761
374.970999956	0.051094
376.970999956	0.012709
378.974999905	0.020025
380.970999956	0.014118
382.974999905	0.082691
384.968999863	0.071827
386.970999956	1.211219
388.973999977	0.016208
390.970000029	0.07881
392.971999884	0.035406
394.983999968	0.197317
396.970999956	0.036751
398.975999832	0.002533
401.136999846	1.956522
402.968999863	1.701439
404.970999956	0.546253
406.974999905	1.116652
408.975999832	0.291677
410.982000113	0.030125
412.981000185	0.0077
414.970999956	0.158849
416.971999884	0.108948
418.880999804	0.588696
420.970999956	0.022826
422.97300005	1.3293
424.97300005	2.213145
426.970999956	1.679884
428.979000092	1.823924
430.970999956	0.939585
432.98300004	0.009174
434.970999956	2.268746
436.97699976	2.268746
438.986999989	2.056867
440.97300005	1.46653
442.858999968	1.947763
444.973999977	0.005415
446.987999916	0.442187
448.973999977	0.005269
451.052000046	0.153238
452.986000061	0.643202
454.97300005	0.017565
456.970999956	0.007888
458.994999886	0.002285
460.968999863	0.027283
462.97699976	0.402275
464.971999884	0.601613
466.981000185	0.663677
468.97300005	0.040076
470.97300005	0.766365
472.975999832	1.178573
474.970999956	0.071681
476.978000164	0.553643
479.1650002	0.010166
480.970999956	0.051779
482.968999863	0.055787
484.992999792	0.185683
486.970999956	0.201201
488.997000217	0.048762
490.898999929	0.46319
492.979000092	0.157888
494.97300005	0.232653
496.986999989	0.284091
498.97699976	1.532648
500.97699976	0.036508
502.970999956	0.914493
505.000999928	1.16886
506.973999977	0.965665
508.97300005	0.022688
510.971999884	0.012518
512.970999956	0.012966
514.970000029	1.10383
516.974999905	1.659712
518.970999956	0.919468
520.970999956	0.263594
522.98300004	0.964707
524.97300005	0.453615
