0.0	0.014731
0.733000040054	0.336237
1.21600008011	0.258118
1.66599988937	0.372249
2.03500008583	0.686631
2.37599992752	0.177541
2.55000019073	0.375723
3.03500008583	0.2565
3.53500008583	0.738313
4.36500000954	0.811225
6.3630001545	0.063395
8.77699995041	0.446902
10.3619999886	0.158384
12.3120000362	0.414855
14.3630001545	0.582746
16.3619999886	0.269074
18.3609998226	0.532465
20.3619999886	0.627152
22.2839999199	0.089335
24.3650000095	0.832781
26.3009998798	0.837358
28.3699998856	0.71309
30.3609998226	0.800896
32.3630001545	0.845944
34.9370000362	0.285479
41.265999794	0.018036
42.1210000515	0.303108
42.5619997978	0.303108
43.4529998302	0.400568
44.478000164	0.251441
46.3539998531	0.262575
48.3619999886	0.574261
50.3619999886	0.566096
52.3609998226	0.802836
54.3609998226	0.756133
56.364000082	0.323588
58.3630001545	0.555938
62.628000021	0.49673
64.131000042	0.453044
65.0979998112	0.488903
66.6919999123	0.540423
69.0910000801	0.365187
71.0729999542	0.41741
74.3519999981	0.035337
75.1420001984	0.594594
76.7790000439	0.302592
78.3630001545	0.16766
80.5490000248	0.57153
82.3340001106	0.526804
84.3650000095	0.805406
86.3660001755	0.600589
88.3609998226	0.614771
90.3619999886	0.831315
93.5	0.071026
95.5920000076	0.299037
99.868999958	0.014542
100.542999983	0.44419
100.996000051	0.058865
102.436000109	0.58003
104.364000082	0.735779
106.381000042	0.605428
108.367000103	0.158235
112.550000191	0.338801
114.717000008	0.067265
116.809999943	0.201
118.851999998	0.109654
120.828999996	0.206096
122.56099987	0.166259
124.40899992	0.252545
127.337999821	0.001523
129.631000042	0.218757
130.224999905	0.126395
130.948999882	0.164501
132.361999989	0.173188
134.36500001	0.181062
136.375999928	0.185395
138.360999823	0.313634
140.364000082	0.379201
142.364000082	0.527696
144.360999823	0.607052
146.368000031	0.323751
148.36500001	0.825722
150.36500001	0.552022
152.360999823	0.63064
154.361999989	0.7139
156.361999989	0.845971
158.361999989	0.480776
160.360999823	0.452272
162.5	0.453819
164.361999989	0.517637
166.363000154	0.208611
168.360999823	0.76415
170.364000082	0.256964
172.361999989	0.486315
174.361999989	0.827655
176.360999823	0.56447
178.614000082	0.370282
181.110000134	0.785766
182.763000011	0.629208
184.737999916	0.438602
186.630000114	0.155838
190.96600008	0.380096
191.631000042	0.367491
192.611999989	0.335903
195.217000008	0.607123
197.743000031	0.5389
198.625999928	0.653689
200.614000082	0.077938
204.054000139	0.772556
205.392999887	0.618301
206.39800024	0.575764
209.275000095	0.366866
210.407000065	0.546226
212.614000082	0.502504
216.046000242	0.607824
217.164999962	0.676859
218.431999922	0.358098
220.604000092	0.041978
222.585000038	0.45489
226.90899992	0.040351
228.088999987	0.052079
232.015000105	0.176927
233.608999968	0.187961
235.029000044	0.047088
236.636999846	0.081995
239.139000177	0.001369
240.06099987	0.123465
242.135999918	0.034807
243.360999823	0.127577
244.731000185	0.080458
247.016000032	0.031457
248.443000078	0.074267
250.612999916	0.098403
252.615999937	0.091727
254.611000061	0.020988
256.614000082	0.006604
258.611999989	0.078221
261.457999945	0.030759
262.883000135	0.068044
264.611000061	0.086932
266.609999895	0.070817
268.611000061	0.086765
270.612999916	0.080642
272.611999989	0.054895
274.526000023	0.066246
276.614000082	0.074607
278.752000093	0.034038
280.612999916	0.074219
283.123000145	0.030732
285.220000029	0.058159
286.537999868	0.068739
288.715000153	0.085274
290.504999876	0.066298
292.854000092	0.058543
294.731000185	0.007078
296.615999937	0.098821
299.078999996	0.042777
301.039999962	0.069436
302.844000101	0.034764
304.61500001	0.020023
307.424999952	0.090131
308.815000057	0.049769
311.042999983	0.086498
314.438000202	0.082385
316.744999886	0.07421
319.575000048	0.02709
321.739000082	0.001245
323.02699995	0.080084
324.036999941	0.042292
325.935000181	0.036065
328.72300005	0.063702
330.691999912	0.099917
332.479000092	0.103439
333.891000032	0.089705
335.608999968	0.109561
337.496000051	0.100846
339.504999876	0.107556
342.672999859	0.080662
345.835999966	0.025993
348.484999895	0.078067
351.303999901	0.011605
352.611000061	0.092
354.27699995	0.05543
355.131000042	0.088882
357.40899992	0.001181
359.529000044	0.001072
360.506999969	0.097663
360.953999758	0.121671
362.611000061	0.054041
364.612999916	0.089921
366.611999989	0.108572
368.615999937	0.062576
370.631000042	0.080495
372.611000061	0.095819
374.726000071	0.073902
376.61500001	0.131393
378.847000122	0.059031
380.611000061	0.0601
382.611999989	0.103125
384.611000061	0.103125
386.611999989	0.09581
388.63800025	0.159347
390.611000061	0.107302
392.612999916	0.13386
394.612999916	0.13386
396.617999792	0.145945
398.611000061	0.038683
401.740999937	0.118226
402.611000061	0.007713
404.614000082	0.129134
406.614000082	0.183168
408.611999989	0.183168
410.611999989	0.125048
412.612999916	0.005724
414.737999916	0.001331
416.619999886	0.139948
418.616999865	0.001519
420.619999886	0.05888
423.69299984	0.02794
424.611999989	0.111508
427.2099998	0.071706
428.860999823	0.083693
430.863000154	0.078934
432.927000046	0.008001
434.867000103	0.081574
436.787000179	0.001473
438.863000154	0.087301
440.865999937	0.081081
442.863000154	0.036831
444.862000227	0.081669
448.505999804	0.000577
449.167000055	0.082577
450.865999937	0.065911
454.496000051	0.000559
455.048000097	0.034231
456.864000082	0.041002
458.872999907	0.041002
460.873999834	0.020031
462.868999958	0.062067
464.887000084	0.070889
466.862000227	0.081821
468.937999964	0.025506
472.625999928	0.006945
473.567000151	0.088568
474.875	0.084438
476.864000082	0.06195
478.862000227	0.018029
481.241999865	0.069202
482.748999834	0.060769
484.673999786	0.014869
486.862000227	0.036839
488.862000227	0.06722
490.862000227	0.052797
492.863000154	0.055762
494.860999823	0.067128
496.859999895	0.025039
499.217000008	0.070186
500.976000071	0.005063
502.851000071	0.046182
505.811000109	0.030114
507.054000139	0.068541
509.113999844	0.009753
510.871000051	0.035403
512.860999823	0.099489
514.862000227	0.036534
516.860999823	0.346435
518.859999895	0.259242
520.862000227	0.200453
522.867000103	0.185204
526.319999933	0.001456
527.540999889	0.115126
528.860999823	0.021938
530.864000082	0.121767
532.862000227	0.008928
534.859999895	0.148418
536.860999823	0.163076
538.942000151	0.156108
540.864000082	0.165297
542.859999895	0.201334
544.863000154	0.382613
546.864000082	0.457447
548.873999834	0.567145
550.860999823	0.494
552.862000227	0.571095
554.942000151	0.34799
556.864000082	0.498844
559.040999889	0.086419
560.862000227	0.362836
562.863000154	0.454479
564.862000227	0.446436
566.769000053	0.024471
568.83100009	0.674217
570.865999937	0.5725
572.860999823	0.630073
576.632999897	0.614422
578.188999891	0.510105
579.809000015	0.451298
580.900000095	0.21349
582.860999823	0.513121
585.311000109	0.525313
586.860999823	0.510861
588.860999823	0.069391
591.147000074	0.444485
594.703999996	0.514556
595.631000042	0.528164
596.860999823	0.294706
598.883000135	0.777747
601.144000053	0.453876
602.860999823	0.337739
604.860999823	0.60938
606.860999823	0.066816
608.878000021	0.625641
610.862000227	0.291259
612.856999874	0.335812
615.147000074	0.188908
617.03399992	0.466981
619.243000031	0.776616
620.863000154	0.540599
622.860999823	0.492373
624.860999823	0.370555
627.023000002	0.577495
630.575999975	0.070152
631.964999914	0.09738
632.864000082	0.290237
634.862000227	0.535653
637.2099998	0.414228
638.947000027	0.549062
641.478000164	0.364996
643.328000069	0.053646
646.879000187	0.016563
648.694000244	0.284734
650.337999821	0.377122
651.374000072	0.491259
652.862000227	0.150287
655.753000021	0.558093
657.614000082	0.049009
659.15199995	0.268469
660.860999823	0.243422
662.865999937	0.006972
664.867000103	0.272275
667.635999918	0.001693
670.519000053	0.152739
671.27699995	0.721152
672.870000124	0.108878
674.883000135	0.386473
677.112999916	0.116516
679.111000061	0.182336
681.112999916	0.728816
683.11500001	0.722052
685.111999989	0.745696
687.113999844	0.755668
688.899000168	0.344853
691.11500001	0.520485
693.136999846	0.462026
695.111000061	0.839728
697.111999989	0.634184
699.110000134	0.828026
701.111000061	0.591302
703.118999958	0.388832
705.111999989	0.330304
707.111999989	0.776616
709.163000107	0.517178
711.119999886	0.825608
715.215000153	0.59025
718.905999899	0.48238
721.544999838	0.403313
722.134000063	0.49217
722.555999994	0.467406
723.419000149	0.446766
725.111999989	0.499927
727.111999989	0.613392
729.121999979	0.442138
731.111999989	0.771551
733.111000061	0.509491
735.150000095	0.510516
736.953999758	0.61854
739.243000031	0.484648
741.111000061	0.62104
743.11500001	0.603706
745.113999844	0.850597
747.113999844	0.53531
750.279000044	0.5636
751.115999937	0.576328
753.110000134	0.529665
755.110000134	0.503215
757.111999989	0.468792
759.112999916	0.408855
761.111999989	0.218334
763.943000078	0.322663
765.111000061	0.17852
767.112999916	0.110161
769.023999929	0.174278
771.111000061	0.695092
772.980000019	0.246419
775.081999779	0.491248
777.111000061	0.598711
779.111000061	0.510935
781.110000134	0.131149
783.113999844	0.498288
785.19900012	0.687126
787.110000134	0.749486
789.179000139	0.612519
791.111000061	0.503688
793.112999916	0.485656
795.111000061	0.564401
797.11500001	0.824694
800.476999998	0.581453
801.055999994	0.570926
803.111000061	0.636532
805.110000134	0.496922
807.111999989	0.794952
809.111000061	0.826911
811.776000023	0.557175
813.712999821	0.546067
815.345999956	0.609458
817.764999866	0.461443
819.271000147	0.486088
821.148000002	0.526487
825.371000051	0.452764
826.364000082	0.550432
827.243999958	0.533092
829.472000122	0.480265
831.113999844	0.069371
833.11500001	0.328618
835.111000061	0.542622
837.112999916	0.789627
839.11500001	0.090462
841.115999937	0.715545
843.112999916	0.134036
845.111000061	0.215172
847.111999989	0.356586
849.111000061	0.16578
851.111000061	0.002922
853.112999916	0.303221
855.135999918	0.088303
858.119999886	0.118786
860.507999897	0.366292
862.160000086	0.036296
864.203000069	0.102532
865.566000223	0.430618
867.774000168	0.553445
869.568000078	0.328196
871.113999844	0.42215
873.111000061	0.340905
875.111000061	0.52141
877.110000134	0.454304
879.11500001	0.374658
881.113999844	0.534953
883.11500001	0.385278
885.113999844	0.495635
887.116999865	0.277914
889.112999916	0.479851
891.111000061	0.647494
893.111000061	0.543774
895.107000113	0.035961
897.584000111	0.154974
900.100999832	0.17442
901.484999895	0.583946
903.113999844	0.706336
905.111000061	0.10441
907.16899991	0.747322
911.815000057	0.100471
912.848999977	0.390087
914.726999998	0.034848
916.419000149	0.595656
917.679000139	0.034518
919.705999851	0.117152
922.712999821	0.220566
924.167999983	0.323665
925.657999992	0.574297
929.838000059	0.166278
932.110000134	0.321753
934.203000069	0.218892
935.976000071	0.142646
937.72300005	0.521437
938.406000137	0.207889
941.432999849	0.558757
942.665999889	0.187507
943.644000053	0.513261
945.140000105	0.457598
947.361999989	0.01054
950.183000088	0.009594
951.423000097	0.052183
953.359999895	0.140956
955.360999823	0.802862
957.345000029	0.54406
959.799999952	0.511731
962.249999762	0.592393
964.662000179	0.259946
966.830000162	0.174888
967.79399991	0.46854
969.360999823	0.087382
971.361999989	0.089982
973.360999823	0.356771
975.411999941	0.430696
977.361999989	0.514539
979.36500001	0.637192
981.858999968	0.644226
984.519000053	0.384916
985.360999823	0.25268
987.220000029	0.376684
989.366000175	0.373437
991.338999987	0.192804
993.36500001	0.238005
996.763000011	0.497613
998.470000029	0.412731
999.364000082	0.558311
1001.4940002	0.244184
1003.87900019	0.063721
1007.09100008	0.586297
1007.37199998	0.797457
1009.37100005	0.405281
1011.56800008	0.289258
1013.65499997	0.485447
1015.29799986	0.184576
1017.40199995	0.03493
1019.3599999	0.38815
1022.42499995	0.427198
1023.36199999	0.574926
1025.36199999	0.095169
1029.66200018	0.032569
1030.87199998	0.326319
1032.8440001	0.239649
1033.72999978	0.085454
1035.98599982	0.360048
1041.30900002	0.300836
1041.97500014	0.381632
1042.52800012	0.506833
1043.54700017	0.194739
1045.40400004	0.387742
1047.36400008	0.215506
1049.49600005	0.365762
1051.36300015	0.450415
1053.59899998	0.033541
1055.40999985	0.157228
1057.36099982	0.392032
1059.41100001	0.431717
1061.39399981	0.067583
1063.35399985	0.289185
1067.35800004	0.396668
1068.96999979	0.57023
1070.07599998	0.425883
1071.68499994	0.546872
1073.58500004	0.39868
1075.65199995	0.158104
1077.36099982	0.389303
1079.27600002	0.594291
1081.36400008	0.037393
1083.36199999	0.832049
1085.60099983	0.069552
1088.30900002	0.429884
1089.29100013	0.22679
1091.3599999	0.170593
1093.76499987	0.303458
1095.34800005	0.367616
1097.36099982	0.484411
1099.36400008	0.336428
1102.86800003	0.37318
1104.63599992	0.56089
1105.39199996	0.187075
1107.4289999	0.545995
1109.46399999	0.402484
1112.05599999	0.671421
1113.36099982	0.663672
1115.67000008	0.07233
1117.52999997	0.502023
1119.47500014	0.265983
1121.32700014	0.412091
1124.28399992	0.013423
1126.35599995	0.417552
1127.96700001	0.366874
1129.73200011	0.006991
1132.44199991	0.349956
1133.97099996	0.054577
1136.43700004	0.446437
1138.1559999	0.180868
1140.46200013	0.354522
1142.03000021	0.434181
1143.36400008	0.828583
1145.36099982	0.379717
1147.58700013	0.864576
1149.36099982	0.084835
1151.67900014	0.392611
1153.36300015	0.807927
1155.36099982	0.559584
1157.36400008	0.365482
1159.36099982	0.525327
1161.41900015	0.173848
1165.53299999	0.086545
1165.84300017	0.282474
1168.47600007	0.273106
1170.31100011	0.472463
1171.36099982	0.41107
1173.36600018	0.852868
1175.51999998	0.291534
1177.36500001	0.299582
1179.61400008	0.175682
1181.61199999	0.338836
1183.39499998	0.845796
1185.61100006	0.387429
1187.61299992	0.471699
1190.9289999	0.250354
1192.48199987	0.204303
1193.91700006	0.49517
1197.50399995	0.497756
1198.00899982	0.729959
1199.61400008	0.490995
1203.21799994	0.864486
1204.125	0.500306
1206.01999998	0.454973
1207.61199999	0.779785
1209.61199999	0.362107
1211.61500001	0.500651
1213.61999989	0.810665
1216.25200009	0.442333
1217.66300011	0.785333
1219.49699998	0.171641
1222.03299999	0.334322
1223.62200022	0.396349
1225.76799989	0.069283
1227.46300006	0.367278
1229.69799995	0.014384
1231.62599993	0.585424
1234.54099989	0.458421
1236.03500009	0.794155
1237.54599977	0.722564
1241.0480001	0.497786
1242.204	0.254407
1244.36099982	0.441514
1246.16600013	0.410714
1247.6099999	0.451973
1249.61599994	0.327115
1251.6099999	0.550286
1254.66700006	0.273892
1255.74899983	0.185479
1257.61299992	0.629393
1259.9059999	0.49581
1261.61100006	0.501863
1263.55999994	0.598906
1265.61999989	0.703178
1267.65100002	0.669201
1273.46899986	0.00159
1274.26099992	0.22194
1274.95099998	0.051203
1276.05100012	0.308394
1277.6099999	0.053209
1279.523	0.231459
1281.6099999	0.048554
1283.61899996	0.708728
1285.82099986	0.345783
1287.61100006	0.373093
1291.95600009	0.560381
1293.25699997	0.488761
1294.20099998	0.467794
1295.9289999	0.223293
1297.61199999	0.520706
1301.56500006	0.235224
1303.03900003	0.570262
1304.01400018	0.475661
1305.61299992	0.481586
1307.61500001	0.511736
1309.61599994	0.275714
1311.76799989	0.068622
1313.53100014	0.375456
1315.7190001	0.075456
1317.61500001	0.349014
1320.32600021	0.358755
1324.3599999	0.032982
1326.08300018	0.140812
1327.02399993	0.003608
1328.01699996	0.147787
1329.94400001	0.017428
1331.61199999	0.155832
1333.61400008	0.113135
1336.93400002	0.057458
1339.28499985	0.315487
1342.66400003	0.541981
1343.88100004	0.196923
1345.671	0.081656
1346.273	0.556251
1347.61199999	0.003676
1350.68300009	0.582926
1352.86099982	0.153511
1354.26200008	0.170717
1355.60600019	0.352786
1357.61299992	0.614462
1359.61299992	0.478484
1361.61400008	0.440275
1363.61199999	0.774211
1365.55699992	0.81668
1367.61699986	0.78843
1369.91700006	0.111671
1371.67700005	0.588036
1373.92400002	0.457103
1375.61299992	0.532017
1377.61100006	0.113264
1379.61100006	0.489895
1381.64300013	0.820992
1383.61100006	0.370848
1385.61400008	0.387299
1387.61500001	0.824535
1390.12199998	0.383014
1392.54499984	0.218692
1394.78700018	0.331801
1396.5150001	0.428252
1397.9139998	0.167872
1399.61299992	0.048906
1401.71399999	0.840397
1404.45299983	0.512208
1405.6099999	0.07399
1407.61299992	0.514599
1412.14599991	0.544867
1413.65499997	0.26218
1414.38200021	0.354361
1416.20600009	0.555714
1418.25900006	0.197943
1419.68400002	0.473861
1421.6960001	0.023218
1423.61100006	0.518634
1426.11500001	0.408084
1427.61699986	0.497077
1429.86599994	0.457106
1431.8599999	0.416717
1433.86400008	0.029964
1435.8579998	0.061188
1437.63900018	0.0679
1440.19700003	0.419989
1442.352	0.338993
1443.93299985	0.212991
1445.86500001	0.318836
1447.8670001	0.61255
1449.96499991	0.045357
1452.87399983	0.435436
1453.73600006	0.166274
1456.98399997	0.2542
1459.88700008	0.468357
1461.05200005	0.428436
1461.87900019	0.386931
1464.60800004	0.0127
1465.72099996	0.8707
1467.86400008	0.726557
1469.81500006	0.489588
1474.39900017	0.088842
1476.5150001	0.017798
1477.00899982	0.390845
1477.86200023	0.414915
1480.40499997	0.013906
1481.72099996	0.5684
1483.86099982	0.553841
1485.71299982	0.315498
1488.40300012	0.291479
1491.96300006	0.026642
1493.5480001	0.241091
1495.352	0.001997
1496.71299982	0.554726
1498.16499996	0.613245
1500.00899982	0.186712
1501.86200023	0.494084
1503.86099982	0.711884
1507.29100013	0.801101
1508.55100012	0.468777
1510.11100006	0.1493
1512.0079999	0.11944
1514.23500013	0.346216
1515.75800014	0.082185
1517.95800018	0.342696
1522.53500009	0.512335
1523.91499996	0.067284
1524.65199995	0.351891
1525.99800014	0.438139
1528.46899986	0.770201
1529.86099982	0.870879
1531.8670001	0.01711
1534.59000015	0.700446
1535.86400008	0.840652
1537.86099982	0.077262
1539.8599999	0.688219
1542.03100014	0.038826
1543.86500001	0.47845
1546.39699984	0.412916
1548.23100019	0.454993
1550.14700007	0.256914
1551.86300015	0.188008
1553.82500005	0.308206
1555.8599999	0.36497
1557.86099982	0.273884
1559.86099982	0.367318
1561.86899996	0.316702
1563.86099982	0.694198
1565.8599999	0.31661
1567.8599999	0.706784
1569.8599999	0.472576
1571.86599994	0.823932
1573.86099982	0.39408
1575.86099982	0.441025
1577.86500001	0.841825
1579.86099982	0.479816
1581.93099999	0.659555
1583.86200023	0.63779
1586.02699995	0.490889
1588.63900018	0.436468
1591.75600004	0.34813
1592.02099991	0.806374
1593.86500001	0.84247
1595.86099982	0.489529
1597.8599999	0.745364
1599.85899997	0.745364
1601.8599999	0.801699
1603.86200023	0.405515
1605.8599999	0.479406
1607.8599999	0.57105
1609.86200023	0.479427
1612.67399979	0.779711
1614.09699988	0.807011
1616.4289999	0.339856
1621.5	0.458895
1622.04600024	0.37552
1622.47000003	0.500643
1624.12700009	0.380671
1625.86500001	0.313254
1627.8599999	0.678901
1629.8599999	0.381039
1631.8599999	0.677318
1633.86099982	0.650436
1636.37699986	0.522498
1637.8599999	0.717934
1639.8599999	0.468279
1641.8599999	0.523339
1643.8599999	0.769909
1645.86200023	0.504387
1647.86200023	0.749219
1649.86200023	0.511051
1651.86099982	0.549345
1653.86200023	0.751942
1656.56299996	0.631185
1657.89599991	0.809405
1659.8599999	0.697834
1661.86200023	0.711159
1666.65400004	0.339229
1668.24899983	0.562471
1668.69799995	0.597488
1670.38499999	0.436217
1672.16999984	0.36487
1673.8599999	0.747985
1676.12800002	0.545146
1679.81999993	0.479445
1681.20499992	0.565603
1682.61400008	0.556606
1684.33500004	0.313776
1686.11100006	0.507689
1688.11100006	0.698989
1690.09799981	0.507497
1692.08800006	0.462662
1694.11199999	0.796375
1696.11000013	0.118986
1698.11000013	0.699735
1700.11100006	0.498208
1702.13699985	0.820631
1704.11299992	0.049681
1706.3670001	0.149184
1708.11100006	0.127065
1711.25500011	0.016373
1712.78299999	0.392519
1714.26799989	0.062242
1716.11100006	0.511053
1718.1400001	0.371904
1720.2579999	0.511711
1723.42000008	0.545657
1724.98699999	0.534113
1727.33100009	0.514221
1728.2019999	0.522122
1730.11100006	0.048501
1732.13799977	0.161178
1734.70899987	0.537021
1736.82400012	0.242409
1739.99300003	0.265482
1741.38000011	0.333288
1742.34200025	0.334822
1744.01100016	0.022575
1746.11699986	0.272203
1748.27999997	0.040022
1750.11299992	0.186513
1752.13699985	0.182488
1756.0480001	0.533248
1757.62200022	0.674489
1758.78200006	0.420746
1760.59200001	0.089586
1762.45500016	0.036596
1765.19199991	0.208178
1766.76399994	0.248496
1768.90899992	0.229448
1771.67199993	0.541404
1772.5150001	0.788474
1774.10899997	0.828062
1776.11100006	0.8
1778.11299992	0.302995
1780.28199983	0.08616
1782.11199999	0.768409
1784.11500001	0.494565
1786.11100006	0.599156
1791.80999994	0.496488
1793.25900006	0.55338
1793.96399999	0.694563
1794.55000019	0.825688
1796.34500003	0.068777
1798.11100006	0.516734
1800.11399984	0.524738
1802.43399978	0.383406
1804.44700003	0.491793
1806.11000013	0.083676
1808.11199999	0.076364
1810.01999998	0.417808
1812.13799977	0.271841
1814.11100006	0.413743
1816.03100014	0.459476
1819.65799999	0.475267
1820.84600019	0.032581
1822.13799977	0.832046
1824.07800007	0.102742
1826.11100006	0.143207
1828.11500001	0.004936
1830.11399984	0.113089
1832.13699985	0.302281
1834.11199999	0.302281
1836.08199978	0.646869
1838.02900004	0.455048
1841.55999994	0.497389
1843.32299995	0.296816
1844.07200003	0.266395
1846.12199998	0.79704
1848.32800007	0.129327
1850.33299994	0.152192
1852.24499989	0.23567
1854.11500001	0.05439
1856.11100006	0.014673
1858.11500001	0.347637
1860.11199999	0.187333
1863.29100013	0.013692
1864.64100003	0.137536
1866.32099986	0.576218
1868.11100006	0.110688
1871.0	0.483426
1872.11000013	0.59152
