0.0	0.015796
1.03600025177	0.738494
1.45499992371	1.238172
1.875	1.327178
2.21800017357	1.772109
2.7460000515	4.315437
3.9509999752	2.70465
4.59700012207	4.317183
5.02600002289	5.054101
5.59899997711	5.072204
6.44900012016	0.190623
8.64700007439	6.045231
10.6740000248	4.064901
13.6730000973	6.295068
15.6770000458	0.393038
17.6760001183	0.196919
19.6719999313	1.888156
21.6790001392	0.007749
23.6770000458	4.563742
25.6719999313	2.196895
27.6749999523	2.190313
29.6740000248	2.932067
31.6740000248	2.870306
33.6740000248	0.077674
35.6760001183	1.619195
37.6760001183	0.871701
39.6790001392	0.062279
41.6830000877	0.046552
43.6749999523	1.164019
45.6810002327	2.054137
47.6719999313	0.161654
49.6749999523	0.25378
51.6810002327	0.038983
53.6719999313	0.615214
55.6790001392	0.378392
57.6740000248	0.122421
59.6730000973	0.919753
61.6740000248	0.146897
63.6719999313	5.204576
65.6730000973	0.936227
67.6749999523	1.043254
69.6719999313	2.289566
71.6770000458	0.634529
73.6740000248	0.470623
75.6719999313	1.276098
77.6730000973	1.319074
79.6840002537	3.941969
81.6730000973	1.788061
83.6770000458	6.567305
85.6710000038	0.619054
87.6730000973	5.112349
89.6749999523	1.449502
91.6779999733	2.731811
93.6719999313	1.736888
95.6710000038	0.046686
97.6710000038	0.531123
99.6740000248	0.192734
101.677999973	0.415604
103.673000097	3.777629
105.671999931	5.807049
107.673000097	2.352105
109.674999952	1.445949
111.671999931	2.871938
113.671999931	3.946357
115.676000118	0.084735
117.677000046	6.111149
119.674999952	6.321873
121.677000046	0.007776
123.671999931	2.351109
125.674999952	6.798069
127.673000097	0.320321
129.670000076	0.77716
131.671999931	6.478268
133.674999952	3.765584
135.676000118	1.412565
137.671000004	0.881012
139.671999931	6.673862
141.671999931	0.572805
143.671999931	0.007871
145.671999931	0.3893
147.677999973	1.803984
149.674999952	2.332787
151.671000004	0.637152
153.671000004	6.391998
155.671999931	2.737018
157.669000149	1.001435
159.674000025	4.757147
161.674999952	6.653436
163.674999952	0.023133
165.671000004	3.500188
167.671000004	6.680876
169.671999931	6.207141
171.671999931	0.35661
173.671000004	6.611125
175.683000088	2.597456
177.670000076	0.644361
179.674999952	0.885642
181.671999931	2.52681
183.673000097	0.396781
185.671999931	0.977767
187.674000025	0.599649
189.674000025	0.123054
191.674999952	0.200127
193.684000254	0.007753
195.673000097	0.186075
197.670000076	3.316421
199.673000097	6.755199
201.670000076	6.466608
203.671999931	0.030157
205.677999973	6.64701
207.673000097	0.400726
209.671999931	0.853321
211.670000076	0.431741
213.687000036	6.258683
215.677000046	4.436318
217.676000118	1.133731
219.677999973	0.278242
221.674999952	6.444572
223.671000004	1.400519
225.669000149	1.276963
227.671000004	0.045616
229.674999952	5.968779
231.670000076	6.758299
233.669000149	1.35602
235.674999952	6.830472
237.670000076	0.01551
239.671999931	1.307918
241.677000046	1.878196
243.674000025	6.338438
245.679000139	0.384823
247.671000004	2.59366
249.673000097	0.632447
251.674000025	1.793368
253.673000097	1.700641
255.671999931	0.023081
257.669000149	0.023554
260.671000004	6.664032
262.684000254	0.169301
264.679000139	0.401974
266.674999952	5.711568
268.670000076	1.557717
270.674000025	0.722418
272.674000025	0.221545
274.671000004	0.194452
276.671999931	0.038449
278.671000004	0.101738
280.671000004	0.007713
282.674999952	0.085213
284.677999973	0.472878
286.671000004	1.536524
288.669000149	4.683746
290.674000025	5.062597
292.671999931	0.449733
293.870000124	1.238974
296.674000025	2.10853
298.671999931	1.252177
300.671000004	4.887326
302.671000004	2.147188
304.674000025	0.007491
306.671999931	1.939719
308.670000076	0.452143
335.681000233	6.562592
335.878000021	6.562592
336.082000017	6.562592
336.509000063	0.596112
336.911000013	1.554679
337.282999992	1.554679
337.794000149	2.586758
338.089000225	2.586758
338.889000177	2.261035
339.441000223	5.457382
339.825000048	4.859009
395.679000139	2.38093
