0.0	2.389069
0.412999868393	1.180692
0.460999965668	3.31125
0.55999994278	3.469878
0.754999876022	1.703835
1.10199999809	2.944716
1.54099988937	2.813779
2.00800013542	1.440779
2.42499995232	2.574316
4.00199985504	1.738919
6.09799981117	3.280228
8.12700009346	3.481034
9.94400000572	1.443646
12.0209999084	2.180657
14.1119999886	0.970145
15.9240000248	3.160421
18.0080001354	1.510878
20.103000164	0.993678
22.1590001583	2.546997
23.9859998226	2.694331
26.0529999733	2.230188
28.1259999275	2.746942
29.9730000496	0.950263
32.0409998894	3.144345
34.1659998894	1.606817
36.2289998531	1.793189
38.0789999962	1.372037
40.0979998112	0.026604
42.1779999733	2.219211
44.2749998569	1.89595
46.0850000381	1.7456
48.1339998245	3.318966
50.2320001125	2.925375
52.0320000648	1.562655
54.1190001965	0.051672
56.1930000782	3.813877
58.0120000839	3.076446
60.0950000286	3.172271
62.1670000553	0.1243
64.0939998627	3.407052
66.0690000057	2.788407
68.1789999008	1.649812
70.2160000801	3.272308
72.0920000076	1.551518
74.1309998035	2.544259
76.2089998722	1.988922
78.0290000439	0.026149
80.1179997921	3.577999
82.1979999542	1.44875
84.2790000439	1.224473
86.0979998112	3.523368
88.1879999638	1.69545
90.2089998722	0.154718
92.2739999294	2.498902
