0.0	0.039397
0.415999889374	0.404843
0.602999925613	1.398672
0.718000173569	1.398672
0.883000135422	2.28125
0.983999967575	2.28125
1.09800004959	2.28125
1.34500026703	1.047242
1.58399987221	3.291578
3.72000002861	3.085134
5.71900010109	2.983551
7.72000002861	2.31222
9.72699999809	1.131633
11.7239999771	3.45026
13.7249999046	0.526709
15.8310000896	2.102656
17.7190001011	0.156139
19.7200000286	1.794834
21.7230000496	0.876572
23.7249999046	3.241828
25.7180001736	0.822215
27.7239999771	1.820638
29.7220001221	0.865329
31.7210001945	1.433185
33.7190001011	2.906793
35.7200000286	0.609654
37.7190001011	3.427416
39.7170000076	1.73316
41.7239999771	3.315537
43.7190001011	3.282002
45.7180001736	1.983125
47.7190001011	3.515978
49.7230000496	3.532982
51.7190001011	3.380169
53.7170000076	2.831923
55.7180001736	2.831923
57.7200000286	3.446592
59.7200000286	0.731858
61.7170000076	3.426047
63.7190001011	3.440462
65.7230000496	3.332546
67.7239999771	2.320496
69.7220001221	3.052395
71.7190001011	1.074624
73.7249999046	0.450623
75.7220001221	3.274566
77.7190001011	3.42336
79.7220001221	3.333727
81.7190001011	3.352062
83.7200000286	3.28448
85.7220001221	3.123762
87.7239999771	3.075733
89.7239999771	3.075733
91.7170000076	3.075733
93.7180001736	3.330576
95.7220001221	3.394299
97.7260000706	3.394299
99.7230000496	3.394299
101.719000101	3.394299
103.724999905	3.340369
105.717000008	2.263959
107.72300005	1.915677
109.722000122	3.407889
111.723999977	3.419251
113.722000122	0.509502
115.72300005	0.872139
117.726000071	0.252965
119.724999905	0.413752
121.722000122	3.34795
123.72300005	3.389504
125.720000029	0.896785
127.722000122	3.08383
129.722000122	3.072295
131.720000029	3.072295
133.720000029	2.981445
135.723999977	0.484309
137.72300005	3.288909
139.719000101	0.683696
141.719000101	2.107737
143.726999998	2.107737
145.719000101	2.107737
147.975000143	3.575977
149.972999811	0.851917
151.973999977	2.880572
153.972999811	3.086063
155.969000101	3.31969
157.973999977	3.31969
159.970000029	3.31969
161.975000143	3.227173
163.979000092	2.863953
165.970000029	3.172017
167.973999977	3.001869
169.970000029	3.146858
171.978000164	3.416105
173.977000237	2.704813
175.975000143	3.183319
177.977000237	3.170548
179.975000143	3.383567
181.970999956	1.793497
183.976000071	3.245619
185.972999811	2.520397
187.972999811	2.450931
189.973999977	2.259971
191.973999977	3.221993
193.975000143	1.555134
195.976000071	1.105913
197.971999884	2.514175
199.975000143	0.441673
201.975000143	0.098348
203.980000019	2.743089
205.977000237	2.905646
207.972999811	3.233402
209.978000164	3.209312
211.973999977	3.190746
213.973999977	3.463773
215.975000143	3.208192
217.972999811	3.156973
219.978000164	3.32378
221.979000092	3.36289
223.976000071	2.843099
225.978000164	3.621824
227.978000164	2.71245
230.369000196	3.475167
232.374000072	0.891608
234.371999979	0.516167
236.370000124	3.081361
238.371000051	2.006834
239.868000031	0.058113
241.919000149	0.841526
244.369000196	3.113293
246.375	3.073918
248.370000124	2.85361
250.372999907	2.633426
252.370000124	3.254027
254.372999907	1.856005
256.374000072	0.953585
258.375999928	2.767228
260.371000051	2.965215
262.374000072	2.749743
264.380999804	3.272581
266.374000072	3.397074
268.374000072	3.416089
270.374000072	2.959521
272.375	3.312105
274.372999907	3.408357
276.375	2.790272
278.371999979	3.096597
280.372999907	0.863069
282.377000093	3.011267
284.375999928	1.628928
286.374000072	0.809008
287.915999889	0.612318
290.371000051	3.433444
292.378000021	1.412005
294.378000021	3.043572
296.369000196	3.473279
298.370000124	0.739073
300.375	1.565043
302.372999907	0.541873
304.375	3.345751
306.380999804	0.847191
308.369000196	3.382926
310.369000196	3.226754
312.371999979	3.253184
314.372999907	3.537643
316.372999907	1.566867
318.378000021	3.159753
320.374000072	3.449359
322.370000124	3.456172
324.371999979	3.263901
326.372999907	3.399392
328.374000072	3.32636
330.374000072	3.146788
332.374000072	3.546855
334.375	0.117054
336.375999928	1.794376
338.390000105	1.302678
340.374000072	3.52478
342.375999928	1.586561
344.201000214	2.247867
346.257000208	0.172379
349.126000166	1.346087
351.244999886	1.877443
353.203000069	1.252355
354.335999966	1.769404
356.377000093	1.277846
359.570000172	0.534225
362.460999966	0.116644
365.046000004	0.951917
367.144000053	1.374147
368.271000147	3.240132
369.500999928	1.512785
370.680000067	1.71939
372.375999928	2.015366
374.378000021	2.971002
376.374000072	0.836486
378.378999949	0.716075
380.302000046	2.349108
382.105000257	1.901957
383.99000001	0.098043
386.384000063	0.956852
388.379999876	2.229259
390.377000093	0.476134
391.975000143	1.048097
394.375	2.835863
396.375	0.040002
398.371999979	0.886432
400.374000072	1.629854
402.375	1.649466
404.374000072	3.024622
406.371999979	3.471325
408.372999907	3.580156
410.374000072	3.431886
412.379999876	3.468401
414.377000093	0.586062
416.377000093	2.849909
418.375	2.979181
420.374000072	3.482722
422.374000072	3.355875
424.371999979	3.536388
426.378000021	3.536388
428.372999907	2.745727
430.378999949	3.419385
432.375	3.079092
434.372999907	2.454501
436.374000072	3.45181
438.378000021	3.259664
440.377000093	3.222998
442.371999979	2.245342
444.372999907	0.446056
446.372999907	3.4395
448.378999949	3.472646
450.374000072	2.667902
452.378000021	2.42552
454.388999939	3.294754
456.378999949	3.446236
458.374000072	2.629603
460.378999949	0.93468
462.378999949	2.890918
464.372999907	2.578211
466.378000021	3.57476
468.375999928	3.57476
470.377000093	3.114686
472.375	3.170466
474.372999907	3.147261
476.378999949	3.064215
478.375	3.04178
480.378000021	0.838609
482.378000021	1.418551
484.388999939	2.809548
486.378999949	3.43534
488.375999928	3.47351
490.379999876	2.226882
492.378000021	0.237279
494.375	1.174981
496.372999907	1.41876
498.378000021	3.493783
500.378000021	2.993496
502.378000021	3.241856
504.378000021	3.371552
506.378999949	3.371552
508.379999876	3.338828
510.379999876	3.433006
512.378999949	2.582469
514.375	0.91488
516.379999876	3.359714
518.378000021	1.581284
520.377000093	0.845138
522.382000208	2.578583
524.374000072	2.578583
526.383000135	3.459669
528.374000072	3.483053
532.379999876	0.504398
533.467999935	1.104387
534.393000126	1.412644
592.382000208	3.505754
