0.0	1.560742
1.33000016212	0.745724
1.61100006104	3.632032
1.99900007248	4.197987
2.35100007057	4.354518
3.24699997902	0.462492
3.72000002861	1.55988
4.17699980736	1.55988
4.65100002289	0.314712
5.49000000954	1.570395
7.28200006485	0.619213
9.28099989891	1.078123
11.2799999714	1.917291
13.0799999237	0.14001
15.2809998989	0.173912
17.2799999714	0.797707
19.2790000439	0.613394
21.2790000439	0.502048
23.2799999714	0.804597
25.2799999714	1.144484
27.2799999714	0.231838
29.2889997959	1.223236
31.2879998684	1.345229
33.2860000134	0.264976
36.1820001602	0.116933
38.7769999504	1.373606
41.2990000248	1.196791
43.2709999084	0.966752
45.5989999771	0.620365
46.9449999332	0.647548
48.4100000858	0.260519
49.9600000381	1.266686
51.3380000591	0.219105
53.2799999714	0.519033
55.2799999714	1.047051
57.2799999714	0.458478
59.2790000439	1.466753
61.2799999714	1.093145
63.2790000439	1.681124
65.2879998684	1.050269
67.2790000439	1.28019
69.2799999714	1.607577
71.2809998989	2.123195
75.3609998226	0.068633
81.6879999638	0.705412
84.4690001011	0.311235
87.4409997463	0.26277
88.2879998684	0.888731
90.5810000896	0.590389
93.1380000114	0.669557
97.3099999428	0.170169
99.6690001488	0.49096
100.699999809	0.18226
101.392999887	0.899391
102.450000048	0.530776
103.938999891	1.071575
105.251999855	0.999573
106.309999943	0.809731
107.647000074	0.870123
108.529999971	1.512199
109.309999943	0.355895
109.846999884	1.688343
111.287999868	1.116832
113.279000044	1.667761
115.279999971	1.399723
117.279000044	1.417871
119.279000044	2.735298
121.287999868	1.838097
123.279999971	1.286418
125.279999971	1.384027
127.279999971	1.617548
129.279999971	0.331495
131.199999809	0.230002
133.280999899	0.154517
135.279000044	0.242112
137.279999971	1.649775
139.279999971	0.180098
141.287999868	0.08957
143.279000044	1.692147
145.438999891	0.127274
147.714999914	0.002047
149.659999847	0.01269
151.359999895	0.261708
153.351000071	1.29893
155.282000065	0.380042
157.287999868	0.775462
159.279999971	1.003948
161.49000001	0.134765
163.304999828	1.234178
165.589000225	0.638445
167.381000042	0.672401
169.279000044	0.774287
171.279999971	0.014501
173.459000111	0.092825
175.361999989	0.251099
177.469000101	0.280286
179.319999933	0.640104
181.960999966	0.134893
183.809999943	0.044679
185.280999899	1.062606
187.589000225	0.655312
190.522000074	0.329035
194.030999899	1.104401
195.65899992	0.068114
196.718000174	1.414982
197.5	1.947385
199.279000044	1.998486
201.279000044	2.494837
203.286999941	1.53401
205.279000044	1.804133
207.279999971	1.878169
209.279999971	2.680549
211.346999884	1.957386
213.279999971	2.522909
215.288999796	2.058899
217.279999971	1.985629
219.287999868	0.099943
221.279999971	2.300311
223.282999992	2.320349
225.280999899	1.833671
227.282000065	1.847504
229.280999899	2.080097
231.280999899	0.943373
233.282000065	0.659336
235.279999971	1.3656
237.280999899	1.369573
239.279999971	1.576843
241.539000034	3.697809
243.529999971	3.534976
245.530999899	2.096988
247.529999971	0.011315
249.538000107	3.624239
251.643999815	2.517387
253.529999971	2.985612
255.530999899	2.021624
257.529999971	3.314152
259.529999971	0.404975
261.529999971	0.894475
263.530999899	2.25509
265.352999926	0.039155
267.531999826	1.949462
269.529999971	1.229082
271.538000107	2.781366
273.538000107	2.409642
275.529999971	2.69039
277.528999805	0.085042
279.538000107	2.635098
281.529999971	0.991285
283.529999971	1.291755
285.529999971	2.650513
287.538000107	2.963661
289.538000107	0.030715
291.546999931	3.045531
293.530999899	0.010416
295.546000004	1.673213
297.530999899	0.538478
299.41899991	1.045893
301.530999899	1.663887
303.558000088	2.522485
305.546999931	2.039422
307.530999899	2.372552
309.530999899	0.01068
311.539000034	2.489628
313.530999899	0.827246
315.528999805	0.890186
317.538000107	3.292286
319.530999899	2.912036
321.538000107	2.622691
323.423000097	2.31035
325.519000053	1.120091
327.528999805	1.025931
329.528999805	2.930985
