0.0	1.614507
1.07800030708	1.97451
1.30200028419	1.97451
1.50800013542	1.97451
2.54099988937	0.090776
3.32800006866	0.60092
4.22800016403	0.99254
4.96000003815	1.431295
5.69100022316	1.546598
6.45200014114	0.017709
7.1779999733	1.243985
8.8780002594	0.785923
10.871999979	0.226305
12.8819999695	0.022677
14.8710000515	1.707947
16.8780002594	1.421766
19.0510001183	0.403961
20.8800001144	0.31981
22.8860001564	1.393282
24.8750002384	0.915366
29.9049999714	0.035273
30.9490001202	0.661923
32.4150002003	0.658966
33.7160000801	0.634869
35.5900001526	0.912573
39.4520001411	0.043995
41.1139998436	0.018879
42.6600000858	0.173779
44.3790001869	0.303692
45.7569999695	0.437135
47.0420000553	0.753603
49.131000042	0.455882
51.0160000324	0.968534
53.121999979	1.377674
55.120000124	1.221238
57.9809999466	0.013372
59.3489999771	0.250686
61.1289999485	0.587485
63.6990001202	0.325779
65.121999979	1.280289
67.120000124	1.062136
69.1210000515	1.229988
71.2009999752	1.675847
73.4960000515	1.215625
75.1619999409	1.374848
77.1360001564	0.034095
79.1289999485	0.708293
81.2320001125	0.030092
83.120000124	2.696192
85.129999876	1.635102
87.1289999485	0.020311
88.9299998283	0.822763
91.120000124	1.307162
93.0209999084	1.619429
94.9720001221	0.23424
98.7270002365	0.070034
100.552999973	1.732633
101.388000011	2.37047
103.131000042	1.518497
105.120000124	3.188952
106.967000246	0.511774
109.127000093	0.668429
111.147000074	0.018839
