0.0	1.135648
0.617000102997	1.33876
0.791000127792	1.065187
1.2380001545	0.572778
1.4470000267	1.220965
1.96900010109	0.013713
2.38800001144	1.69965
2.72099995613	1.50839
3.01300024986	1.698273
4.41200017929	1.35828
5.99700021744	2.570424
8.03299999237	2.827226
10.0329999924	2.827226
12.0340001583	2.740792
14.0350000858	0.266098
16.0460002422	2.962998
18.0329999924	1.887362
20.0329999924	2.153364
22.0350000858	0.050178
24.0360000134	3.273438
26.0370001793	3.636991
28.0340001583	0.115809
30.0430002213	4.288807
32.0340001583	2.887947
34.0329999924	2.058539
36.0360000134	0.816502
38.0329999924	1.15625
40.0350000858	0.888135
42.0340001583	0.682083
44.0329999924	0.053493
46.0329999924	0.797235
48.0370001793	7.843559
50.0350000858	7.843559
52.0350000858	7.762245
54.0360000134	3.275367
56.0329999924	8.611239
58.0399999619	3.972232
60.0340001583	5.084081
62.0329999924	5.084081
64.0329999924	9.909952
66.0329999924	7.074119
68.0329999924	0.711373
70.0350000858	0.01689
72.0329999924	2.109755
74.0329999924	2.109755
76.0399999619	2.17249
78.0370001793	0.805518
80.0370001793	0.051263
82.0360000134	1.375571
84.0329999924	2.223012
86.0350000858	0.682482
88.0390000343	0.029686
90.2870001793	0.042999
92.2850003242	0.004705
94.2850003242	0.060091
96.2830002308	2.210371
98.2840001583	0.840243
100.286000252	0.340858
102.285000324	0.909267
104.285000324	0.544256
106.2900002	0.203374
108.286000252	0.01675
110.286000252	1.761474
112.286000252	0.449689
114.287000179	0.088224
116.291000128	0.013819
118.280999899	1.434971
120.304000139	0.011609
122.284000158	0.307368
124.2900002	0.068956
126.283000231	0.767239
128.287000179	1.263886
130.284000158	0.087268
132.292000055	0.034248
134.288000107	1.862387
136.283000231	0.058665
138.284000158	0.004114
140.285000324	0.01234
142.286000252	0.016907
144.289000034	0.186575
146.286000252	0.206311
148.283000231	0.114138
150.287000179	0.85144
152.298000097	1.546779
154.287000179	1.708583
156.289000034	2.860835
158.285000324	0.143942
160.287000179	0.90168
162.284000158	7.294143
164.283000231	3.470618
166.285000324	6.844807
168.283000231	0.023822
170.285000324	0.887957
172.283000231	0.012288
174.283000231	0.855139
176.317000151	2.189632
178.287000179	0.051495
180.284000158	0.016386
182.286000252	0.045724
184.282000303	0.796917
186.284000158	0.035683
188.285000324	0.008047
190.286000252	4.560781
192.284000158	7.503547
194.285000324	0.814215
196.283000231	1.376937
198.283000231	0.861559
200.286000252	0.554911
202.283000231	3.822241
204.288000107	0.396377
206.283000231	0.148122
208.293000221	0.929429
210.284000158	0.012776
212.289000034	2.056053
214.283000231	9.168913
216.287000179	4.635382
218.283000231	0.012181
220.283000231	2.19977
222.286000252	13.217678
224.286000252	3.067654
226.287000179	2.525326
228.286000252	0.0158
230.291000128	3.103938
232.283000231	2.455615
234.287000179	4.606399
236.289000034	1.956303
238.283000231	0.032972
240.302000284	2.782545
242.285000324	0.87687
244.288000107	0.014217
246.286000252	1.092569
248.284000158	0.048688
250.285000324	0.071463
252.284000158	0.038005
254.283000231	0.086303
256.285000324	0.874635
258.285000324	0.324724
260.283000231	0.013805
262.285000324	0.036994
264.285000324	0.059516
266.288000107	0.87744
268.283000231	0.010761
270.284000158	8.868973
272.283000231	3.205352
274.284000158	0.04507
276.283000231	0.016267
278.285000324	0.028932
280.284000158	0.806113
282.283000231	9.884214
284.283000231	0.01552
286.283000231	0.269627
288.283000231	0.773408
290.287000179	11.027574
292.286000252	1.779819
294.285000324	0.014865
296.284000158	0.078696
298.283000231	0.004447
300.286000252	1.025171
302.282000303	4.810319
304.280999899	3.171947
306.286000252	8.063156
308.287000179	1.052303
310.283000231	0.033067
312.2900002	1.674006
314.286000252	8.265653
316.284000158	0.037553
318.286000252	0.909173
320.288000107	2.108569
322.285000324	0.012757
324.283000231	0.196786
326.282000303	2.244491
328.285000324	10.563328
330.283000231	10.407893
332.284000158	3.738545
334.283000231	0.016639
336.287000179	3.184777
338.288000107	0.849076
340.533000231	4.733916
342.675000191	0.850055
344.535000086	0.061618
346.675000191	0.055178
348.533000231	0.079353
350.664999962	0.028584
352.535000086	0.946956
354.673000097	2.259308
356.389000177	0.848705
358.678000212	0.045229
360.535000086	0.012708
362.677000284	0.854194
364.535000086	0.192355
366.667999983	3.348457
368.535000086	0.947082
370.677000284	7.311464
372.536000013	0.153605
374.676000118	9.684259
376.536000013	3.520527
378.667000055	0.0131
380.383000135	0.905178
382.670000315	0.015911
384.536000013	7.241775
386.68200016	0.470983
388.543000221	0.165784
390.662000179	0.852544
392.533000231	0.051298
394.675000191	0.122001
396.533000231	0.016549
398.673000097	0.025677
400.533000231	0.796886
402.667000055	0.089814
404.387000084	3.500891
406.663000107	0.018283
408.533000231	1.839603
410.667000055	7.643401
412.535000086	0.046787
414.678000212	8.920295
416.536999941	3.552153
418.674000263	0.677036
420.533000231	3.932829
422.664000034	0.599373
424.538000107	0.88071
426.675000191	5.735621
428.407000065	0.801344
430.680000067	0.856321
432.536999941	2.777081
434.674000263	0.024769
436.539000034	0.012625
438.571000099	0.867528
440.535000086	0.082598
442.680000067	7.254678
444.536999941	0.062473
446.934000254	0.007734
449.067000151	0.007424
450.671000242	0.246284
452.536000013	0.836747
454.678000212	0.080029
456.533000231	0.012805
458.673000097	0.856396
460.536999941	0.119605
462.669000149	4.651851
464.533000231	0.199212
466.677000284	7.694641
468.533000231	8.719213
470.683000088	0.029196
472.536999941	6.857082
474.667000055	0.023195
476.536999941	7.72296
478.676000118	7.097583
480.533000231	7.112212
482.671000242	0.853874
484.534000158	7.779282
486.667000055	0.800844
488.534000158	0.007571
490.677000284	0.841642
492.535000086	8.394056
494.664999962	8.394056
496.532000065	0.900589
498.62100029	0.032113
500.536999941	8.170799
502.667999983	0.167118
504.532000065	0.108035
506.670000315	3.146219
508.533000231	3.447349
510.589000225	4.13674
512.539000034	0.808251
514.677000284	4.012059
516.533000231	0.022479
518.671000242	0.820991
520.532000065	1.933938
522.664000034	0.90943
524.533000231	0.025616
526.673000097	0.005783
528.534000158	0.026737
530.573000193	2.710317
532.533000231	0.006384
534.671000242	3.109087
536.534000158	0.914965
538.663000107	3.64795
540.533000231	0.118566
542.595999956	3.210544
544.534000158	3.598233
546.671000242	3.422872
548.535000086	3.422872
550.673000097	0.525202
552.535000086	1.962647
554.641000032	0.082657
556.534000158	4.50999
558.673000097	4.847587
560.541000366	4.847587
562.671000242	4.447888
564.542000294	3.008251
566.659000158	0.209624
568.533000231	3.982376
570.664999962	3.546714
572.533000231	3.546714
574.619000196	0.006462
576.536999941	1.635906
578.671000242	1.635906
580.533000231	0.508525
582.660000086	4.814889
584.533000231	5.223071
586.661000252	5.430242
588.535000086	0.043185
590.783000231	5.213859
592.783000231	5.213859
594.785000086	0.633178
596.783000231	0.815223
598.783000231	2.867869
600.784000158	2.867869
602.784000158	0.01673
604.788000107	5.059183
606.801000118	4.36198
608.783000231	2.098777
610.787000179	0.891605
612.787000179	6.498657
614.786000252	1.377735
616.783000231	4.037012
618.783000231	0.044474
620.792000055	0.795143
622.789000273	5.456272
624.784000158	2.863461
626.789000273	0.012805
628.785000086	0.060544
630.785000086	2.064784
632.784000158	0.062865
634.774000168	0.755174
636.792999983	0.158057
638.788000107	3.586315
640.787000179	2.557416
642.787000179	5.88313
644.786000252	9.89322
646.786000252	3.213876
648.783000231	0.028722
650.787000179	0.0153
652.783000231	6.066736
654.792999983	0.387425
656.783000231	0.006116
658.775000095	2.684994
660.787000179	2.684994
662.783000231	0.008475
664.784000158	3.040113
666.784000158	1.474221
668.783000231	0.844055
670.785000086	0.021722
672.789000273	5.862048
674.789000273	0.077322
676.7900002	2.220959
678.784000158	0.9156
680.783000231	0.084245
682.794000149	0.888919
684.787000179	3.14137
686.784000158	5.435959
688.791000128	0.868067
690.783000231	2.00319
692.784000158	0.83411
694.785000086	0.536685
696.788000107	0.957373
698.785000086	0.044865
700.783000231	1.576699
702.785000086	0.903634
704.787000179	0.139991
706.787000179	1.277566
708.785000086	9.256711
710.786000252	0.048152
712.786000252	1.791547
714.787000179	0.168317
716.783000231	0.028334
718.785000086	0.486925
720.783000231	4.499338
722.783000231	0.016876
724.783000231	10.530504
726.783000231	2.689325
728.786000252	10.600642
730.77300024	0.866679
732.783000231	0.177391
734.784000158	4.784149
736.787000179	0.016676
738.783000231	0.857667
740.783000231	1.026313
742.787000179	1.39599
744.783000231	0.026637
746.784000158	0.054624
748.792999983	1.454596
750.785000086	0.870977
752.787000179	1.785424
754.775000095	0.802992
756.788000107	0.063462
758.787000179	0.040199
760.783000231	0.849049
762.783000231	1.462659
764.785000086	0.820371
766.786000252	0.083148
768.787000179	0.042557
770.786000252	2.577121
772.785000086	0.106358
774.792999983	0.016682
776.785000086	0.012347
778.771000147	0.856961
780.788000107	4.296131
782.783000231	0.012782
784.786000252	0.417362
786.784000158	0.84796
788.783000231	0.83009
790.786000252	3.303945
792.786000252	5.093773
794.784000158	5.093773
796.791000128	5.093773
798.781000376	0.814081
800.805000305	2.176738
802.781000376	2.609309
804.7900002	5.07401
806.787000179	0.007526
808.784000158	0.817231
810.79700017	0.006961
812.787000179	4.240043
814.785000086	2.517297
816.784000158	2.307515
818.784000158	0.01827
820.792999983	2.401615
822.788000107	0.836295
824.785000086	2.571197
826.792000055	2.389674
828.788000107	3.409113
830.788000107	3.409113
832.787000179	4.19005
834.795000076	3.226522
836.787000179	3.226522
838.784000158	0.08004
841.069000244	5.099848
843.032000065	5.099848
845.063000202	5.099848
847.039999962	0.851828
849.070000172	0.891629
851.039999962	1.429675
853.071000099	2.613603
855.037000179	2.295073
857.062000275	0.014747
859.032999992	1.304537
861.055999994	1.779189
863.035000086	0.034548
865.07700038	0.012667
867.036000013	0.010027
869.069000244	0.013807
871.034000158	0.740589
873.071000099	5.393415
875.038000107	5.393415
877.070000172	6.562036
879.039000034	0.032399
881.066000223	6.324363
883.034000158	0.04595
885.069000244	7.040026
887.037000179	6.734489
889.071000099	6.990344
891.036000013	2.321005
893.066000223	6.948005
895.042000294	2.527496
897.072000027	0.203522
898.903000116	0.011043
901.08100009	4.439847
903.037000179	0.025971
905.056999922	7.319341
907.038000107	0.082959
909.071000099	0.879114
911.035000086	0.084786
913.072000027	7.812331
915.041000128	0.056555
917.078000307	7.357624
919.038000107	0.01708
921.097000122	0.123996
923.037000179	1.538765
925.071000099	8.944489
927.034000158	2.401654
929.067000151	0.939472
931.039999962	8.89389
933.056999922	2.532422
935.038000107	1.123069
937.072000027	4.624174
939.054000139	2.105219
941.06400013	0.006717
943.037000179	1.220612
945.065000057	4.954774
947.035000086	0.909196
949.058000088	0.483931
951.034000158	7.62062
953.06400013	0.326069
955.034000158	0.075573
957.079000235	0.04308
959.038000107	11.844448
961.069000244	0.170226
963.039999962	5.66189
965.04700017	0.422925
967.039000034	0.892093
969.068000078	0.068447
971.032999992	0.015782
973.072000027	2.569368
975.039000034	0.163991
977.063000202	11.191447
979.037000179	2.529127
981.059000254	2.864271
983.032999992	4.145869
985.055000067	0.229386
987.035000086	0.363846
989.072000027	0.076913
991.039000034	2.246024
993.056999922	0.361238
995.032999992	3.380472
997.060000181	7.656779
999.036000013	2.311664
1001.06900024	0.060549
1003.03500009	0.359777
1005.05699992	1.978367
1007.03700018	0.567998
1009.05800009	0.017603
1011.03600001	0.213674
1013.06700015	0.471063
1015.03500009	0.093771
1017.06000018	0.05137
1019.03500009	0.816569
1021.0630002	0.021045
1023.03500009	4.060583
1025.05900025	9.550155
1027.03600001	9.652475
1029.06700015	0.885361
1031.03900003	0.051916
1033.06500006	0.331852
1035.03600001	0.262073
1037.06100035	0.02052
1039.0710001	0.79951
1041.06700015	0.049095
1043.03299999	6.646387
1045.06800008	0.054007
1047.03500009	0.931536
1049.06600022	0.024047
1051.08300018	0.068836
1053.0630002	0.016834
1055.03400016	0.162223
1057.06000018	0.334879
1059.08500028	0.518189
1061.05900025	0.095111
1063.03600001	0.088409
1065.06100035	0.007429
1067.03299999	0.794453
1069.0710001	0.077088
1071.03900003	5.265292
1073.05800009	0.016508
1075.03400016	3.635517
1077.05599999	0.90702
1079.05000019	0.013265
1081.06600022	0.485222
1083.03900003	0.005165
1085.06800008	0.079772
1087.03600001	0.017174
1089.05699992	0.017491
1091.28400016	0.87772
1093.28600025	6.752236
1095.29100013	0.138471
1097.28400016	5.326308
1099.28400016	0.134515
1101.28400016	0.847856
1103.28600025	0.098972
1105.1650002	0.866631
1107.28300023	0.016292
1109.28300023	0.159576
1111.28300023	0.500285
1113.28300023	0.126523
1115.28300023	0.829306
1117.28700018	0.034832
1119.2809999	0.018996
1121.28700018	0.01663
1123.28300023	0.10413
1125.28300023	0.906865
1127.28700018	0.069907
1129.16899991	0.884132
1131.28700018	0.012688
1133.28300023	0.088715
1135.28300023	0.035097
1137.28600025	0.032338
1139.28700018	1.378769
1141.28500032	11.125254
1143.28400016	0.012181
1145.28300023	0.129821
1147.4610002	0.156754
1149.28300023	13.640479
1151.28700018	0.036681
1153.15100002	0.864027
1155.28300023	7.029981
1157.28500032	7.029981
1159.28300023	0.096323
1161.28500032	8.595
1163.28300023	0.202675
1165.28500032	0.286178
1167.28500032	0.055629
1169.28400016	0.063344
1171.28500032	0.018708
1173.28400016	0.884466
1175.28300023	0.094409
1177.17300034	0.884407
1179.28900003	5.34828
1181.29100013	6.902768
1183.45900011	6.320992
1185.28500032	10.342511
1187.28300023	9.790234
1189.28500032	0.216857
1191.28300023	0.00668
1193.28500032	0.007626
1195.28800011	0.10905
1197.28700018	8.825347
1199.28500032	0.491081
1201.16200018	0.884034
1203.28300023	0.129491
1205.28300023	0.070927
1207.28500032	0.851318
1209.28300023	5.89073
1211.28500032	0.848588
1213.29200006	9.886729
1215.28700018	8.720757
1217.28400016	2.441654
1219.28500032	0.325805
1221.28300023	4.579966
1223.28500032	10.619739
1225.28600025	1.805828
1227.2900002	1.30052
1229.29100013	0.219184
1231.28400016	2.781632
1233.28400016	0.212293
1235.2809999	0.889355
1237.28300023	0.644641
1239.28500032	1.316328
1241.28900003	0.017191
1243.28500032	0.229115
1245.28300023	0.934961
1247.28300023	0.242428
1249.28500032	3.317616
1251.28500032	0.033186
1253.28400016	0.064119
1255.2900002	0.015502
1257.29900002	0.048023
1259.28700018	0.902313
1261.28300023	4.61702
1263.28600025	5.956927
1265.28300023	5.956927
1267.28300023	12.484097
1269.28300023	12.484097
1271.28400016	11.304006
1273.29200006	0.93033
1275.28400016	1.633124
1277.28900003	0.131848
1279.28400016	0.237019
1281.28600025	0.08706
1283.28800011	0.920236
1285.28500032	0.040656
1287.28400016	0.061948
1289.28800011	0.048359
1291.28300023	0.035963
1293.28500032	5.247161
1295.28500032	4.41937
1297.28300023	3.443655
1299.2900002	0.036315
1301.28300023	3.354448
1303.28300023	5.594799
1305.28300023	5.594799
1307.28900003	1.947296
1309.28500032	0.895433
1311.28300023	0.094094
1313.28500032	0.016997
1315.28400016	5.847948
1317.28300023	0.908935
1319.28800011	0.097083
1321.28500032	0.901618
1323.28300023	0.071728
1325.28900003	1.264812
1327.28600025	0.687498
1329.28300023	5.752047
1331.28800011	5.078626
1333.28300023	9.227468
1335.28500032	2.523362
1337.28300023	10.60783
1339.28500032	7.009205
1341.53300023	4.050476
1343.53300023	6.648951
1345.53600001	0.909267
1347.53300023	0.481258
1349.53400016	5.654108
1351.55500007	0.130069
1353.53300023	0.588617
1355.53300023	0.90388
1357.53100014	0.057183
1359.53699994	0.040083
1361.53300023	0.213842
1363.53400016	4.477201
1365.53600001	0.015163
1367.53600001	0.04991
1369.53600001	0.905082
1371.53600001	0.409833
1373.53500009	1.297849
1375.53400016	3.545306
1377.53500009	0.197114
1379.54100037	0.034671
1381.53699994	0.254755
1383.53300023	0.043634
1385.53400016	0.105642
1387.53999996	0.033658
1389.53699994	0.860378
1391.53500009	0.299201
1393.53500009	0.8758
1395.53300023	0.31211
1397.53400016	0.15288
1399.53100014	1.335963
1401.53400016	0.050634
1403.53800011	0.359143
1405.53800011	2.422051
1407.53600001	0.085161
1409.53600001	0.009387
1411.53400016	0.014895
1413.53300023	0.844565
1415.53699994	0.089846
1417.53300023	0.886918
1419.53500009	0.232762
1421.53500009	4.2435
1423.53500009	3.445348
1425.53300023	0.050056
1427.53500009	0.861252
1429.53500009	0.078841
1431.53500009	1.0729
1433.53400016	0.01129
1435.53600001	0.072883
1437.53400016	0.046663
1439.53600001	0.085443
1441.53400016	0.856012
1443.53500009	2.443788
1445.53400016	3.699685
1447.53699994	0.016787
1449.53500009	0.023949
1451.53400016	0.833021
1453.53500009	0.279969
1455.53600001	0.005106
1457.53500009	5.62491
1459.53600001	0.016388
1461.53300023	0.007863
1463.53500009	1.904309
1465.53600001	1.904309
1467.5480001	0.020155
1469.53699994	5.781129
1471.53300023	5.299264
1473.53500009	1.833635
1475.53900003	0.873667
1477.53200006	0.024485
1479.53400016	1.138521
1481.53600001	0.074575
1483.53600001	3.183031
1485.53500009	5.044558
1487.53500009	5.947666
1489.53300023	0.884201
1491.53400016	2.530846
1493.53600001	0.944135
1495.53600001	0.035196
1497.53800011	0.971731
1499.53400016	1.873912
1501.53400016	0.032605
1503.53300023	4.164599
1505.53300023	8.273569
1507.53400016	3.337972
1509.53500009	3.337972
1511.53400016	3.337972
1513.53400016	3.823618
1515.53600001	3.100395
1517.53300023	3.190192
1519.53500009	1.253359
1521.53500009	7.761963
1523.53500009	3.150592
1525.53300023	7.680283
1527.53400016	0.015539
1529.58900023	5.688905
1531.53400016	5.688905
1533.53699994	0.85905
1535.53600001	0.057831
1537.53500009	7.189306
1539.53300023	7.189306
1541.53699994	7.189306
1543.53500009	0.269967
1545.53300023	7.542652
1547.53300023	7.542652
1549.53500009	7.542652
1551.53900003	2.8791
1553.53300023	0.05725
1555.53400016	0.115364
1557.53900003	2.8209
1559.53500009	2.8209
1561.53500009	3.11507
1563.54600024	3.11507
1565.53500009	3.11507
1567.53300023	3.11507
1569.53900003	3.11507
1571.53699994	2.781076
1573.53500009	2.470809
1575.53500009	0.021661
1577.53300023	0.02395
1579.53500009	4.15293
1581.53699994	1.507964
1583.53500009	5.202917
1585.53400016	4.691382
1587.53500009	5.107043
1589.53300023	0.113033
1591.78300023	3.506923
1593.8610003	0.438785
1595.78400016	8.697772
1597.85400009	0.023028
1599.78800011	0.818443
1601.85800028	1.386088
1603.78400016	0.012861
1605.85700011	8.697264
1607.78400016	0.034872
1609.84899998	0.928713
1611.78400016	0.0287
1613.86400008	7.493662
1615.78500009	0.003006
1617.85400009	1.738829
1619.78300023	10.580173
1621.85500002	4.931682
1623.6340003	0.889232
1625.85400009	13.56835
1627.7820003	2.043674
1629.85600019	4.036498
1631.78600025	0.309721
1633.84600019	0.763713
1635.78600025	0.165227
1637.86400008	0.128059
1639.78400016	0.008413
1641.85600019	0.348402
1643.79100013	0.8
1645.85000014	4.369602
1647.6329999	9.750333
1649.85000014	0.005029
1651.78300023	0.251385
1653.85800028	6.123342
1655.78400016	6.123342
1657.85400009	0.83911
1659.78700018	3.266016
1661.84700012	0.128593
1663.78400016	0.15343
1665.85400009	9.007872
1667.79200006	0.914288
1669.85700011	0.068267
1671.63500023	0.865774
1673.86300015	8.763998
1675.78600025	0.006572
1677.84600019	0.107053
1679.7900002	0.065142
1681.85000014	0.024226
1683.78600025	0.044061
1685.86300015	0.007606
1687.78300023	0.371503
1689.85800028	0.198506
1691.78500009	0.928345
1693.85500002	11.793133
1695.78700018	11.247017
1697.86200023	11.359951
1699.78300023	0.185028
1701.85100007	0.708731
1703.78400016	10.693905
1705.85500002	0.910808
1707.78800011	0.031411
1709.85600019	0.068795
1711.78400016	0.0173
1713.85600019	9.91011
1715.78500009	0.886701
1717.85300016	0.019146
1719.79200006	0.908893
1721.85900021	0.026477
1723.78400016	3.033461
1725.85400009	0.449482
1727.79100013	0.222774
1729.85300016	0.039519
1731.78600025	0.013453
1733.86000013	0.007662
1735.79100013	0.158616
1737.85100007	2.849041
1739.78700018	0.035616
1741.84800005	0.150231
1743.78300023	0.868077
1745.85900021	0.03266
1747.78500009	0.728696
1749.84600019	0.935598
1751.78300023	11.389504
1753.85900021	11.389504
1755.78300023	11.389504
1757.84500027	12.111112
1759.78500009	10.224368
1761.84300017	13.226189
1763.78300023	6.803741
1765.84300017	6.803741
1767.78800011	0.898404
1769.84899998	6.718712
1771.78600025	3.871452
1773.852	0.875933
1775.78900027	0.225747
1777.85300016	1.749982
1779.78300023	0.31352
1781.85800028	12.595129
1783.78500009	0.025283
1785.84899998	2.355583
1787.78500009	2.849435
1789.84300017	5.496351
