0.0	2.336318
0.311000108719	1.838614
0.522999763489	4.028452
0.782999992371	2.630314
1.0490000248	2.667055
1.27600002289	3.945989
1.43700003624	4.501299
1.61599993706	4.189997
1.98399996758	5.070606
3.64100003242	0.379306
5.5	0.814409
7.64700007439	5.726133
9.64700007439	5.508085
11.6410000324	0.609101
13.6400001049	2.377046
15.6429998875	3.698354
17.6419999599	1.157441
19.6390001774	3.25317
21.6579999924	2.349281
23.6459999084	3.861795
25.6449999809	2.72405
27.6459999084	3.182607
29.5090000629	2.738943
31.6489999294	0.95537
33.6470000744	3.293683
35.6459999084	3.293683
37.6600000858	1.475487
39.6489999294	1.475487
41.6480000019	1.475487
43.6489999294	2.941732
45.6429998875	4.743514
47.6459999084	4.007147
49.6449999809	4.853834
51.6470000744	3.345031
53.4819998741	4.851556
55.6470000744	5.524306
57.6480000019	4.206115
59.6770000458	1.07533
61.6429998875	4.553436
63.6390001774	5.46602
65.6440000534	2.316603
67.6419999599	5.423021
69.6419999599	2.289304
71.6480000019	0.19656
73.6480000019	5.056769
75.6410000324	2.488509
77.4880001545	0.890022
79.6440000534	1.741304
82.1819999218	2.517794
84.1909999847	0.757746
86.1899998188	2.682681
88.1949999332	2.658041
90.1859998703	3.232187
92.1909999847	3.549242
94.1899998188	3.549242
96.1990001202	3.549242
98.1879999638	3.549242
100.187999964	3.549242
102.184000015	3.078742
104.183000088	4.003369
106.217999935	1.20755
108.197000027	2.591674
110.303000212	0.357826
111.638000011	1.403902
