0.0	0.345664
1.56900000572	0.338387
2.02699971199	0.023632
2.31599998474	0.356423
2.99900007248	0.34837
3.96299982071	0.352746
5.32999992371	0.344444
8.15799975395	0.32473
11.268999815	0.324291
14.2149999142	0.333913
15.4409999847	0.355848
17.1559998989	0.356002
18.8529999256	0.325949
21.0989997387	0.360452
22.8480000496	0.352454
24.2159998417	0.350734
26.1979997158	0.215226
28.029999733	0.352248
30.4419999123	0.313298
33.0539999008	0.359015
35.7419998646	0.355317
37.3059997559	0.358909
38.4129998684	0.357682
40.5239999294	0.264368
43.5369999409	0.352943
45.4609999657	0.357026
47.0789999962	0.345409
48.4319999218	0.355795
50.0379998684	0.343166
52.0459997654	0.311723
54.9529998302	0.093283
57.0059998035	0.108096
59.018999815	0.310541
61.2769999504	0.362027
63.0999999046	0.341152
65.0859997272	0.346003
67.4489998817	0.354351
68.8329999447	0.347446
71.0599999428	0.343165
72.9409999847	0.319636
74.7389998436	0.355155
76.9279999733	0.345292
79.6659998894	0.362244
81.5720000267	0.360391
82.9579999447	0.35657
84.7529997826	0.338823
87.3729999065	0.354651
89.6229999065	0.338333
91.4849998951	0.350733
93.125	0.359794
94.3510000706	0.34088
96.4709999561	0.348013
97.507999897	0.344219
99.0999999046	0.355864
101.927999973	0.231776
104.371999979	0.343958
106.316999912	0.321322
108.911000013	0.250213
110.999000072	0.353903
114.388000011	0.328878
116.625	0.355458
118.276000023	0.355316
120.384000063	0.310952
122.39199996	0.354948
124.041999817	0.347078
125.706999779	0.33591
127.39199996	0.343202
130.474999666	0.330251
132.527999878	0.355929
134.036999941	0.339644
134.52699995	0.354961
135.720999956	0.360153
137.528999805	0.355784
140.000999928	0.362537
142.351999998	0.288759
144.960999966	0.355395
147.286999941	0.323644
149.598999977	0.358014
151.139999866	0.327871
152.792000055	0.345813
155.851999998	0.354518
158.170999765	0.34148
159.540999889	0.359433
160.791000128	0.33266
162.615999937	0.345303
164.532000065	0.361752
167.087000132	0.359727
169.736000061	0.350627
172.273999929	0.354739
173.389999866	0.357126
174.052999973	0.360652
174.660999775	0.349957
175.167000055	0.327114
176.210999727	0.349442
177.946999788	0.356252
179.351999998	0.356759
180.529999733	0.354212
181.976000071	0.334948
183.523999929	0.360062
184.905999899	0.346291
186.905999899	0.311902
189.837999821	0.356269
191.128999949	0.347038
192.905999899	0.350494
194.905999899	0.345487
196.932999849	0.36563
198.906999826	0.347991
200.905999899	0.345897
203.098999739	0.356446
204.903000116	0.359002
207.893999815	0.340174
212.657999754	0.354876
215.722999811	0.337435
217.417999744	0.356581
219.5849998	0.351352
222.165999889	0.353208
224.047999859	0.337262
225.934999943	0.342876
227.549999714	0.356241
229.156999826	0.345597
230.731999874	0.353714
231.894999981	0.31863
232.695999861	0.334268
234.296999931	0.326155
237.597999811	0.340258
240.052999973	0.166475
242.866999865	0.335531
243.98699975	0.358121
246.289999723	0.337369
248.034999847	0.343388
249.5849998	0.355094
250.736000061	0.346955
251.946999788	0.349938
253.681999922	0.343572
255.731999874	0.34734
258.0	0.354177
259.008999825	0.350891
261.161999941	0.360984
263.157999754	0.342484
265.100999832	0.356313
267.07799983	0.337114
269.157999754	0.352242
271.15899992	0.321006
273.15899992	0.328477
275.039999962	0.355844
277.071000099	0.355119
279.729999781	0.338236
281.018999815	0.353988
283.157999754	0.357836
285.164000034	0.342226
287.157999754	0.344799
289.157999754	0.345163
292.735000134	0.321591
295.653999805	0.329517
297.989999771	0.354213
300.463000059	0.355313
301.772000074	0.355758
304.645999908	0.358313
306.917999744	0.356389
309.875999928	0.343237
311.828000069	0.342618
314.01699996	0.359434
315.824999809	0.345365
318.053999901	0.342486
320.357999802	0.034058
322.10199976	0.061457
324.072999954	0.354611
327.427999973	0.330196
329.730999708	0.355507
332.184000015	0.170348
335.329999924	0.360017
337.440999985	0.327821
338.335000038	0.351815
338.794999838	0.354022
340.991999865	0.34528
344.127000093	0.336907
344.913999796	0.348465
348.76699996	0.351711
351.611999989	0.350502
353.746999741	0.3121
355.039000034	0.347036
356.648000002	0.347885
359.128999949	0.00273
361.426999807	0.311542
363.486999989	0.115153
364.120999813	0.36691
366.096999884	0.08171
367.965999842	0.354545
369.615999937	0.363965
372.658999681	0.226523
375.400999784	0.334383
378.974999905	0.166404
380.678999901	0.355874
382.835999966	0.015883
384.127000093	0.113064
385.471999884	0.355818
387.335999966	0.33998
389.354999781	0.317903
391.519999981	0.356393
393.404999971	0.355612
395.381999731	0.347147
397.740999937	0.339298
400.236999989	0.354519
402.342999935	0.352869
404.228999853	0.355344
405.359999895	0.357357
406.653999805	0.342793
407.8349998	0.349033
409.306999683	0.340525
412.203999996	0.226845
414.840999842	0.329348
417.696999788	0.351308
419.865999937	0.36192
422.180000067	0.358056
424.394999743	0.357147
426.19900012	0.34571
427.871999979	0.356369
429.249999762	0.318283
430.853999853	0.335055
432.703000069	0.363369
434.194999695	0.358727
435.855000019	0.356141
437.727999926	0.348497
440.042999744	0.354643
443.501999855	0.340546
445.303999901	0.359971
447.191999912	0.32387
448.188999891	0.362858
449.691999912	0.352777
452.723999977	0.047684
454.644999981	0.339289
456.81799984	0.355357
458.328000069	0.351251
460.36199975	0.355875
462.624000072	0.337929
464.820999861	0.323494
466.18599987	0.312431
468.115999937	0.274466
470.722999811	0.318824
473.263999939	0.350319
475.154999733	0.351881
476.74000001	0.324487
478.321999788	0.358007
479.761999846	0.356164
481.337999821	0.355592
482.848999977	0.35581
485.183000088	0.352695
487.617999792	0.335731
491.157999754	0.354373
493.978999853	0.343871
495.806999922	0.357461
497.273000002	0.346618
499.570999861	0.354474
501.308999777	0.315225
502.764999866	0.295923
504.871999979	0.353744
507.903000116	0.360171
509.837999821	0.340931
512.144999981	0.232981
514.120999813	0.306493
516.368000031	0.195719
517.821999788	0.318561
518.964999914	0.352167
521.154999733	0.341729
523.785999775	0.353903
526.581999779	0.260178
528.548999786	0.355001
530.661999941	0.300783
531.994999647	0.344444
533.561999798	0.321814
535.708999872	0.285673
537.10199976	0.352019
539.447999954	0.355068
541.719000101	0.366105
543.866999865	0.346609
546.13499999	0.342686
547.791000128	0.347199
549.59499979	0.342892
551.684000015	0.358518
553.83100009	0.331355
555.000999928	0.362206
556.062999964	0.320343
558.365999937	0.019856
560.936999798	0.360573
563.437999725	0.338748
566.461999893	0.329366
568.733999729	0.257897
570.743000031	0.340077
572.644999981	0.355582
574.634999752	0.360947
576.496000051	0.357732
578.429999828	0.351269
580.332000017	0.354948
581.636999846	0.358485
583.034999847	0.363212
584.649999857	0.356536
586.349999905	0.345903
587.839999914	0.357544
589.332000017	0.35686
592.083999872	0.159104
594.026999712	0.356018
595.573999882	0.34509
597.174999952	0.334696
598.824999809	0.354469
601.287999868	0.362202
603.404000044	0.277908
605.421000004	0.336758
607.941999912	0.344712
610.125999928	0.341669
612.242999792	0.15378
614.496000051	0.335285
616.136999846	0.051412
617.985999823	0.355099
619.992999792	0.340147
621.877999783	0.353463
624.190999985	0.36189
626.938999653	0.351167
629.431999922	0.344879
631.579999924	0.346128
633.509999752	0.357497
634.644000053	0.345361
636.112999916	0.042693
637.673999786	0.353597
639.812999964	0.364336
641.919999838	0.356946
643.796999931	0.359064
647.282999754	0.277115
648.994999647	0.338971
650.671000004	0.317136
652.7099998	0.355449
654.83100009	0.362424
656.847000122	0.354338
658.928999901	0.341624
661.386999846	0.028787
662.936999798	0.357115
664.339999914	0.361404
666.95299983	0.307272
668.660999775	0.331734
670.816999912	0.306897
672.673999786	0.344922
674.747999907	0.338406
676.100999832	0.357264
678.288999796	0.348738
679.885999918	0.354284
681.622999907	0.014857
683.224999905	0.075844
684.730999708	0.353906
687.250999689	0.154007
689.49399972	0.329675
692.934999943	0.344057
696.016000032	0.344503
698.837999821	0.36132
699.559999943	0.359881
700.490999699	0.345136
701.578999758	0.360594
702.472999811	0.312236
703.787999868	0.358482
704.626999855	0.114176
706.240999937	0.355555
708.148000002	0.358859
709.321999788	0.359163
710.507999897	0.358583
714.073999882	0.3441
716.220000029	0.356995
718.792000055	0.35513
720.521999836	0.355983
721.815000057	0.357564
723.103999853	0.354405
724.815999985	0.361337
727.507999897	0.334039
729.177999735	0.319568
730.635999918	0.355593
732.988999844	0.351555
734.231999874	0.362154
735.52699995	0.324704
737.680000067	0.349603
739.667999983	0.333187
741.604999781	0.352888
743.892999887	0.341693
745.714999676	0.350355
748.093999863	0.345319
750.141999722	0.314692
752.103999853	0.346083
753.611999989	0.353077
755.666999817	0.351699
757.714999676	0.347302
759.59499979	0.356171
761.707999945	0.34669
763.545999765	0.347857
765.667999983	0.361036
767.728999853	0.341933
769.666999817	0.350213
771.741999865	0.350657
773.667999983	0.359046
775.667999983	0.351066
777.667999983	0.360586
779.667999983	0.349088
781.635999918	0.357464
783.492999792	0.340416
785.666999817	0.339304
787.667999983	0.344149
789.667999983	0.34128
791.667999983	0.361558
793.51699996	0.355304
795.585999727	0.360524
798.019999981	0.246683
799.962999821	0.356635
801.667999983	0.255863
803.667999983	0.358792
805.66899991	0.365015
807.66899991	0.347414
810.86199975	0.337348
814.712999821	0.34908
816.495000124	0.354397
818.302999973	0.345781
820.349999905	0.355567
821.15899992	0.358216
822.823999882	0.341369
825.762999773	0.354336
827.788999796	0.346659
830.610999823	0.34538
835.276000023	0.014097
837.159999847	0.355728
838.67599988	0.343201
840.290999651	0.343343
843.506999731	0.290656
845.470999956	0.094529
847.59100008	0.121019
848.710999966	0.359685
849.609999895	0.341836
852.517999887	0.317577
855.712999821	0.344815
859.143000126	0.35185
861.878999949	0.122411
863.476000071	0.356836
864.728999853	0.347175
866.381999731	0.324158
868.095000029	0.354984
869.938999653	0.34805
871.486999989	0.298246
872.938999653	0.348688
874.319000006	0.353514
876.905999899	0.356069
880.257999897	0.032233
881.792000055	0.355629
883.7099998	0.302671
885.772000074	0.349808
888.316999912	0.357132
890.847000122	0.301288
892.247999907	0.3548
894.224999905	0.362084
895.579999924	0.354804
897.512999773	0.355802
899.940999985	0.332404
902.231999874	0.354323
904.151000023	0.219603
905.874999762	0.355185
907.230999947	0.34221
908.691999912	0.355374
910.901999712	0.349531
913.146999836	0.232976
915.141999722	0.351109
916.649999857	0.341283
918.463000059	0.35217
921.557999849	0.340706
924.616999865	0.332387
927.15199995	0.349191
929.78399992	0.338572
931.663000107	0.343063
934.117999792	0.356256
935.921000004	0.355084
937.615999937	0.332711
939.413999796	0.341562
941.855999947	0.344006
943.351000071	0.345043
944.694999933	0.356496
945.557999849	0.344206
945.855000019	0.351369
946.36500001	0.333182
950.012999773	0.361171
952.962999821	0.355743
955.967999935	0.33544
958.471999884	0.352711
960.43900013	0.342766
963.319999933	0.333324
965.681999922	0.348856
968.032999992	0.191073
970.290999651	0.367546
972.174999952	0.343407
974.211999893	0.349694
976.705999851	0.348171
978.479000092	0.339408
980.017999887	0.352716
981.596999884	0.347247
982.866999865	0.355038
985.45299983	0.336227
987.930999756	0.369369
990.440000057	0.35635
992.384000063	0.330079
994.061999798	0.307003
995.38499999	0.347219
996.410999775	0.359152
998.426999807	0.074256
1000.76199985	0.361221
1002.33699989	0.358104
1003.85299993	0.337265
1005.26599979	0.353712
1007.97899985	0.343687
1010.70799994	0.341039
1012.55900002	0.352804
1015.33099985	0.324255
1017.47099996	0.302673
1019.18000007	0.334609
1021.20099998	0.355244
1021.98399997	0.35817
1025.16400003	0.33789
1026.52099991	0.357341
1028.29999995	0.334469
1030.12199974	0.347566
1031.93099976	0.348109
1033.61599994	0.349503
1036.52899981	0.119535
1042.09899974	0.02673
1043.70599985	0.240317
1045.02999973	0.327343
1046.61899972	0.3543
1048.02399993	0.347089
1049.29500008	0.3396
1050.7809999	0.356825
1053.29099965	0.340552
1055.3039999	0.35426
1056.93799973	0.356281
1057.94199991	0.343881
1061.42999983	0.351
1064.7329998	0.350369
1066.40899992	0.333983
1068.24099994	0.356158
1069.86899996	0.320818
1070.94699979	0.347199
1073.09699988	0.333159
1075.60499978	0.281511
1077.93599987	0.275971
1079.95399976	0.221999
1081.5059998	0.340102
1082.59799981	0.262042
1083.78299999	0.35557
1085.00199986	0.366595
1086.19399977	0.351429
1087.96399999	0.339051
1090.38800001	0.353461
1093.29999995	0.361589
1095.38699985	0.319086
1096.78999972	0.356826
1098.61599994	0.34056
1101.01999998	0.27857
1104.13499999	0.344758
1106.55499983	0.339713
1108.15100002	0.357264
1110.01799989	0.345525
1111.76099992	0.335829
1115.23699999	0.153952
1117.83799982	0.260402
1118.96299982	0.259219
1120.37299991	0.160519
1121.1099999	0.351904
1121.76299977	0.312632
1123.08199978	0.261185
1124.97199988	0.195248
1126.54499984	0.231474
1127.84700012	0.299453
1131.15299988	0.078725
1135.5539999	0.049183
1137.40700006	0.268659
1138.34499979	0.3029
1140.24099994	0.231271
1141.72199988	0.241595
1142.70799994	0.356096
1143.51199985	0.339897
1144.84399986	0.33053
1147.50199986	0.347111
1150.10899997	0.357572
1152.31900001	0.353368
1155.625	0.327472
1157.80699992	0.34545
1159.43299985	0.361981
1162.63399982	0.31928
1168.296	0.336916
1170.27200007	0.345889
1172.58800006	0.345793
1174.62599993	0.34717
1176.49399972	0.353608
1178.14300013	0.360928
1179.01099968	0.348594
1180.03999996	0.337726
1182.21399975	0.34816
1184.773	0.332357
1187.30799985	0.356749
1189.90499997	0.327977
1191.5	0.361489
1192.00499988	0.355813
1192.73899984	0.355629
1194.01999998	0.343688
1194.97099972	0.348048
1195.70899987	0.355961
1196.65799975	0.356362
1198.19399977	0.339076
1199.92700005	0.355407
1201.92599988	0.354826
1203.98199987	0.349024
1205.92700005	0.353284
1207.92700005	0.35073
1209.97299981	0.348083
1211.92599988	0.343454
1213.96099997	0.069915
1216.33899975	0.239462
1220.63599992	0.021443
1223.66499996	0.193021
1226.60099983	0.219761
1228.04799986	0.345524
1229.62299991	0.354367
1230.8599999	0.333125
1232.30999994	0.148371
1233.96999979	0.355244
1235.72599983	0.345848
1237.55999994	0.355456
1239.79499984	0.136499
1242.20899987	0.354973
1244.58099985	0.347195
1246.26300001	0.358955
1247.24299979	0.355051
1248.68599987	0.357781
1250.44000006	0.354946
1252.60399985	0.361161
1254.01899981	0.349966
1256.17599988	0.192786
1258.17699981	0.346641
1260.17699981	0.3531
1262.17699981	0.347159
1264.17699981	0.36255
1266.75699997	0.335154
1271.64899993	0.319547
1276.03600001	0.349073
1278.98799992	0.328775
1280.85599995	0.351318
1283.38499999	0.357567
1285.89699984	0.356087
1288.10800004	0.262258
1290.13799977	0.315574
1292.3499999	0.355006
1293.93399978	0.348029
1295.48999977	0.354265
1297.12199974	0.347489
1298.704	0.360512
1300.46699977	0.3556
1302.80999994	0.365171
1305.08099985	0.320494
1308.08700013	0.341497
1310.25199986	0.353913
1311.15799975	0.339321
1312.84800005	0.35998
1314.5769999	0.358206
1316.33799982	0.344261
1318.78399992	0.355058
1321.352	0.344733
1324.10899997	0.035016
1326.55299997	0.334967
1329.61699986	0.072747
1331.25199986	0.34074
1333.17799973	0.355898
1335.52499986	0.350353
1337.29299998	0.339869
1339.4369998	0.232234
1340.99399972	0.334584
1342.69399977	0.208349
1345.18599987	0.322006
1346.96000004	0.339761
1349.15299988	0.358503
1350.56299973	0.356908
1352.03399992	0.341354
1353.38999987	0.239346
1354.89599991	0.347099
1356.02399993	0.353198
1357.64099979	0.287902
1360.97600007	0.334955
1362.921	0.346038
1364.94400001	0.328213
1366.81799984	0.263625
1369.66499996	0.355119
1371.53299999	0.35728
1372.83699989	0.356218
1374.91699982	0.339207
1375.61500001	0.359576
1376.84800005	0.349088
1379.74999976	0.271484
1384.1099999	0.365973
1386.35399985	0.112189
1388.57200003	0.356517
1390.06999993	0.260137
1391.34899998	0.346779
1393.41299987	0.361451
1396.24699998	0.355996
1398.64700007	0.35697
1400.30699968	0.341876
1401.44999981	0.352799
1403.09399986	0.358977
1405.09399986	0.356378
1407.35699987	0.344519
1409.84599972	0.358967
1411.6329999	0.341508
1413.41699982	0.356723
1415.76599979	0.35261
1417.79900002	0.076639
1420.57299995	0.354576
1421.52599978	0.346515
1423.65199995	0.357037
1425.00699997	0.354394
1426.38699985	0.238498
1428.27399993	0.352922
1429.71399975	0.338177
1431.81399989	0.337718
1435.0150001	0.303491
1436.86199975	0.356874
1438.33699989	0.358156
1440.59899998	0.263413
1443.24099994	0.355505
1446.87299991	0.344087
1448.42499995	0.341541
1450.67499971	0.354326
1452.28399992	0.271596
1453.89699984	0.341023
1455.68299985	0.215166
1457.56999993	0.272921
1459.29299998	0.353519
1461.63399982	0.167461
1464.82699966	0.315891
1467.11499977	0.349221
1468.55799985	0.320152
1470.60700011	0.345004
1473.17099977	0.307932
1474.59899998	0.323741
1476.58800006	0.082802
1478.04799986	0.354192
1479.39899993	0.344584
1480.72399998	0.337607
1483.04699993	0.322973
1485.29799986	0.317479
1487.80199981	0.348467
1489.85699987	0.344764
1491.77600002	0.294406
1493.41899967	0.341111
1495.41099977	0.339378
1497.33099985	0.35473
1500.82299995	0.345624
1502.59399986	0.354891
1504.1389997	0.34658
1505.68199992	0.23892
1507.94300008	0.356023
1508.68899989	0.37866
1509.81699991	0.355853
1513.37099981	0.243541
1516.18099999	0.35501
1519.86399984	0.225969
1522.33399987	0.334313
1524.01399994	0.313916
1525.1869998	0.35703
1526.72899985	0.343205
1528.73199987	0.011142
1530.58999991	0.014696
1533.64099979	0.147783
1535.16499996	0.357655
1537.16299987	0.353173
1538.977	0.36001
1541.5	0.354725
1543.296	0.342448
1545.23199987	0.357122
1547.5999999	0.346086
1548.79200006	0.34558
1550.625	0.300849
1552.63599992	0.336175
1554.44199991	0.358185
1556.148	0.344736
1557.88800001	0.361601
1559.19499969	0.359211
1561.20899987	0.357459
1563.61500001	0.347082
1564.21799994	0.035507
1566.21599984	0.363374
1571.74899983	0.356084
1573.99199986	0.338564
1576.15499973	0.351291
1577.81500006	0.365277
1578.66899991	0.351301
1579.45699978	0.356279
1580.61799979	0.346625
1582.46699977	0.355972
1584.15799975	0.355602
1585.92499995	0.355381
1587.94799995	0.337235
1589.89199996	0.046273
1592.40799999	0.351892
1594.53399992	0.357849
1596.72799993	0.345763
1600.04899979	0.330334
1602.62999988	0.358124
1604.40099978	0.343845
1605.91199994	0.347365
1607.90999985	0.353619
1609.829	0.350423
1611.46599984	0.354985
1613.81500006	0.338764
1616.01299977	0.348016
1618.727	0.347978
1621.72000003	0.33369
1623.47099996	0.341903
1625.44499993	0.358288
1627.54199982	0.335037
1629.61500001	0.337954
1631.0619998	0.358164
1632.40299988	0.34446
1634.0	0.345943
1636.19499969	0.25503
1638.90400004	0.154143
1641.46399999	0.336338
1643.7099998	0.200946
1645.13199997	0.362234
1645.96499991	0.319401
1647.58800006	0.323152
1649.04399991	0.34854
1650.60800004	0.355214
1653.30799985	0.361673
1655.62699986	0.348868
1658.15699983	0.359581
1660.19099998	0.352664
1662.05599999	0.363961
1664.77799988	0.357348
1666.81200004	0.159941
1668.79699993	0.181671
1670.60899997	0.355282
1672.38999987	0.036234
1673.69099975	0.364968
1675.65999985	0.354045
1679.19699979	0.315373
1681.72599983	0.355602
1684.32199979	0.35485
1685.90199971	0.355091
1687.36599994	0.312472
1689.96099997	0.357971
1691.77099967	0.069502
1693.64199972	0.132519
1695.27600002	0.356166
1697.04599977	0.337371
1699.66699982	0.188898
1701.11100006	0.306481
1703.04199982	0.328633
1704.89699984	0.355767
1706.6559999	0.347233
1709.52399993	0.354332
1712.75600004	0.363114
1714.20299983	0.335694
1715.1869998	0.355902
1716.32399988	0.361503
1717.46000004	0.292966
1719.63399982	0.362139
1721.84899998	0.334767
1724.51699996	0.356456
1728.03399992	0.346657
1731.09899974	0.041
1734.5539999	0.011358
1736.70499992	0.132339
1738.22599983	0.160487
1739.79999995	0.13408
1741.28399992	0.064687
1744.80099988	0.034235
1746.95499969	0.110238
1747.91899991	0.255027
1748.55299997	0.257651
1749.73099971	0.342981
1750.30899978	0.357066
1752.02699971	0.345889
1753.52799988	0.354543
1755.29299998	0.28741
1757.5	0.095947
1760.3579998	0.332379
1761.54399991	0.354484
1763.18000007	0.031507
1765.50899982	0.234589
1771.54699969	0.242937
1772.32399988	0.35283
1773.0619998	0.352941
1775.12199974	0.343161
1777.61299992	0.346529
1780.40199971	0.346419
1781.81200004	0.355512
1782.61999989	0.350877
1783.16299987	0.330416
1783.70099998	0.355108
1784.27799988	0.350205
1785.10899997	0.310911
1786.91999984	0.357506
1788.41699982	0.353591
1789.648	0.35559
1791.2579999	0.097997
1793.02999973	0.356547
1795.15399981	0.356428
1797.06799984	0.356837
1798.93799973	0.342784
1801.05200005	0.312224
1802.9139998	0.355705
1805.24599981	0.335929
1806.66300011	0.322677
1808.71299982	0.36091
1810.68999982	0.341642
1812.75199986	0.317674
1815.98799992	0.06223
1817.97299981	0.323676
1819.72199988	0.320921
1821.28499985	0.348083
1822.86699986	0.324096
1824.7099998	0.184498
1826.68799996	0.353592
1828.68899989	0.339168
1830.74799991	0.351304
1832.9059999	0.342668
1835.49799991	0.355191
1838.72099996	0.340733
1839.91899991	0.35625
1841.44400001	0.351499
1843.08099985	0.352004
1846.36299968	0.247396
1848.92199993	0.226843
1852.82699966	0.244056
1854.68499994	0.353815
1856.20799994	0.358071
1857.648	0.345506
1858.90400004	0.358855
1859.74399996	0.356135
1862.19399977	0.241451
1864.64499998	0.281736
1866.72099996	0.354398
1868.44799995	0.331462
1869.87100005	0.3522
1872.22199988	0.325886
1874.15699983	0.356428
1875.39599991	0.354529
1877.24199986	0.346178
1878.69799972	0.319399
1880.68899989	0.355103
1882.68899989	0.332093
1884.68999982	0.355154
1886.68899989	0.347992
1888.93599987	0.355211
1891.61899972	0.340934
1893.09899974	0.348935
1894.75499988	0.27192
1896.68999982	0.291458
1898.87100005	0.355444
1900.68999982	0.343404
1902.71599984	0.355882
1907.11699986	0.333396
1909.20799994	0.35612
1912.21700001	0.340457
1913.90899992	0.310836
1916.06799984	0.354263
1918.31900001	0.35135
1920.4519999	0.3289
1922.57500005	0.3316
1924.19599986	0.338029
1925.70000005	0.359534
1927.97399974	0.336776
1930.12299967	0.316339
1932.53799987	0.351555
1934.40099978	0.243842
1937.79299998	0.36446
1941.1869998	0.352248
1943.52999973	0.347231
1945.59499979	0.349915
1947.63399982	0.344227
1950.11799979	0.228409
1952.28799987	0.336451
1955.02599978	0.349254
1956.85699987	0.343854
1958.13999987	0.355804
1959.39399981	0.359993
1960.16599989	0.355528
1963.53600001	0.100767
1966.26300001	0.338106
1968.92199993	0.355364
1971.16199994	0.337931
1972.92299986	0.353018
1975.55100012	0.355745
1977.54799986	0.34214
1979.68099999	0.341218
1981.29399991	0.343556
1983.28999972	0.357133
1985.41799974	0.361149
1987.26399994	0.350137
1988.37199998	0.345825
1989.21299982	0.360151
1990.48599982	0.358156
1992.10099983	0.356258
1993.80599976	0.344148
1996.20099998	0.311651
1999.37699986	0.346622
2002.36599994	0.35598
2004.73399973	0.359544
2006.21599984	0.34791
2008.07299995	0.339922
2010.16499996	0.355964
2011.95599985	0.344261
2014.11499977	0.356015
2016.00699997	0.356275
2018.16099977	0.342167
2019.87299991	0.353983
2022.11899996	0.36435
2023.79699993	0.360043
2025.53799987	0.352928
2027.42499995	0.346693
2029.42199993	0.322206
2031.25699997	0.272125
2032.61899972	0.316567
2033.70599985	0.343859
2036.86199975	0.097557
2041.72099996	0.215542
2043.21899986	0.339705
2044.75699997	0.354584
2046.67499971	0.343641
2048.50899982	0.359872
2050.08399987	0.356607
2052.93099976	0.35537
2054.37399983	0.356319
2056.71199989	0.357583
2058.01199985	0.333727
2060.09500003	0.344299
2061.92499995	0.3206
2063.86599994	0.362658
2065.74399996	0.329009
2067.03999996	0.354457
2069.52699995	0.296005
2071.55999994	0.349929
2073.95799994	0.226239
2075.37299991	0.357543
2076.67699981	0.360279
2077.96899986	0.354363
2080.81999993	0.327392
2083.7190001	0.356283
2084.87799978	0.346966
2086.50999975	0.355497
2088.22300005	0.343937
2090.96399999	0.346619
2092.57399988	0.35675
2094.33699989	0.341392
2096.71599984	0.336214
2098.7889998	0.306907
2100.96299982	0.356216
2102.8349998	0.336864
2104.773	0.356069
2107.79900002	0.337514
2109.65499997	0.337037
2111.30599976	0.348597
2113.375	0.343455
2115.41599989	0.354757
2118.02499986	0.334366
2121.51799989	0.001767
2123.86899996	0.351337
2125.54999971	0.363306
2127.36999989	0.356606
2129.31200004	0.117069
2131.45099974	0.357513
2132.77999997	0.345904
2134.03600001	0.073042
2135.34699965	0.35541
2137.25699997	0.343878
2139.76199985	0.353332
2142.77799988	0.342402
2145.84700012	0.34393
2147.58299994	0.355225
2149.09099984	0.331251
2151.47099996	0.355371
2154.57799983	0.346029
2156.53699994	0.351086
2158.67799973	0.022827
2158.86599994	0.189564
2159.10599971	0.355377
2159.88599992	0.36278
2160.28399992	0.353509
2162.28499985	0.364202
2165.04799986	0.356683
2167.53399992	0.342086
2169.11199999	0.276011
2171.48199987	0.356677
2172.77799988	0.360295
2175.45799994	0.355208
2177.54099989	0.312791
2180.12599993	0.320133
2182.53200006	0.357374
2185.7809999	0.364227
2187.36399984	0.354211
2189.24199986	0.339044
2190.99799991	0.354785
2193.57599998	0.339321
2195.7869997	0.309903
2197.71199989	0.355591
2199.19399977	0.35648
2201.704	0.349031
2203.60399985	0.361992
2205.72899985	0.137896
2207.74599981	0.355893
2209.56299973	0.29865
2212.22000003	0.35426
2214.96399999	0.203809
2215.95599985	0.189782
2217.12899995	0.187238
2218.55900002	0.199438
2219.74199986	0.22275
2221.28199983	0.171546
2223.5539999	0.151001
2226.11399984	0.103053
2228.16799998	0.179453
2230.38599992	0.14366
2237.18599987	0.12966
2238.82800007	0.197231
2240.05299997	0.186044
2241.58299994	0.174793
2242.74000001	0.195952
2245.76599979	0.18421
2248.15100002	0.174803
2250.25099969	0.212275
2252.54999971	0.181492
2254.796	0.204329
2255.78399992	0.141242
2258.44599986	0.15463
2260.39799976	0.180439
2262.36599994	0.191727
2265.66899991	0.1333
2267.1309998	0.160673
2268.93199992	0.203222
2270.18099999	0.146327
2271.59499979	0.200021
2274.18000007	0.332444
2275.72299981	0.356506
2278.32099986	0.349264
2279.91100001	0.357547
2282.91999984	0.152443
2285.14400005	0.347737
2286.16299987	0.217166
2288.28199983	0.352953
2289.35499978	0.356345
2290.96799994	0.348329
2293.12999988	0.184658
2294.38199973	0.34055
2295.57200003	0.315836
2298.56399989	0.354678
2300.49600005	0.064783
2302.3499999	0.352264
2304.55100012	0.298598
2306.61899972	0.358975
2309.00399995	0.35513
2311.06599975	0.36269
2313.04399991	0.354861
2315.10499978	0.336578
2316.51999998	0.335915
2318.11100006	0.316282
2320.30599976	0.308716
2322.88400006	0.239543
2325.2019999	0.122753
2327.18400002	0.062957
2329.09899974	0.355859
2330.8809998	0.179072
2332.96599984	0.355792
2335.49199986	0.227937
2337.23099995	0.33321
2339.16700006	0.094793
2341.34099984	0.360038
2343.51399994	0.357525
2344.9369998	0.349216
2346.89099979	0.355131
2349.23799992	0.344149
2351.52499986	0.348623
2353.83699989	0.35576
2356.00899982	0.33617
2357.56699991	0.319664
2358.98199987	0.362436
2360.81099987	0.354371
2362.28399992	0.354812
2364.40799999	0.29738
2367.00999975	0.316182
2369.00399995	0.340685
2370.97399974	0.344553
2372.60399985	0.181702
2374.04399991	0.144353
2376.27900004	0.355879
2379.13999987	0.338566
2382.01199985	0.355353
2383.76199985	0.344135
2385.93499994	0.348282
2388.03100014	0.340512
2390.37699986	0.030914
2392.31399989	0.354011
2393.75199986	0.346691
2395.95900011	0.333055
2398.3670001	0.306507
2398.97099972	0.358011
2401.16700006	0.353576
2403.47299981	0.360449
2405.65299988	0.356231
2407.26399994	0.361593
2408.51799989	0.347698
2410.10099983	0.299981
2411.97199988	0.345375
2414.15199995	0.337922
2416.02499986	0.362584
2419.05699992	0.22948
2422.97899985	0.212609
2424.28599977	0.33935
2425.58099985	0.356
2426.76399994	0.311269
2427.85899973	0.338896
2430.39599991	0.334216
2432.65499997	0.355524
2434.39499974	0.310614
2435.3039999	0.015802
2436.35899997	0.353078
2436.94799995	0.351674
2438.07299995	0.328981
2439.14199972	0.256067
2442.67399979	0.134336
2445.21899986	0.354465
2446.5	0.338978
2447.74199986	0.344874
2449.42799997	0.355108
2450.64499998	0.300976
2454.20599985	0.331876
2455.79100013	0.322327
2456.20299983	0.354913
2457.73399973	0.34761
2460.8429997	0.354071
2463.59200001	0.346131
2465.85500002	0.32812
2467.74799991	0.356984
2470.29899979	0.34603
2473.31999993	0.34495
2475.16400003	0.347518
2476.77799988	0.322358
2478.84700012	0.341398
2480.40199971	0.359424
2482.21799994	0.353566
2482.84899998	0.328183
2483.20000005	0.348391
2485.20000005	0.345534
2487.2019999	0.347237
2489.671	0.348243
2493.55100012	0.331984
2495.1559999	0.35365
2496.61699986	0.318893
2499.17699981	0.353357
2501.09299994	0.301226
2502.94499993	0.342386
2503.93499994	0.353325
2505.44899988	0.347716
2507.48699999	0.355583
2509.4519999	0.351516
2511.45099974	0.347691
2513.44999981	0.330872
2515.53099966	0.293483
2517.30699968	0.312262
2520.4369998	0.350268
2525.06099987	0.253806
2528.24399996	0.296489
2529.90699983	0.255482
2531.49899983	0.354385
2534.38300014	0.204266
2536.45299983	0.115963
2542.0619998	0.256755
2543.93899965	0.271349
2546.98000002	0.216004
2549.04399991	0.220744
2551.00099993	0.24122
2551.75699997	0.285159
2552.53600001	0.319062
2553.76099992	0.227369
2557.33500004	0.210291
2559.92199993	0.212672
2561.99399972	0.311685
2564.43199992	0.195737
2566.78399992	0.257433
2568.90099978	0.197715
2569.90799999	0.268302
2572.11699986	0.191115
2573.83799982	0.203136
2575.48799992	0.194324
2577.65899968	0.188949
2579.69299984	0.209728
2581.28699994	0.220295
2583.33599997	0.354519
2585.03100014	0.343195
2586.85599995	0.326044
2589.37799978	0.061921
2590.94999981	0.355455
2593.18599987	0.148917
2594.76499987	0.282282
2596.58299994	0.305562
2599.46199989	0.209708
2602.07200003	0.221104
2606.04899979	0.311404
2607.40999985	0.113855
2609.94099998	0.212207
2611.55999994	0.357025
2613.91199994	0.09149
2615.21099973	0.344879
2617.33299994	0.35524
2622.27999997	0.006404
2623.27900004	0.073927
2624.16099977	0.161629
2625.56799984	0.353516
2627.21199989	0.357832
2629.31200004	0.048429
2631.02999973	0.19534
2632.98899984	0.359221
2634.56900001	0.293098
2637.26499987	0.33796
2639.14599991	0.106227
2640.22799993	0.342042
2641.71599984	0.344639
2643.24000001	0.350324
2644.87499976	0.354486
2646.704	0.044702
2648.42599988	0.354829
2649.92700005	0.363617
2651.67599988	0.344773
2653.67699981	0.354063
2655.38800001	0.331389
2659.04999971	0.313872
2661.51999998	0.349107
2663.81500006	0.355495
2665.8809998	0.182188
2667.66099977	0.353842
2669.31100011	0.353853
2671.02599978	0.353159
2672.12199974	0.355201
2673.87199998	0.31059
2676.66300011	0.361834
2678.20499992	0.347085
2680.17799973	0.338759
2682.31799984	0.328913
2684.61699986	0.334597
2686.37399983	0.356264
2688.08800006	0.335479
2690.0150001	0.358129
2691.81399989	0.356716
2694.31100011	0.344154
2696.96299982	0.349523
2699.23199987	0.362696
2700.25899982	0.343298
2701.87799978	0.321749
2704.40899992	0.360578
2706.58099985	0.346801
2708.57899976	0.360056
2710.25999999	0.353589
2711.54299998	0.332262
2714.21299982	0.333593
2716.39999986	0.333758
2718.1869998	0.344846
2719.7889998	0.355513
2722.10299993	0.099597
2724.70300007	0.357607
2726.35499978	0.352137
2728.5769999	0.335812
2730.47099996	0.354559
2733.36199975	0.266531
2734.65099978	0.354725
2736.83299994	0.363085
2739.37099981	0.284854
2741.83699989	0.353522
2744.16999984	0.336888
2746.53500009	0.354876
2748.01799989	0.309778
2749.67199993	0.317667
2751.18499994	0.309612
2752.68499994	0.315978
2753.9849999	0.198231
2756.26799989	0.200251
2758.57500005	0.333142
2760.5	0.35815
2762.69399977	0.343362
2764.54199982	0.355032
2766.3579998	0.00807
2768.24099994	0.35587
2770.1309998	0.342172
2772.32599974	0.349118
2774.12800002	0.337918
2775.91999984	0.302608
2778.27499986	0.280134
2780.12299967	0.34446
2782.10599971	0.356354
2784.31599998	0.349526
2786.25899982	0.360828
2788.96899986	0.35474
2790.67299986	0.359817
2791.25999999	0.353791
2791.78599977	0.348207
2794.5619998	0.33972
2797.52099991	0.301634
2799.44000006	0.339358
2800.92799997	0.336915
2802.52599978	0.128629
2805.06399989	0.356954
2807.11299992	0.348555
2809.1329999	0.357146
2811.95599985	0.330068
2814.37999988	0.354717
2816.24899983	0.357179
2818.25399971	0.153408
2820.09200001	0.342054
2821.94499993	0.255014
2824.23600006	0.187669
2826.14599991	0.352195
2828.38699985	0.295868
2830.44899988	0.18793
2833.33699989	0.34258
2835.29200006	0.294089
2837.49699998	0.303374
2839.96700001	0.360985
2841.68400002	0.333286
2843.22899985	0.338516
2845.31100011	0.350704
2847.94799995	0.345096
2849.69299984	0.336807
2852.83399987	0.353553
2855.19599986	0.340965
2856.65399981	0.335935
2858.67699981	0.356972
2860.84700012	0.340112
2862.09299994	0.356189
2863.74300003	0.354551
2865.19399977	0.339131
2866.51399994	0.345169
2868.44299984	0.268973
2871.89699984	0.346702
2872.92999983	0.358521
2874.00499988	0.354803
2875.34199977	0.255416
2876.66300011	0.313769
2877.86699986	0.341602
2879.44899988	0.334478
2881.4909997	0.345024
2883.39399981	0.357201
2886.05799985	0.350418
2889.21299982	0.361682
2892.06900001	0.337376
2893.95900011	0.354632
2895.93099976	0.355487
2897.72599983	0.355822
2899.54799986	0.356951
2902.0059998	0.335886
2904.11799979	0.327219
2906.43099999	0.361448
2908.57799983	0.32912
2910.68099999	0.340032
2912.88899994	0.355216
2914.85500002	0.34592
2916.79200006	0.358623
2918.49299979	0.353144
2920.68599987	0.35047
2924.08199978	0.352798
2927.00299978	0.340095
2929.26999974	0.180071
2932.50199986	0.260978
2933.68899989	0.331101
2935.22300005	0.353667
2936.66999984	0.326276
2938.35299993	0.356359
2939.68599987	0.361824
2941.68299985	0.362893
2942.9369998	0.353758
2945.19699979	0.336715
2947.16400003	0.337438
2949.75600004	0.342852
2952.11899996	0.346195
2954.08099985	0.323398
2955.67599988	0.322357
2956.96799994	0.332493
2958.23600006	0.34785
2959.33999991	0.354903
2961.96700001	0.335795
2964.51600003	0.319378
2967.28199983	0.334729
2970.35399985	0.078262
2973.61299992	0.227276
2974.80599976	0.342396
2976.27200007	0.353903
2977.80899978	0.056539
2979.5079999	0.070157
2981.11499977	0.353811
2982.99600005	0.067662
2989.27099991	0.151322
2991.06599975	0.112432
2992.73099971	0.17306
2995.18999982	0.152293
2996.40099978	0.147994
2998.40799999	0.145207
2999.89799976	0.345507
3000.68799996	0.347385
3001.75600004	0.347349
3003.06399989	0.347948
3004.97899985	0.355972
3006.99299979	0.361156
3007.81299996	0.345427
3009.16299987	0.355072
3010.91799974	0.34972
3012.16799998	0.357477
3012.73899984	0.351354
3013.24000001	0.349811
3014.00499988	0.354164
3015.77600002	0.360175
3017.96099997	0.347381
3019.96000004	0.336659
3021.96099997	0.339705
3023.96199989	0.345078
3025.96199989	0.34787
3027.96000004	0.357749
3029.96199989	0.343166
3031.96000004	0.360507
3033.96099997	0.356091
3035.96099997	0.217885
3037.78299999	0.131471
3039.7750001	0.340348
3041.96199989	0.355214
3043.96299982	0.338925
3045.96099997	0.285756
3047.96299982	0.298339
3049.96199989	0.342721
3052.00399995	0.346451
3053.99600005	0.355327
3055.96199989	0.098417
3057.84499979	0.226223
3059.84800005	0.354148
3061.86699986	0.349208
3063.7889998	0.346576
3065.96199989	0.347615
3067.96199989	0.335039
3069.96199989	0.360157
3071.96299982	0.358094
3074.54499984	0.353591
3076.68499994	0.355475
3078.10800004	0.356338
3079.98999977	0.350621
3081.96199989	0.359899
3083.96199989	0.351934
3085.96199989	0.353657
3087.88700008	0.351125
3089.96299982	0.352596
3091.96199989	0.328826
3093.96199989	0.347397
3095.96199989	0.342531
3097.82699966	0.355318
3099.96299982	0.348461
3102.78999972	0.172367
3107.52399993	0.340994
3110.79299998	0.355265
3113.67799973	0.344716
3116.08299971	0.352201
3118.35299993	0.355936
3121.07200003	0.353443
3122.28499985	0.350112
3126.16799998	0.355317
3127.67599988	0.310517
3129.51999998	0.348609
3131.02499986	0.318696
3133.02399993	0.354783
3134.83299994	0.347884
3135.70899987	0.358938
3136.90999985	0.252402
3138.34099984	0.348762
3141.15999985	0.320104
3143.9139998	0.351462
3145.34199977	0.324965
3148.11299992	0.354418
3149.34099984	0.230306
3150.7190001	0.194443
3151.98999977	0.15247
3153.08800006	0.171255
3153.73199987	0.256114
3154.20299983	0.340841
3155.96499991	0.338263
3159.15799975	0.281889
3163.93599987	0.222734
3167.51699996	0.337985
3168.3599999	0.361057
3168.89699984	0.331964
3169.46399999	0.344453
3171.96099997	0.343073
3176.04199982	0.309316
3179.24599981	0.334714
3182.24099994	0.320076
3183.75099993	0.343666
3184.97299981	0.349458
3189.59499979	0.166398
3191.15299988	0.297594
3193.10699987	0.343082
3195.30699968	0.350518
3197.29500008	0.355371
3200.81399989	0.330183
3203.19799972	0.355899
3205.27200007	0.317806
3207.079	0.354526
3208.39699984	0.315903
3211.08199978	0.020879
3212.64700007	0.355649
3214.35699987	0.35326
3216.39499974	0.259135
3218.09699988	0.362157
3219.75099993	0.359819
3221.95299983	0.360544
3223.36299968	0.299642
3225.90499997	0.339596
3229.63100004	0.019193
3231.24000001	0.218005
3234.72399998	0.14005
3236.40499997	0.028442
3237.87199998	0.331789
3240.59899998	0.340462
3242.15299988	0.34977
3244.67299986	0.242479
3246.10299993	0.340238
3247.92400002	0.356319
3248.75499988	0.344241
3249.59699988	0.337975
3253.98000002	0.110017
3257.03699994	0.169462
3258.37299991	0.287926
3258.98899984	0.363057
3260.0769999	0.355142
3261.78499985	0.346618
3264.23399973	0.353929
3266.91199994	0.361508
3269.36500001	0.359673
3270.86500001	0.358977
3271.65499997	0.322435
3272.6559999	0.355898
3273.8429997	0.322734
3275.17599988	0.35472
3277.69399977	0.316078
3280.52199984	0.339444
3283.73500013	0.356097
3284.92700005	0.16349
3286.72399998	0.221605
3288.66799998	0.274044
3290.17599988	0.328082
3293.46099997	0.161694
3295.81200004	0.334087
3297.66499996	0.230406
3299.04299974	0.161712
3300.74599981	0.355604
3303.45399976	0.345289
3305.69199991	0.358547
3308.02399993	0.326273
3309.74000001	0.336903
3311.16700006	0.353472
3312.22599983	0.267228
3313.13799977	0.346787
3314.88999987	0.327624
3317.36199975	0.355188
3321.98799992	0.351002
3324.52599978	0.345946
3326.44700003	0.354689
3328.20299983	0.341265
3329.28299975	0.362619
3330.47299981	0.352747
3332.78199983	0.340234
3334.80599976	0.344847
3336.74199986	0.334562
3338.16199994	0.3182
3338.74300003	0.353407
3339.80699992	0.36086
3340.9849999	0.353967
3343.01199985	0.360286
3344.04299974	0.348427
3345.75399971	0.327911
3349.07399988	0.355487
3349.73399973	0.355484
3351.33500004	0.340044
3353.54699969	0.330391
3354.81999993	0.209746
3356.21700001	0.353848
3358.21799994	0.353848
3360.21700001	0.350997
3362.21799994	0.363128
3364.21799994	0.351269
3366.21700001	0.358416
3368.625	0.322368
3370.48599982	0.348589
3372.37599993	0.353592
3374.49199986	0.348295
3376.21799994	0.35016
3378.21799994	0.36438
3380.30599976	0.334468
3382.28499985	0.34689
3384.21799994	0.362479
3387.55799985	0.238826
3392.20599985	0.156144
3394.59399986	0.180843
3395.625	0.216918
3397.03799987	0.346048
3398.30999994	0.357051
3399.63399982	0.308049
3401.34899998	0.356486
3404.2019999	0.356303
3405.9289999	0.338791
3407.57599998	0.342679
3408.64299965	0.357544
3410.19299984	0.359388
3412.21899986	0.00861
3414.82299995	0.349749
3417.62599993	0.33546
3420.90199971	0.271683
3422.18999982	0.311822
3423.40899992	0.166651
3429.54899979	0.359297
3431.18899989	0.343365
3433.18499994	0.356254
3434.90799999	0.342603
3436.88899994	0.360311
3438.44299984	0.355683
3440.89399981	0.357424
3442.32999992	0.354625
3445.46399999	0.341953
3448.51900005	0.356885
3449.64199972	0.356268
3450.38400006	0.356643
3452.73799992	0.361279
3454.99699998	0.340748
3456.60700011	0.354565
3458.00899982	0.139325
3461.90300012	0.311439
3465.57799983	0.33659
3467.88999987	0.292818
3471.31999993	0.356608
3472.30299997	0.339072
3473.43399978	0.333595
3474.86800003	0.329697
3477.10800004	0.286765
3480.86500001	0.354941
3482.33099985	0.345661
3484.15999985	0.355226
3486.08700013	0.294354
3488.21199989	0.338077
3489.74000001	0.357382
3491.56599975	0.037996
3493.04699993	0.313828
3494.97299981	0.337024
3496.57599998	0.33986
3498.24899983	0.355981
3500.60099983	0.004147
3501.99299979	0.331069
3503.38499999	0.338664
3506.02599978	0.233334
3509.84499979	0.339902
3512.69899988	0.346226
3516.3039999	0.222357
3518.11599994	0.341185
3518.90899992	0.320633
3519.66999984	0.310042
3520.35899997	0.363915
3521.59399986	0.322126
3522.33599997	0.309059
3524.09500003	0.15959
3526.24199986	0.197661
3527.99199986	0.186049
3529.9369998	0.10149
3532.625	0.030933
3538.0079999	0.356857
3540.31599998	0.334222
3542.32299972	0.317164
3544.1389997	0.352357
3547.40700006	0.33895
3549.09200001	0.349684
3550.71199989	0.065841
3554.15699983	0.211455
3555.31399989	0.335042
3556.28299975	0.337554
3557.18300009	0.352141
3558.296	0.357868
3561.28199983	0.346694
3563.54499984	0.338148
3566.55799985	0.354524
3568.66599989	0.358573
3570.49899983	0.347285
3572.06999993	0.356409
3573.62299991	0.36036
3575.05699992	0.358609
3576.85699987	0.09463
3578.58899999	0.35657
3580.77600002	0.345998
3582.6559999	0.337885
3584.35100007	0.355044
3587.93599987	0.347198
3590.49399972	0.341085
3592.40899992	0.341906
3592.98000002	0.353251
3593.73500013	0.356408
3594.54299998	0.317032
3595.70699978	0.334868
3597.08299971	0.340007
3598.53999996	0.355245
3600.27900004	0.358819
3601.84399986	0.131638
3603.55799985	0.354812
3605.79999995	0.141832
3611.22999978	0.353867
3615.53299999	0.330923
3618.76199985	0.357803
3619.88599992	0.353243
3621.86699986	0.34382
3624.00699997	0.328059
3626.57500005	0.340474
3628.41699982	0.355498
3629.45699978	0.360283
3630.42999983	0.339669
3631.38899994	0.337865
3632.59100008	0.322935
3634.26099992	0.338563
3635.95599985	0.006756
3639.88499999	0.334982
3643.73500013	0.35302
3645.97799993	0.358809
3647.7329998	0.314578
3648.93599987	0.359092
3649.91100001	0.283183
3652.82800007	0.198696
3656.4230001	0.20355
3660.38499999	0.359186
3662.02699971	0.356363
3663.56599975	0.353126
3664.78999972	0.356429
3666.23699999	0.339158
3667.52999973	0.353019
3669.10899997	0.363618
3674.11999989	0.195795
3675.97299981	0.210908
3678.5079999	0.076287
3680.6789999	0.128421
3681.77999997	0.306592
3682.773	0.355303
3684.61500001	0.216833
3686.94199991	0.174928
3688.74300003	0.36117
3691.84700012	0.341155
3693.63199997	0.355106
3695.46699977	0.358543
3697.21799994	0.340174
3699.20599985	0.333192
3701.19799972	0.347924
3703.51099992	0.345453
3705.47399974	0.367834
3707.78999972	0.355239
3709.61199999	0.342009
3711.44899988	0.35564
3713.53299999	0.336308
3715.45599985	0.311377
3717.56900001	0.356404
3719.81299996	0.3385
3722.15799975	0.354807
3723.79299998	0.353525
3726.41899967	0.34584
3728.28299975	0.302022
3729.66599989	0.296877
3730.98999977	0.355726
3733.12099981	0.006307
3734.7099998	0.342247
3736.44799995	0.355832
3737.68099999	0.355545
3741.84199977	0.173543
3745.87599993	0.25753
3746.29799986	0.356572
3747.89099979	0.3564
3749.84399986	0.287055
3751.75399971	0.209968
3753.68299985	0.346789
3754.82299995	0.355879
3756.24899983	0.234882
3759.84899998	0.198102
3761.5059998	0.355841
3762.7750001	0.339878
3764.68599987	0.35608
3765.66099977	0.345254
3766.68499994	0.354272
3768.74300003	0.340352
3770.78799987	0.349934
3771.89199996	0.341919
3772.72999978	0.35906
3774.32599974	0.332874
3776.38800001	0.338651
3777.70599985	0.339939
3779.71799994	0.355462
