0.0	0.024615
0.330000162125	1.085616
0.490000247955	1.703233
0.715000152588	2.25848
0.930999994278	2.820729
1.1810002327	0.06342
1.89199995995	0.015898
2.31599998474	0.105022
2.68099999428	0.343114
3.76099991798	0.161633
5.72099995613	1.720473
7.76099991798	0.268874
9.78100013733	2.578541
11.7410001755	3.671439
13.7500002384	0.80888
15.7599999905	0.073548
17.7620000839	7.223821
19.7630000114	4.299315
21.7760000229	1.133211
23.7209999561	0.706584
25.7410001755	0.04401
27.7580001354	0.287554
29.7820000648	0.063898
31.7410001755	0.022259
33.7599999905	0.021589
35.7400000095	0.107816
37.7630000114	1.254665
39.7630000114	0.7961
41.7630000114	0.062289
43.763999939	0.607526
45.7510001659	0.057641
47.760999918	0.094447
49.7200000286	0.027481
51.7810001373	0.050807
53.7209999561	1.339427
55.7220001221	0.229379
57.760999918	1.39643
59.7620000839	2.366304
61.7630000114	7.403625
63.7410001755	1.344723
65.7410001755	0.015858
67.760999918	0.383306
69.760999918	0.012253
71.7220001221	1.34736
73.7400000095	0.036479
75.760999918	0.163607
77.7430000305	0.039084
79.7510001659	0.010365
81.7330002785	0.423548
83.7430000305	0.019975
86.0009999275	0.006323
88.0	0.008482
90.0110001564	0.003693
91.992000103	0.088938
94.0009999275	0.057325
96.0110001564	0.39378
97.9990000725	0.04145
100.016000032	0.413397
102.021000147	0.024827
103.981000185	0.165175
106.010000229	0.076995
108.000999928	0.754336
110.019000053	5.440788
112.01699996	1.223079
113.993000031	6.991264
115.983999968	0.755403
118.006000042	0.026957
119.960999966	0.164475
121.990000248	0.087232
124.0	6.080826
126.011000156	0.013507
128.011000156	3.364121
130.000999928	5.36018
132.002000093	0.567113
134.012000084	6.132377
136.021000147	3.14017
138.018000126	4.793709
139.903000116	4.661593
142.011000156	0.775158
144.000999928	0.210704
146.01300025	1.136057
148.002000093	0.01469
150.000999928	0.007452
152.000999928	0.250221
154.000999928	0.504069
156.000999928	0.342426
158.002000093	0.103699
160.01699996	0.01926
162.0	0.164715
163.86500001	0.680659
166.023999929	4.234877
168.000999928	3.298474
169.991000175	0.663463
172.000999928	0.143658
173.981000185	0.418942
176.002000093	1.330547
178.000999928	2.744275
180.02699995	5.98677
182.023000002	4.807854
183.999000072	0.370639
186.011000156	0.165719
188.325000286	0.045135
191.551000118	0.032385
192.595999956	0.033713
194.011000156	0.082829
196.040999889	0.002463
197.960000038	0.403319
200.000999928	0.021468
202.008999825	0.008425
204.003000021	0.033757
206.002000093	1.23654
207.987999916	0.014311
210.002000093	0.26058
211.950999975	0.084508
213.981000185	0.090298
216.000999928	0.943883
217.981000185	0.05534
220.003000021	0.375313
222.000999928	0.103226
224.000999928	0.152873
226.002000093	0.043882
227.981000185	0.171783
230.000999928	0.024471
231.997000217	1.330044
234.01699996	0.132057
236.011000156	0.052946
237.992000103	0.18995
240.021000147	0.011716
242.021000147	0.019249
244.016000032	0.08178
246.002000093	0.006543
248.002000093	0.269668
250.000999928	0.016855
252.011000156	0.042158
254.016000032	0.071789
256.000999928	0.980658
258.0	0.238443
259.990000248	0.664017
262.010000229	0.166983
264.010000229	0.112083
266.003999949	0.026621
267.981000185	0.04991
270.01699996	0.711442
272.002000093	1.749054
274.021000147	0.229091
276.000999928	0.030194
278.016000032	0.119838
280.032000065	0.011765
281.980000019	0.153831
284.016000032	0.027366
285.981000185	0.018768
288.023000002	0.055388
290.02699995	0.23928
292.021000147	0.618256
294.011000156	0.010918
295.970000029	0.22766
298.0	0.307644
299.998000145	0.016887
301.991000175	1.113855
304.016000032	3.374599
305.98300004	0.089843
308.000999928	0.674148
310.000999928	0.084054
312.000999928	0.009646
314.0	0.426461
316.011000156	0.613089
318.012000084	0.936331
319.98300004	0.047899
322.002000093	0.01283
324.005000114	0.011228
326.0	0.519244
328.011000156	9.836357
330.021000147	3.166449
332.005000114	1.260005
334.010000229	7.281426
336.210000038	2.499727
338.25999999	1.626353
340.280999899	2.99595
342.256000042	8.426579
344.262000084	10.51006
346.262000084	7.346622
348.262000084	8.608996
350.252000093	5.306851
352.242000103	0.002995
354.243000031	1.779811
356.246000051	1.727313
358.261000156	0.043064
360.261000156	0.519024
362.251000166	0.019263
364.246999979	0.025054
366.251000166	7.014967
368.261000156	0.206378
370.251000166	0.192266
372.272000074	11.205688
374.256000042	0.03602
376.232000113	0.021458
378.240999937	0.074871
380.026000023	0.134755
382.246000051	0.020725
384.261000156	0.047667
386.221000195	3.145254
388.250000238	0.766732
390.240999937	6.578805
392.271000147	1.635747
394.131000042	6.984276
396.282000065	0.067453
398.242000103	6.704581
400.240999937	7.266157
402.262000084	0.114637
404.240999937	1.116451
406.252000093	0.044602
408.252000093	0.023785
410.262000084	0.014986
412.242000103	0.260432
414.242000103	0.55892
416.262000084	0.075558
418.24000001	0.065037
420.251000166	1.123707
422.251000166	0.050551
424.240999937	2.341059
426.242000103	0.134773
428.243000031	6.443696
430.261000156	3.944636
432.271000147	0.436939
434.251000166	0.020702
436.262000084	1.8658
438.240999937	0.796482
440.261000156	0.010873
442.261000156	3.404522
444.279999971	1.113323
446.271000147	0.951426
448.222000122	1.121351
450.262000084	0.129702
452.252000093	0.652588
454.222000122	0.3111
456.217000008	0.080987
458.242000103	0.017971
460.251000166	0.019669
462.240999937	0.980179
464.251000166	0.015055
466.242000103	0.16851
468.263999939	0.126467
470.243000031	2.766027
472.221000195	1.204257
474.221000195	0.08622
476.222000122	0.783901
478.22300005	0.098794
480.222000122	0.01997
482.222000122	0.434104
484.222000122	0.015837
486.242000103	0.997166
488.210999966	0.141878
490.261000156	0.35251
492.242000103	0.127607
494.240999937	0.089933
496.240999937	0.188652
498.261000156	0.059721
500.252000093	0.796315
502.22300005	0.028352
504.243000031	0.134743
506.240999937	0.40492
508.270000219	0.056768
510.240999937	0.91388
512.262000084	2.112343
514.273000002	7.764829
516.222000122	0.490262
518.221000195	0.015873
520.254000187	0.034514
522.261000156	0.153964
524.242000103	0.00627
526.221000195	0.193087
528.221000195	0.212271
530.240999937	0.836492
532.279999971	1.886657
534.251000166	3.870973
536.261000156	2.487547
538.271000147	0.877522
540.252000093	1.420714
542.251000166	1.254884
544.271000147	0.035856
546.261000156	0.472398
548.261000156	0.023772
550.279999971	0.697163
552.276000023	0.067362
554.280999899	0.098028
556.275000095	0.161749
558.255000114	1.178651
560.276000023	0.077851
562.276000023	9.880033
564.282000065	0.477138
566.277000189	0.540104
568.256999969	0.010364
570.256999969	2.721102
572.256000042	0.014935
574.271000147	2.673012
576.261000156	0.012596
578.275000095	0.017954
580.221000195	1.829786
582.296999931	3.235299
584.272000074	5.17267
586.476000071	5.709283
588.5	4.659374
590.520999908	4.659374
592.512000084	0.044846
594.518000126	5.087642
596.502000093	0.797137
598.511000156	0.025691
600.496999979	0.034138
602.480999947	0.772061
604.520999908	0.943332
606.511000156	0.82463
608.490000248	0.341165
610.401000023	0.797041
612.511000156	2.443648
614.486000061	0.073517
616.517000198	7.45996
618.512000084	0.05395
620.512000084	0.326099
622.513000011	2.475811
624.491000175	0.050191
626.501000166	0.084242
628.480999947	0.211598
630.520999908	0.020772
632.517000198	0.554567
634.386000156	0.580284
636.520999908	0.014193
638.513000011	0.017696
640.517000198	0.116646
