0.0	0.054373
0.121000051498	0.254399
0.242000341415	0.931353
0.540000200272	0.633962
0.999000072479	0.383146
1.17500019073	5.088293
1.3860001564	6.283072
1.59900021553	3.523415
1.77500009537	7.39572
3.41900014877	6.611576
5.67600011826	6.095639
7.68400001526	5.566258
9.67700004578	3.519471
11.6790001392	3.778828
13.6790001392	1.116117
15.6760001183	0.134862
17.6790001392	0.261648
19.6820001602	0.752533
21.6680002213	5.123903
23.6859998703	0.045612
25.6779999733	1.207636
27.6690001488	6.181415
29.6809999943	4.942156
31.7160000801	4.502107
33.6730000973	4.658459
35.6690001488	1.001461
37.6760001183	1.179182
39.6809999943	1.055115
41.6830000877	5.004372
43.6859998703	4.496025
45.6809999943	6.43142
47.6900002956	6.040749
49.6760001183	4.779647
51.6820001602	5.776673
53.6849999428	2.388112
55.6790001392	0.870762
57.6830000877	0.505344
59.6920001507	0.783716
61.6910002232	1.072984
63.6859998703	0.021201
65.6800000668	0.247692
67.6760001183	0.195725
69.6859998703	0.24358
71.6980001926	0.744953
73.6770000458	5.170542
75.6750001907	3.955269
77.6830000877	4.87012
79.6970000267	1.455816
81.6830000877	1.42009
83.6779999733	0.815472
85.6779999733	2.927569
87.6760001183	0.026557
89.6779999733	0.003555
91.6849999428	0.89601
93.6820001602	2.169971
95.6790001392	4.114838
97.6790001392	5.132698
99.6800000668	3.698973
101.676000118	1.386265
103.684000015	0.025577
105.679000139	3.670915
107.684000015	1.589875
109.684999943	0.566515
111.684999943	0.698425
113.675000191	1.264187
115.677999973	1.828881
117.679000139	5.14078
119.683000088	0.316022
121.684999943	1.906675
123.671000242	4.388149
125.677999973	2.126504
127.680999994	0.951161
129.676000118	4.869071
131.675000191	3.361323
133.677999973	5.663705
135.683000088	3.226929
137.674000263	0.510939
139.675000191	1.130952
141.683000088	0.362732
143.690000296	1.142101
145.679000139	0.863334
147.691000223	0.049702
149.688000202	2.630257
151.684999943	6.153378
153.679000139	3.437155
155.684000015	6.225625
157.673000097	1.772861
159.68200016	1.838944
161.68599987	0.129843
163.677000046	1.17327
165.680000067	6.022934
167.68200016	0.748104
169.680999994	1.052436
171.683000088	1.100606
173.684000015	0.058219
175.924000025	0.088425
177.927000284	5.380902
179.929000139	0.973197
181.687000275	1.220049
183.93200016	0.058424
185.759000063	1.167066
187.935000181	0.202662
189.933000088	0.838134
191.934000015	0.053656
193.934000015	0.13923
195.931000233	5.603843
197.927000284	4.1315
199.940999985	0.047382
201.924999952	0.523681
203.931000233	0.120026
205.931000233	0.241113
207.936000109	0.291205
209.930000305	0.038166
211.923000097	4.866839
213.930000305	6.149257
215.937000036	1.487624
217.938000202	0.0495
219.930000305	4.85777
221.937000036	0.864587
223.930000305	4.02386
225.928000212	3.793167
227.936000109	3.262697
229.928000212	0.072312
231.936000109	0.183624
233.759000063	1.119428
236.230000019	2.147257
237.93200016	1.670454
239.93900013	0.08818
241.93200016	0.019001
243.931000233	0.026736
245.92599988	0.018121
247.940999985	1.161869
249.92599988	0.187846
251.934000015	0.067998
253.940999985	1.196971
255.943000078	0.14512
257.93900013	0.078508
261.479000092	0.002796
265.162000179	0.001702
266.616000175	0.196421
267.698000193	0.546691
268.437999964	3.491748
269.928000212	1.626501
271.944999933	0.084767
273.944999933	0.1188
275.943000078	5.663376
277.924999952	1.284738
279.929000139	0.080657
281.943000078	5.459286
283.946000338	6.096096
285.933000088	0.037747
