0.0	4.489925
0.235999584198	1.178612
0.464999914169	1.178612
0.627999782562	1.300685
0.858999729156	3.808426
1.2429997921	1.854856
1.5609998703	5.026974
1.9929997921	5.033517
2.51999998093	0.409968
3.61599993706	2.304783
5.6179997921	0.63927
7.61999964714	7.347608
9.6219997406	0.346966
11.6169998646	5.402643
13.6189997196	0.142023
15.6189997196	0.089534
17.6189997196	4.63789
19.6189997196	7.15825
21.6199996471	0.023076
23.6199996471	1.753738
25.6219997406	0.577209
27.6199996471	4.841834
29.6199996471	7.459272
31.6199996471	1.151985
33.6209998131	8.281078
35.6209998131	10.054955
37.6179997921	2.456506
39.6199996471	0.015569
41.6179997921	0.30279
43.6189997196	0.62837
45.6179997921	0.363357
47.6159999371	0.010632
49.6179997921	0.847256
51.6149997711	0.056488
53.6139998436	3.773733
55.6189997196	0.046123
57.6159999371	0.002389
59.7379999161	0.065233
61.6129999161	0.018823
63.6259999275	0.125056
65.6159999371	4.156634
67.6169998646	0.920955
69.6149997711	0.444271
71.6179997921	0.022359
73.6139998436	0.836851
75.6189997196	0.002423
77.6139998436	0.024783
79.6129999161	3.800656
81.6119997501	0.644602
83.6159999371	0.985965
85.6139998436	0.665598
87.6139998436	0.024242
89.8650000095	1.278846
91.8709998131	5.69046
93.8639998436	0.009988
95.8679997921	0.01067
97.8669998646	0.058765
99.8679997921	1.767882
101.869999886	0.19176
103.862999678	0.418154
105.862999678	5.298962
107.862999678	5.267626
109.86500001	5.571586
111.863999844	2.271094
113.868999958	2.997902
115.863999844	0.630718
117.86500001	2.167505
119.86500001	0.041553
121.86500001	0.074372
123.86500001	0.04875
125.86500001	0.112038
127.865999937	0.397428
129.865999937	0.188715
131.86199975	0.008112
133.863999844	0.020997
135.862999678	0.62546
137.86500001	5.532818
139.863999844	3.117675
141.863999844	4.323584
143.867999792	6.436715
145.862999678	1.793586
147.862999678	0.533335
149.889999866	0.443304
151.873999834	0.007202
153.86199975	0.216369
155.876999855	0.277541
157.862999678	0.020849
159.859999657	7.430036
161.860999823	1.334934
163.863999844	0.622528
165.862999678	0.854889
167.860999823	0.107216
169.860999823	0.010751
171.862999678	0.065478
173.860999823	5.38219
175.86199975	5.038857
177.858999729	4.811585
