0.0	0.792018
1.34999990463	1.117516
1.57500004768	3.276379
2.16199970245	2.636956
2.6259996891	3.693416
3.03900003433	3.3336
3.52799987793	3.470452
3.82099986076	4.092177
4.27999997139	4.584447
4.64499974251	3.805933
6.68199968338	2.826108
8.67899990082	3.187451
10.6779999733	0.729016
12.6839997768	3.44453
14.5580000877	3.807521
16.6819996834	1.111104
18.6799998283	0.795065
20.6779999733	0.016162
22.7059998512	2.464945
24.7079999447	2.176768
26.6899998188	2.824189
28.6789999008	2.709574
30.6799998283	3.585581
32.6799998283	0.042516
34.6889998913	0.018203
36.7119998932	0.010703
38.5599999428	0.705344
40.6870000362	0.035361
42.6759998798	0.540907
44.7020001411	0.029621
46.6819996834	0.016214
48.6759998798	2.9666
50.6819996834	1.469509
52.6829998493	2.191369
54.6889998913	0.211041
56.6819996834	3.711415
58.6839997768	0.01519
60.6799998283	0.018338
62.6739997864	0.789639
64.6769998074	3.174945
66.6879999638	1.893977
68.6789999008	2.926021
70.6899998188	0.031252
72.6759998798	0.053269
74.6819996834	0.096582
76.6870000362	0.138565
78.6860001087	0.012195
80.6870000362	3.010865
82.6919999123	0.89398
84.6789999008	1.023281
86.6789999008	2.564254
88.6779999733	0.095664
90.6769998074	1.25453
92.6879999638	1.25453
94.6819996834	4.532591
96.6809997559	0.860258
98.6870000362	1.390621
100.697999716	4.265337
102.695999861	3.512251
104.680999756	3.915284
106.677999973	4.367686
108.689999819	4.85531
110.683999777	0.788941
112.673999786	0.836319
114.688999891	4.107711
116.687000036	0.148415
118.681999683	4.854119
120.680999756	3.432318
122.687000036	0.021703
124.686000109	0.952033
126.679999828	0.265913
128.688999891	0.016292
130.681999683	0.016881
132.684999943	0.005274
134.679999828	1.387532
136.688999891	1.457149
138.686000109	0.607956
140.684999943	0.190759
142.678999901	0.528078
144.689999819	0.598713
146.679999828	0.980307
148.679999828	4.008935
150.714999914	3.89614
152.69299984	3.883061
154.680999756	3.971892
156.684999943	2.385382
158.680999756	3.700434
160.687999964	3.889422
162.67599988	3.407966
164.691999912	3.476507
166.686000109	1.727656
168.682999849	1.818074
170.683999777	4.52113
172.676999807	0.016964
174.690999985	3.424202
176.683999777	0.065063
178.680999756	0.829596
180.676999807	0.080349
182.684999943	3.33704
184.677999973	2.959831
186.67599988	1.943202
188.687999964	3.987051
190.682999849	4.369279
192.676999807	0.774662
194.684999943	2.81958
196.691999912	4.23371
198.689999819	4.453905
200.687000036	4.299656
202.939999819	0.875748
204.93599987	4.598397
206.927999973	0.014365
208.931999922	0.046855
210.939999819	0.046162
212.928999901	0.758261
214.948999882	0.043044
216.975999832	0.011596
218.940999746	1.5985
220.790999889	0.723058
222.940999746	0.078519
224.937999725	3.62844
226.932999849	0.793356
228.928999901	0.135144
230.937999725	0.837298
232.937999725	0.705135
234.954999924	0.280503
236.931999922	0.698445
238.941999912	0.051926
240.932999849	0.850491
242.934000015	0.077732
244.851999998	0.716075
246.936999798	0.606178
248.944000006	2.07214
250.928999901	0.942177
252.927000046	2.098979
254.931999922	0.013274
256.93599987	0.080875
258.929999828	3.604732
260.930999994	0.132508
262.936999798	3.584597
264.936999798	0.79386
266.934999943	0.06108
268.788999796	0.823192
270.928999901	0.769363
272.931999922	0.076399
274.93599987	0.017736
276.929999828	0.961829
278.927999973	0.839369
280.931999922	0.015173
282.938999891	4.076819
284.934000015	0.340432
286.941999912	4.507206
288.93599987	4.920422
