0.0	0.032571
2.21400022507	0.974217
2.71600008011	0.974217
2.85100007057	0.974217
3.16600012779	1.173866
3.79699993134	1.400255
4.0680000782	3.943675
4.47600007057	1.623827
6.67200016975	0.016276
8.96399998665	0.955928
11.4350001812	5.073365
13.4250001907	0.01154
15.3300001621	0.774461
17.4520001411	0.702049
19.5270001888	0.047555
21.4260001183	0.388998
23.4220001698	1.938057
25.4230000973	0.757263
27.4310002327	2.711512
29.4250001907	2.711512
31.4260001183	0.015442
33.4200000763	1.644836
35.4230000973	1.644836
37.4510002136	4.005647
39.3140001297	4.853463
41.4240000248	3.414891
43.4270000458	4.139943
45.4530000687	0.560571
47.4490003586	0.118929
49.4479999542	4.533184
51.4220001698	1.107668
53.4270000458	2.375613
55.4240000248	4.202592
57.4270000458	1.022889
59.4279999733	0.773226
61.4260001183	5.12461
63.4220001698	0.760867
65.4230000973	4.250626
67.4240000248	3.897438
69.4230000973	0.77753
71.4279999733	2.587662
73.4240000248	1.398517
75.4300003052	0.011204
77.4270000458	1.628146
79.4220001698	4.910806
81.4240000248	0.430558
83.4240000248	1.312456
85.4240000248	5.784439
87.4210000038	5.7373
89.4230000973	1.818601
91.4300003052	5.725596
93.4500002861	0.80791
95.4260001183	0.186728
97.4260001183	2.521071
99.4250001907	5.369191
101.450000286	5.836694
103.426000118	1.004322
105.424000025	2.917811
107.460000038	1.758586
109.435000181	5.412405
111.425000191	3.013946
113.447999954	0.388794
115.423000097	4.241059
117.426000118	2.824078
119.449000359	3.20131
121.425000191	2.416586
123.451000214	0.098789
125.430000305	2.400369
127.450000286	5.307542
129.423000097	0.839248
131.423000097	0.788209
133.42200017	0.850709
135.42200017	4.265385
137.421000004	1.384735
139.428999901	1.139544
141.427000046	3.329984
143.427999973	0.229115
145.453000069	0.786653
147.450000286	0.380292
149.424000025	3.796654
151.427000046	0.012043
153.447999954	2.51599
155.430000305	4.181173
157.449000359	0.879234
159.425000191	2.050628
161.428999901	1.383309
163.423000097	2.863775
165.423000097	4.056243
167.514000177	2.486413
169.674000263	1.91214
171.438000202	0.016316
173.427999973	1.633816
175.681000233	2.323997
177.431000233	2.703519
179.424000025	0.665252
181.697000265	3.850523
183.42200017	3.782176
185.698000193	0.03564
187.700000048	2.276555
189.703000069	1.795796
191.679000139	5.206935
193.702000141	3.792032
195.678000212	1.566488
197.538000107	2.308113
199.676000118	5.946815
201.678000212	2.033425
203.673000336	0.015689
205.700999975	0.19663
207.676000118	2.67366
209.680000067	1.967627
211.673000336	2.051059
213.677000046	3.57759
215.676000118	0.798946
217.69900012	0.762153
219.69900012	3.601622
221.540999889	1.917531
223.700000048	0.444227
225.679000139	0.076341
227.679000139	4.354193
229.673000336	3.327437
231.700999975	4.617663
233.67200017	5.734055
235.700999975	3.406681
237.674000263	0.097475
239.680000067	0.829789
241.700999975	3.946121
243.677000046	5.64999
245.56400013	0.784584
247.676000118	1.123201
249.675000191	5.358221
251.670000315	4.512482
253.673000336	4.512482
255.674000263	4.038402
257.677000046	5.13884
259.675000191	5.592253
261.676000118	5.778549
263.673000336	2.665106
265.677000046	0.279272
267.674000263	0.460991
269.542000294	3.023747
271.703000069	0.856556
273.677000046	2.54113
275.676000118	5.742328
277.707000017	0.573162
279.67200017	2.771152
281.700999975	2.771152
283.697000265	2.771152
285.677000046	5.245641
287.698000193	1.904449
289.67200017	0.778657
291.680000067	4.852579
293.566000223	0.996042
295.700000048	4.563664
297.67200017	3.11239
299.67200017	2.592135
301.674000263	2.592135
303.671000242	2.592135
305.700999975	5.703656
307.678000212	5.649323
309.69900012	5.649323
311.69900012	5.649323
313.697000265	5.649323
315.698000193	5.649323
317.67200017	5.649323
319.680000067	5.649323
321.677000046	5.649323
323.677000046	5.385975
325.674000263	4.24547
327.671000242	4.24547
329.698000193	4.24547
331.68200016	4.24547
333.696000099	4.24547
335.674000263	4.24547
337.674000263	4.24547
339.674000263	4.24547
341.732000113	5.910003
343.696000099	0.141719
345.677000046	3.09908
347.695000172	2.52084
349.697000265	0.165883
351.700000048	2.878512
353.675000191	3.520649
355.69900012	5.447042
357.677000046	4.616146
359.680000067	2.056428
361.67200017	5.692678
363.69900012	2.958882
365.671000242	1.631252
367.703000069	2.665533
369.671000242	2.028904
371.673000336	1.891349
373.673000336	1.497402
375.673000336	1.477303
377.670000315	3.747188
379.670000315	1.44186
381.67200017	1.44186
383.67200017	1.67532
385.700000048	3.137346
387.677000046	3.748382
389.673000336	2.911162
391.700000048	3.352146
393.700000048	4.144654
395.675000191	0.837134
397.677000046	2.804413
399.700000048	4.885672
401.702000141	1.109267
403.676000118	2.579214
405.679000139	3.730028
407.684000015	2.21352
409.673000336	1.435276
411.698000193	0.011855
413.671000242	4.838874
415.702000141	1.566731
417.674000263	4.517495
419.698000193	0.081445
421.679000139	5.737591
423.678000212	4.10506
425.923000097	1.472114
427.676000118	4.079862
429.677000046	1.127565
431.677000046	0.711559
433.673000336	1.367868
435.92200017	3.721547
437.924999952	5.754578
439.940000057	5.752525
441.926000118	2.731653
443.94900012	0.396991
445.92200017	0.842115
447.923000097	2.221368
449.923000097	2.27531
451.94900012	3.184725
453.92200017	3.994688
455.954000235	2.328362
457.923000097	3.566181
459.946000099	3.560284
461.921000242	4.447906
463.923000097	4.071185
465.924999952	4.246897
467.951000214	1.646004
469.926000118	4.241302
471.955000162	4.398031
473.929000378	4.359275
475.94900012	5.671967
477.924000025	3.828711
479.927000046	5.806451
481.924000025	1.631205
483.926000118	5.295322
485.924999952	5.069497
487.927999973	3.693347
489.927000046	4.203476
491.931000233	4.289251
493.924999952	0.750851
495.92200017	0.775475
497.923000097	0.891676
499.921000242	0.826823
501.92200017	4.626579
503.924999952	4.449066
505.924999952	0.189077
507.947999954	5.073678
509.92200017	4.030352
511.92200017	4.052159
513.924000025	3.948565
515.924999952	5.840252
517.935000181	4.186219
519.926000118	5.603778
521.92200017	0.869756
523.921000242	0.907159
525.921000242	5.773958
527.921000242	4.943498
529.92200017	4.943498
531.921000242	4.943498
533.924000025	4.694977
535.921000242	2.15603
537.951000214	2.920827
539.924000025	2.920827
541.923000097	2.926825
543.921000242	2.926825
545.924000025	2.41566
547.92200017	2.41566
549.946000099	1.944873
551.923000097	2.054462
553.94900012	2.054462
555.924999952	2.054462
557.924999952	4.958697
559.92200017	1.620243
561.94900012	0.316995
563.924999952	4.556427
565.947999954	1.560964
567.92200017	3.663883
569.953000307	3.246211
571.924000025	5.770165
573.924000025	0.641326
575.921000242	1.050772
577.94900012	3.773778
579.92200017	2.826123
581.92200017	4.73008
583.92200017	0.0121
585.927999973	2.555859
587.924000025	4.125647
589.926000118	1.820149
591.92200017	5.889121
593.924000025	4.285568
595.92200017	4.285568
597.94900012	3.288661
599.921000242	3.575492
601.926000118	1.206225
603.924999952	4.215802
605.927999973	0.781044
607.921000242	0.104262
609.92200017	2.955638
611.921000242	5.853436
613.92200017	5.541077
615.92200017	0.769318
617.921000242	1.074666
619.923000097	5.369979
621.924999952	0.032932
623.92200017	5.617921
625.921000242	2.689445
627.93200016	4.597638
629.926000118	4.597638
631.953000307	2.366861
633.92200017	4.46599
635.924999952	2.732431
637.926000118	0.486481
639.954000235	3.942175
641.92200017	3.942175
643.924000025	0.853918
645.921000242	1.466562
647.947999954	1.466562
649.92200017	0.725845
651.953000307	0.011937
653.924000025	1.435058
655.950000286	1.936343
657.937000275	2.422512
659.923000097	4.521146
661.924000025	1.683531
663.923000097	4.163545
665.937000275	4.163545
667.950000286	5.470356
669.935000181	5.016788
671.933000088	1.475215
673.921000242	5.349734
676.200000048	2.62561
677.921000242	1.360351
679.926000118	0.300254
682.178000212	0.771529
683.923000097	0.58441
685.923000097	3.255753
688.177000284	1.219956
689.927000046	2.105773
692.067000151	2.39411
693.980000019	1.204018
696.18200016	4.511265
698.174000263	0.6432
700.201000214	0.185795
702.177000284	2.628046
704.176000118	2.628046
706.202000141	0.542779
708.171000242	1.370501
710.201000214	1.62683
712.195000172	2.440632
714.200000048	2.440632
716.031000137	2.440632
718.183000088	1.922057
720.179000139	1.922057
722.203000069	1.922057
724.17200017	1.922057
726.201000214	3.439466
728.174000263	3.317337
730.180000067	0.449932
732.176000118	5.179984
734.180000067	4.018406
736.178000212	4.016458
738.175000191	5.69412
740.044000149	5.04248
742.17200017	0.28377
744.17200017	2.812131
746.173000097	3.806017
748.201000214	5.289867
750.173000097	1.980943
752.174000263	5.23441
754.188999891	3.794919
756.17200017	0.096293
758.171000242	4.915767
760.171000242	3.920081
762.173000097	4.870539
764.043000221	1.140861
766.198000193	4.696697
768.173000097	0.031828
770.203999996	5.441604
772.203000069	4.154898
774.173000097	0.773985
776.174000263	2.156013
778.210000277	1.352922
780.176000118	4.247938
782.200000048	1.884017
784.179000139	0.795691
786.178000212	3.664553
788.042000294	4.425077
790.177000284	4.283682
792.175000191	2.215699
794.19900012	2.613902
796.203000069	2.977694
798.173000097	0.778153
800.174000263	1.100757
802.201000214	0.305158
804.180000067	5.682511
806.197000027	5.820958
808.202000141	5.648536
810.174000263	5.361041
812.174000263	5.761442
814.175000191	2.52433
816.203000069	3.524408
818.180999994	4.155724
820.18200016	2.49831
822.17200017	0.796591
824.201000214	4.2436
826.183000088	2.108999
828.174000263	2.085285
830.203000069	4.06361
832.183000088	1.981701
834.200000048	4.770338
836.176000118	3.523553
838.177000284	2.975376
840.17200017	1.633063
842.19900012	2.885104
844.17200017	5.426854
846.178000212	4.551766
848.174000263	0.216642
850.17200017	3.511288
852.178000212	5.532811
854.174000263	4.121319
856.17200017	3.952585
858.173000097	0.37412
860.171000242	0.791909
862.19900012	4.201993
864.200000048	2.291781
866.201000214	0.790928
868.201000214	4.13902
870.184000015	0.784737
872.197000027	3.382169
874.179000139	3.029212
876.197000027	0.257896
878.180000067	1.935807
880.200000048	4.785247
882.17200017	4.785247
884.174000263	2.395348
886.18200016	0.267216
888.175000191	5.856881
890.200000048	0.786592
892.174000263	4.566468
894.173000097	1.109634
896.173000097	5.692631
898.207000017	2.593176
900.180999994	2.750179
902.183000088	3.241592
904.178000212	0.793606
906.201000214	5.705807
908.173000097	3.216986
912.805000067	0.557686
913.444999933	2.184544
914.174000263	3.20336
916.179000139	1.591367
918.203999996	1.067419
920.187000036	0.012411
922.201000214	5.12333
924.201000214	1.145552
926.200000048	2.320032
928.173000097	3.554837
930.191000223	5.62952
932.423000097	5.567766
934.433000326	1.781942
936.203999996	2.532369
938.423000097	0.832804
940.43200016	0.897128
942.424000025	0.78053
944.427000046	0.599759
946.279000044	2.86158
948.424000025	0.012409
950.427000046	2.008601
952.427000046	2.513657
954.427000046	4.254813
956.42200017	0.745595
958.420000076	1.617947
960.434000254	3.14907
962.450000286	5.640244
964.450000286	3.426785
966.433000326	1.864074
968.447000027	0.858598
970.303000212	2.866435
972.426000118	0.012903
974.424000025	3.10358
976.424000025	3.516118
978.426000118	3.516118
980.42200017	3.516118
982.423000097	1.055724
984.426000118	3.041582
986.428999901	5.134327
988.421000004	4.811945
990.450000286	5.065372
992.426000118	1.550074
994.292999983	0.752128
996.449000359	0.210506
998.449000359	3.385723
1000.42700005	4.834589
1002.45100021	5.58069
1004.421	5.596856
1006.42400002	0.127347
1008.42400002	2.353731
1010.45200014	5.708532
1012.43500018	3.48193
1014.42500019	2.099825
1016.42700005	1.385701
1018.28900027	0.757483
1020.42600012	3.999543
1022.44900036	5.757487
1024.45500016	3.966387
1026.42400002	0.344489
1028.44900036	2.110385
1030.4230001	2.110385
1032.42600012	3.336548
1034.43700004	5.750733
1036.42400002	5.732458
1038.43000031	5.732458
1040.42200017	5.732458
1042.2900002	4.681902
1044.42400002	1.663878
1046.4230001	0.356589
1048.4230001	1.991762
1050.4289999	2.952253
1052.421	1.371814
1054.42200017	1.371814
1056.42600012	0.392598
1058.42400002	2.44857
1060.44900036	3.116844
1062.42400002	5.48918
1064.45000029	2.838631
1066.45000029	2.838631
1068.44900036	1.908216
1070.42400002	2.621695
1072.42600012	5.738545
1074.42799997	5.622658
1076.4230001	5.622658
1078.42200017	5.453631
1080.51300025	5.702333
1082.4289999	3.58611
1084.45100021	4.257232
1086.4289999	3.437895
1088.42400002	1.343667
1090.43900013	5.383474
1092.42700005	1.093686
1094.4230001	4.834855
1096.42500019	2.532422
1098.42799997	3.758516
1100.42600012	2.034216
1102.4230001	0.983951
1104.42600012	3.351299
1106.42700005	3.196467
1108.45100021	5.788824
1110.42400002	2.498593
1112.45000029	4.346191
1114.4230001	0.780016
1116.45200014	5.32162
1118.42500019	5.32162
1120.45000029	5.32162
1122.42400002	4.50819
1124.4380002	0.736473
1126.42700005	4.259525
1128.44900036	0.539389
1130.45300007	0.81619
1132.43000031	5.024745
1134.45400023	2.717965
1136.4289999	5.491076
1138.42500019	0.785541
1140.42500019	2.869912
1142.4289999	4.665524
1144.42700005	0.13477
1146.4289999	3.958481
1148.42600012	3.034642
1150.42600012	2.996567
1152.42500019	0.395341
1154.4289999	5.084999
1156.4289999	4.397761
1158.45000029	0.767877
1160.42600012	5.657535
1162.42200017	4.104184
1164.45100021	5.745584
1166.68300009	4.771709
1168.42500019	5.903521
1170.42600012	2.182542
1172.67800021	1.547193
1174.42400002	0.595369
1176.45200014	1.300292
1178.42700005	5.476869
1180.42700005	4.480506
1182.68100023	0.767099
1184.67800021	0.012191
1186.42500019	4.134635
1188.67600012	2.669063
1190.67600012	4.996059
1192.7650001	3.527668
1194.69100022	0.124628
1196.67400026	3.589851
1198.67700005	2.446173
1200.67400026	0.89904
1202.67200017	1.734601
1204.67300034	0.944661
1206.67400026	0.809916
1208.70200014	3.733448
1210.55900025	0.701852
1212.70200014	4.912709
1214.67500019	5.878236
1216.68100023	1.947048
1218.70000005	2.861082
1220.70099998	0.785983
1222.69800019	3.137737
1224.70300007	1.704913
1226.70099998	2.293724
1228.67600012	4.067282
1230.68000007	2.147457
1232.67900014	0.67564
1234.67400026	0.75938
1236.67800021	0.36099
1238.69800019	0.012455
1240.67700005	2.605918
1242.69700027	1.825003
1244.67500019	5.853132
1246.67900014	1.699325
1248.67500019	2.423954
1250.67700005	4.479701
1252.67700005	1.84193
1254.67600012	1.615298
1256.67400026	0.373851
1258.67300034	5.644043
1261.01300001	4.222866
1262.70200014	3.301619
1264.70099998	0.223781
1266.68000007	5.503853
1268.69700027	5.503853
1270.67400026	5.503853
1272.69900012	4.388156
1274.67700005	5.914428
1276.67700005	5.914428
1278.67500019	5.914428
1280.67600012	5.914428
1282.67400026	1.607875
1284.67100024	5.887173
1286.67300034	5.887173
1288.70000005	5.887173
1290.69900012	5.887173
1292.70099998	1.451946
1294.69900012	5.949539
1296.67700005	5.653687
1298.70300007	4.305396
1300.67700005	2.539711
1302.69800019	5.14017
1304.67600012	1.015411
1306.69700027	5.672661
1308.67600012	3.343342
1310.67700005	2.519644
1312.67900014	4.96397
1314.67900014	0.165476
1316.67600012	0.672557
1318.67200017	3.405782
1320.69800019	3.865738
1322.67100024	3.900517
1324.67200017	0.149932
1326.67800021	1.284136
1328.67800021	2.450864
1330.67900014	3.337366
1332.67400026	3.867235
1334.67600012	3.867235
1336.69700027	2.390979
1338.67300034	0.516331
1340.67700005	1.938978
1342.67400026	5.49663
1344.67400026	5.58734
1346.69800019	2.131233
1348.67700005	5.336609
1350.67300034	2.672463
1352.67800021	1.414975
1354.70000005	1.016298
1356.67900014	0.371681
1358.67200017	1.973833
1360.67700005	2.004736
1362.69800019	4.401813
1364.67900014	2.956764
1366.67500019	0.392925
1368.67500019	3.285659
1370.704	3.33163
1372.67900014	4.256698
1374.70700002	0.882361
1376.67600012	3.05129
1378.67500019	0.727929
1380.68499994	1.477205
1382.70800018	4.104917
1384.70099998	0.764265
1386.68000007	2.735822
1388.67800021	0.751405
1390.70200014	1.09675
1392.70099998	3.947314
1394.6900003	0.280463
1396.70099998	5.471789
1398.68000007	2.285847
1400.69800019	2.300382
1402.67700005	2.300382
1404.70300007	3.249782
1406.67600012	0.045472
1408.67900014	5.75066
1410.67500019	4.164798
1412.67600012	2.469203
1414.67400026	0.717784
1416.70099998	4.126297
1418.69800019	0.526613
1420.70000005	4.540831
1422.92400002	3.657153
1424.67500019	4.888356
1426.68000007	1.170444
1428.92700005	0.485368
1430.70000005	3.440724
1432.67600012	3.854014
1434.9230001	4.069544
1436.67300034	5.561147
1438.9230001	1.441151
1440.79300022	2.597279
1442.92499995	2.650114
1444.92600012	2.085116
1446.92600012	3.361867
1448.92200017	0.239602
1450.92200017	5.750646
1452.9230001	4.391967
1454.92799997	3.631113
1456.9230001	5.807963
1458.92499995	4.354288
1460.9230001	5.759876
1462.92600012	1.729361
1464.80600023	0.777445
1466.95000029	0.347431
1468.92499995	5.235165
1470.92600012	3.862714
1472.92499995	3.025969
1474.92400002	0.790675
1476.9230001	0.953926
1478.93100023	4.633573
1480.92700005	5.243966
1482.92900038	5.000509
1484.92600012	1.86273
1486.95800018	1.1218
1488.82700014	3.511195
1490.95000029	5.916291
1492.92400002	3.636674
1494.93500018	0.504436
1496.92499995	1.066304
1498.92600012	5.596801
1500.92200017	1.430321
1502.92400002	4.702556
1504.9230001	0.882237
1506.92499995	0.575576
1508.92499995	2.126123
1510.93200016	5.365158
1512.81900024	3.569058
1514.92499995	0.521655
1516.9230001	4.264323
1518.9230001	3.160794
1520.92400002	5.104949
1522.92799997	1.675524
1524.92400002	4.052603
1526.92400002	2.459495
1528.92400002	0.134936
1530.92499995	3.169838
1532.9230001	3.169838
1534.9230001	3.03239
1536.82600021	1.399607
1538.9230001	3.614407
1540.92400002	3.89545
1542.92400002	3.86616
1544.92600012	2.370693
1546.92900038	0.780761
1548.93400025	0.834048
1550.92200017	0.63034
1552.94799995	5.236174
1554.92400002	0.72051
1556.95300031	4.841831
1558.92499995	2.303076
1560.93100023	5.351392
1562.92600012	0.64309
1564.9230001	0.846044
1566.92200017	5.654477
1568.95100021	4.425409
1570.92200017	5.838577
1572.95000029	1.744753
1574.9230001	0.252758
1576.92499995	2.251637
1578.92499995	0.793957
1580.9230001	0.781266
1582.92400002	2.631241
1584.9230001	3.612489
1586.9230001	3.596853
1588.95200014	0.307329
1590.9230001	0.012855
1592.92900038	3.381828
1594.92400002	5.844157
1596.9230001	4.031608
1598.94700003	2.383854
1600.92100024	2.743765
1602.92200017	5.782528
1604.92200017	5.894143
1606.9230001	5.894143
1608.92400002	5.894143
1610.92499995	5.243228
1612.92799997	5.243228
1614.92200017	5.243228
1616.92200017	5.019332
1618.9230001	5.019332
1620.92499995	0.013081
1622.92200017	1.197575
1624.92400002	1.588564
1626.92400002	5.483167
1628.92600012	5.483167
1630.9230001	0.331682
1632.9230001	2.707537
1634.9230001	5.910003
1636.92400002	0.275663
1638.92499995	4.454084
1640.92400002	5.663809
1642.92400002	1.135858
1644.92499995	1.135858
1646.92700005	5.345965
1648.9230001	2.244481
1650.92600012	2.34173
1652.9230001	0.776831
1654.9230001	5.790213
1656.9230001	1.056753
1658.92499995	1.668312
1660.92700005	5.681658
1662.94300008	5.692933
1664.92200017	1.282527
1666.92600012	4.485112
1668.92200017	4.485112
1670.92200017	4.485112
1672.9230001	1.248516
1674.92600012	2.072545
1676.92499995	2.072545
1679.17500019	4.264518
1681.20100021	4.246702
1682.92799997	2.221738
1685.18099999	5.291313
1686.93200016	4.998715
1689.17800021	4.998715
1691.17700028	0.795898
1693.18000007	5.559277
1695.20200014	4.19686
1697.17700028	4.808116
1699.17800021	1.633056
1701.17500019	0.786404
1703.20100021	1.215294
1705.17700028	4.83516
1707.17600012	4.83516
1709.18000007	4.83516
1711.17900014	4.83516
1713.17700028	4.412594
1715.17700028	0.782835
1717.20100021	2.118788
1719.17200017	2.44445
1721.20300007	0.014419
1723.19800019	5.272938
1725.17900014	0.658853
1727.17600012	0.531024
1729.19900012	2.572199
1731.17600012	1.096969
1733.17900014	2.325016
1735.17700028	2.792529
1737.17600012	2.792529
1739.17500019	2.792529
1741.18000007	4.881392
1743.20300007	3.131305
1745.17500019	5.456897
1747.18500018	2.884028
1749.1730001	4.563459
1751.20100021	0.452558
1753.1730001	3.478996
1755.17800021	5.841341
1757.17400026	5.043657
1759.18000007	4.507227
1761.17600012	3.154763
1763.20100021	4.438814
1765.17400026	0.012949
1767.19900012	0.941437
1769.17500019	4.503478
1771.20200014	1.608267
1773.17600012	5.31264
1775.20100021	3.469993
1777.17600012	0.764659
1779.18300009	0.508826
1781.19800019	3.78676
1783.17500019	4.678469
1785.18700004	1.806551
1787.17800021	0.065402
1789.19900012	3.308846
1791.18000007	0.021677
1793.17800021	2.504264
1795.17400026	5.576947
1797.1730001	5.423402
1799.17200017	3.147351
1801.1730001	0.780234
1803.17800021	5.639837
1805.17700028	5.25737
1807.20499992	1.839936
1809.20200014	4.95236
1811.18000007	5.453473
1813.20300007	1.020619
1815.20100021	3.218004
1817.18899989	5.926083
1819.17600012	4.156287
1821.18099999	0.761573
1823.17900014	0.676137
1825.17800021	5.046541
1827.18300009	1.328034
1829.17500019	5.890623
1831.204	0.284162
1833.17900014	4.506054
1835.20000005	0.788054
1837.17800021	3.030256
1839.17500019	2.805003
1841.18200016	0.011689
1843.20200014	0.510259
1845.20200014	3.050291
1847.17400026	5.792595
1849.1730001	4.214072
1851.17400026	0.161393
1853.204	0.011821
1855.17500019	4.071891
1857.17900014	0.047733
1859.17800021	2.97712
1861.20300007	1.021726
1863.1730001	2.147808
1865.19700003	4.069095
1867.17500019	2.110857
1869.204	0.5901
1871.1730001	2.194857
1873.17700028	5.036392
1875.17500019	0.184054
1877.17900014	1.347372
1879.82300019	5.482167
1881.49600005	1.629267
1883.17400026	1.011832
1885.17400026	2.772106
1887.20700002	0.812298
1889.17900014	3.095001
1891.20000005	4.963788
1893.20300007	3.546591
1895.1730001	1.603467
1897.17700028	3.394016
1899.17900014	0.035251
1901.19900012	5.635856
1903.17900014	5.652744
1905.20200014	3.532856
1907.18000007	5.551938
1909.18099999	1.958351
1911.17500019	0.44539
1913.20100021	3.538747
1915.1730001	5.725012
1917.1730001	0.788655
1919.42400002	0.010074
1921.17400026	1.135371
1923.18300009	0.151662
1925.20000005	1.682201
1927.17400026	5.528181
1929.42600012	0.131407
1931.17400026	0.834229
1933.20300007	1.542579
1935.31200004	2.671226
1937.45200014	2.349168
1939.45100021	2.659854
1941.45300007	1.858579
1943.43600011	3.123854
1945.42500019	0.77174
1947.42799997	3.355721
1949.42700005	1.846081
1951.43500018	5.480242
1953.45200014	1.624336
1955.46200013	2.467523
1957.42799997	2.467523
1959.29700017	1.15397
1961.42600012	2.687728
1963.43100023	0.039526
1965.42200017	0.808175
1967.32500005	0.865817
1969.45500016	1.460249
1971.42500019	5.73755
1973.45200014	3.429221
1975.42700005	3.909815
1977.44900036	0.0367
1979.45200014	3.26978
1981.52300024	0.115438
1983.29400015	2.04633
1985.43200016	1.043132
1987.42600012	3.024371
1989.43000031	0.990515
1991.45400023	5.823884
1993.43000031	5.635131
1995.42400002	4.837366
1997.4230001	3.90505
1999.45300007	1.786445
2001.4289999	2.825036
2003.7750001	5.685801
2005.42600012	2.601369
2007.29700017	4.268177
2009.42500019	3.878993
2011.45000029	1.326112
2013.42400002	0.83969
2015.43500018	0.032975
2017.4289999	5.402443
2019.43400025	0.72493
2021.45100021	0.923686
2023.43100023	0.099242
2025.42600012	2.505474
2027.43100023	3.844482
2029.42400002	1.078172
2031.32200027	0.772594
2033.42700005	1.22819
2035.42700005	2.478482
2037.45300007	1.064055
2039.42799997	4.961096
2041.43300033	0.039442
2043.42799997	0.322303
2045.42600012	3.572391
2047.4380002	4.035658
2049.42500019	2.852325
2051.45200014	0.76366
2053.42799997	4.001144
2055.30100012	4.205988
2057.43000031	2.854241
2059.43300033	0.274225
2061.42700005	4.848573
2063.45000029	1.950459
2065.43000031	1.583316
2067.45100021	1.307097
2069.44799995	1.222683
2071.45000029	1.366275
2073.45100021	0.385546
2075.45200014	3.80725
2077.42799997	0.108123
2079.4230001	5.561032
2081.42600012	0.559009
2083.42600012	1.265613
2085.42400002	1.303923
2087.42799997	5.461873
2089.46399999	4.106501
2091.43000031	2.166253
2093.45100021	0.981207
2095.42500019	3.910903
2097.45200014	1.790892
2099.43100023	1.178662
2101.42799997	4.110569
2103.42400002	3.228513
2105.42700005	2.728813
2107.45300007	5.667862
2109.42700005	1.532804
2111.42600012	0.828438
2113.4230001	5.021931
2115.43700004	3.717502
2117.42700005	5.541151
2119.42500019	5.315319
2121.42700005	0.603126
2123.43600011	1.11094
2125.42500019	0.0116
2127.4230001	4.307184
2129.45200014	2.766186
2131.44900036	2.662172
2133.45400023	1.318844
2135.45200014	2.641751
2137.44900036	2.499071
2139.43000031	0.432138
2141.44900036	1.744906
2143.4289999	5.528922
2145.42600012	0.986985
2147.42400002	5.482592
2149.42400002	5.482592
2151.42700005	5.00153
2153.42500019	4.772482
2155.42400002	3.191296
2157.42700005	0.020978
2159.42700005	2.481254
2161.45000029	1.853635
2163.42500019	0.4192
2165.42799997	2.906142
2167.42700005	1.570405
2169.45200014	3.691562
2171.42700005	3.691562
2173.4380002	5.862812
2175.4230001	4.166045
2177.44799995	5.827914
2179.4230001	5.401315
2181.42700005	2.074517
2183.42400002	5.260658
2185.70000005	3.213017
2187.67800021	5.461481
2189.42799997	0.281233
2191.67700005	3.386727
2193.70200014	3.386727
2195.67900014	3.043563
2197.67600012	5.756907
2199.67300034	5.318383
2201.67800021	5.039358
2203.68100023	2.825964
2205.68100023	1.988481
2207.70700002	0.937913
2209.69800019	1.34484
2211.70300007	2.085156
2213.53200006	4.439649
2215.69900012	4.439649
2217.67800021	5.884982
2219.70300007	4.4704
2221.67700005	3.1328
2223.67800021	4.210214
2225.67400026	0.297213
2227.70200014	2.369185
2229.70099998	4.12143
2231.70200014	3.968828
2233.67400026	2.717643
2235.70200014	0.52288
2237.54300022	0.777828
2239.68200016	0.218114
2241.69900012	4.963904
2243.67600012	0.761148
2245.70000005	1.403937
2247.67300034	0.77417
2249.69900012	1.850192
2251.67700005	3.07883
2253.70000005	3.436769
2255.67700005	3.065038
2257.70200014	5.646103
2259.67200017	0.04922
2261.69800019	4.974539
2263.67500019	4.213328
2265.70099998	0.756777
2267.67600012	3.11115
2269.67400026	3.11115
2271.67700005	3.11115
2273.67600012	1.432122
2275.67400026	1.534241
2277.67400026	5.001141
2279.67500019	4.100978
2281.67600012	2.794126
2283.69900012	5.899987
2285.54300022	4.909907
2287.70500016	5.837066
2289.67800021	5.837066
2291.70300007	2.812221
2293.67500019	5.496275
2295.67500019	0.786459
2297.704	5.423735
2299.70200014	5.672022
2301.70000005	0.292705
2303.70500016	4.874175
2305.69100022	0.007896
2307.67900014	4.242326
2309.55800009	0.624861
2311.67900014	2.093285
2313.69900012	4.017613
2315.67500019	4.007678
2317.704	2.176473
2319.67800021	5.675657
2321.68100023	0.036878
2323.67600012	0.878171
2325.70000005	5.715558
2327.67700005	0.962171
2329.70200014	4.976282
2331.70099998	2.675628
2333.67400026	5.644851
2335.68000007	1.450796
2337.68300009	3.864371
2339.70200014	0.893245
2341.67900014	0.670007
2343.68100023	2.972366
2345.67800021	1.266008
2347.70000005	0.094376
2349.67800021	4.235505
2351.67600012	2.615951
2353.68000007	3.961955
2355.71000028	4.392151
2357.67500019	2.716053
2359.67800021	0.011116
2361.67500019	0.011716
2363.70200014	4.639793
2365.69900012	0.489746
2367.69900012	5.77445
2369.704	0.081755
2371.68100023	4.843517
2373.70300007	1.065216
2375.68000007	1.219194
2377.67500019	1.538763
2379.67900014	1.775101
2381.67400026	5.219369
2383.67700005	2.016952
2385.68200016	4.919664
2387.70500016	0.461631
2389.70200014	0.918168
2391.67400026	1.003297
2393.67300034	2.668461
2395.67300034	0.809537
2397.67500019	0.515625
2399.71500015	0.481779
2401.704	2.103852
2403.70200014	4.121474
2405.69300008	0.781512
2407.67400026	0.127757
2409.67900014	3.882564
2411.69900012	1.070557
2413.67700005	3.028041
2415.67400026	1.816891
2417.67700005	1.390556
2419.70600009	0.202266
2421.70200014	0.968875
2423.70300007	1.895553
2425.9230001	0.868667
2427.70099998	3.434673
2429.67400026	5.665351
2431.70300007	5.261945
2433.67600012	3.912901
2435.68200016	5.537438
2437.92400002	3.294364
2439.67300034	0.781458
2441.92400002	4.4416
2443.92600012	0.016339
2445.92400002	4.619761
2447.92400002	2.188357
2449.92600012	3.031806
2451.92700005	0.12286
2453.92799997	2.501519
2455.9230001	1.124856
2457.9230001	5.698251
2459.92600012	5.582438
2461.92600012	4.400919
2463.92600012	2.371137
2466.26500034	0.548164
2467.92900038	0.065597
2470.29400015	3.088543
2471.93100023	0.699083
2473.95100021	1.072304
2475.92400002	4.690593
2477.92499995	2.424228
2479.92499995	1.405531
2481.92799997	2.988446
2483.92600012	1.986597
2485.95300031	3.881602
2487.92700005	5.518787
2489.95000029	3.886748
2491.92400002	3.28301
2493.92799997	5.6503
2495.92400002	2.124253
2497.92700005	1.577252
2499.92600012	0.448107
2501.92799997	3.646826
2503.92600012	2.045475
2505.92700005	5.309739
2507.9230001	5.328176
2509.92499995	3.098128
2511.9230001	4.264915
2513.92499995	5.44593
2515.92799997	3.827677
2517.92700005	2.799299
2519.94400001	4.598383
2521.92499995	0.745928
2523.9230001	0.013361
2525.94700003	1.891073
2527.92900038	4.402821
2529.92499995	0.035502
2531.92499995	0.534729
2533.92700005	5.606873
2535.92700005	3.712559
2537.92600012	4.08658
2539.92600012	3.927656
2541.9230001	3.969748
2543.92600012	5.692986
2545.92600012	2.586661
2547.92499995	1.193334
2549.92600012	0.780016
2551.92600012	1.145569
2553.92499995	2.169907
2555.92400002	2.528752
2557.92700005	2.825119
2559.92400002	0.770853
2561.92499995	2.153177
2563.92900038	0.036238
2565.92799997	0.01165
2567.93200016	1.205553
2569.93000031	5.395464
2571.94900012	0.91997
2573.92499995	5.703505
2576.26600027	0.226487
2577.92400002	3.975315
2579.95300031	0.25846
2581.93200016	0.582214
2583.92600012	0.771382
2585.93200016	2.246782
2587.92900038	4.440489
2589.92799997	3.281539
2591.92600012	4.560692
2593.92499995	1.904122
2595.92900038	5.65823
2597.92499995	5.539327
2599.93000031	4.850948
2601.92799997	3.984254
2603.92700005	1.107532
2605.92499995	3.968791
2607.93200016	4.069417
2609.92400002	2.276963
2611.92400002	4.413107
2613.92400002	3.563292
2615.92900038	5.833482
2617.92900038	2.276196
2619.95300031	0.236952
2621.92400002	1.70868
2623.94900012	5.571361
2625.9230001	1.199545
2627.9230001	4.326826
2629.92499995	5.687982
2631.95500016	5.392479
2633.92799997	0.065959
2635.94900012	3.817363
2637.92400002	3.289265
2639.92400002	4.097818
2641.92400002	5.433762
2643.92499995	4.040987
2645.92499995	0.773511
2647.92600012	5.867085
2649.92700005	1.880611
2651.92799997	5.58721
2653.92400002	0.521574
2655.9230001	0.734816
2657.94900012	1.500159
2659.92600012	3.815798
2661.92499995	1.727552
2663.92400002	0.605742
2666.17800021	0.776022
2667.92700005	3.748109
2669.92600012	5.678622
2671.92400002	0.270887
2673.92700005	0.054704
2676.18000007	1.470604
2677.93100023	0.017519
2679.92900038	3.671845
2682.17900014	0.534257
2683.92700005	3.025081
2685.92799997	2.900641
2688.20200014	0.227503
2690.17400026	0.896505
2692.20300007	3.06815
2694.17400026	0.998542
2696.18000007	2.131216
2698.18099999	4.846804
2700.18200016	0.016462
2702.204	0.403842
2704.18000007	0.874376
2706.20000005	5.226372
2708.04300022	3.552565
2710.17900014	0.011416
2712.17800021	2.913985
2714.20300007	0.045609
2716.17700028	3.946526
2718.17800021	5.743031
2720.20000005	1.904217
2722.20300007	4.547552
2724.17500019	0.355829
2726.20200014	1.918484
2728.20000005	3.948293
2730.17700028	1.361536
2732.04700017	0.75421
2734.18400002	0.572898
2736.20300007	2.52872
2738.18000007	2.215156
2740.20300007	0.011443
2742.17900014	3.348641
2744.20200014	1.063259
2746.18200016	0.149356
2748.18099999	4.486484
2750.18500018	3.792963
2752.17400026	2.3015
2754.17500019	0.012647
2756.03900003	5.648647
2758.19900012	2.83249
2760.17400026	1.600046
2762.20000005	5.708008
2764.17600012	0.01651
2766.17900014	2.225501
2768.17500019	1.078365
2770.17900014	0.027308
2772.17400026	1.151008
2774.20200014	0.040244
2776.17800021	4.547077
2778.18300009	1.420844
2780.03200006	0.77104
2782.20600009	1.011492
2784.17800021	4.552611
2786.17400026	2.569307
2788.17600012	2.063829
2790.17900014	2.216058
2792.20100021	4.709788
2794.20300007	2.552277
2796.18000007	0.032549
2798.18300009	1.016485
2800.20200014	3.514793
2802.17500019	5.839231
2804.19400024	0.73223
2806.18300009	5.876873
2808.20200014	4.234202
2810.17500019	0.772159
2812.17500019	2.103625
2814.17800021	1.110363
2816.18200016	0.012002
2818.17800021	1.081899
2820.17800021	0.820155
2822.18099999	0.012725
2824.18400002	2.351994
2826.18099999	5.508586
2828.17600012	5.149024
2830.18400002	2.264091
2832.18000007	1.569368
2834.27699995	4.083199
2836.18200016	0.011601
2838.18000007	4.53858
2840.18200016	0.545324
2842.18300009	0.127627
2844.17500019	3.297247
2846.18400002	0.116
2848.17600012	2.158402
2850.17800021	0.011877
2852.17400026	2.747602
2854.17500019	2.682162
2856.18200016	5.612844
2858.17600012	0.026873
2860.19500017	5.478828
2862.17500019	5.547396
2864.18500018	4.015012
2866.17700028	0.01185
2868.1730001	2.535651
2870.17400026	0.012206
2872.19300032	0.78747
2874.17500019	4.13862
2876.17500019	4.730267
2878.17700028	2.278179
2880.18000007	2.710806
2882.18099999	0.026661
2884.17900014	2.480255
2886.1730001	0.932997
2888.17900014	1.218513
2890.17800021	2.67105
2892.18000007	2.67105
2894.18000007	2.67105
2896.18600011	2.67105
2898.17900014	2.871886
2900.17500019	0.756831
2902.18000007	0.059157
2904.18099999	2.075908
2906.18000007	3.613562
2908.17600012	0.057463
2910.18300009	1.752661
2912.1730001	4.144672
2914.18000007	1.840199
2916.18500018	3.253862
2918.1730001	2.839462
2920.17900014	5.807143
2922.17900014	5.862748
2924.1730001	0.679574
2926.17500019	0.679574
2928.18300009	0.078336
2930.18000007	5.319585
2932.45600009	5.319585
2934.42400002	0.755854
2936.42700005	0.548182
2938.29999995	1.866987
2940.42400002	1.866987
2942.45300007	1.866987
2944.4289999	0.782203
2946.42600012	5.339954
2948.42799997	2.664526
2950.42600012	5.401749
2952.45500016	2.699639
2954.42799997	2.789389
2956.42799997	0.013505
2958.42799997	1.954237
2960.42799997	0.984496
2962.30200028	5.671815
2964.43300033	0.024609
2966.42700005	2.205838
2968.43000031	0.732489
2970.4289999	4.878432
2972.42400002	3.341871
2974.4289999	0.601631
2976.42799997	1.120752
2978.42799997	5.590549
2980.43100023	0.127865
2982.42600012	4.401963
2984.42799997	4.401963
2986.29100013	2.36753
2988.42700005	2.36753
2990.42600012	2.479429
2992.45300007	3.753481
2994.42799997	2.847627
2996.43300033	0.78004
2998.42799997	0.455484
3000.42799997	5.748235
3002.45100021	0.015539
3004.42600012	1.546561
3006.4289999	5.839562
3008.43000031	4.199526
3010.29500008	1.295308
3012.43100023	0.030897
3014.45400023	1.300527
3016.43300033	0.39893
3018.42799997	1.143695
3020.42700005	1.538577
3022.45000029	5.832433
3024.43000031	4.2982
3026.43600011	2.617432
3028.44000006	2.212129
3030.43000031	2.64326
3032.42700005	5.431758
3034.29700017	4.897036
3036.42799997	4.294307
3038.4289999	3.598234
3040.46200013	0.015945
3042.42700005	2.105929
3044.42600012	2.618772
3046.45300007	2.85701
3049.02600026	3.568828
3050.42799997	5.638258
3052.4289999	0.62126
3054.45300007	4.536649
3056.43700004	0.553466
3058.3130002	5.709184
3060.4289999	0.023221
3062.45400023	3.314568
3064.4289999	4.482543
3066.43000031	2.683591
3068.42400002	0.724447
3070.42400002	5.354913
3072.42700005	4.163672
3074.42700005	4.635375
3076.45100021	4.231415
3078.42500019	0.789531
3080.42799997	5.539285
3082.42500019	0.781726
3084.45100021	2.463785
3086.45000029	4.047567
3088.42600012	5.833874
3090.43400025	0.034284
3092.42600012	1.621886
3094.43100023	2.055856
3096.45400023	2.821048
3099.04500008	4.450947
3100.42500019	0.126502
3102.45600009	1.090666
3104.42500019	0.871386
3106.42600012	1.110564
3108.42600012	0.020978
3110.42799997	2.20799
3112.45400023	0.78789
3114.44000006	0.026124
3116.4289999	4.187813
3118.4289999	1.97013
3120.42799997	0.37209
3122.45600009	4.683808
3124.42700005	5.342787
3126.45300007	0.782495
3128.43000031	0.377797
3130.4289999	1.150706
3132.42799997	1.654697
3134.42799997	0.024481
3136.42799997	0.089074
3138.43000031	5.446322
3140.43000031	0.792059
3142.42799997	5.818655
3144.45800018	0.853605
3146.45600009	1.580944
3148.45700026	0.227499
3150.42400002	4.067958
3152.4289999	2.528793
3154.42400002	2.931004
3156.45400023	5.476656
3158.4289999	2.58917
3160.42700005	0.279478
3162.42799997	2.242279
3164.4289999	0.774147
3166.42799997	1.727049
3168.42600012	0.757682
3170.42600012	1.603803
3172.67800021	5.402563
3174.43000031	5.582026
3176.45300007	1.179185
3178.42799997	2.077735
3180.45400023	4.073093
3182.70099998	5.581407
3184.70099998	5.581407
3186.45000029	5.581407
3188.70000005	5.581407
3190.68000007	5.581407
3192.70000005	1.399894
3194.68100023	2.411528
3196.70300007	5.565139
3198.67600012	3.269945
3200.68000007	4.521284
3202.67400026	4.521284
3204.70300007	5.303866
3206.67600012	2.960038
3209.01400018	0.783267
3210.70300007	2.012954
3212.67900014	2.508198
3214.70200014	2.508198
3216.67600012	0.255534
3218.67400026	4.912649
3220.70300007	4.912649
3222.67500019	2.265695
3224.67400026	5.619834
3226.53500009	1.236372
3228.67700005	0.542005
3230.68700004	3.017106
3232.67500019	4.173956
3234.70200014	4.772216
3236.67500019	1.419879
3238.68200016	5.378668
3240.70200014	4.81816
3242.67600012	4.873273
3244.67800021	5.018074
3246.70500016	5.781517
3248.70000005	5.48032
3250.67400026	1.167286
3252.67700005	1.038615
3254.67500019	1.446855
3256.68100023	2.035298
3258.68100023	1.820565
3260.68200016	3.028923
3262.68000007	3.639097
3264.68000007	2.793742
3266.67900014	2.793742
3268.704	3.412234
3270.67700005	0.79585
3272.68200016	0.783376
3274.68300009	5.373775
3276.68100023	5.714005
3278.70600009	5.865759
3280.67900014	5.527611
3282.70200014	5.527611
3284.68000007	5.527611
3286.67800021	0.105255
3288.68400002	5.648915
3290.70200014	0.0164
3292.68100023	4.323849
3294.70800018	3.07191
3296.68200016	5.599174
3298.67500019	5.796973
3300.67800021	3.815923
3302.6960001	3.651267
3304.67800021	0.105689
3306.70600009	4.37228
3308.68000007	2.583427
3310.68300009	2.838248
3312.69700027	1.18518
3314.68000007	4.286517
3316.70099998	0.19677
3319.0150001	5.840754
3320.70200014	3.534111
3322.67500019	4.251075
3324.70300007	5.520551
3326.68700004	0.010063
3328.70800018	5.878323
3330.68100023	2.231534
3332.704	1.031999
3334.67700005	5.108155
3336.704	0.126111
3338.67800021	3.821643
3340.71200013	1.772492
3342.70300007	1.86788
3344.67700005	4.94663
3346.67600012	2.422764
3348.67500019	1.042322
3350.67500019	2.715965
3352.68000007	0.497156
3354.70099998	1.083866
3356.68000007	0.837998
3358.68100023	0.009889
3360.68000007	1.653099
3362.704	2.34575
3364.67800021	1.22848
3366.68000007	0.78814
3368.67600012	1.941371
3370.67500019	3.611457
3372.68000007	0.579031
3374.68200016	4.125561
3376.70500016	4.101469
3378.69700027	3.974458
3380.70099998	0.730431
3382.67800021	5.773894
3384.68400002	0.267885
3386.68200016	1.400699
3388.70300007	2.441311
3390.67600012	0.022791
3392.70600009	5.252978
3394.68100023	3.62866
3396.704	5.710815
3398.67700005	5.810975
3400.68000007	5.614949
3402.70500016	5.544064
3404.67900014	0.77596
3406.70600009	0.557439
3408.70600009	3.92159
3410.704	5.640323
3412.67900014	0.94521
3414.68000007	1.301986
3416.69900012	4.318957
3418.67600012	5.055249
3420.68100023	0.786951
3422.70200014	5.670813
3424.67900014	5.825296
3426.67900014	3.681857
3428.68100023	2.997581
3430.704	0.119409
3432.67800021	0.506981
3434.92600012	2.386138
3436.67700005	2.58358
3438.92799997	5.01811
3440.92700005	2.424338
3442.68400002	2.426635
3444.92799997	2.324264
3446.92499995	0.7115
3448.92400002	2.935351
3450.92499995	0.011363
3452.92499995	0.038633
3454.92600012	1.702427
3456.7980001	1.270443
3458.92700005	0.499755
3460.92900038	3.490002
3462.92600012	5.329185
3464.92600012	1.431513
3466.92400002	0.785373
3468.92600012	4.928816
3470.94099998	3.028188
3472.92600012	3.785273
3474.92700005	1.110077
3476.93100023	0.773274
3478.92499995	1.502126
3480.7980001	3.630626
3482.92499995	4.043314
3484.92400002	5.744142
3486.92600012	0.818395
3488.95100021	0.011764
3490.92799997	3.014842
3492.92799997	3.731193
3494.92499995	4.043065
3496.92799997	4.458958
3498.92499995	1.833601
3500.92900038	1.639851
3502.92499995	1.477032
3504.81400013	5.845587
3506.92600012	2.489305
3508.93000031	0.248183
3510.92600012	5.744779
3512.92799997	1.763225
3514.92499995	0.714272
3516.93100023	5.421871
3518.92499995	0.72593
3520.92799997	5.696638
3522.92499995	1.421737
3524.93100023	0.899643
3526.92499995	4.087144
3528.79300022	3.893206
3530.92499995	5.86161
3532.92600012	3.686379
3534.92600012	3.982023
3536.95200014	4.088498
3538.92600012	2.731999
3540.92700005	1.895001
3542.92600012	3.600516
3544.92499995	5.240162
3546.92499995	0.082023
3548.92600012	4.282955
3550.92600012	1.946692
3552.796	0.901302
3554.92499995	2.46104
3556.92600012	3.508293
3558.93000031	0.031849
3560.92700005	0.73811
3562.92499995	3.476412
3564.92700005	1.338611
3566.92499995	4.11128
3568.92499995	4.06804
3570.93000031	1.318455
3572.92700005	5.286711
3574.92799997	5.562284
3576.92600012	1.748075
3578.95200014	2.036204
3580.92499995	2.498091
3582.93600011	5.810171
3584.92799997	3.69874
3586.95700002	3.533723
3588.92600012	3.03425
3590.92900038	3.18498
3592.92499995	4.37778
3594.92700005	1.428493
3596.92499995	3.068516
3598.92499995	5.47723
3601.02500033	0.578668
3602.92900038	4.185039
3604.92700005	3.496196
3606.93000031	5.485719
3608.93100023	0.03296
3610.95000029	1.001791
3612.92600012	1.174918
3614.94000006	0.01193
3616.92499995	0.014963
3618.92499995	5.679586
3620.92499995	0.779596
3622.93200016	4.215212
3624.92600012	0.776037
3626.93000031	3.634456
3628.92600012	3.356793
3630.92900038	0.045493
3632.92499995	2.314515
3634.92700005	0.789202
3636.92600012	0.012498
3638.95500016	1.643586
3640.92900038	1.512459
3642.92799997	2.533958
3644.92600012	3.515672
3646.92700005	5.923196
3648.92600012	5.625153
3650.92600012	5.009489
3652.92900038	3.339377
3654.92600012	0.054329
3656.92600012	0.141875
3658.93300009	1.569312
3660.92499995	4.984481
3663.17500019	1.170327
3664.92499995	0.56023
3666.92600012	3.384858
3668.93200016	4.317671
3670.92700005	4.281386
3672.92600012	0.923119
3674.92700005	0.604761
3676.95100021	3.615949
3679.19200015	2.099432
3680.92499995	5.527282
3682.92499995	0.792848
3684.92499995	1.306026
3686.92600012	4.780642
3688.92900038	0.016414
3691.19200015	5.077408
3692.92600012	1.442278
3695.1960001	2.5678
3697.21800017	5.720765
3699.19200015	4.871585
3701.17800021	0.380837
3703.1900003	0.197118
3705.18799996	2.723078
3707.19500017	5.318729
3709.19300032	0.919891
3711.17900014	3.131592
3713.17500019	4.609338
3715.17600012	0.0118
3717.18000007	4.50134
3719.17600012	5.844243
3721.17400026	1.359916
3723.17900014	0.014024
3725.19200015	2.591484
3727.17500019	3.489218
3729.19200015	5.774739
3731.19300032	0.018507
3733.19200015	5.585933
3735.22800016	0.032982
3737.19200015	0.003155
3739.19100022	4.825235
3741.19100022	2.413083
3743.19300032	2.102501
3745.17600012	5.673832
3747.19400024	1.168832
3749.19100022	1.802915
3751.19100022	5.602477
3753.17500019	4.190142
3755.19200015	0.024773
3757.18500018	0.434538
3759.17500019	3.441859
3761.17500019	5.689239
3763.17600012	4.030972
3765.19200015	4.776031
3767.17800021	5.1207
3769.19300032	0.773687
3771.17800021	1.92977
3773.19300032	5.454314
3775.17500019	4.609061
3777.19200015	5.797896
3779.17500019	5.874337
3781.52600026	0.047352
3783.17600012	3.521306
3785.18600011	2.793246
3787.17700028	0.052757
3789.19300032	3.523964
3791.17900014	4.463131
3793.17600012	4.084087
3795.17500019	0.01183
3797.1900003	3.099073
3799.17500019	2.201211
3801.19100022	5.629592
3803.1900003	4.169872
3805.1900003	4.308047
3807.19200015	3.01213
3809.1900003	2.846006
3811.17700028	5.186696
3813.1900003	5.950165
3815.17600012	2.931456
3817.17700028	5.67824
3819.19200015	2.088218
3821.20600009	0.03766
3823.19800019	5.980475
3825.17600012	0.248308
3827.17600012	0.297417
3829.18000007	0.575523
3831.17500019	0.88294
3833.17700028	0.933111
3835.17600012	4.706783
3837.17900014	0.671675
3839.17900014	3.02077
3841.19700003	2.376099
3843.17500019	1.974395
3845.19300032	1.161488
3847.17800021	0.203087
3849.19300032	5.670014
3851.17700028	5.203727
3853.19200015	2.144342
3855.17900014	1.450034
3857.17900014	0.275075
3859.17500019	5.718109
3861.17500019	3.946351
3863.19400024	2.389704
3865.17700028	5.074222
3867.1900003	0.219049
3869.17700028	1.753319
3871.19100022	5.578917
3873.17800021	4.847505
3875.17600012	2.163436
3877.17600012	0.012985
3879.17800021	5.801835
3881.17500019	3.678624
3883.19200015	1.03591
3885.17700028	5.487669
3887.19300032	4.028124
3889.18099999	3.909192
3891.80600023	4.43404
3893.17700028	5.07326
3895.19100022	4.245264
3897.18899989	5.758436
3899.19200015	5.372514
3901.77600002	2.356037
3903.19200015	0.904676
3905.18099999	5.744698
3907.19100022	3.507104
3909.19100022	0.796208
3911.19100022	4.344517
3913.17700028	5.261321
3915.17600012	4.600066
3917.19200015	4.11331
3919.43300033	5.429464
3921.19200015	1.021698
3923.17800021	2.479472
3925.19100022	3.807195
3927.30700016	5.494765
3929.44900036	0.518864
3931.19400024	2.42194
3933.19100022	5.679165
3935.43000031	1.6393
3937.19100022	4.27891
3939.19200015	1.589491
3941.42799997	0.015851
3943.42400002	0.034989
3945.42799997	5.796978
3947.43000031	4.061906
3949.45200014	0.011767
3951.3130002	3.674914
3953.43600011	2.412414
3955.43100023	0.011174
3957.4289999	0.026206
3959.42600012	5.729981
3961.43000031	3.35137
3963.45600009	3.236265
3965.43200016	3.991811
3967.45400023	1.056603
3969.42799997	1.325591
3971.43000031	3.871657
3973.43000031	2.988203
3975.28900027	2.989269
3977.4289999	3.337524
3979.42400002	5.627437
3981.42700005	4.29805
3983.43000031	5.203939
3985.43100023	2.219118
3987.43300033	1.583332
3989.4289999	0.218339
3991.43200016	0.618425
3993.45100021	0.011385
3995.43000031	4.458019
3997.43100023	1.441726
3999.32100034	3.633052
4001.43200016	2.326922
4003.45300007	5.349295
4005.43200016	5.681114
4007.43100023	4.097814
4009.4289999	0.793084
4011.4289999	3.830449
4013.43000031	0.662039
4015.42700005	3.930528
4017.43200016	0.050287
4019.43400025	0.047512
4021.43400025	5.305501
4023.29100013	4.848515
4025.45100021	0.195299
4027.4289999	2.412562
4029.4289999	5.244022
4031.42600012	3.581051
4033.43200016	3.581051
4035.45300007	1.819345
4037.43700004	1.422823
4039.45200014	3.632782
4041.43000031	0.222606
4043.45300007	0.720165
4045.43300033	4.359712
4047.42799997	2.956565
4049.43000031	2.133733
4051.43400025	3.119002
4053.43300033	3.119002
4055.42600012	5.52208
4057.42500019	5.52208
4059.43000031	5.52208
4061.42700005	5.52208
4063.45000029	4.640407
4065.42799997	3.301198
4067.42799997	3.301198
4069.42799997	4.789872
4071.45500016	2.573895
4073.42500019	4.124682
4075.42500019	4.124682
4077.4289999	5.323589
4079.43000031	5.72364
4081.4289999	5.599632
4083.43400025	5.599632
4085.45300007	5.599632
4087.4289999	3.682252
4089.4289999	1.160598
4091.42799997	0.508682
4093.4289999	2.653673
4095.42500019	0.773703
4097.42600012	2.964261
4099.45100021	2.964261
4101.4289999	5.904446
4103.45600009	1.026024
4105.43200016	1.15058
4107.42600012	0.0527
4109.42600012	0.482775
4111.42799997	3.565948
4113.42700005	3.695494
4115.4289999	0.279299
4117.43000031	5.878476
4119.42799997	2.458703
4121.44900036	2.674168
4123.45200014	2.674168
4125.42400002	2.674168
4127.42799997	2.674168
4129.42799997	0.770455
4131.45400023	0.518919
4133.4289999	2.614287
4135.43100023	2.614287
4137.43200016	2.614287
4139.4289999	2.882918
4141.4289999	0.109665
4143.42400002	0.886378
4145.45100021	0.61496
4147.4289999	0.181247
4149.45200014	0.892566
4151.45400023	0.892566
4153.45400023	1.786249
4155.43300033	0.484224
4157.45100021	1.976281
4159.42500019	0.726618
4161.42799997	2.603305
4163.45800018	2.603305
4165.43000031	2.753628
4167.43200016	1.725768
4169.43300033	0.060668
4171.45200014	0.011615
4173.4289999	2.857792
4175.68100023	0.011816
4177.43100023	0.747786
4179.45400023	1.320294
4181.70600009	0.625981
4183.42700005	4.025928
4185.68200016	5.850933
4187.43100023	0.744147
4189.67500019	2.736985
4191.67700005	2.736985
4193.67500019	2.747696
4195.43300033	4.200057
4197.70000005	3.371922
4199.67900014	3.701031
4201.68200016	5.710872
4203.70300007	0.498403
4205.54300022	5.650326
4207.67800021	1.73278
4209.67900014	1.121406
4211.70099998	3.738691
4213.68000007	3.436645
4215.68300009	0.785667
4217.68200016	1.229867
4219.67900014	2.514823
4221.67500019	3.041947
4223.70099998	0.074183
4225.67600012	2.939718
4227.70800018	3.014962
4229.55599999	0.765912
4231.70600009	0.032392
4233.67900014	3.855874
4235.68000007	0.985113
4237.704	0.130881
4239.67900014	0.777364
4241.704	3.987014
4243.67800021	2.078597
4245.67700005	1.987211
4247.68200016	0.769402
4249.70900011	5.635811
4251.68300009	0.679481
4253.54900002	1.575407
4255.70099998	2.918737
4257.68000007	5.80319
4259.70200014	1.859903
4261.70700002	0.037208
4263.67900014	0.600051
4265.67800021	0.165421
4267.704	2.348037
4269.67900014	4.172176
4271.67600012	4.108356
4273.67700005	0.745504
4275.704	4.383709
4277.54700017	4.2723
4279.67700005	3.017859
4281.67500019	2.797367
4283.68000007	2.038593
4285.68300009	1.403982
4287.67500019	0.77813
4289.704	0.246031
4291.67500019	5.574278
4293.70099998	0.841163
4295.68200016	0.037684
4297.70200014	5.745189
4299.68499994	5.3023
4301.5480001	4.864702
4303.68200016	0.010423
4305.70099998	1.928916
4307.67900014	3.497943
4309.67500019	4.251379
4311.67500019	4.815588
4313.67500019	4.815588
4315.67600012	4.815588
4317.67800021	4.815588
4319.67700005	0.023263
4321.70200014	1.268392
4323.70000005	1.409594
4325.67600012	1.733754
4327.67900014	1.760309
4329.68100023	1.760309
4331.68000007	1.760309
4333.68300009	0.032292
4335.67800021	3.733173
4337.68100023	4.005973
4339.70300007	2.565939
4341.68000007	5.648505
4343.70800018	0.015485
4345.67900014	0.298388
4347.67800021	4.282982
4349.67700005	4.088315
4351.68000007	2.246521
4353.67600012	0.439558
4355.67600012	1.468755
4357.70200014	2.12127
4359.67600012	0.773841
4361.67700005	4.632555
4363.7249999	5.290531
4365.70300007	4.171037
4367.68600011	5.740013
4369.70099998	5.861233
4371.68000007	5.861233
4373.67700005	4.627379
4375.68100023	4.627379
4377.704	4.379211
4379.68000007	0.767054
4381.68300009	0.227537
4383.68499994	1.275416
4385.67700005	2.480281
4387.70099998	4.413925
4389.70700002	0.940926
4391.70700002	5.603583
4393.70700002	3.873466
4395.70600009	2.797982
4397.67600012	5.892717
4399.68200016	5.586199
4401.68300009	4.496652
4403.67700005	4.597681
4405.68000007	4.696414
4407.7110002	4.696414
4409.67900014	4.696414
4411.68000007	5.653644
4414.02600026	1.541343
4415.68200016	0.223702
4417.70500016	0.777844
4419.67800021	4.771004
4421.67600012	0.66532
4423.70500016	5.603601
4425.95300031	3.503886
4427.68100023	4.027264
4429.70600009	3.198266
4431.67700005	0.78878
4433.68000007	1.673709
4435.92499995	1.802788
4437.92400002	5.479363
4439.68200016	4.085964
4441.92799997	0.807277
4443.92499995	3.908936
4445.92499995	3.908936
4447.92799997	0.019695
4449.93400025	1.146259
4451.92600012	1.681779
4453.92900038	1.026933
4484.16000009	1.026933
