0.0	4.893214
0.469999790192	0.615951
0.643999576569	1.847664
0.947999715805	5.426489
1.24899983406	6.118357
1.49899959564	6.221709
1.7399995327	6.221709
2.11999988556	0.022802
2.34899973869	2.771149
4.27999997139	4.439348
6.28099989891	4.439348
8.27099967003	4.439348
10.2799999714	0.018956
12.27099967	6.61179
14.2799999714	0.007624
16.2809998989	0.885794
18.2899997234	2.214336
20.2809998989	2.469112
22.2729997635	0.017325
24.2799999714	1.920226
26.290999651	3.205186
28.2809998989	0.012313
32.7919998169	0.307776
33.5369999409	0.56777
34.2699997425	0.592375
36.5309996605	0.871784
38.529999733	1.243934
40.5199999809	1.219216
42.5199999809	1.224114
44.529999733	1.063779
46.529999733	1.345926
48.5209999084	1.600068
50.4379997253	1.768496
52.5199999809	1.364093
54.529999733	2.133357
56.534999609	0.015925
58.5209999084	2.575141
60.5309996605	3.828607
62.521999836	3.657788
64.5389997959	3.927789
66.534999609	3.067537
68.5309996605	0.018149
70.5360000134	3.340897
72.518999815	3.340897
74.4089999199	3.340897
76.5309996605	4.184587
78.5309996605	3.751429
80.512999773	4.478383
82.5209999084	3.525598
84.531999588	4.900875
86.529999733	0.014599
88.512999773	4.648309
90.5389997959	5.180704
92.5209999084	5.777951
94.5309996605	5.373339
96.5169997215	5.902826
98.4189996719	5.649719
100.523999691	4.226676
102.519999981	6.14842
104.519999981	6.14842
106.526999712	6.14842
108.529999733	6.14842
110.520999908	6.14842
112.520999908	0.007644
114.529999733	2.719591
116.53099966	2.719591
118.529999733	2.719591
120.526999712	2.719591
122.409999847	2.719591
124.529999733	6.551798
126.534999609	5.521445
128.521999836	6.192853
130.53099966	0.018507
132.515999556	6.151665
134.53099966	6.65173
136.524999857	0.008788
138.53099966	7.085376
140.53099966	1.586907
142.523999691	0.002762
144.53099966	0.07368
146.390999794	0.66923
148.53099966	0.062972
150.53099966	0.013597
152.536999941	0.187596
154.531999588	1.826841
156.538999796	0.663949
158.53099966	10.736486
160.520999908	8.11751
162.519999981	8.863812
164.53099966	10.442264
166.53099966	11.080508
168.515999556	10.62392
170.418999672	0.667064
172.520999908	0.048072
174.531999588	0.138962
176.517999887	0.119328
178.53099966	0.118268
180.53099966	0.609022
182.520999908	0.279836
184.515999556	4.850806
186.53099966	1.508062
188.531999588	0.009781
190.529999733	0.65797
192.518999815	0.792773
194.521999836	0.668238
196.529999733	5.4047
198.53099966	5.4047
200.516999722	5.4047
202.520999908	10.95838
204.531999588	0.60962
206.531999588	0.010163
208.513999701	0.010492
210.53099966	1.030199
212.520999908	9.224601
214.529999733	1.670972
216.54799962	0.03863
218.531999588	4.776999
220.531999588	0.009605
222.514999628	0.018236
224.524999857	0.045697
226.531999588	0.273837
228.539999723	0.018145
230.531999588	2.917709
232.516999722	0.582598
