0.0	3.857367
0.139999866486	0.618204
0.223999977112	0.696229
0.388000011444	0.703428
0.485999822617	1.12179
0.596999883652	1.493967
0.729999780655	2.150836
0.896999835968	4.044093
1.29600000381	3.860999
3.29399991035	3.470841
5.29399991035	3.457696
7.29399991035	4.138116
9.29200005531	4.099906
11.2999999523	4.099906
13.3029999733	1.646632
15.5479998589	2.052431
17.4619998932	2.181114
19.2929999828	3.715836
21.2950000763	2.229641
23.5429999828	2.62035
25.5439999104	3.843933
27.5569999218	4.537756
29.5920000076	2.611558
31.5569999218	4.209377
33.5439999104	4.494494
35.5439999104	3.83281
37.5439999104	3.098619
39.5439999104	3.475676
41.4379997253	3.464207
43.5489997864	3.464207
45.5429999828	1.733952
47.5449998379	4.348161
49.5429999828	4.901738
51.5439999104	4.217922
53.5449998379	3.348675
55.5559999943	4.284915
57.5510001183	4.284915
59.5729999542	4.284915
61.5429999828	4.284915
63.5659997463	4.284915
65.4489998817	0.658868
67.5429999828	2.571313
69.5429999828	2.768408
71.5439999104	2.492254
73.5439999104	2.492254
75.5439999104	2.740031
77.5429999828	2.581808
79.5469996929	2.935752
81.5439999104	3.57221
83.5449998379	3.068609
85.5510001183	3.05322
87.5449998379	2.999115
89.3899998665	1.837233
91.5429999828	4.208522
93.5429999828	2.34507
95.5619997978	1.565635
