0.0	4.191086
0.298000097275	0.707474
0.445000171661	0.995201
0.592000007629	2.234075
0.921000242233	1.847615
1.27800011635	3.080441
1.6779999733	3.527574
2.07800006866	1.863667
2.48000001907	4.094216
3.6970000267	4.676694
5.70200014114	4.676694
7.6970000267	4.489481
9.71000003815	5.285735
11.7070000172	1.028529
13.6990001202	5.188344
15.7000002861	4.413621
17.717000246	1.392453
19.7119998932	5.948717
21.7260000706	1.340884
23.6990001202	0.013689
25.6980001926	0.918618
27.6990001202	0.43161
29.7030000687	0.019889
31.7030000687	6.283906
33.7139999866	4.495883
35.7080001831	3.764552
37.7010002136	3.852701
39.6990001202	0.933468
41.7030000687	0.196174
43.7000002861	0.393988
45.6990001202	1.206732
47.6990001202	0.082173
49.7039999962	1.724532
51.7039999962	4.462988
53.6990001202	4.584279
55.7020001411	2.228428
57.6990001202	3.01885
59.7020001411	4.961249
61.7030000687	0.003647
63.6990001202	4.728885
65.6990001202	0.098889
67.7050001621	3.88629
69.6980001926	4.111999
71.7000002861	5.768924
73.6980001926	0.184981
75.7030000687	2.129041
77.6970000267	1.002821
79.7039999962	1.411959
81.6990001202	2.373837
83.6990001202	2.176138
85.7080001831	3.733463
87.7000002861	0.952712
89.6990001202	4.838193
91.7010002136	4.345878
93.7000002861	4.345878
95.7090001106	4.345878
97.7010002136	4.345878
99.7109999657	4.345878
101.701000214	4.42944
103.702000141	4.42944
105.703000069	4.42944
107.698000193	4.42944
109.709000111	1.799701
111.703000069	3.883651
113.950000048	2.919916
115.69900012	4.264501
117.697000027	3.237467
119.701000214	0.097616
121.951999903	0.912939
123.703000069	0.912939
125.703000069	1.454951
127.702000141	1.880417
129.950999975	2.807867
131.948000193	2.81828
133.950999975	3.562364
135.94900012	0.014401
137.953000069	1.188237
139.977000237	0.013476
141.950000048	0.229577
143.950000048	0.844408
145.950000048	3.9697
147.94900012	4.0633
149.94900012	0.908165
151.951999903	0.139256
153.94900012	2.687906
155.953999996	0.989646
157.951999903	0.207165
159.953999996	3.302491
161.950999975	3.254874
163.94900012	1.890599
165.950000048	0.038942
167.950000048	0.042917
169.950000048	0.89605
171.950000048	4.755002
173.961000204	6.680034
175.94900012	5.062886
177.950999975	0.012241
179.950999975	0.017363
181.95600009	1.132695
183.954999924	5.903056
185.94900012	0.632296
187.950999975	1.773617
189.953000069	0.54623
191.950000048	2.598004
193.950000048	3.127553
195.951999903	6.321972
197.954999924	1.909064
199.950000048	2.108503
201.964000225	6.865158
203.950000048	4.074123
205.950000048	4.976647
207.958000183	1.007797
209.960000038	0.657132
211.959000111	0.435275
213.954999924	0.246596
215.961000204	0.541125
217.950000048	0.901192
219.959000111	4.263298
221.950999975	0.212932
223.962000132	0.134776
225.950000048	4.745554
227.950999975	4.164698
229.951999903	3.008737
231.951999903	0.945762
233.953999996	6.671556
235.951999903	0.12971
237.951999903	4.597497
239.953999996	0.013205
241.953000069	0.0416
243.953999996	0.013338
245.957000256	0.177998
247.950999975	4.580216
249.954999924	1.665963
251.959000111	0.39657
253.954999924	3.814984
255.953000069	1.91279
257.963000059	3.188462
259.954999924	1.66661
261.951999903	2.529365
263.951999903	0.332424
265.950000048	0.00418
267.950999975	3.779203
269.950000048	3.875854
271.958000183	4.041511
273.951999903	4.475164
275.963000059	3.201255
277.953000069	4.512903
279.951999903	4.660391
281.954999924	0.265995
283.953999996	4.524878
285.953999996	5.299211
287.953999996	0.516762
289.953999996	5.793304
291.951999903	2.868279
293.953000069	4.694112
295.959000111	1.576596
297.953000069	2.423558
299.961000204	0.9671
301.957000256	1.867726
303.962000132	0.804964
305.953999996	0.029028
307.957000256	1.754291
309.953000069	2.026449
311.953000069	1.875175
313.953000069	2.088716
315.953000069	2.152404
317.959000111	6.45883
319.957000256	4.64323
321.953999996	3.671664
323.957000256	5.410951
325.953000069	3.843457
327.954999924	1.683362
329.954999924	3.67597
331.950999975	6.833506
333.951999903	1.959908
335.957000256	3.994595
337.953999996	2.948213
339.953999996	4.566353
341.961000204	4.527406
343.964000225	6.287216
345.953999996	1.797573
347.957000256	3.142292
349.951999903	0.176785
351.95600009	0.91914
353.95600009	4.301121
355.954999924	4.46339
357.958000183	3.375903
359.953999996	0.137241
361.953000069	0.381702
363.953000069	4.104728
365.95600009	0.95369
367.953999996	5.045097
369.953999996	1.560779
372.204000235	2.993678
373.954999924	0.012234
375.954999924	3.294899
377.953000069	2.884384
380.051000118	6.17957
382.204000235	1.678883
384.210999966	0.013382
386.210000038	3.19244
388.202000141	3.660446
390.209000111	0.944329
392.202000141	0.461485
394.203000069	0.350933
396.203000069	0.020612
398.202000141	4.39626
400.203000069	5.557705
402.203000069	5.881445
404.050000191	6.231767
406.203000069	6.179824
408.203000069	1.785543
410.210999966	2.45193
412.202000141	3.357263
414.20600009	4.515037
416.204000235	4.899526
418.204000235	3.186834
420.205000162	4.836684
422.218000174	3.732793
424.205000162	1.688797
426.204000235	1.743761
428.131000042	0.163463
430.203000069	0.02111
432.205000162	2.684548
434.203000069	2.503572
436.202000141	2.436315
438.205000162	1.016358
440.210000038	1.464125
442.203000069	0.021344
444.204000235	1.393831
446.203000069	4.285915
448.203000069	2.376966
450.205000162	4.51026
452.051000118	3.087263
454.207000017	3.087263
456.203000069	3.740021
458.202000141	5.284082
460.204000235	4.068816
462.205000162	1.15256
464.203000069	4.25195
466.205000162	1.971163
468.204000235	1.608266
470.203000069	4.227198
472.210000038	6.174284
474.203000069	0.040164
476.117000103	0.09893
478.203000069	5.368634
480.205000162	3.090775
482.205000162	0.880284
484.205000162	0.54317
486.204000235	4.915101
488.204000235	4.163828
490.268000126	4.645305
492.204000235	0.126943
494.209000111	5.673014
496.204000235	2.247088
498.205000162	1.224651
500.20600009	5.687211
502.204000235	4.152908
504.205000162	3.647665
506.203000069	1.357126
508.20600009	3.821769
510.20600009	2.638984
512.20600009	4.897924
514.219000101	0.081692
516.203000069	1.904736
518.205000162	0.565801
520.204000235	4.670537
522.207000017	4.932233
524.203000069	0.97869
526.203000069	2.41734
528.203000069	1.036733
530.205000162	1.649403
532.203000069	0.637785
534.207000017	3.327474
536.203000069	2.757678
538.205000162	3.579582
540.203000069	2.823146
542.20600009	0.504489
544.205000162	3.415184
546.204000235	3.780879
548.204000235	3.625448
550.212000132	4.632593
552.205000162	4.207734
554.207000017	4.272869
556.205000162	2.984431
558.204000235	3.608361
560.204000235	4.03141
562.210000038	4.754649
564.203000069	3.372836
566.205000162	4.673558
568.215999842	4.705619
570.215999842	4.792999
572.230999947	3.212093
574.207000017	3.212093
576.235000134	4.098796
578.20600009	4.195354
580.212000132	4.534207
582.209000111	3.336159
584.215999842	5.057668
586.226999998	4.801081
588.225000143	4.801081
590.203000069	1.767484
592.205000162	2.359482
594.213999987	3.636363
596.204000235	3.550051
598.205000162	4.33377
600.207999945	1.727672
602.205000162	3.116231
604.210000038	2.908934
606.460000277	3.915788
608.462000132	3.712541
610.460000277	3.488253
612.457000256	1.514043
614.455999851	2.582919
616.457000256	3.024831
618.461000204	4.90014
620.454999924	5.877321
622.455999851	5.877321
624.455999851	5.67328
626.455999851	5.67328
628.454999924	5.715285
630.457000256	6.189281
632.459000111	1.687427
634.463999987	3.071669
636.457000256	6.495714
638.460000277	2.796495
640.457000256	1.152952
642.454999924	0.523829
644.458000183	6.581231
646.459000111	3.045521
648.467000008	3.533746
650.453999996	6.623601
652.461000204	6.623601
654.459000111	6.623601
656.455999851	6.450545
658.457000256	6.518109
660.454999924	6.518109
662.455999851	6.518109
664.457000256	6.518109
666.457000256	6.518109
668.458000183	4.845111
670.476000309	2.154715
672.457000256	1.535246
674.459000111	1.027166
676.490999937	4.352339
678.462000132	6.377674
680.463999987	5.756141
682.460000277	3.362777
684.470999956	6.042908
686.457000256	2.995253
688.463999987	5.792749
690.463000059	1.676361
692.465000153	0.923785
694.462000132	3.188085
696.457000256	5.464086
698.457000256	1.229838
700.457000256	4.230751
702.463000059	1.885024
704.458000183	2.541976
706.453999996	1.986257
708.458000183	2.975996
710.462000132	1.205985
712.463999987	0.839188
714.462000132	0.058817
716.462000132	0.895865
718.460000277	0.076737
720.461000204	1.476383
722.460000277	2.799395
724.462000132	3.308513
726.459000111	2.39036
728.459000111	0.976595
730.46600008	0.115809
732.463999987	3.754193
734.462000132	1.484186
736.459000111	3.54474
738.457000256	4.973808
740.459000111	3.107705
742.457000256	0.425296
744.460000277	1.567385
746.462000132	2.420438
748.459000111	1.496082
750.459000111	1.431213
752.459000111	2.544733
754.460000277	0.910346
756.463000059	0.051283
758.459000111	0.224117
760.455999851	0.029325
762.463999987	1.987429
764.459000111	0.244849
766.459000111	4.410234
768.462000132	1.182523
770.470000029	3.225659
772.459000111	5.363242
774.457000256	0.930533
776.458000183	4.445607
778.463000059	2.32994
780.463000059	2.725903
782.463000059	3.706981
784.460000277	5.281647
786.463999987	2.67443
788.461000204	2.461304
790.463000059	0.054481
792.458000183	1.844042
794.454999924	2.548923
796.459000111	0.279687
798.47300005	0.989817
800.459000111	0.013849
802.458000183	1.677886
804.460000277	3.82338
806.457000256	0.578239
808.459000111	3.984317
810.461000204	1.055997
812.459000111	1.493391
814.457000256	0.013768
816.458000183	3.366685
818.462000132	3.688715
820.469000101	2.705003
822.462000132	3.638495
824.463999987	1.25945
826.463999987	3.620973
828.462000132	2.418789
830.460000277	1.335029
832.465000153	0.020629
834.459000111	0.29474
836.465000153	0.254392
838.459000111	1.039783
840.463000059	0.137121
842.459000111	2.099688
844.463999987	0.289108
846.467000008	0.004136
848.460000277	2.695749
850.461000204	0.97544
852.46600008	0.543883
854.461000204	0.681741
856.500000238	0.790686
858.713000059	3.116884
860.709000111	0.883534
862.461000204	4.092559
864.708000183	1.112166
866.713000059	0.177125
868.716000319	0.942032
870.718000174	0.896358
872.716000319	2.445134
874.497000217	2.452794
876.718000174	2.859955
878.714999914	1.428248
880.727999926	1.419638
882.710999966	4.045792
884.70600009	1.837811
886.710000038	4.413607
888.713999987	1.222433
890.713000059	2.013345
892.720000029	2.315762
894.710000038	4.213823
896.717000246	4.692135
898.626000166	0.04094
900.711999893	0.386519
902.713999987	5.768188
904.710999966	5.619406
906.714999914	0.013312
908.709000111	0.914708
910.713000059	0.659198
912.711999893	4.124113
914.710999966	0.691871
916.5400002	3.425938
918.721000195	0.943937
920.717000246	0.768075
922.561000109	1.052147
924.713000059	3.627432
926.710000038	2.772212
928.711999893	3.472467
930.717000246	0.027633
932.710000038	0.958659
934.713000059	1.127777
936.710000038	5.100986
938.713999987	0.896333
940.705000162	3.812541
942.713999987	3.26288
944.708000183	0.401971
946.628000259	0.341692
948.717000246	2.030935
950.709000111	0.003847
952.717000246	0.767345
954.717000246	3.915895
956.711999893	3.158499
958.711999893	5.462149
960.718000174	0.068368
962.711999893	5.256795
964.710999966	0.213792
966.710999966	0.916582
968.710000038	2.801251
970.639999866	0.098587
972.716000319	3.8165
974.708000183	1.927069
976.716000319	0.481292
978.710999966	3.714336
980.711999893	0.264675
982.713999987	1.81597
984.717000246	1.295476
986.711999893	3.108939
988.710999966	4.231545
990.717000246	0.907454
992.714999914	4.188461
994.717000246	4.188461
996.72300005	3.736256
998.720000029	0.293058
1000.71199989	1.817877
1002.71000004	1.390651
1004.71199989	0.87089
1006.71099997	1.795448
1008.71199989	3.633917
1010.71099997	2.991819
1012.71499991	2.525078
1014.71300006	1.744864
1016.71199989	1.536622
1018.7190001	0.817911
1020.71700025	0.607744
1022.71800017	0.066886
1024.71700025	0.856054
1026.71099997	0.67364
1028.71199989	0.878651
1030.71000004	0.677657
1032.71600032	3.394944
1034.71800017	0.959486
1036.71600032	3.053571
1038.71199989	0.868916
1040.7190001	3.686041
1042.71399999	0.472336
1044.71499991	2.304118
1046.71300006	0.691961
1048.71600032	3.398327
1050.71199989	3.443126
1052.71000004	2.930704
1054.71700025	4.478578
1056.71199989	4.347769
1058.71099997	1.647292
1060.72100019	5.462207
1062.71499991	0.93468
1064.72600007	3.534414
1066.71700025	0.915318
1068.71300006	5.308141
1070.71800017	6.000852
1072.71199989	6.000852
1074.72200012	6.213216
1076.71499991	1.645782
1078.71600032	3.831265
1080.71300006	0.135085
1082.71600032	5.798572
1084.71300006	5.798572
1086.71300006	5.798572
1088.71600032	6.053978
1090.71000004	1.382448
1092.71499991	0.499333
1094.71800017	0.013922
1096.72400022	0.916305
1098.71199989	3.406168
1100.71800017	3.406168
1102.71300006	3.406168
1104.71399999	3.406168
1106.71600032	3.406168
1108.96400023	6.368114
1110.96600008	6.66181
1112.71600032	6.66181
1114.96700001	6.66181
1116.97000003	0.171407
1118.96200013	5.862206
1120.96700001	2.738728
1122.96300006	2.231321
1124.96799994	3.954715
1126.96200013	1.025138
1128.81800008	6.151526
1130.97000003	0.08456
1132.96500015	0.883677
1134.96500015	1.095594
1136.96200013	3.595392
1138.96600008	1.157872
1140.9690001	5.12282
1142.96799994	1.762871
1144.96600008	2.237959
1146.96700001	4.07271
1148.97000003	6.000814
1150.96500015	0.414712
1152.81700015	2.044117
1154.96799994	0.262994
1156.96300006	5.793549
1158.96500015	0.899927
1160.96600008	2.135715
1162.97099996	3.467805
1164.96700001	3.294195
1166.9690001	1.462496
1168.97000003	5.194163
1170.96500015	3.803157
1172.97099996	6.870883
1174.96500015	5.251177
1176.81100011	5.884603
1178.96700001	0.538477
1180.97099996	4.257474
1182.97099996	2.21728
1184.97000003	6.587789
1186.97000003	1.009954
1188.96600008	6.480964
1190.96400023	2.433715
1192.96300006	1.57883
1194.96400023	1.912027
1196.97099996	0.94958
1198.96600008	3.621919
1200.96600008	3.656979
1202.96500015	1.582291
1204.97099996	2.277692
1206.96500015	1.659313
1208.96500015	0.121038
1210.96500015	1.541676
1212.9690001	1.534711
1214.97600007	4.623232
1216.9690001	1.625659
1218.96400023	0.714505
1220.96400023	0.935133
1222.96400023	4.692746
1224.88500023	0.214935
1226.96799994	2.007771
1228.96400023	1.893305
1230.96500015	4.587221
1232.96500015	4.576111
1234.96400023	3.067661
1236.9690001	6.036581
1238.96500015	2.414246
1240.96700001	5.7774
1242.97000003	2.772653
1244.96799994	0.953212
1246.96799994	0.139598
1248.89100003	0.295013
1250.97399998	2.196701
1252.96799994	0.563477
1254.96700001	0.700711
1256.96799994	4.552261
1258.96700001	1.788494
1260.97099996	2.496157
1262.96600008	0.456917
1264.97000003	2.812643
1266.96500015	1.399557
1268.96700001	3.452044
1270.96600008	2.61374
1272.94500017	0.080987
1274.9690001	1.822529
1276.96700001	0.494063
1278.97099996	1.818686
1280.97099996	2.624427
1282.97099996	0.851992
1284.96799994	0.113323
1286.97399998	0.158669
1288.96600008	0.600726
1290.97099996	0.06432
1292.96700001	0.473007
1294.96700001	1.562772
1296.97200012	0.802314
1298.96500015	0.112781
1300.97000003	0.200344
1302.96799994	2.97346
1304.97200012	4.612414
1306.96700001	3.016168
1308.96500015	5.394502
1310.96500015	0.932036
1312.97099996	3.95874
1314.96799994	5.678575
1316.97600007	3.132454
1318.97300005	0.560084
1320.97200012	0.528577
1322.96799994	2.619261
1324.97300005	1.430112
1326.97300005	1.394042
1328.9749999	2.911636
1330.9690001	4.678245
1332.97000003	4.269671
1334.96200013	0.531335
1336.96700001	1.801136
1338.98200011	0.596789
1340.97000003	0.706144
1342.97000003	0.086334
1344.9690001	0.887134
1346.97700024	1.538828
1348.97300005	0.693163
1350.96700001	1.342498
1352.9690001	0.025639
1354.97099996	0.114626
1356.97000003	1.637721
1358.97099996	1.012445
1361.21599984	2.300864
1363.22100019	0.657856
1365.21399999	0.351575
1367.21800017	1.399371
1369.22000027	2.30401
1371.22500014	0.083983
1373.21499991	2.565715
1375.21599984	3.074501
1377.22399998	4.60126
1379.22800016	0.94676
1381.22100019	0.104407
1383.22800016	1.902244
1385.22100019	1.813475
1387.21700025	3.263769
1389.21800017	0.939408
1391.22600007	4.929818
1393.21800017	3.523083
1395.22100019	1.576807
1397.21800017	1.396741
1399.22900009	0.053543
1401.22000027	0.541679
1403.22000027	0.757403
1405.21800017	1.172971
1407.21800017	5.438461
1409.21800017	5.590112
1411.21800017	0.268599
1413.2190001	0.919982
1415.22900009	2.506376
1417.2190001	4.098029
1419.2190001	2.449163
1421.22500014	5.508874
1423.227	1.05999
1425.22000027	0.179006
1427.21800017	3.7878
1429.2190001	1.604371
1431.21700025	0.134476
1433.21800017	0.116631
1435.21800017	0.013566
1437.21399999	1.933748
1439.22100019	0.355746
1441.22800016	2.91387
1443.21800017	3.70612
1445.22399998	1.376017
1447.21800017	0.31494
1449.2190001	3.761866
1451.21700025	1.435311
1453.22300005	3.667009
1455.22100019	5.671797
1457.22100019	2.07896
1459.22200012	2.251016
1461.22500014	6.059041
1463.21700025	4.619802
1465.22100019	6.161092
1467.22200012	6.156125
1469.22399998	0.207012
1471.22600007	4.551407
1473.22100019	4.551407
1475.21800017	1.960533
1477.22399998	6.005038
1479.22100019	0.519493
1481.2190001	4.259766
1483.21800017	4.35918
1485.21800017	6.090078
1487.227	6.090078
1489.22100019	6.287376
1491.22000027	0.663369
1493.21700025	2.677798
1495.22600007	2.677798
1497.2190001	5.270512
1499.21800017	4.739883
1501.21700025	4.64908
1503.21800017	3.929516
1505.2190001	6.070425
1507.22500014	5.72758
1509.22100019	0.985286
1511.2190001	1.019654
1513.22100019	6.452157
1515.22100019	0.013753
1517.21800017	1.013267
1519.2190001	1.084493
1521.22300005	0.727939
1523.22000027	0.956042
1525.22000027	0.756639
1527.22200012	1.963847
1529.22100019	4.795836
1531.2190001	2.476613
1533.227	4.89593
1535.21700025	4.89593
1537.22300005	4.89593
1539.22000027	4.89593
1541.21499991	4.89593
1543.2190001	1.493589
1545.22000027	0.708192
1547.2190001	4.265929
1549.22000027	4.104782
1551.23700023	3.985828
1553.2190001	4.373684
1555.22100019	4.162278
1557.2190001	1.969204
1559.21800017	1.808843
1561.22000027	0.893328
1563.22000027	1.533837
1565.22100019	0.015131
1567.2190001	0.039313
1569.22900009	0.565625
1571.22000027	0.881397
1573.21599984	0.013613
1575.22300005	0.355944
1577.22600007	3.472459
1579.22600007	4.288234
1581.21800017	0.90605
1583.22399998	0.284433
1585.21700025	0.255309
1587.22100019	3.820042
1589.22300005	2.322499
1591.22800016	0.532905
1593.22100019	2.388934
1595.2190001	0.937368
1597.22600007	0.57664
1599.22000027	0.173104
1601.22600007	3.780628
1603.22100019	5.075287
1605.4749999	1.823854
1607.22500014	1.152553
1609.4690001	6.219552
1611.2190001	6.051587
1613.47900009	2.216708
1615.47000003	2.84007
1617.47099996	5.092297
1619.47000003	0.379997
1621.4690001	3.547327
1623.3210001	4.06093
1625.4749999	3.81336
1627.47199988	0.631634
1629.47099996	0.020079
1631.48000002	5.393888
1633.47300005	0.881612
1635.48300004	2.37939
1637.48699999	1.439439
1639.48100019	1.542315
1641.4690001	0.835624
1643.47600031	3.195104
1645.47000003	0.589931
1647.39300013	0.166305
1649.47399998	0.96078
1651.46700001	1.026639
1653.46600008	0.634957
1655.47300005	0.967388
1657.47099996	0.018835
1659.47099996	2.939183
1661.47300005	0.13881
1663.47099996	0.252041
1665.4749999	0.133449
1667.47399998	0.251362
1669.4749999	2.561159
1671.45800018	0.041396
1673.47199988	4.380877
1675.48000002	4.802684
1677.47099996	4.690317
1679.47199988	4.98641
1681.47700024	5.499719
1683.47099996	0.01367
1685.47600031	6.217156
1687.47099996	0.918425
1689.47700024	6.729275
1691.47000003	6.729275
1693.47399998	6.729275
1695.32400012	0.986571
1697.47800016	0.519604
1699.47199988	0.053031
1701.47000003	5.854294
1703.4749999	0.012772
1705.47099996	1.02952
1707.47399998	0.654102
1709.47199988	1.986636
1711.4690001	5.18446
1713.47800016	0.044921
1715.47099996	3.658267
1717.47099996	0.013435
1719.47099996	2.327049
1721.4749999	2.623544
1723.47300005	3.666209
1725.47399998	3.328464
1727.47099996	4.913517
1729.47199988	3.114416
1731.47600031	5.147582
1733.47700024	4.733496
1735.48300004	4.733496
1737.47199988	3.886376
1739.47399998	0.927291
1741.47399998	0.694078
1743.37599993	0.796687
1745.47399998	0.395933
1747.47600031	5.738464
1749.47099996	4.158231
1751.47300005	6.347725
1753.47199988	6.347325
1755.47099996	6.300257
1757.48200011	6.300257
1759.4749999	1.092463
1761.47399998	5.744977
1763.47199988	5.95419
1765.47700024	1.480638
1767.47199988	0.774727
1769.47600031	5.839049
1771.47600031	6.453086
1773.47600031	0.979003
1775.47300005	1.024122
1777.47900009	0.900704
1779.47199988	2.198839
1781.4749999	1.857552
1783.47399998	6.569597
1785.47600031	6.426785
1787.47399998	1.487177
1789.47600031	2.490483
1791.47300005	0.853568
1793.47300005	3.347455
1795.47800016	4.317309
1797.47600031	3.951027
1799.47099996	4.581696
1801.47300005	3.358253
1803.47399998	4.082988
1805.47099996	4.215639
1807.4690001	1.701103
1809.47399998	3.307253
1811.47199988	3.742274
1813.47399998	3.296312
1815.47399998	0.879619
1817.47600031	3.076413
1819.47399998	0.31818
1821.4749999	4.532541
1823.47900009	0.424249
1825.47700024	4.477427
1827.47900009	2.578183
1829.47800016	1.501233
1831.48200011	4.23251
1833.47099996	4.423793
1835.4749999	1.217131
1837.47600031	0.378044
1839.47399998	5.319941
1841.47900009	4.293424
1843.47399998	6.370226
1845.47199988	6.229847
1847.47600031	6.58129
1849.47600031	0.946909
1851.47300005	6.390148
1853.49099994	4.381286
1855.72400022	4.993152
1857.47600031	2.99537
1859.72200012	0.96901
1861.72300005	4.184672
1863.73200011	1.437735
1865.72300005	5.950509
1867.72400022	3.295032
1869.72799993	5.387608
1871.73399997	5.387608
1873.72200012	5.387608
1875.72400022	5.387608
1877.56900024	5.387608
1879.72400022	0.06638
1881.72300005	0.279955
1883.72500014	0.936464
1885.72400022	0.215199
1887.72500014	0.96427
1889.72400022	2.109296
1891.73000002	1.897649
1893.72200012	4.998706
1895.72300005	2.545992
1897.73099995	3.47532
1899.72500014	5.515838
1901.58399987	3.666953
1903.72400022	4.022254
1905.72200012	1.436932
1907.73000002	6.807126
1909.72100019	0.29516
1911.72799993	4.178277
1913.72600007	0.295515
1915.72799993	6.560959
1917.73200011	6.095831
1919.73600006	6.481457
1921.72400022	5.645967
1923.72300005	1.288279
1925.72600007	2.012655
1927.72400022	3.232021
1929.73700023	5.138365
1931.72900009	4.326223
1933.72799993	4.2715
1935.72600007	2.99524
1937.72500014	0.01379
1939.72900009	6.28101
1941.72400022	7.061539
1943.72600007	6.351272
1945.72900009	1.002178
1947.72600007	6.772454
1949.57200027	6.045821
1951.72300005	6.045821
1953.72900009	0.243619
1955.72500014	0.909547
1957.72500014	2.518967
1959.72400022	3.678779
1961.72799993	2.151171
1963.72600007	0.427996
1965.72400022	2.212415
1967.727	2.062254
1969.73200011	0.616085
1971.72799993	2.923211
1973.65400004	0.69917
1975.727	0.889446
1977.72600007	4.980941
1979.72600007	6.03617
1981.727	0.018679
1983.72600007	1.326269
1985.72900009	0.6542
1987.72799993	0.196723
1989.727	5.538325
1991.72799993	4.078012
1993.727	1.860066
1995.72500014	4.375582
1997.64100003	0.290013
1999.73399997	0.882868
2001.72500014	4.569706
2003.72799993	0.94939
2005.72900009	1.961311
2007.72799993	0.868973
2009.72400022	0.135506
2011.72500014	0.283965
2013.72500014	1.526052
2015.73399997	0.054624
2017.72500014	1.984371
2019.72500014	4.24643
2021.72600007	0.490743
2023.72600007	0.448726
2025.72600007	1.137574
2027.72900009	2.74322
2029.72600007	3.741817
2031.73399997	0.929511
2033.72600007	2.468972
2035.72900009	3.996302
2037.72600007	5.593988
2039.72500014	5.60003
2041.73000002	0.928157
2043.73000002	0.043071
2045.72900009	0.9396
2047.73000002	3.389296
2049.72799993	0.160298
2051.72900009	0.974242
2053.72799993	3.07909
2055.727	2.866294
2057.73000002	3.700077
2059.727	1.421663
2061.727	0.464307
2063.72900009	0.116456
2065.727	0.520731
2067.727	2.096661
2069.727	4.246228
2071.73000002	0.670137
2073.72900009	0.712423
2075.73099995	0.667588
2077.73500013	1.956523
2079.727	1.571361
2081.73900008	1.265181
2083.72799993	0.770964
2085.72900009	1.915188
2087.727	4.035009
2089.72900009	0.432601
2091.73000002	3.311139
2093.72799993	3.311139
2095.72500014	3.311139
2097.72500014	3.311139
2099.727	3.311139
2101.73800015	3.513734
2103.73000002	0.928414
2105.97800016	0.036771
2107.73099995	0.49622
2109.98000026	2.827856
2111.97800016	3.59958
2113.97800016	0.819218
2115.98200011	2.127833
2117.98200011	0.775357
2119.98200011	1.343336
2121.98100019	1.89281
2123.97900009	1.643965
2125.98100019	0.879252
2127.98100019	2.790017
2129.98100019	2.415653
2131.98200011	0.330119
2133.97900009	3.514277
2135.98800015	4.595694
2137.97900009	2.707938
2139.97700024	3.353032
2141.97800016	2.100057
2143.98699999	2.769644
2145.97700024	2.02471
2147.97900009	2.733877
2149.97900009	0.323222
2151.99500012	0.940237
2153.97300005	3.59836
2155.98000026	0.051863
2157.97700024	3.68203
2159.97900009	1.533371
2161.98000026	3.839062
2163.98000026	0.020875
2165.97900009	2.110412
2167.97800016	4.193892
2169.98399997	0.643883
2171.97700024	2.292069
2173.97900009	4.923337
2175.97900009	0.857607
2177.97900009	2.236859
2179.98100019	0.793572
2181.98399997	0.305988
2183.97800016	0.013263
2185.97700024	3.085263
2187.97900009	0.315125
2189.98500013	0.922688
2191.97800016	1.857168
2193.98100019	2.098677
2195.98300004	1.153091
2197.99000001	0.835338
2199.98399997	0.993633
2201.98300004	0.306328
2203.97800016	0.295465
2205.97800016	3.611227
2207.97900009	2.587451
2209.98000026	0.924133
2211.98000026	1.341285
2213.98000026	1.392143
2215.97900009	2.571349
2217.98200011	0.068711
2219.98000026	4.337493
2221.97900009	0.646303
2223.98000026	1.576295
2225.97900009	1.619183
2227.98200011	1.281541
2229.98600006	5.018261
2231.98399997	5.204875
2233.97900009	2.082888
2235.97900009	0.458905
2237.98200011	2.06164
2239.98600006	0.013483
2241.98000026	0.013438
2243.98200011	0.123887
2245.98500013	5.19245
2247.98600006	3.65774
2249.98100019	3.56703
2251.98000026	0.013876
2253.98100019	1.498748
2255.98399997	2.28078
2257.98000026	2.28078
2259.98300004	6.102788
2261.97800016	5.83791
2263.98000026	6.537956
2265.98200011	0.193281
2267.97900009	3.68565
2269.98100019	0.051041
2271.98399997	1.842512
2273.98000026	3.993569
2275.98399997	5.346621
2277.98100019	0.072213
2279.98399997	6.432987
2281.98200011	2.884124
2283.98100019	0.997978
2285.98300004	0.986264
2287.98900008	5.800818
2289.98900008	6.507429
2291.98000026	6.358134
2293.98300004	0.013633
2295.98200011	6.519921
2297.97900009	5.830754
2299.97900009	6.209997
2301.97900009	6.014809
2303.98000026	1.099925
2305.97900009	5.85294
2307.98399997	5.976116
2309.97900009	5.579893
2311.98100019	4.577386
2313.98800015	0.29663
2315.98100019	6.043551
2317.98200011	6.218507
2319.98300004	5.869821
2321.98100019	4.670087
2323.98000026	6.319448
2325.98100019	0.457783
2327.98100019	5.757012
2329.98500013	5.965345
2331.99199986	3.89939
2333.98200011	5.152227
2335.98200011	5.30144
2337.98399997	5.983318
2339.98200011	5.732718
2341.98000026	5.771178
2343.98600006	6.513908
2345.97800016	3.603002
2347.98200011	3.603002
2349.98500013	2.791865
2351.98399997	1.948397
2353.98300004	0.917649
2356.23099995	5.980685
2357.98000026	5.714994
2360.23099995	2.680423
2362.23300004	5.311432
2364.2360003	1.247148
2366.23300004	0.805474
2368.23199987	0.914907
2370.23500013	5.268483
2372.08200002	4.28197
2374.23199987	4.675532
2376.23800015	4.004254
2378.23099995	4.095767
2380.23199987	1.871274
2382.2360003	0.962802
2384.23399997	5.967917
2386.2360003	5.967917
2388.23300004	0.232504
2390.2360003	2.781561
2392.23000002	0.9683
2394.23500013	0.664769
2396.07700014	5.778953
2398.23300004	5.778953
2400.2360003	5.044724
2402.23000002	5.505632
2404.23300004	0.14421
2406.23099995	5.648075
2408.24000001	3.13246
2410.23300004	4.07506
2412.23300004	0.018353
2414.23800015	4.460296
2416.23000002	0.968325
2418.23800015	4.168426
2420.08299994	1.193167
2422.23399997	3.850919
2424.23500013	2.485136
2426.23099995	6.248677
2428.23300004	2.154288
2430.23199987	1.313955
2432.23900008	0.896246
2434.23199987	2.132463
2436.23099995	4.560442
2438.23099995	4.408616
2440.23500013	0.955815
2442.23399997	5.904124
2444.15799999	0.673273
2446.23800015	5.259443
2448.23900008	1.092542
2450.23099995	0.017411
2452.23399997	2.000426
2454.23199987	0.445556
2456.24300003	0.535126
2458.23500013	5.207155
2460.23300004	4.554065
2462.23300004	3.247373
2464.23900008	0.749209
2466.23399997	2.60526
2468.14600015	0.166074
2470.23099995	1.437181
2472.23099995	2.650832
2474.23099995	3.465914
2476.23500013	5.028993
2478.2360003	3.380558
2480.23500013	6.027116
2482.23099995	0.762095
2484.2360003	6.115565
2486.2360003	3.321804
2488.2360003	3.326248
2490.23399997	0.210356
2492.15199995	0.16497
2494.23399997	0.666262
2496.23300004	0.013582
2498.24000001	3.722463
2500.23300004	3.489506
2502.24799991	1.671008
2504.23300004	2.562171
2506.24100018	2.288868
2508.2360003	4.851556
2510.23700023	2.743092
2512.23700023	0.03388
2514.2420001	3.801943
2516.16700006	0.68246
2518.2420001	5.061363
2520.23399997	0.202865
2522.23800015	1.054656
2524.23300004	3.095744
2526.23300004	0.989008
2528.23199987	0.51461
2530.23800015	2.881108
2532.23700023	3.505046
2534.23099995	0.022001
2536.23900008	0.751561
2538.23199987	1.064275
2540.23399997	0.918176
2542.23399997	1.521663
2544.23700023	0.20199
2546.23500013	0.055224
2548.24300003	2.858019
2550.23399997	1.062438
2552.23399997	2.637964
2554.23500013	0.062292
2556.23300004	3.626032
2558.23500013	4.145894
2560.2440002	0.941011
2562.24100018	2.928426
2564.23700023	0.954502
2566.25300026	6.398008
2568.23300004	3.081529
2570.26100016	0.029592
2572.23399997	1.939514
2574.23500013	1.65007
2576.2360003	0.148402
2578.23399997	1.217949
2580.24900007	2.446326
2582.23800015	3.691317
2584.23500013	2.308472
2586.23399997	3.084325
2588.23500013	0.319709
2590.24000001	1.318409
2592.23800015	0.262356
2594.23500013	3.021027
2596.2420001	0.327127
2598.23900008	0.945822
2600.23800015	1.749251
2602.23500013	5.436755
2604.23700023	6.251222
2606.23399997	0.844842
2608.24100018	4.487873
2610.49099994	0.963501
2612.48900008	3.905229
2614.48699999	2.545325
2616.48799992	1.327308
2618.48799992	0.387798
2620.48600006	5.943891
2622.48600006	1.995183
2624.49000001	1.788277
2626.49000001	0.960347
2628.48600006	3.830852
2630.48500013	2.0116
2632.48100019	4.363636
2634.49099994	5.261681
2636.49099994	0.019971
2638.48500013	3.633178
2640.48600006	0.013389
2642.48500013	3.796151
2644.48699999	1.724322
2646.48600006	0.491263
2648.48799992	4.02797
2650.4920001	3.893677
2652.48600006	2.888835
2654.48200011	1.935262
2656.4920001	2.530801
2658.4920001	2.262873
2660.4920001	3.722132
2662.48699999	1.321898
2664.49700022	3.10429
2666.48799992	3.55359
2668.49600005	0.019987
2670.48699999	0.507108
2672.48600006	3.983727
2674.48900008	3.983727
2676.50200009	0.279997
2678.48600006	4.081967
2680.48699999	0.219348
2682.49099994	1.984198
2684.48900008	0.915285
2686.48500013	1.076814
2688.48699999	4.006576
2690.49000001	4.006576
2692.48699999	3.446798
2694.48400021	3.446798
2696.49000001	3.619736
2698.48699999	0.399223
2700.48699999	3.54659
2702.4920001	2.995496
2704.49000001	2.995496
2706.48600006	3.781014
2708.48600006	3.781014
2710.48699999	3.781014
2712.48500013	3.781014
2714.48699999	3.201179
2716.50100017	3.853787
2718.48800015	3.853787
2720.48699999	3.853787
2722.49099994	3.423206
2724.49000001	3.881006
2726.48900008	4.502861
2728.49000001	4.82034
2730.4920001	3.005982
2732.48900008	3.050259
2734.48699999	5.601645
2736.4940002	0.842154
2738.48699999	2.590386
2740.49000001	2.847841
2742.48500013	5.717871
2744.48900008	5.717871
2746.48699999	5.717871
2748.48699999	4.595433
2750.48500013	6.159776
2752.48500013	5.989345
2754.48699999	5.989345
2756.48799992	5.989345
2758.49099994	5.989345
2760.48900008	5.989345
2762.48699999	5.989345
2764.49700022	5.989345
2766.48900008	5.989345
2768.48600006	0.927954
2770.48900008	1.130922
2772.48600006	5.816084
2774.49300003	6.363686
2776.48900008	1.328562
2778.48600006	5.842553
2780.48799992	3.787081
2782.49600005	0.144144
2784.49600005	0.280595
2786.48799992	2.666639
2788.48900008	3.212594
2790.49900007	1.032692
2792.49800014	0.487334
2794.49300003	2.083348
2796.49600005	0.695641
2798.49600005	1.783714
2800.49000001	0.823458
2802.49000001	5.478371
2804.49600005	4.216191
2806.4920001	2.838108
2808.49000001	6.537695
2810.4920001	3.544384
2812.48699999	0.362637
2814.49000001	0.975058
2816.48799992	3.390932
2818.49099994	2.506117
2820.4920001	5.664318
2822.49700022	1.529846
2824.48799992	0.956161
2826.49099994	2.132477
2828.48699999	1.958453
2830.48900008	6.308478
2832.4920001	0.630295
2834.48900008	1.888176
2836.49000001	6.19139
2838.48900008	0.938595
2840.49600005	1.000038
2842.4920001	3.399061
2844.49099994	6.206624
2846.4920001	3.601584
2848.50100017	4.703443
2850.48699999	2.705246
2852.49000001	1.005064
2854.49000001	0.608741
2856.49099994	1.550736
2858.48900008	0.02007
2860.73800015	1.704018
2862.73900008	0.276497
2864.73700023	2.469655
2866.59700012	0.888545
2868.74500012	0.020094
2870.74000025	3.51627
2872.74800014	3.05293
2874.74000025	2.326058
2876.73800015	3.191076
2878.74000025	0.14342
2880.73900008	3.496238
2882.73900008	2.939478
2884.73800015	1.91814
2886.74000025	2.867686
2888.73900008	0.040213
2890.58299994	2.314906
2892.74000025	0.711284
2894.74800014	4.644236
2896.73900008	0.816991
2898.7420001	6.238276
2900.73900008	0.084255
2902.73900008	0.013142
2904.73900008	4.106667
2906.73900008	1.608585
2908.74000025	3.280081
2910.73900008	3.61888
2912.7420001	3.983493
2914.58399987	3.09163
2916.73900008	0.434123
2918.73800015	5.879695
2920.74100018	5.871393
2922.75199986	1.638376
2924.74000025	6.545082
2926.73900008	0.088641
2928.7420001	1.662941
2930.73900008	0.738263
2932.73900008	2.456164
2934.74000025	4.045613
2936.73900008	4.149315
2938.58500004	2.98698
2940.7420001	4.883076
2942.74100018	5.116354
2944.74100018	4.949965
2946.74000025	5.18969
2948.7420001	4.631514
2950.74100018	0.053785
2952.73800015	0.849917
2954.73800015	2.164925
2956.73900008	0.013765
2958.73900008	0.912413
2960.74100018	1.173021
2962.74500012	1.542896
2964.73900008	0.589356
2966.74100018	0.747577
2968.7420001	0.255368
2970.74100018	0.696514
2972.74000025	0.876737
2974.74100018	0.052121
2976.74000025	1.769679
2978.73900008	2.263189
2980.73900008	0.135307
2982.74600005	1.714803
2984.73900008	3.932327
2986.66300011	0.566152
2988.75099993	3.622635
2990.74000025	1.966344
2992.73900008	2.778571
2994.73900008	1.009045
2996.74399996	4.590721
2998.74900007	2.49002
3000.7420001	0.575102
3002.74500012	0.54777
3004.74300003	6.291697
3006.74100018	6.292039
3008.74600005	0.226888
3010.66800022	0.269719
3012.74300003	1.341075
3014.74800014	0.259344
3016.74100018	1.722182
3018.74500012	3.400328
3020.74000025	1.048742
3022.74399996	0.0039
3024.7420001	2.673441
3026.74300003	1.942526
3028.74399996	0.477018
3030.74399996	0.920005
3032.75099993	2.20092
3034.74500012	0.859573
3036.74100018	4.358102
3038.74900007	5.191624
3040.74300003	2.326008
3042.74300003	4.689432
3044.74100018	1.013571
3046.75	0.170134
3048.74100018	0.013679
3050.74399996	4.375403
3052.74100018	1.471128
3054.7420001	5.462664
3056.74600005	5.584224
3058.74000025	0.550159
3060.74800014	2.7611
3062.74100018	0.465295
3064.74399996	2.165351
3066.74100018	0.785151
3068.74900007	0.937508
3070.74300003	0.846264
3072.75199986	2.491505
3074.74600005	0.124555
3076.74100018	1.616551
3078.7420001	6.018223
3080.74500012	4.583621
3082.74500012	5.838864
3084.75600028	6.435307
3086.75400019	2.877487
3088.74500012	1.344387
3090.74900007	4.33133
3092.74699998	0.945558
3094.74300003	4.674772
3096.75900006	0.11132
3098.74300003	6.434381
3100.74300003	6.197956
3102.74300003	1.262981
3104.74500012	0.88397
3106.74900007	0.856093
3108.74699998	0.231766
3110.99300003	1.595419
3112.99199986	0.561603
3114.99700022	2.888617
3116.75500011	0.819932
3118.99500012	0.038366
3120.90400004	0.534218
3122.99700022	0.166329
3124.99800014	0.207969
3126.99600029	3.232227
3128.99300003	0.711771
3130.9940002	1.250319
3132.99300003	0.054498
3134.99800014	3.556987
3136.99900007	3.30185
3138.99600029	5.077311
3140.99700022	5.830943
3142.99600029	0.790561
3144.91999984	0.25977
3146.99700022	0.081805
3148.99500012	0.038123
3151.00100017	1.963644
3152.99099994	0.678712
3154.99500012	0.88208
3156.99800014	2.861263
3158.99900007	1.824251
3160.99600029	1.339426
3162.9940002	0.163131
3165.0	0.929938
3166.99600029	3.634789
3168.91600013	0.034903
3170.99900007	0.439037
3173.00400019	1.872716
3174.99600029	1.9784
3176.99800014	4.014891
3178.99600029	0.057829
3180.99900007	4.398011
3182.99800014	0.709767
3184.99500012	2.552543
3187.00100017	4.23124
3188.99800014	0.258008
3190.99600029	0.839137
3192.85400009	1.429652
3194.9940002	5.046304
3197.00300002	0.013549
3198.99600029	0.014775
3200.99600029	1.633156
3202.99300003	2.960373
3204.99900007	1.6926
3206.99600029	2.861774
3209.0	2.161131
3210.99500012	4.032824
3212.99300003	3.253521
3214.99500012	2.921458
3216.99900007	1.321466
3218.99000001	1.993199
3220.99300003	6.356572
3222.99900007	3.916391
3224.99800014	0.28224
3226.99800014	1.006622
3228.99500012	0.826504
3230.99900007	3.860712
3232.99500012	0.038962
3234.99800014	0.993387
3236.99500012	3.873086
3238.99900007	4.387352
3240.91600013	0.208593
3243.0	1.166092
3244.99800014	0.300391
3246.99800014	0.582777
3248.99900007	2.045546
3251.00400019	0.317726
3252.99500012	3.254183
3254.99800014	0.285647
3257.171	1.245746
3259.0	2.577344
3261.0	2.676147
3262.9940002	0.053584
3264.99300003	0.058873
3267.00200009	3.095416
3269.00300002	2.021058
3270.99800014	0.88907
3273.0	3.67314
3274.99500012	3.071049
3277.00200009	0.888194
3279.00999999	0.013633
3280.9940002	3.557592
3283.0150001	4.418304
3284.99800014	0.148612
3286.9940002	0.512862
3288.97600007	0.188149
3290.99800014	2.704135
3293.00100017	0.271345
3294.99600029	1.367091
3297.0	4.211621
3299.00500011	0.937286
3300.99800014	4.711599
3302.99600029	0.129699
3305.00200009	3.268956
3306.99800014	4.685846
3309.0	0.959229
3310.99600029	5.249758
3312.99900007	0.219742
3315.0	4.368225
3317.00100017	2.149267
3319.00100017	4.701597
3321.00300002	5.69994
3323.26100016	2.927
3325.00699997	4.454868
3327.25600004	1.408497
3329.24900007	5.570409
3331.24300003	6.156945
3333.25099993	0.976158
3335.24799991	0.467247
3337.25200009	5.963866
3339.25099993	6.20842
3341.27199984	6.20842
3343.24500012	3.22118
3345.24600005	3.566946
3347.24900007	4.617042
3349.25600004	1.127161
3351.24699998	4.54379
3353.25099993	1.069614
3355.24699998	3.947935
3357.24900007	3.746981
3359.24900007	0.972131
3361.25099993	4.389779
3363.24799991	3.870277
3365.24699998	3.543063
3367.24699998	0.905803
3369.24900007	4.103526
3371.25099993	1.612716
3373.25200009	3.045089
3375.24699998	4.731875
3377.2440002	3.907115
3379.24699998	6.057352
3381.25400019	0.8993
3383.24900007	5.831175
3385.25300026	1.286919
3387.24699998	2.818606
3389.25300026	6.428371
3391.24600005	2.139769
3393.25	6.027778
3395.25099993	6.471888
3397.25099993	0.940088
3399.25	0.982242
3401.25	1.489184
3403.24300003	0.457273
3405.25	0.752528
3407.24900007	1.572923
3409.25	0.897909
3411.24699998	0.040934
3413.24500012	0.770086
3415.24799991	0.116076
3417.25099993	0.013219
3419.24699998	0.042449
3421.25300026	2.443215
3423.25099993	3.095514
3425.24600005	3.990407
3427.24900007	3.181373
3429.24699998	3.202259
3431.25600004	4.610898
3433.24699998	4.51465
3435.24500012	4.918318
3437.25	3.394381
3439.25200009	3.392727
3441.24900007	2.059859
3443.25	0.003758
3445.25800014	1.868836
3447.24699998	3.550722
3449.25099993	0.306367
3451.25	2.825752
3453.25	6.604181
3455.24699998	3.655939
3457.25300026	3.468626
3459.24699998	0.358869
3461.26300001	1.784386
3463.25200009	4.181464
3465.26000023	0.203002
3467.25500011	4.64704
3469.25099993	1.262126
3471.24799991	1.984533
3473.24900007	3.686634
3475.24600005	0.646477
3477.24900007	5.132151
3479.24799991	0.33189
3481.25500011	0.931755
3483.24699998	6.141721
3485.25300026	0.468256
3487.24900007	1.763346
3489.26300001	6.146247
3491.25	2.269323
3493.26000023	0.041682
3495.24900007	0.251205
3497.24900007	1.812899
3499.24799991	0.013266
3501.25800014	5.118836
3503.25400019	3.214114
3505.25099993	0.876257
3507.2650001	1.655168
3509.25099993	0.019449
3511.25099993	0.391512
3513.25200009	0.231033
3515.25099993	0.099191
3517.24699998	1.015411
3519.25500011	0.989272
3521.25099993	1.764371
3523.25099993	1.116303
3525.25	4.675801
3527.25400019	2.327791
3529.24900007	1.980093
3531.24799991	5.035665
3533.25	5.458305
3535.25700021	4.210406
3537.25500011	0.062386
3539.25300026	0.648287
3541.25400019	2.804537
3543.25200009	1.114432
3545.25	2.125727
3547.24900007	0.364716
3549.26000023	0.888141
3551.24900007	4.226272
3553.25200009	0.46091
3555.25600004	1.681326
3557.25300026	1.326224
3559.24699998	2.725983
3561.25400019	0.768889
3563.25400019	4.166906
3565.25099993	3.923307
3567.36100006	4.70267
3569.27700019	4.87821
3571.24699998	4.305763
3573.25200009	5.047837
3575.25	5.353117
3577.50300002	4.628977
3579.50200009	3.922159
3581.50000024	5.016273
3583.49800014	5.545451
3585.50200009	5.816716
3587.49900007	4.088164
3589.50399995	6.02154
3591.34800029	5.891461
3593.50300002	0.19614
3595.49900007	0.97732
3597.50200009	0.94858
3599.50200009	2.869756
3601.50100017	5.751314
3603.49900007	3.6804
3605.50300002	6.595952
3607.50000024	3.691038
3609.50300002	0.932945
3611.49900007	1.403038
3613.50100017	1.175928
3615.34100008	1.604165
3617.49900007	5.520165
3619.50399995	5.860285
3621.49900007	5.061906
3623.50000024	0.221273
3625.50200009	5.163119
3627.50600004	2.109723
3629.50699997	0.327566
3631.50200009	4.771858
3633.50399995	0.357767
3635.51099992	2.294688
3637.50300002	2.843251
3639.34100008	1.711368
3641.50100017	2.590876
3643.50000024	1.055172
3645.50100017	3.239343
3647.50200009	0.01397
3649.49800014	6.283848
3651.50000024	0.613952
3653.49900007	5.875446
3655.50000024	1.082103
3657.50000024	0.013786
3659.50000024	0.038331
3661.50399995	2.78392
3663.35000014	5.594564
3665.50300002	2.532311
3667.50399995	1.411242
3669.50100017	0.920661
3671.50200009	0.013567
3673.50100017	3.876753
3675.50300002	0.779424
3677.50000024	0.597281
3679.50000024	1.253483
3681.50200009	0.319453
3683.50600004	6.5276
3685.50500011	6.5276
3687.50100017	6.5276
3689.50600004	6.5276
3691.50100017	3.698727
3693.49900007	3.698727
3695.50500011	4.746531
3697.50600004	1.018319
3699.50600004	0.477294
3701.50399995	4.625767
3703.50200009	4.374776
3705.50600004	2.902216
3707.50000024	0.967255
3709.50100017	6.565728
3711.50200009	3.869776
3713.50699997	6.332992
3715.50800014	0.984192
3717.51099992	2.867491
3719.49900007	0.012298
3721.50300002	1.885851
3723.50000024	0.450011
3725.50000024	6.504231
3727.50200009	1.013574
3729.50100017	2.637388
3731.50200009	2.637388
3733.50000024	5.075656
3735.51199985	6.497399
3737.50500011	0.385824
3739.50300002	2.000823
3741.50900006	0.954515
3743.51199985	2.241024
3745.50800014	2.241024
3747.50399995	2.896554
3749.50100017	3.021322
3751.50699997	4.185077
3753.5150001	0.618613
3755.51199985	1.092117
3757.50500011	1.185302
3759.50200009	1.185302
3761.50100017	1.307157
3763.50399995	2.296454
3765.50399995	2.259865
3767.50100017	1.65411
3769.50399995	1.71136
3771.50200009	3.636564
3773.50200009	3.249952
3775.50699997	0.573739
3777.50200009	2.501998
3779.50100017	4.475153
3781.50300002	0.290479
3783.50600004	0.626883
3785.50600004	4.195904
3787.50300002	3.982855
3789.50100017	3.448027
3791.50100017	3.448027
3793.50200009	2.146981
3795.50399995	5.269525
3797.50699997	0.959813
3799.50100017	1.106975
3801.50100017	1.053164
3803.50200009	0.949961
3805.50399995	3.320682
3807.50200009	0.915041
3809.50200009	4.845337
3811.50300002	1.202039
3813.50900006	0.906937
3815.50399995	0.054395
3817.50999999	0.020171
3819.50500011	0.463662
3821.75300026	0.013206
3823.51300025	2.415413
3825.75300026	2.141205
3827.75700021	3.679591
3829.76100016	4.138924
3831.75099993	1.456403
3833.76699996	3.925356
3835.75199986	0.986979
3837.75600028	4.053084
3839.75500011	2.67657
3841.75300026	1.522758
3843.75700021	6.696793
3845.75400019	5.550262
3847.75199986	5.673521
3849.75999999	2.680248
3851.75800014	6.254498
3853.75300026	2.361259
3855.75300026	4.286643
3857.75600028	3.032115
3859.75400019	0.660124
3861.75500011	1.61016
3863.75500011	0.639846
3865.75300026	0.982129
3867.75400019	5.877151
3869.75900006	0.01976
3871.75099993	5.256467
3873.75700021	6.948342
3875.75500011	3.390788
3877.75600028	1.906549
3879.75600028	0.96516
3881.75500011	0.115049
3883.75400019	1.34668
3885.75300026	3.678725
3887.75700021	5.151262
3889.75600028	2.122488
3891.75400019	3.837959
3893.75400019	3.223638
3895.75500011	0.252832
3897.75500011	2.797469
3899.75300026	0.781816
3901.75700021	4.976288
3903.75300026	6.239678
3905.75500011	2.333379
3907.76100016	4.351601
3909.76200008	0.81095
3911.76300001	0.238129
3913.75999999	0.933614
3915.76600003	4.023919
3917.75600028	5.672888
3919.75800014	4.116812
3921.75400019	2.475745
3923.75199986	0.873946
3925.75900006	0.271138
3927.75600028	0.241524
3929.75700021	2.467668
3931.75900006	0.98885
3933.75600028	4.462039
3935.75400019	4.953121
3937.75400019	1.974919
3939.75700021	4.7506
3941.76400018	6.124603
3943.77300024	6.217276
3945.75800014	0.01358
3947.75500011	1.015375
3949.75400019	0.126637
3951.75700021	0.506839
3953.75800014	1.356939
3955.75400019	2.719373
3957.76600003	0.751267
3959.75300026	0.003599
3961.75300026	4.624623
3963.76400018	4.581217
3965.75500011	2.263389
3967.75400019	4.315741
3969.75500011	0.118978
3971.75400019	0.058789
3973.75500011	0.952102
3975.75700021	0.90959
3977.75900006	0.618155
3979.75600028	3.083398
3981.75500011	1.423755
3983.75800014	3.902634
3985.76300001	0.971277
3987.76200008	3.481695
3989.7650001	0.953509
3991.75800014	5.572651
3993.75999999	1.639144
3995.75700021	4.010582
3997.75400019	6.783517
3999.75600028	1.593122
4001.75800014	0.293582
4003.75900006	1.30196
4005.75700021	0.594407
4007.75500011	6.157759
4009.76300001	5.289707
4011.75900006	6.206039
4013.75800014	0.536844
4015.76600003	0.096692
4017.77200031	3.936364
4019.75400019	1.827171
4021.75700021	6.22347
4023.75500011	0.948655
4025.75600028	3.858806
4027.7650001	2.762903
4029.75500011	0.021399
4031.75999999	0.040573
4033.75600028	5.563171
4035.75500011	2.700108
4037.75500011	2.128304
4039.75500011	0.314835
4041.75700021	0.910589
4043.76699996	4.654299
4045.75800014	0.46063
4047.75500011	0.888264
4049.75500011	3.966882
4051.76699996	6.50319
4054.01099992	0.924572
4056.00999999	1.693772
4058.00900006	2.228929
4060.00600004	0.207668
4061.84600019	0.906914
4064.00699997	6.525612
4066.01200032	6.525612
4068.0079999	0.948121
4070.00699997	3.378241
4072.00500011	6.455737
4074.0150001	1.437509
4076.00500011	5.813437
4078.01800013	5.813437
4080.00999999	0.942994
4082.00900006	5.823155
4084.0150001	3.56155
4085.85599995	0.947839
4088.00600004	1.478375
4090.01099992	1.160147
4092.00500011	4.804687
4094.00600004	2.510248
4096.0079999	2.598737
4098.00999999	4.567648
4100.00699997	3.792306
4102.0170002	4.794701
4104.01200032	4.794701
4106.00900006	5.265044
4108.01099992	4.160766
4109.86399984	5.41217
4112.0150001	5.540362
4114.01300025	4.223729
4116.00900006	4.223729
4118.00999999	5.340377
4120.01099992	5.340377
4122.00999999	5.340377
4124.00900006	5.340377
4126.0079999	5.340377
4128.00999999	5.49052
4130.00900006	5.49052
4132.0079999	6.124281
4133.86299992	4.23318
4136.01300025	4.23318
4138.00699997	4.23318
4140.01400018	6.065197
4142.0079999	6.065197
4144.00699997	6.065197
4146.00999999	6.065197
4148.04400015	6.065197
4150.0079999	0.929754
4152.00600004	4.412331
4154.00999999	5.086124
4156.0079999	2.251243
4158.01099992	4.912672
4160.00900006	4.169113
4162.0079999	5.74472
4164.01099992	0.014144
4166.01600003	4.306979
4168.0079999	0.960188
4170.01200032	6.106493
4172.00999999	6.106832
4174.00999999	3.125647
4176.00600004	1.004649
4178.00600004	0.106336
4180.00699997	0.211626
4182.00699997	0.996156
4184.00900006	0.013329
4186.01400018	0.889629
4188.01099992	4.591858
4190.00699997	0.184261
4192.01900005	2.550239
4194.00900006	3.896468
4196.01300025	0.013082
4198.01300025	0.019536
4200.01800013	1.134229
4202.01099992	0.905553
4204.00999999	5.204365
4205.93499994	0.321662
4208.00999999	1.280477
4210.0079999	0.054635
4212.00699997	0.408385
4214.00999999	2.377566
4216.00900006	3.793628
4218.01200032	0.026073
4220.01300025	1.553707
4222.01800013	0.00389
4224.01200032	0.532188
4226.01099992	5.839931
4228.00900006	4.205262
4230.02200007	0.34458
4232.0170002	5.467391
4234.01400018	0.870864
4236.00999999	1.331118
4238.01400018	2.526286
4240.0079999	3.758071
4242.01400018	3.159067
4244.0079999	5.977736
4246.00999999	2.612842
4248.00900006	5.228523
4250.01400018	1.26514
4252.01200032	4.882189
4254.00600004	2.571057
4256.0079999	1.376291
4258.01099992	3.692896
4260.01200032	0.942742
4262.00999999	0.225283
4264.01099992	1.052178
4266.0079999	0.566463
4268.00999999	4.8187
4270.01800013	1.816858
4272.00900006	0.354504
4274.01200032	5.412567
4276.01099992	1.004482
4278.0079999	2.438238
4280.00999999	5.538127
4282.01099992	5.112454
4284.01200032	6.044478
4286.01300025	0.634579
4288.00900006	0.075976
4290.0150001	3.444441
4292.00900006	4.699899
4294.01600003	0.021349
4296.00900006	0.829591
4298.00900006	6.563172
4300.0079999	6.563172
4302.01300025	6.563172
4304.01099992	6.765564
4306.2650001	6.06881
4308.26300001	0.080637
4310.26300001	6.286152
4312.26200008	0.057387
4314.26100016	0.064472
4316.10100007	3.057085
4318.26399994	6.00908
4320.26000023	2.699948
4322.26000023	4.527554
4324.2650001	1.824873
4326.26100016	0.503386
4328.26000023	0.300203
4330.26300001	5.044359
4332.26100016	3.682575
4334.25900006	0.041052
4336.26000023	1.659716
4338.26600003	0.013132
4340.18100023	0.223874
4342.26000023	0.013793
4344.26699996	3.532138
4346.26399994	0.87313
4348.26200008	1.142608
4350.26600003	0.940404
4352.26399994	1.414101
4354.26399994	0.935048
4356.26399994	0.894192
4358.2650001	1.612593
4360.26200008	0.956453
4362.26399994	4.589479
4364.10700011	3.124702
4366.26300001	1.819161
4368.26100016	3.2639
4370.25900006	3.318826
4372.26000023	1.669763
4374.26300001	5.614838
4376.26200008	5.152563
4378.2650001	0.461969
4380.2650001	5.570617
4382.26699996	6.505459
4384.26100016	3.052
4386.2650001	6.122621
4388.11400008	6.487539
4390.26200008	1.954196
4392.30100012	4.228228
4394.26399994	6.469439
4396.2750001	1.005937
4398.26399994	4.180444
4400.26300001	0.613362
4402.2650001	0.013741
4404.26100016	2.35558
4406.26100016	4.900356
4408.26900005	5.161188
4410.2650001	4.942478
4412.26699996	0.96306
4414.26600003	3.423084
4416.26100016	2.016395
4418.26399994	4.899756
4420.26600003	6.556567
4422.26200008	0.977984
4424.26600003	4.625819
4426.26600003	6.579167
4428.27199984	6.579167
4430.26300001	6.579167
4432.26200008	6.579167
4434.26300001	6.579167
4436.26300001	6.579167
4438.26600003	6.579167
4440.26100016	0.632916
4442.26100016	2.628903
4444.26300001	4.212961
4446.26300001	1.163418
4448.26800013	2.386436
4450.26200008	5.730624
4452.26600003	0.056986
4454.2650001	5.924668
4456.26100016	6.156383
4458.27099991	1.445329
4460.26300001	2.696806
4462.26200008	0.43245
4464.53700018	2.868273
4466.26699996	6.424497
4468.26900005	1.663933
4470.26300001	1.726586
4472.26800013	5.424538
4474.27300024	4.575815
4476.26699996	0.154179
4478.26100016	0.068257
4480.26900005	7.06195
4482.26399994	0.631406
4484.26200008	2.323076
4486.26200008	3.271864
4488.2650001	0.561675
4490.26600003	1.172307
4492.26600003	2.956624
4494.26300001	0.916678
4496.26600003	0.151585
4498.26399994	0.180061
4500.2650001	6.13552
4502.26200008	5.886823
4504.26800013	6.539003
4506.27400017	0.010126
4508.26800013	6.977352
4510.26200008	0.300905
4512.26699996	7.182863
4514.26399994	0.58546
4516.2650001	2.112089
4518.2650001	6.245987
4520.2650001	4.569971
4522.26999998	3.888349
4524.26600003	2.209096
4526.26600003	0.013372
4528.26600003	5.149786
4530.26300001	4.927417
4532.26399994	5.684778
4534.26399994	3.626678
4536.26699996	5.798762
4538.26900005	0.938597
4540.26900005	5.500592
4542.26800013	1.650849
4544.26200008	1.594701
4546.26600003	0.013634
4548.26800013	4.460228
4550.26300001	5.726109
4552.2650001	0.948227
4554.26600003	3.504674
4556.51300025	6.58482
4558.51300025	0.919582
4560.5170002	3.651255
4562.51300025	4.651251
4564.51300025	0.110821
4566.51600027	3.864515
4568.51600027	3.460742
4570.51600027	3.466353
4572.52100015	4.174349
4574.5150001	5.408844
4576.51300025	3.844942
4578.51300025	1.349119
4580.5150001	4.786124
4582.51400018	6.60279
4584.51400018	6.361451
4586.51400018	6.535927
4588.5150001	6.277914
4590.51800013	6.355442
4592.51800013	0.027029
4594.5150001	6.298029
4596.5150001	3.163186
4598.5170002	0.119632
4600.51400018	5.355937
4602.5150001	1.748131
4604.51300025	1.732438
4606.51300025	6.516109
4608.51800013	2.015566
4610.51400018	6.475256
4612.5150001	3.435112
4614.51400018	1.096176
4616.5150001	6.03446
4618.51800013	0.910181
4620.51800013	2.248943
4622.5150001	0.61751
4624.51900005	1.367946
4626.5150001	0.013405
4628.52100015	0.415538
4630.51400018	1.300395
4632.51999998	2.758121
4634.5170002	0.746923
4636.51900005	2.870242
4638.51400018	3.06223
4640.5150001	1.892842
4642.51999998	2.893908
4644.51400018	5.890982
4646.51600027	4.44188
4648.51400018	1.773091
4650.51400018	0.615881
4652.51900005	6.247569
4654.51300025	0.043657
4656.51600027	4.734762
4658.51800013	2.472706
4660.5150001	5.180429
4662.51400018	0.799581
4664.51400018	0.917956
4666.5170002	5.418796
4668.51300025	5.423674
4670.51600027	4.889325
4672.51400018	5.613893
4674.51400018	5.571954
4676.5150001	1.975029
4678.51600027	7.177174
4680.51900005	6.363734
4682.51400018	2.489704
4684.51400018	2.392224
4686.51800013	3.791678
4688.5150001	3.805597
4690.52100015	4.374562
4692.5170002	3.77237
4694.52200007	4.879235
4696.51999998	6.155056
4698.5250001	2.543972
4700.51400018	2.829382
4702.5170002	4.999181
4704.5170002	1.423208
4706.51800013	1.558292
4708.5170002	2.104785
4710.51600027	1.803957
4712.51600027	4.815263
4714.51600027	2.598069
4716.5150001	0.0133
4718.5170002	6.655909
4720.5150001	5.978391
4722.51600027	6.283807
4724.51800013	1.490256
4726.51900005	0.472186
4728.51600027	4.733905
4730.51999998	4.733905
4732.51900005	2.652192
4734.51900005	0.118592
4736.51600027	0.35995
4738.52100015	1.882813
4740.5170002	3.739306
4742.523	6.136248
4744.5150001	4.071364
4746.51800013	0.522049
4748.51800013	6.457599
4750.51800013	0.230378
4752.51600027	3.18015
4754.51600027	6.204436
4756.5150001	6.204436
4758.51600027	6.204436
4760.5150001	6.204436
4762.51600027	6.064593
4764.5170002	0.817038
4766.51800013	0.27045
4768.51600027	6.325129
4770.52900004	5.396741
4772.51600027	1.716511
4774.523	0.078614
4776.51600027	2.958008
4778.5150001	4.601857
4780.51800013	4.485417
4782.5150001	2.572274
4784.5250001	0.040083
4786.5150001	1.709753
4788.51600027	2.923727
4790.51600027	2.923727
4792.5150001	3.009805
4794.51900005	0.202396
4796.51600027	1.889373
4798.52999997	3.060711
4800.523	2.450265
4802.5170002	6.515874
4804.5170002	1.423566
4806.5170002	0.997254
4808.76999998	6.410426
4810.60800004	6.298686
4812.76699996	3.27902
4814.77099991	4.073852
4816.7750001	6.125951
4818.76900005	4.109733
4820.76699996	1.640398
4822.76900005	2.979866
4824.76600003	2.979866
4826.76799989	2.979866
4828.76799989	6.27083
4830.77600002	5.82771
4832.76900005	1.975154
4834.60900021	6.104472
4836.76799989	2.753946
4838.76699996	0.987447
4840.76799989	1.218146
4842.76600003	6.53233
4844.76799989	0.953681
4846.76699996	3.07286
4848.77400017	0.193228
4850.76900005	2.855789
4852.76699996	0.952279
4854.76799989	0.457812
4856.76900005	0.424409
4858.61300015	0.907994
4860.76699996	0.415288
4862.76799989	2.190861
4864.76799989	3.978532
4866.76999998	4.12315
4868.77200031	0.710396
4870.77099991	4.520389
4872.77300024	3.173236
4874.76699996	0.518016
4876.77900004	4.657779
4878.76799989	1.781278
4880.76699996	0.855695
4882.61599994	1.445797
4884.77099991	4.197315
4886.76699996	2.481236
4888.76900005	1.852822
4890.77800012	2.08243
4892.77300024	4.624588
4894.76699996	5.391887
4896.76799989	5.245756
4898.76900005	5.245756
4900.76900005	5.400921
4902.76799989	1.392575
4904.77200031	0.992772
4906.75	0.039798
4908.77200031	4.722472
4910.76999998	0.01527
4912.76900005	1.384155
4914.76900005	1.348139
4916.76799989	1.152527
4918.77200031	2.770972
4920.77300024	5.021046
4922.76900005	1.627054
4924.76699996	5.435967
4926.77700019	4.345613
4928.77300024	6.466844
4930.76799989	0.942424
4932.76799989	2.657891
4934.76900005	2.873062
4936.77200031	2.873062
4938.76900005	2.873062
4940.76900005	2.873062
4942.76999998	2.873062
4944.77099991	2.873062
4946.76900005	0.342532
4948.77099991	0.906827
4950.77099991	0.878408
4952.77400017	1.307098
4954.77099991	1.330882
4956.77800012	1.032118
4958.77099991	1.543625
4960.77300024	1.587031
4962.77300024	1.786961
4964.7650001	2.624886
4966.76999998	3.221601
4968.76999998	2.568711
4970.77099991	3.407186
4972.76900005	0.026838
4974.76999998	0.889633
4976.77800012	3.820674
4978.77900004	0.793043
4980.77400017	2.186777
4982.77400017	0.355822
4984.76999998	0.030664
4986.77099991	0.06148
4988.76900005	3.582712
4990.77300024	1.417064
4992.77700019	0.360023
4994.77400017	0.889892
4996.76999998	3.050433
4998.77099991	5.032347
5000.77099991	3.706528
5002.76999998	0.700958
5004.77900004	1.364511
5006.77300024	4.314972
5008.78200006	0.954632
5010.77600002	3.390428
5012.7750001	3.100902
5014.78299999	2.45513
5016.76900005	0.04083
5018.77300024	0.019742
5020.77300024	2.899853
5022.77300024	4.073083
5024.77099991	2.628022
5026.77300024	0.416963
5028.77200031	1.874055
5030.80200005	0.013854
5032.77400017	0.906006
5034.76799989	5.933059
5036.76900005	5.933059
5038.76900005	6.299255
5040.77099991	5.912317
5042.77099991	5.912317
5044.77600002	5.912317
5046.77300024	6.282038
5048.76999998	6.282038
5050.77099991	0.176425
5052.77099991	0.367523
5054.77300024	0.080566
5056.7750001	0.872853
5059.01900005	1.163382
5061.02000022	1.163382
5063.01900005	1.768315
5064.86299992	6.037969
5067.023	6.034527
5069.01900005	6.250359
5071.02399993	6.384921
5073.02100015	0.015476
5075.02399993	6.393222
5077.02100015	6.045424
5079.02100015	6.374602
5081.02000022	3.710286
5083.02000022	0.259445
5085.02200007	0.952318
5087.02399993	0.015087
5088.87199998	0.871229
