0.0	2.580239
0.684000015259	0.930621
1.18099999428	1.659015
2.15300011635	1.805844
2.867000103	1.283869
3.47000026703	3.03586
4.28200006485	0.43995
5.08200001717	0.730168
5.91500020027	0.004523
6.50400018692	2.568429
7.21000003815	0.004068
8.18499994278	1.010948
10.1950001717	1.527324
12.1930000782	0.021916
14.3010001183	3.312629
17.5920000076	0.021767
18.0290000439	2.452245
20.1920001507	0.491572
22.1990001202	3.348242
24.1849999428	1.47372
26.239000082	1.071854
28.1900002956	1.158104
30.1849999428	0.002712
32.1859998703	0.638156
34.2130000591	0.522881
36.3220000267	0.659754
38.4480001926	0.549508
41.5950000286	0.050769
42.1489999294	1.818982
44.2009999752	1.135928
46.236000061	0.058981
48.2430000305	1.89229
50.1830000877	1.873307
52.1849999428	0.06619
54.1830000877	1.394108
56.2320001125	0.003265
58.3329999447	0.290175
60.0840001106	0.293132
62.0850000381	0.072578
65.0889999866	0.427928
67.228000164	0.521507
69.9219999313	0.007119
71.9769999981	0.439387
73.0810000896	1.179999
75.2179999352	0.447642
76.25	1.186816
78.2670001984	0.664068
80.3519999981	0.957082
82.1800000668	0.915793
84.0970001221	0.542687
86.1840000153	1.57295
88.1800000668	0.227942
90.3550002575	0.013148
92.2850000858	0.702933
94.1879999638	0.003248
96.1900002956	2.20138
98.1840000153	0.002803
100.302000284	0.00651
102.453000069	0.124977
104.183000088	0.018481
106.184000015	1.018774
108.18200016	0.621119
110.128999949	0.008932
112.200999975	1.412972
114.18200016	1.619485
116.179000139	2.019716
118.183000088	0.545536
120.204999924	2.229776
122.33100009	1.892034
124.407000065	0.049626
126.21600008	0.904993
128.207000256	0.573354
130.309000015	0.114483
132.18200016	0.561094
134.22300005	0.150544
135.992000103	1.538442
138.180000067	2.290009
140.265000105	0.179535
142.236000061	0.008208
144.318000317	0.83133
146.562000036	0.825561
148.511000156	0.192639
150.183000088	0.025872
152.18200016	0.003026
154.177999973	0.004175
156.051000118	2.907996
158.180999994	2.907996
160.179000139	2.907996
162.196000099	0.003761
164.241999865	1.281017
166.347000122	0.590392
168.177000046	2.630598
170.18200016	1.624256
172.18200016	2.430235
174.177000046	1.579231
176.180999994	0.387053
178.268000126	1.770606
180.177999973	1.903309
182.177000046	0.019478
185.93200016	0.008963
187.927999973	2.463836
189.927999973	2.757087
191.930000067	1.592092
194.000999928	1.57543
195.84800005	0.932988
198.562000036	0.01684
200.316999912	1.521148
202.065000057	1.832025
204.087000132	3.561803
205.928999901	0.607953
207.806000233	0.239047
209.927999973	0.012292
212.916000128	0.018692
214.719000101	0.012579
216.09800005	1.910845
217.953999996	0.004666
219.927999973	0.293948
221.927000046	0.008557
224.019000053	1.502263
226.112999916	0.013042
227.927000046	0.009431
229.930000067	1.796099
231.930000067	3.101555
233.934000254	0.345242
236.627000093	0.558547
238.139000177	0.461148
239.928999901	0.013521
241.937999964	0.072387
243.93900013	0.006565
246.036999941	1.69816
248.129999876	1.512389
249.953000069	0.781648
251.936000109	1.787764
253.940999985	0.429427
255.951000214	0.00542
257.966000319	1.10154
259.957000017	2.009156
261.971000195	0.935116
264.272000074	0.003662
267.230000257	0.000919
268.052999973	3.499262
270.148999929	0.003104
271.928999901	0.004758
273.927999973	0.012705
276.116000175	2.27819
277.927000046	2.309903
279.983999968	2.646687
282.087000132	1.947946
283.955000162	1.898483
285.953000069	1.813454
287.996999979	0.93972
290.082000017	1.467105
291.93200016	0.597525
294.910000086	0.005449
296.773000002	0.486926
299.209000111	0.753569
300.723999977	1.588705
302.046000242	0.012942
303.881999969	0.007127
305.931000233	0.052561
309.363000154	2.025437
311.052999973	0.030342
313.339000225	0.591974
314.769000053	1.15657
316.361999989	1.242118
317.97300005	0.053277
320.495000124	1.850221
322.860000134	0.623959
324.019000053	3.772413
325.927999973	1.403357
327.927000046	3.2592
329.94900012	1.637826
332.061000109	0.453589
335.623000145	0.661171
336.756999969	1.972544
338.760999918	0.4394
340.792999983	0.442357
341.926000118	0.17923
343.952000141	0.998482
345.924999952	0.00863
347.927000046	0.060594
349.927000046	0.497165
351.951000214	0.161041
354.03399992	0.007334
356.135000229	0.20882
357.921999931	0.264305
359.924000025	0.007219
361.923000097	0.091053
363.924999952	0.016577
365.963000059	1.379519
367.926000118	0.45232
369.944999933	0.019915
372.427000046	0.071408
375.590000153	0.381569
378.231000185	0.301528
380.279000044	0.278706
382.368000031	0.004553
383.804000139	0.189011
385.020999908	1.786699
387.143000126	0.353126
388.388999939	0.075147
390.784000158	0.145666
392.248000145	1.862132
394.300000191	0.006481
396.18900013	1.652355
398.200000048	1.107875
401.795000076	1.850977
402.974000216	0.057581
404.102000237	2.591058
406.600000143	0.180991
408.702000141	0.011624
410.316999912	0.482292
412.150000095	0.265046
415.417000055	0.161779
416.630000114	3.38973
418.176000118	0.138256
420.231000185	0.008765
422.209000111	0.008314
424.299000025	1.098499
426.385999918	3.231115
428.171000242	0.999231
430.175000191	0.979838
432.89199996	0.599368
434.180999994	1.371386
436.014000177	1.501409
438.187999964	1.743939
440.203999996	2.334114
442.18900013	1.750578
444.539999962	1.001223
446.88499999	1.443678
448.631000042	0.205381
451.960000038	0.863298
453.84800005	0.884426
455.289000034	0.860796
457.003000259	0.67262
459.291000128	1.028915
461.227000237	0.901884
464.715000153	0.003712
466.631999969	0.787631
467.930000067	1.513468
469.927000046	0.394489
472.942000151	1.19425
475.713000059	0.297127
478.33100009	0.005885
480.313999891	0.452196
481.993999958	0.004531
484.506000042	0.238932
486.311000109	1.008367
487.315000057	1.306228
488.677000046	0.129715
490.571000099	0.035422
491.894000292	0.139322
493.073999882	1.564397
494.301000118	1.880566
496.194000006	0.030106
498.173000097	1.53452
500.184999943	0.017251
502.280999899	2.354117
504.171000242	0.401101
507.198000193	0.008476
508.764000177	0.141316
510.717000008	0.388181
512.394000053	1.188166
514.171000242	0.067554
516.195000172	0.010409
518.17200017	0.458834
520.184999943	2.511121
522.208000183	0.005297
524.190000296	0.006201
526.219000101	0.176204
528.174000263	0.013
530.200999975	2.0718
532.296000004	1.125532
535.528000116	0.15491
536.755000114	0.734617
539.009000063	0.628491
541.148000002	1.11002
543.001999855	0.617931
546.18599987	0.045827
548.073999882	0.806197
550.576999903	0.279295
552.854000092	1.381559
554.556999922	0.540116
557.013000011	0.007554
559.569999933	0.850551
561.670000315	0.639357
562.854000092	1.306738
564.267000198	1.205275
565.487000227	0.12779
566.597000122	1.365006
569.550000191	0.260221
571.124000072	0.6732
572.66899991	1.456086
574.256000042	0.005605
576.376000166	0.903908
578.177999973	1.38013
580.572000027	0.19148
582.800000191	0.059192
584.847000122	2.138665
587.329999924	0.475428
589.127000093	0.022951
590.656000137	0.234058
592.169999838	1.630061
594.179000139	0.029595
596.265000105	0.70842
598.401000023	0.061505
600.19900012	0.048499
602.279999971	0.008942
604.375000238	0.595103
606.184000015	0.032926
608.19900012	0.922766
610.190000296	0.472196
612.201999903	0.027541
614.326000214	0.124507
616.187999964	0.013327
618.315999985	0.01601
620.383000135	0.025803
622.183000088	0.035185
624.025000095	0.019037
626.176000118	0.016317
629.5	0.354127
631.404999971	0.757118
634.424000025	0.231842
636.708000183	0.907253
639.79399991	0.274922
643.529000044	0.414842
646.657999992	0.241028
650.964999914	0.2649
653.343000174	0.802166
655.427999973	0.670925
657.213000059	0.124057
658.859000206	0.003574
659.664999962	1.247839
662.329999924	0.496082
663.584000111	1.03583
664.861000061	1.091128
666.108999968	1.938607
667.63800025	1.743438
668.809999943	0.174487
669.734000206	1.231281
670.460000038	2.89949
671.334000111	2.224945
673.029000044	0.06564
674.93900013	1.4418
677.008000135	1.578368
679.268000126	0.203677
681.369999886	0.099952
682.921999931	1.743991
684.920000076	1.79643
686.927000046	0.135004
688.933000088	0.648918
691.358000278	2.108706
693.433000088	0.394509
694.930000067	0.692419
696.930000067	0.779216
699.032000065	0.403345
701.179000139	0.630038
702.918000221	0.831305
704.918000221	0.010261
706.937999964	0.350798
709.080000162	0.42734
711.164000034	1.12555
713.177999973	2.221523
714.934000254	0.592128
717.245000124	2.270332
719.177999973	0.403491
721.194000006	1.250363
723.166000128	0.500237
725.240999937	1.775336
727.339000225	3.728968
729.164999962	3.176292
731.227000237	1.306467
733.173000097	3.022796
734.950000286	0.012123
737.169999838	3.528574
739.065000057	1.669356
741.421000004	0.030814
744.878000259	0.013017
745.768000126	1.931784
747.38499999	0.012991
749.355000257	1.337506
751.176000118	0.590638
753.161999941	1.265357
755.161999941	0.274983
757.175000191	1.034954
759.190000296	0.719018
761.161999941	0.331071
763.160000086	1.393349
765.163000107	0.741582
767.756999969	0.000988
769.303000212	1.369337
771.383000135	1.475074
773.163000107	0.547775
775.329999924	0.754191
777.179000139	1.184038
779.174000263	0.339488
781.22300005	2.235653
783.195000172	0.738356
785.161999941	0.563818
787.171000242	0.35986
789.207000256	0.057044
791.302000284	2.374266
793.40199995	1.197651
795.161999941	0.016713
797.059000254	0.157485
799.161999941	0.202639
801.161999941	0.003545
803.255000114	1.456364
805.174000263	0.38486
807.190000296	0.382992
809.163000107	0.04515
811.231000185	1.382524
813.320000172	1.810221
815.463000059	0.813831
817.187999964	0.528465
819.651000023	1.96934
821.873999834	2.103907
823.190000296	3.402151
825.251000166	1.139939
827.161999941	1.201431
829.174000263	0.016994
831.194000006	0.557909
833.254000187	0.004536
835.043000221	0.626964
837.18900013	1.580635
839.552999973	0.009517
841.18900013	1.349971
843.16899991	0.024945
845.177999973	0.032581
847.163000107	0.033844
849.163000107	0.063796
851.163000107	0.017002
853.751000166	0.030338
855.270000219	0.08689
857.368000031	0.012311
859.499000072	0.006492
861.103000164	0.009881
863.161999941	0.0162
865.164000034	0.357985
867.399000168	1.635378
869.971000195	0.022334
871.167000055	1.619735
873.17200017	0.059861
875.193000078	1.560483
877.289999962	1.285697
879.459000111	1.244275
881.480999947	1.241522
883.158000231	0.514372
885.17200017	0.018019
887.17200017	0.033186
889.220000029	0.003831
891.191000223	0.392974
893.161999941	0.322713
895.161999941	0.305432
897.213000059	0.013384
899.315999985	0.132253
901.160000086	0.058259
903.167000055	0.624887
905.173000097	0.310393
907.161000013	0.545238
909.194000006	1.002011
911.236000061	0.011189
913.161000013	0.784035
915.161999941	0.007001
917.144000053	0.003991
919.236000061	0.173218
921.332000017	0.011528
923.18900013	1.417236
925.174000263	2.126532
927.167999983	0.772274
929.158000231	1.50533
931.355000257	0.635594
934.475000143	0.002241
935.691000223	0.003228
937.157000065	1.631407
940.953999996	0.457124
942.343000174	0.132702
943.873999834	1.477403
945.519999981	1.444302
947.809000015	0.822173
949.343000174	2.089716
951.177999973	0.484488
953.201999903	0.113582
955.156000137	0.527533
957.158000231	0.983489
959.166000128	1.11485
961.430000305	0.01515
963.42599988	0.625838
965.409999847	0.012881
967.476999998	0.341175
969.568000078	0.05625
971.42599988	0.017981
975.584000111	0.236452
977.088000059	1.048017
980.068000078	0.055435
981.313999891	0.665722
982.414000273	0.039803
984.815000057	0.213492
986.769000053	0.222462
988.463999987	0.035784
989.940999985	0.016482
991.996000051	0.238571
993.203999996	1.723189
995.40899992	1.704758
997.428999901	0.816303
999.414000273	2.058345
1001.41900015	1.233976
1003.25900006	0.612999
1005.43100023	2.608499
1007.40600014	1.212037
1009.41300011	0.216323
1011.51000023	1.618272
1013.64899993	0.006703
1015.43600011	0.117799
1017.35100007	1.887821
1019.42599988	1.230998
1021.40600014	0.024863
1023.25999999	0.212605
1025.53699994	0.298384
1027.24700022	1.89362
1029.42400002	0.761807
1031.43300009	1.172221
1033.53200006	0.72144
1035.85100007	0.008277
1037.44000006	0.184316
1039.41300011	1.531009
1041.40700006	1.089765
1043.42599988	0.163098
1045.45900011	0.165788
1047.66100001	1.174264
1049.43100023	0.995165
1051.41100025	1.353888
1053.45500016	0.830479
1055.56800008	0.013771
1057.40600014	0.346537
1059.40899992	0.078147
1061.40799999	0.247105
1063.29299998	0.012976
1065.40499997	0.261172
1067.47900009	0.964404
1069.41400027	0.623055
1071.40700006	0.478526
1073.40600014	0.378647
1075.477	3.21563
1077.57299995	0.021822
1079.86000013	2.851243
1081.80600023	3.462411
1083.40600014	3.467016
1085.40600014	0.004257
1087.42000008	2.122851
1089.49699998	1.428263
1091.86100006	0.067261
1093.88199997	1.123792
1095.45600009	2.170172
1097.50300026	0.341451
1099.81699991	0.21742
1101.4230001	1.101151
1103.42200017	0.835833
1105.4289999	0.02833
1107.40600014	0.037858
1109.421	0.579255
1111.40799999	1.925988
1113.40600014	1.362429
1115.40600014	0.003387
1118.08800006	0.017513
1120.06100011	1.032776
1121.32999992	1.909406
1123.40899992	2.979153
1125.40600014	1.956294
1127.42400002	1.319246
1130.05599999	0.705144
1131.44800019	0.014324
1133.421	2.326727
1135.43700004	1.845802
1137.59299994	0.603909
1139.43700004	0.010309
1141.53299999	1.933477
1143.63199997	0.009982
1145.40600014	0.502829
1147.40600014	0.342805
1149.40899992	1.940987
1151.38700008	0.002652
1153.46800017	0.008826
1155.40700006	1.603119
1157.42200017	1.301155
1159.43200016	0.009117
1161.47000027	1.817456
1163.56000018	0.842393
1165.73900008	0.224168
1167.40600014	0.555081
1169.40600014	0.435325
1171.42000008	0.350562
1173.40700006	0.118003
1175.53299999	0.286454
1177.42000008	1.771867
1179.43500018	1.499793
1182.84000015	0.016617
1184.53900003	0.008436
1186.79200006	0.036302
1188.34100008	0.011614
1190.4690001	0.00489
1191.55200005	1.473435
1193.546	0.017696
1195.40700006	1.428728
1197.50600004	1.499376
1199.41400027	1.765251
1201.42000008	1.825463
1203.40700006	1.259237
1205.50500011	0.260807
1207.59900022	1.543839
1209.4150002	1.192291
1211.40600014	0.863737
1213.51399994	0.422558
1215.65400028	2.348408
1218.63199997	0.008812
1221.25400019	0.105299
1222.04200006	3.238645
1223.72300005	2.893285
1225.66100001	0.90518
1227.65500021	1.300902
1229.65700006	2.945915
1231.7249999	0.462767
1233.81900024	0.629839
1235.9289999	0.356724
1237.65700006	1.211179
1239.66000009	0.135692
1241.76800013	0.031646
1243.65700006	3.353644
1246.67800021	0.015447
1248.20900011	1.139599
1249.55699992	0.008353
1251.65600014	1.134961
1253.74099994	0.012412
1255.83900023	1.403044
1257.65799999	1.016319
1259.67000031	0.484738
1261.6730001	0.227431
1263.66000009	0.024391
1265.67500019	0.04843
1267.65700006	1.079827
1269.66400003	1.104217
1271.65200019	1.495936
1273.76900005	1.736719
1276.38800001	0.646396
1277.89199996	0.50987
1279.65500021	0.14253
1281.58500004	2.421388
1283.67500019	0.286984
1285.97200012	0.084689
1287.75000024	1.468707
1289.78500009	0.430431
1291.704	1.221418
1293.67100024	0.386559
1295.68199992	0.115747
1297.91800022	0.192467
1299.60800004	1.222603
1301.67100024	0.07997
1303.68799996	1.689332
1305.89400029	0.085187
1307.65500021	0.93782
1309.72300005	0.724586
1311.64999986	0.023359
1313.64700007	0.121398
1315.64700007	0.524458
1317.70200014	0.870407
1319.81599998	1.053815
1321.64600015	0.175268
1323.64999986	0.017646
1325.64600015	1.661596
1327.65500021	1.531138
1329.67100024	0.493486
1331.72600031	0.095447
1333.64700007	0.294182
1335.65200019	1.02576
1337.648	0.001603
1339.7190001	0.009286
1341.8210001	0.877441
1343.65500021	0.016083
1345.70200014	0.010914
1347.65400028	0.003653
1350.90499997	0.015336
1354.60100007	0.060639
1356.05400014	0.765886
1357.546	0.322787
1358.72199988	1.461081
1359.67900014	1.461081
1361.75000024	1.758367
1363.86200023	0.005421
1365.65300012	0.695994
1367.64899993	0.087322
