0.0	0.025704
0.523999929428	0.623914
0.737000226974	0.613477
0.942000150681	0.798242
1.13100004196	0.980479
1.36600017548	1.018609
1.74899983406	1.208244
2.16600012779	1.457834
2.59599995613	1.457834
4.02200007439	1.8482
6.00600004196	2.136641
8.03300023079	1.916678
10.0150001049	0.614199
12.0090003014	2.674238
14.0190000534	3.29521
16.006000042	3.29521
18.004999876	1.557512
20.0180001259	0.270258
22.0160000324	0.099129
24.0069999695	2.236405
26.0069999695	2.236405
28.0170001984	2.236405
30.006000042	1.958454
32.0140001774	2.21515
34.0090003014	2.111296
36.006000042	1.544602
38.006000042	1.974417
40.0140001774	1.974417
42.006000042	1.974417
44.0069999695	2.028963
46.006000042	2.266187
48.006000042	2.064652
50.006000042	2.127073
52.0170001984	2.285386
54.006000042	2.189836
56.006000042	2.364169
58.006000042	1.455008
60.006000042	1.920211
62.0069999695	1.401857
64.006000042	1.941587
66.007999897	2.598778
68.0180001259	2.031087
70.0130000114	1.829192
72.0180001259	2.060348
74.006000042	2.560109
76.0130000114	2.074988
78.007999897	0.375898
80.0170001984	1.813524
82.0160000324	1.150403
84.0160000324	2.162773
86.0069999695	2.162773
88.0250000954	2.428246
90.0140001774	2.428246
92.0160000324	0.006034
94.0180001259	2.353452
96.004999876	2.963422
98.0190000534	2.963422
100.006000042	0.740262
102.019000053	2.441491
104.006999969	1.973577
106.006000042	0.831008
108.016000032	2.849568
110.006000042	3.29427
112.006999969	3.29427
114.006000042	3.29427
116.006000042	3.29427
118.016000032	3.29427
120.006000042	1.904733
122.007999897	0.010242
124.014000177	2.254144
126.017000198	0.818929
128.006000042	0.818929
130.009000301	1.544004
132.006000042	1.797858
134.006000042	1.526888
136.006999969	0.006591
138.014000177	1.371346
140.016000032	1.371346
142.016000032	1.82062
144.006000042	1.661545
146.006999969	1.191976
148.006000042	2.279774
150.007999897	2.477677
152.016000032	1.141014
154.15199995	1.731066
156.006000042	0.077489
158.007999897	2.265259
160.006000042	2.086589
162.004999876	3.051526
164.006999969	1.38676
166.006999969	1.703453
168.846000195	0.005043
170.050000191	0.022537
172.006000042	0.007619
174.018000126	0.074006
176.519999981	1.78828
178.51699996	2.877093
180.506999969	0.89994
182.506999969	2.459341
184.516000032	0.437249
186.516000032	0.215963
188.52699995	0.019636
190.518000126	1.898764
192.51699996	0.008554
194.515000105	0.216675
197.914999962	0.571849
198.578000069	0.457246
200.529000282	0.927143
202.514000177	1.643484
204.648000002	0.706097
206.51699996	1.587303
208.516000032	1.919257
210.516000032	0.034942
213.02699995	0.011664
215.041000128	1.702228
217.276000023	0.293937
219.27699995	0.053724
221.257000208	0.582109
223.26699996	1.208098
225.257000208	1.25363
227.748999834	0.036366
229.27699995	2.357223
231.27699995	0.339769
233.278000116	0.803848
235.27699995	0.020688
237.271000147	0.01477
239.278000116	0.30444
241.270000219	1.397592
243.367000103	0.778728
245.773000002	0.025788
247.767999887	0.040444
249.766000032	0.045845
252.407999992	1.819048
254.524999857	1.787248
256.266000032	0.004251
258.274000168	2.474725
260.274000168	2.209089
262.521000147	2.313244
264.516000032	0.144823
266.51699996	2.123644
268.51699996	2.555507
270.516000032	2.892743
272.516000032	2.606569
274.531000137	1.979778
276.42200017	0.560653
278.516000032	0.009252
280.506999969	2.447408
282.51699996	2.306887
284.526000023	2.340585
286.506999969	2.340585
288.518000126	1.899175
290.518000126	1.057594
292.51699996	2.437089
294.756999969	0.974102
296.516000032	0.985234
298.51699996	0.079674
300.407000065	0.596354
302.516000032	1.820577
304.51699996	0.008758
306.519999981	0.020722
308.51699996	0.079747
310.51699996	1.071118
312.516000032	0.706992
314.529000282	0.173164
316.521000147	0.047511
325.257000208	0.517163
326.630000114	0.251832
328.167000055	0.677382
329.291000128	0.013793
329.817000151	0.022463
330.446000099	0.540884
331.159000158	1.204286
332.51699996	1.667331
334.518000126	0.00918
336.522000074	2.275753
338.516000032	2.053049
340.523999929	1.692711
342.52699995	2.835431
344.51699996	1.419548
346.535000086	0.096363
348.426000118	1.925825
350.521000147	2.457781
352.516000032	2.538737
354.515000105	1.762474
356.516000032	1.328359
358.51699996	2.138372
360.515000105	2.414995
362.518000126	2.414995
364.523999929	2.070606
366.51699996	2.159847
368.516000032	2.408298
370.523999929	0.338476
372.433000088	2.250194
374.516000032	2.619935
376.538000107	0.769271
378.51699996	0.009866
380.521000147	2.561395
382.524999857	2.093415
384.51699996	2.763949
386.519999981	0.10509
388.505000114	1.467515
390.526000023	2.192126
392.516000032	2.192126
394.521000147	2.783874
396.419000149	0.597168
398.51699996	1.282468
400.508999825	3.063424
402.526000023	1.92025
404.516000032	2.770522
406.516000032	2.336587
408.516000032	0.023949
410.506000042	2.595641
412.516000032	0.010804
414.512000084	1.979191
416.526000023	1.757236
418.516000032	1.223856
420.51699996	1.267664
422.516000032	2.59295
424.516000032	0.847941
426.515000105	1.906281
428.51699996	1.509564
430.516000032	1.635673
432.532999992	0.140171
434.523999929	0.042475
436.516000032	0.864297
438.536000013	0.864297
440.522000074	2.75031
442.521000147	1.45551
444.516000032	2.040835
446.516000032	2.540073
448.51699996	0.348372
450.516000032	2.695915
452.516000032	3.008061
454.510000229	3.008061
456.516000032	3.008061
458.514000177	0.201087
460.516000032	1.02508
462.516000032	2.464835
464.52699995	0.010468
466.516000032	2.715175
468.518000126	0.955264
471.467000008	0.124892
474.30700016	0.394969
475.582000017	0.16921
477.03000021	1.997233
479.026000023	1.746013
481.017000198	0.352927
482.967000008	0.559628
485.029000044	0.001514
487.11500001	0.591836
489.028000116	0.554359
491.03000021	0.029536
493.017000198	2.220341
495.02699995	0.500512
496.828000069	0.579681
499.026000023	0.090098
501.034000158	0.008771
503.019999981	0.162173
505.028000116	0.194473
507.017000198	0.468519
509.029000044	0.682662
511.02699995	0.677706
513.76699996	0.048002
515.836999893	0.055344
517.835999966	0.024763
520.523999929	2.807972
522.532000065	2.807972
524.51699996	2.807972
526.535000086	2.807972
528.516000032	0.876377
530.526000023	2.728957
532.537000179	2.379752
534.516000032	2.55825
536.516000032	2.55825
538.536000013	0.00805
541.90899992	0.018701
542.967999935	0.616884
544.789000034	0.620578
547.433000088	2.715093
549.026000023	2.813682
551.04399991	1.165075
553.02699995	1.294491
555.028000116	1.610866
557.017000198	0.010468
559.02699995	0.177114
561.049000263	0.035628
564.328000069	1.447525
566.676000118	0.007567
568.28399992	2.31588
570.006000042	1.036049
572.026000023	1.840243
574.006000042	1.950311
576.006000042	1.197221
578.006000042	2.584577
580.010000229	1.527146
581.927999973	2.94271
584.006000042	2.701871
586.006000042	2.647703
588.006000042	0.520913
590.006000042	2.514814
592.017000198	2.020481
594.017000198	2.04773
596.006000042	2.309597
598.006999969	0.015075
600.023999929	0.028741
602.007999897	0.011959
604.742000103	0.328745
608.650000095	1.129966
609.226000071	1.474256
610.05700016	0.041608
612.006999969	0.010169
614.015000105	0.201697
616.017000198	1.467797
618.017000198	0.074632
620.025000095	2.327825
623.936000109	1.515493
624.572999954	1.32891
626.017000198	0.144875
628.016000032	1.635331
629.975000143	1.62027
632.006999969	2.278349
634.013000011	2.029779
636.006999969	0.009118
638.007999897	1.355966
639.977000237	0.014943
642.007999897	1.667554
644.626000166	2.577078
646.926000118	0.247698
648.006999969	2.272936
650.516000032	2.789497
652.516000032	0.003977
654.441000223	0.636536
656.539000034	2.462438
658.516000032	0.054152
660.516000032	0.046613
662.524999857	0.410856
664.536000013	0.877947
666.516000032	1.937016
668.524999857	1.923542
670.51699996	0.011783
672.518000126	0.541839
674.524999857	1.925992
676.516000032	2.470859
678.430000067	2.26497
680.523000002	2.736961
682.521000147	1.195102
684.51699996	1.943942
686.51699996	1.589074
688.927000046	0.00264
691.02699995	0.019067
692.859999895	0.030558
695.459000111	2.899279
698.019000053	0.926688
700.095999956	1.082334
701.27699995	2.885405
703.234000206	0.585528
705.282999992	0.127391
707.27699995	0.078974
709.279999971	0.032296
711.128000021	0.125686
713.270000219	0.022537
715.174000025	0.033235
717.289000273	0.046561
719.687999964	0.088469
721.907999992	0.046555
724.369000196	0.071775
726.381000042	2.637902
728.418000221	0.257689
730.575999975	1.837625
731.746000051	0.013572
733.276000023	1.084659
735.27699995	1.80944
737.278000116	0.016068
739.27699995	0.027475
741.274000168	0.133606
743.269000053	0.985499
745.450999975	0.159846
748.156999826	0.049477
749.30099988	0.122291
751.177000284	0.617006
753.279000044	1.94295
755.415999889	1.467493
757.276000023	0.794665
759.274000168	1.436714
761.266000032	0.00873
763.28399992	1.006588
765.28399992	1.252209
767.276000023	1.675828
769.28399992	1.738555
771.276000023	1.77599
773.276000023	0.322244
775.177000284	0.551695
777.374000072	0.001507
779.27699995	0.168125
781.266000032	0.430839
783.27699995	0.127033
785.27699995	0.02543
787.279000044	0.0422
789.578999996	1.521691
792.414999962	0.295169
793.262000084	0.898167
795.278000116	0.00562
797.28399992	0.766361
799.266000032	0.114201
801.275000095	0.066414
803.440000057	0.085647
806.415999889	2.65346
807.627000093	0.024173
809.266000032	0.988048
811.28399992	0.30368
813.276000023	2.525023
815.28399992	0.073431
817.266000032	0.006828
819.258000135	0.030502
821.284999847	0.046454
824.826000214	0.016362
827.166000128	0.022221
828.186000109	1.895031
829.496000051	0.100331
831.775000095	1.862584
834.51699996	0.998168
836.518000126	0.127979
838.417000294	0.085387
841.30700016	0.126285
843.02699995	1.067763
845.27699995	2.991956
847.018000126	3.066068
849.269000053	2.145798
851.017000198	0.022302
853.019999981	0.212204
855.036000013	0.193267
857.27699995	0.064701
859.279000044	0.023283
861.258000135	0.303922
863.266000032	0.238368
865.271000147	0.064566
867.269000053	0.512746
869.266000032	0.064955
871.27699995	1.986875
873.26699996	0.515718
875.258000135	2.624555
878.006000042	0.01402
879.766000032	0.905172
881.76699996	0.040567
884.007999897	3.497024
886.016000032	1.076786
888.016000032	3.586923
890.016000032	0.017655
892.025000095	1.3792
894.017000198	1.551854
896.266000032	0.191983
898.26699996	0.644896
900.266000032	2.383308
902.26699996	0.011977
904.266000032	0.466754
906.265000105	3.006643
908.266000032	2.020801
910.516000032	1.111083
912.51699996	3.207027
914.437000036	1.064426
916.516000032	0.002086
918.516000032	0.605132
920.523000002	0.201612
922.521000147	0.014499
924.51699996	2.542351
926.516000032	3.092552
928.51699996	3.531219
930.510000229	0.525961
932.515000105	0.023378
934.516000032	0.474533
936.516000032	2.239437
938.516000032	0.26049
940.516000032	2.148145
942.457000256	0.002216
944.519000053	2.554838
946.537000179	1.053753
948.51699996	2.072514
950.516000032	0.68355
952.516000032	0.824905
954.516000032	1.317478
956.511000156	0.680819
958.518000126	0.515455
960.592000008	0.78528
962.523999929	0.056443
964.536000013	0.262132
966.524999857	0.033276
968.51699996	1.167407
970.516000032	0.551035
972.51699996	2.391632
974.535000086	0.419002
976.516000032	0.054378
978.51699996	0.166915
982.234000206	1.39193
982.714000225	2.037793
984.523999929	0.659189
987.887000084	0.688675
988.766000032	1.958114
990.776000023	1.630918
992.815000057	2.563636
994.774000168	0.624741
997.02699995	0.264805
999.026000023	2.866272
1001.023	0.059932
1003.02600002	1.639058
1005.02399993	1.404715
1007.01600003	2.598796
1009.0150001	2.270014
1011.6559999	1.897114
1013.32600021	2.169406
1015.28399992	1.976204
1017.75500011	0.556529
1019.76600003	1.75636
1021.76499987	2.377722
1024.01600003	2.519476
1026.01600003	2.021537
1028.0079999	2.760277
1030.26600003	2.71295
1032.26699996	2.888634
1034.00499988	2.573415
1036.26600003	2.151348
1038.2650001	2.177223
1040.03400016	1.921288
1042.0150001	2.283221
1044.0150001	1.893556
1046.00600004	1.133757
1048.02399993	2.268567
1050.00600004	1.739996
1052.00499988	0.01002
1054.01999998	1.326619
1056.26600003	1.758791
1058.18500018	2.975845
1060.26600003	2.640522
1062.26600003	2.651643
1064.26600003	2.651643
1066.26600003	2.588138
1068.2650001	2.588138
1070.2650001	2.588138
1072.26600003	2.588138
1074.26600003	0.33242
1076.26799989	0.993612
1078.26600003	2.369479
1080.27400017	0.007286
1082.16200018	2.067257
1084.25600004	2.215806
1086.26600003	0.006906
1088.26600003	2.466786
1090.26699996	0.095507
1092.2650001	2.841154
1094.26600003	1.294147
1096.26600003	2.165907
1098.26600003	2.501225
1100.2750001	1.713802
1102.27400017	1.365834
1104.26600003	2.229378
1107.01000023	1.991094
1109.02600002	0.019095
1111.02699995	1.734957
1113.03699994	0.006883
1115.02600002	1.349944
1117.04600024	0.548639
1119.02600002	1.899024
1121.04700017	1.043478
1123.05400014	1.666506
1125.01600003	1.871395
1127.03800011	0.958382
1129.02600002	2.145493
1131.03900003	0.598869
1133.02600002	1.064825
1135.01600003	1.444898
1137.02600002	2.357127
1139.02800012	2.251677
1141.02600002	1.362986
1143.02600002	2.818876
1145.0250001	2.798971
1147.00600004	2.715193
1149.04600024	2.491218
1151.04499984	2.554122
1153.0150001	3.21943
1154.97500014	3.21943
1157.02800012	2.373029
1159.03800011	2.461984
1161.03900003	0.490526
1163.01600003	2.234514
1165.04399991	2.234514
1167.03400016	0.030991
1169.04600024	0.010171
1171.02699995	0.060942
1173.03600001	0.208118
1174.98799992	0.53479
1177.17700028	2.226942
1178.89900017	2.235904
1181.55699992	0.56881
1183.02699995	0.395251
1185.50600004	1.823837
1187.52800012	0.008034
1189.51900005	0.554815
1191.51600003	0.435225
1193.51900005	0.044964
1195.59699988	0.04119
1197.51999998	0.008426
1199.51900005	0.25762
1201.51999998	0.336582
1203.51999998	2.060711
1205.523	0.500586
1207.51600003	0.004196
1209.48600006	0.456619
1211.52699995	2.647512
1213.51999998	0.008483
1215.52200007	0.075878
1217.52600002	0.34192
1219.52600002	0.244026
1221.52900028	1.667353
1223.52100015	0.206313
1225.51900005	2.6582
1227.37599993	0.014713
1229.51999998	0.020962
1231.52699995	0.015016
1233.52600002	1.742885
1236.27300024	0.042238
1237.52600002	0.566281
1239.52699995	0.060934
1241.51699996	0.071541
1243.90600014	0.209447
1245.53800011	0.748199
1248.26600003	0.015843
1250.26799989	0.892584
1252.2650001	0.015613
1254.26600003	0.043082
1256.26799989	0.813123
1258.52600002	1.850634
1260.51600003	1.692098
1262.53000021	2.118337
1264.51600003	2.026784
1266.52600002	0.022493
1268.51699996	0.067664
1270.51600003	0.026402
1272.51999998	0.029622
1274.51800013	0.169298
1276.51600003	0.535042
1279.02600002	0.013764
1281.0170002	2.203208
1284.01900005	1.130125
1286.76900029	0.546987
1289.71600008	0.091281
1290.77200007	0.007856
1291.63699985	0.021428
1293.01600003	0.02336
1295.01600003	0.498871
1297.01600003	0.38854
1299.02600002	0.022479
1301.02600002	1.955643
1303.02800012	1.64149
1305.70700002	0.023647
1307.53299999	0.346033
1309.21800017	0.969391
1310.98699999	2.759057
1313.04600024	1.054756
1315.02600002	0.042586
1317.02600002	2.760257
1319.0480001	0.311829
1321.04399991	0.009984
1323.0170002	1.438206
1325.05500007	2.195227
1327.02600002	2.356857
1329.03800011	2.743348
1331.04600024	0.011278
1333.03100014	0.373115
1335.01600003	0.022705
1337.03699994	0.015996
1339.03400016	0.007962
1341.01600003	0.032837
1343.01999998	0.020927
1345.05400014	0.098261
1346.99300027	1.424393
1349.07500005	0.060708
1351.27600002	0.138223
1353.25700021	0.165867
1356.05200005	0.007915
1357.80299997	0.196602
1359.56200004	0.078702
1361.26600003	0.033058
1363.28700018	0.864733
1365.26600003	2.012462
1368.43700004	0.028636
1370.48600006	1.80372
1373.02900004	2.836606
1374.84300017	0.01165
1375.4920001	2.214775
1377.2900002	0.077261
1379.28299999	0.008485
1381.25700021	0.077072
1383.29200006	1.99907
1385.28600001	0.002824
1387.28600001	0.161378
1389.28700018	0.073335
1391.28600001	0.21762
1393.77400017	0.046643
1395.773	0.141626
1397.77000022	0.068331
1399.773	1.518584
1401.76600003	0.092291
1403.7750001	2.57722
1406.11400008	0.10794
1408.48200011	0.94962
1410.15300012	0.357239
1412.21299982	0.033124
1413.70200014	0.149175
1415.76499987	1.030052
1417.773	0.08769
1419.77200007	1.888846
1421.77200007	2.391319
1423.773	2.929641
1425.773	3.366
1427.75600004	1.904558
1429.76499987	2.954698
1431.77200007	2.67809
1434.01200008	2.622165
1436.20799994	2.622165
1438.27300024	1.737603
1440.76399994	2.244858
1442.76499987	0.616379
1444.76200008	2.63809
1446.78600001	2.214097
1448.75600004	2.511179
1450.76300001	2.671037
1452.76499987	2.213857
1454.78200006	2.545343
1456.75500011	0.524856
1458.7750001	1.160162
1460.69199991	2.229721
1462.76499987	0.011243
1464.76499987	2.466403
1466.76200008	2.922858
1468.78500009	2.628721
1471.27300024	2.294295
1473.2650001	2.544402
1475.2650001	3.037852
1477.28299999	1.062989
1479.28499985	1.510339
1481.28499985	1.510339
1483.28499985	2.486489
1485.16600013	2.559801
1487.27300024	1.940312
1489.25400019	3.012672
1491.28299999	3.770496
1493.26300001	3.770496
1495.25400019	3.770496
1497.27200007	2.708449
1499.26699996	2.935466
1501.28399992	2.809299
1503.2650001	2.665175
1505.28700018	3.006355
1507.25500011	2.120533
1509.25200009	0.453236
1511.27300024	0.544872
1513.26300001	3.197831
1515.28499985	2.99861
1517.28499985	3.143772
1519.27300024	2.62271
1521.26399994	2.972001
1523.26399994	2.592545
1525.26399994	2.592545
1527.25400019	3.633945
1529.27400017	2.522018
1531.26200008	0.432037
1533.25500011	2.879963
1535.26399994	3.068907
1537.26399994	3.068907
1539.28299999	3.068907
1541.28299999	3.068907
1543.26600003	3.068907
1545.25500011	2.376897
1547.25500011	2.379731
1549.2650001	2.960454
1551.27400017	2.989203
1553.27200007	2.587665
1555.29100013	0.016148
1557.25500011	1.231537
1559.28299999	0.093084
1561.2650001	0.532976
1563.28700018	0.015356
1565.27300024	0.816174
1567.2650001	0.592093
1569.28200006	2.43217
1571.25500011	0.10244
1573.28499985	2.988314
1575.52600002	2.63931
1577.29299998	3.245146
1579.28600001	1.828715
1581.27900004	2.97404
1583.28100014	3.088036
1585.28600001	1.330568
1587.28499985	1.919795
1589.51600003	2.99868
1591.5150001	0.007895
1593.52499986	0.142106
1595.53400016	0.143479
1597.53200006	0.058399
1599.53400016	0.133253
1601.50500011	0.265695
1603.52600002	3.172142
1605.75500011	0.020493
1607.773	4.117638
1609.773	1.996528
1611.76600003	0.028132
1613.75600004	0.080699
1615.77200007	2.293537
1617.76499987	2.270261
1619.78200006	3.300238
1621.77200007	0.719962
1623.76399994	0.080546
1625.75600004	0.054832
1627.773	1.556092
1629.76399994	0.01982
1631.773	3.013789
1633.77200007	0.087944
1635.76300001	0.079496
1637.773	2.50294
1639.78299999	1.710078
1641.77200007	2.71916
1643.773	0.015511
1645.7750001	0.079208
1647.773	3.48847
1649.77200007	0.086742
1651.773	0.576051
1653.7809999	0.64152
1655.77900004	3.164274
1657.773	0.085033
1659.77600002	2.397046
1661.77200007	2.342479
1663.773	3.454911
1665.77200007	2.999301
1667.773	0.449333
1669.76600003	0.051244
1671.76699996	0.136266
1673.77200007	0.069019
1675.77200007	0.127516
1677.77200007	0.567043
1679.76499987	1.124887
1681.773	2.617812
1683.773	0.29108
1685.76499987	0.560614
1687.76799989	0.997637
1690.58500028	0.038225
1692.95300031	0.089476
1693.75600004	2.949133
1695.76399994	0.320509
1697.77200007	0.015167
1699.773	2.455561
1701.76499987	0.008484
1703.77200007	2.237665
1705.77800012	1.604364
1707.76600003	1.451243
1709.773	0.016824
1712.26699996	0.60038
1714.2650001	0.951627
1716.17900014	1.104485
1718.27200007	2.200634
1720.26600003	1.507957
1722.2650001	1.623613
1724.2650001	2.680112
1726.26600003	0.724497
1728.27300024	1.24079
1730.26600003	0.771152
1732.26600003	2.030127
1734.27300024	0.487195
1736.27300024	2.989685
1738.2650001	0.035905
1740.27200007	0.0183
1742.2650001	1.277932
1744.27400017	0.020029
1746.26600003	0.009603
1748.2650001	0.009038
1750.26600003	0.066681
1752.2650001	1.369386
1754.27200007	1.263485
1756.25300002	0.073399
1758.523	0.04432
1760.55999994	0.178165
1762.52499986	0.154805
1764.53900003	0.567201
1766.53500009	0.130044
1768.523	0.155613
1770.51600003	0.01969
1772.51600003	0.065639
1774.51699996	0.032643
1776.95500016	0.007934
1779.85299993	0.169586
1781.97300005	0.100672
1783.66300011	0.934729
1785.28600001	2.336938
1786.90400004	2.822435
1788.50399995	1.078155
1790.51900005	0.230449
1792.52499986	0.005671
1794.51600003	2.251061
1796.52200007	2.65786
1798.51699996	0.008199
1800.53600001	0.187829
1803.2750001	0.029268
1805.2650001	0.00257
1807.28700018	0.175169
1809.773	0.031583
1811.77200007	0.063444
1813.67499995	0.605896
1815.77999997	0.022442
1817.76499987	0.340222
1819.77400017	0.051077
1821.77800012	0.033649
1823.773	0.477366
1826.09299994	0.007856
1828.17299986	2.399254
1830.023	0.061492
1832.01900005	0.343021
1834.01300001	3.232262
1836.0150001	2.73022
1838.0150001	2.509395
1840.01300001	1.589618
1842.02399993	0.005396
1844.01400018	0.296753
1846.00100017	0.014641
1848.0150001	2.729519
1850.01600003	1.515327
1852.01900005	0.149093
1854.03000021	0.023833
1856.01300001	0.041547
1858.52900028	2.062012
1860.5150001	1.076909
1862.53900003	0.974654
1864.51800013	1.494765
1866.51600003	0.007392
1868.51600003	0.295916
1870.66200018	0.086989
1873.02099991	0.438717
1875.01600003	0.083279
1877.04200006	0.00817
1879.76499987	0.386491
1881.77000022	0.244269
1884.51600003	0.016891
1886.5940001	0.022503
1888.42700005	0.599322
1890.51600003	0.092704
1892.51600003	0.116623
1894.51600003	0.231452
1896.51600003	0.055856
1898.52399993	0.740118
1900.78299999	2.709876
1902.52600002	2.624183
1904.54399991	2.696297
1906.52600002	2.712577
1908.5150001	0.016809
1910.53400016	0.116982
1912.53200006	0.506949
1914.63499999	0.096799
1916.5150001	0.074454
1918.51600003	0.776743
1920.54200006	0.199406
1922.5150001	0.614854
1924.523	1.273564
1926.5150001	0.160037
1928.53700018	0.047423
1931.40499997	0.106849
1933.9920001	0.014965
1935.53000021	1.656242
1938.0150001	1.860079
1940.26600003	0.7083
1942.77900004	0.037785
1944.76600003	2.098104
1946.81299996	2.384484
1948.76600003	0.533746
1950.91300011	1.233066
1952.79500008	0.757024
1955.04600024	2.393614
1957.04600024	2.551743
1959.05200005	2.977046
1961.0150001	0.217999
1962.91199994	1.136888
1965.04499984	2.802449
1967.01600003	1.346208
1969.05299997	0.032225
1971.03300023	0.697147
1973.04600024	0.023978
1975.28399992	0.111905
1977.2650001	2.098793
1979.29200006	2.909023
1981.52399993	0.964182
1984.01300001	2.329348
1986.0150001	0.143389
1988.03400016	1.08326
1990.01200008	0.018012
1992.5150001	0.142394
1994.52399993	0.186102
1996.48300004	0.106214
1999.53200006	0.03674
2001.53299999	0.280421
2004.01600003	0.227867
2005.98300004	0.25901
2009.023	0.00572
2013.56600022	2.069852
2014.33200002	2.067352
2015.53700018	0.007367
2018.01200008	0.002585
2020.01600003	2.575176
2022.81299996	2.48783
2025.01600003	0.008696
2027.77200007	0.310399
2029.7750001	0.791378
2037.31200004	0.000851
2038.523	0.436833
2040.56200004	0.020116
2041.56399989	0.542124
2042.704	0.610429
2043.81500006	0.472343
2044.53100014	0.019368
2045.76499987	0.031239
2047.77000022	0.053978
2049.77600002	0.829924
2051.76499987	0.408092
2053.773	1.186438
2055.94099998	1.213733
2057.76499987	0.57636
2059.77600002	1.583484
2061.76600003	0.009376
2064.02399993	0.462604
2066.02200007	0.614171
2068.02399993	3.097861
2070.51300025	0.028518
2072.01300001	2.913418
2074.0170002	2.335451
2076.04399991	1.728858
2078.88400006	2.245195
2081.93400002	0.152205
2083.0150001	0.827648
2085.04399991	0.078383
2087.023	0.667704
2089.0150001	0.052353
2091.25200009	0.074689
2092.90300012	0.206966
2095.04499984	0.93181
2097.04499984	1.560776
2099.04299998	0.065826
2101.04600024	0.17139
2103.04600024	1.199521
2105.02600002	2.214781
2107.02600002	2.367352
2109.03400016	2.361001
2111.13199997	0.21123
2113.04399991	1.584432
2115.04499984	0.594283
2117.023	0.106988
2119.01600003	1.264515
2121.04499984	0.039571
2123.023	2.228534
2125.05299997	0.623211
2127.05400014	0.36724
2129.01600003	0.024147
2130.88200021	2.265413
2133.0150001	1.147259
2135.02399993	1.717921
2137.0150001	2.128405
2139.023	0.531847
2141.04499984	0.029682
2143.01200008	0.509201
2145.0150001	0.171353
2147.03500009	0.231243
2149.02399993	0.828555
2151.01600003	1.791855
2153.023	0.785688
2155.28299999	1.817326
2157.26600003	2.116683
2159.28600001	0.009785
2161.27300024	2.384954
2163.27600002	1.582964
2165.27300024	0.262993
2167.28499985	0.22444
2169.28200006	1.815459
2171.26900005	1.026959
2173.2750001	0.020864
2175.2650001	0.817759
2177.26300001	0.628699
2179.28499985	1.993959
2181.28299999	2.221904
2183.28299999	1.243138
2185.52499986	1.918717
2187.53700018	0.610394
2189.53299999	0.526521
2191.773	2.349145
2193.78500009	1.990963
2195.773	1.024822
2197.7750001	0.665585
2199.773	0.444617
2201.77999997	0.162145
2203.76499987	0.130931
2205.77200007	0.019359
2207.773	0.056449
2209.77200007	0.04445
2211.77200007	0.581306
2213.773	2.555798
2215.773	1.707774
2217.77200007	1.698151
2219.77600002	0.880277
2221.773	0.011032
2223.77200007	0.96692
2225.77999997	1.203631
2227.77200007	2.362341
2230.01300001	0.009051
2231.99300027	2.08146
2234.01300001	0.797148
2236.01600003	0.01659
2238.0150001	0.151844
2240.0150001	0.064561
2242.01300001	1.328205
2244.78600001	0.01616
2246.86200023	1.375933
2248.78500009	0.040948
2250.76499987	2.049555
2252.77200007	0.007647
2254.77200007	0.92783
2256.78600001	0.017433
2258.76499987	0.223951
2260.79300022	0.529521
2262.76499987	0.225488
2264.76600003	0.080839
2266.77700019	0.011184
2268.79400015	0.011215
2270.77400017	0.025084
2272.93900013	0.046148
2274.77400017	0.043093
2276.78600001	0.002696
2278.77400017	0.079127
2281.02800012	0.078315
2283.05500007	0.060548
2285.01600003	1.809132
2287.23200011	0.066502
2289.02699995	2.076843
2291.39300013	0.069655
2293.03600001	2.239232
2295.02699995	0.117997
2298.50600004	0.035855
2301.79300022	0.067165
2303.7420001	0.033489
2305.11199999	1.956685
2306.34600019	0.306727
2310.05400014	1.205913
2312.11199999	1.515212
2312.89199996	0.068946
2313.85700011	1.508103
2315.07200003	3.234761
2317.04399991	0.067775
2319.01600003	0.72137
2321.01600003	0.28492
2323.0150001	0.498075
2325.02699995	0.041324
2327.01600003	0.014052
2329.023	0.038388
2331.20499992	2.243378
2333.35300016	2.276242
2335.023	2.572996
2337.05200005	1.547065
2339.8440001	0.011613
2341.02600002	1.141582
2343.11300015	0.553558
2345.29200006	0.029871
2347.0250001	1.267176
2349.0250001	1.692404
2351.0090003	0.010082
2353.03500009	0.103556
2355.03300023	0.061226
2357.03300023	0.112724
2359.0250001	0.061002
2361.02600002	0.100336
2363.01800013	0.076106
2365.03699994	2.401785
2367.0250001	1.747085
2369.02600002	2.143085
2371.0480001	0.501831
2373.04700017	1.736331
2375.04299998	1.139856
2377.29299998	0.718336
2379.28499985	0.09109
2381.28600001	0.46456
2383.28600001	2.162184
2385.12700009	1.625009
2387.27600002	0.016284
2390.08700013	0.024785
2392.50399995	2.492799
2393.80600023	3.397109
2395.72399998	2.721803
2397.78299999	0.113578
2400.51600003	0.308931
2402.66400003	0.142713
2404.52600002	0.844048
2407.0250001	0.010394
2409.02600002	1.942446
2411.56399989	0.119282
2413.52900028	0.078
2415.53600001	0.93923
2417.53600001	2.68883
2419.55500007	2.383046
2421.45500016	2.732495
2423.54299998	1.70691
2425.54099989	3.250271
2427.53500009	3.182505
2429.78500009	1.948709
2431.78600001	2.359059
2433.78600001	3.055044
2435.79699993	2.021194
2437.78399992	2.932646
2440.2750001	3.898755
2442.28499985	0.006087
2444.26799989	0.051025
2448.03500009	0.616959
2450.03500009	0.284154
2452.27800012	3.356638
2455.53400016	0.139207
2457.51699996	2.581118
2459.52699995	0.567003
2461.52499986	2.398794
2463.52499986	2.873
2465.51699996	2.202032
2467.53600001	1.287524
2469.53700018	0.02843
2471.53400016	1.080818
2473.53600001	0.470374
2475.5480001	0.009312
2477.52600002	0.007297
2479.5150001	1.904624
2481.51200008	0.992423
2483.53000021	0.992423
2485.51900005	1.38849
2487.51300025	1.893525
2489.53000021	1.466011
2491.51999998	1.085636
2493.53900003	2.017876
2495.53900003	1.830735
2497.51100016	1.708413
2499.53999996	1.708413
2501.53299999	0.113286
2503.51400018	1.933272
2505.5999999	3.09099
2507.54200006	3.465702
2509.53200006	2.356805
2511.5150001	0.167184
2513.51800013	2.224297
2515.51200008	2.078124
2517.54099989	1.609312
2519.51300025	1.881129
2521.51900005	2.988471
2523.54099989	1.762952
2525.51999998	1.693476
2528.5079999	0.34888
2529.53800011	0.643684
2531.53999996	0.643684
2533.55699992	2.525875
2535.53999996	2.525875
2537.53999996	2.539601
2539.53999996	2.539601
2541.53200006	2.539601
2543.53900003	2.43057
2545.53200006	2.41242
2547.51200008	2.597293
2549.53100014	1.904907
2551.51200008	2.054381
2553.51400018	2.054381
2555.51200008	2.054381
2557.51100016	2.054381
2559.53200006	2.054381
2561.53100014	1.403245
2563.51200008	0.05467
2565.53400016	0.0367
2567.53999996	0.604568
2569.53000021	0.064259
2571.51900005	0.028786
2573.53800011	1.473421
2575.53900003	2.152617
2577.53200006	0.035134
2579.51200008	0.571203
2581.53200006	1.867737
2583.53100014	1.867737
2585.54200006	2.419389
2587.52200007	2.419389
2589.51200008	2.419389
2591.53299999	0.004052
2593.52200007	0.586394
2595.53200006	0.703971
2597.53900003	1.051338
2599.54099989	0.048122
2601.55999994	0.263925
2603.91100001	0.034592
2605.67900014	0.291255
2607.51900005	0.117073
2609.51999998	0.148766
2611.51300025	1.123364
2613.53299999	3.320631
2615.79999995	0.060709
2617.53900003	0.74032
2619.51200008	0.312431
2621.53200006	0.02445
2623.51300025	3.766736
2626.0480001	4.051042
2628.03200006	4.051042
2630.01200008	3.47685
2631.9000001	0.579448
2634.03200006	0.639375
2636.03300023	0.122724
2638.04200006	0.054149
2640.69199991	0.001579
2642.19900012	3.303776
2644.03200006	0.085362
2646.03900003	0.434227
2648.03900003	3.590349
2650.03100014	0.532907
2652.27900004	3.715029
2654.28100014	1.098797
2656.27100015	0.57197
2658.28100014	1.897819
2660.27900004	2.971446
2662.27999997	0.016547
2664.26300001	0.182011
2666.27999997	0.647058
2668.28200006	0.319703
2670.26300001	0.60458
2672.27900004	3.723671
2674.27999997	2.910534
2676.52100015	0.008583
2678.76300001	3.576958
2680.76300001	0.566101
2682.76200008	0.34672
2684.77400017	0.13007
2687.01200008	0.011932
2689.01300001	0.223909
2691.28200006	0.007934
2693.27200007	0.002619
2695.01900005	0.011626
2697.26200008	0.043893
2699.26300001	0.01746
2701.2650001	1.081793
2703.3610003	3.704988
2705.13100004	0.015875
2707.26300001	2.507561
2709.52399993	1.397257
2711.51200008	0.061625
2713.55200005	0.029258
2715.51200008	0.007679
2717.51200008	0.254265
2719.56600022	0.00809
2721.56100011	1.724301
2723.51300025	0.378323
2725.52200007	3.673435
2727.523	1.59992
2729.42000008	0.665613
2732.023	0.029792
2734.03300023	0.029482
2736.03500009	0.032227
2738.0250001	3.61703
2740.03300023	0.831398
2742.03300023	0.041174
2744.03200006	0.891087
2746.03100014	0.044618
2748.03999996	1.881027
2750.03200006	0.036842
2752.03200006	0.076978
2754.01400018	0.480591
2756.03500009	1.143598
2758.03999996	1.474378
2760.03300023	1.128848
2762.03300023	1.191308
2764.26200008	0.021962
2766.27900004	1.869467
2768.27999997	0.325117
2770.27999997	0.815151
2772.27999997	2.447053
2774.27999997	0.017742
2776.27900004	0.108603
2778.27000022	0.572254
2780.27900004	0.14094
2782.27900004	0.019246
2784.28100014	0.022154
2790.47900009	0.011322
2791.30900002	0.71076
2792.55900002	0.009919
2794.07000017	0.050854
2795.88100028	0.599368
2797.41900015	0.075675
2798.80299997	0.043709
2800.47000003	0.041271
2802.51200008	0.790951
2804.64400005	0.158064
2806.3599999	1.444064
2808.26200008	1.950202
2810.27999997	1.382808
2812.27900004	3.013818
2814.27900004	3.709273
2816.27200007	3.321807
2818.77200007	0.010876
2820.76399994	3.262073
2822.79400015	2.516152
2824.77400017	2.843512
2826.82200003	0.891199
2828.773	0.814995
2830.773	3.287331
2832.76699996	4.423033
2834.61800003	3.666767
2836.79100013	0.06419
2838.77400017	3.959325
2840.76399994	0.208775
2842.773	0.088485
2844.77200007	0.48885
2846.76300001	2.694267
2848.76900029	1.797112
2850.78200006	0.016956
2852.76200008	0.019827
2854.773	0.049556
2856.76900029	0.034059
2858.773	0.113884
2860.773	0.008087
2862.76200008	0.137487
2865.02200007	0.125381
2867.02200007	0.008295
2869.01200008	0.212268
2871.01900005	0.00995
2873.03699994	0.045395
2875.02200007	0.599882
2877.02200007	1.909546
2879.02099991	3.327439
2881.03900003	2.656837
2883.023	0.24695
2885.03000021	0.705463
2887.01200008	0.01545
2889.03000021	2.697337
2891.02200007	0.01587
2893.01999998	0.71838
2895.01999998	0.086869
2897.03000021	0.06708
2899.02099991	0.040334
2901.02399993	0.256054
2903.02099991	0.015703
2905.023	0.012967
2907.02699995	0.029661
2909.0250001	3.462236
2911.04399991	3.022279
2913.45000005	3.497817
2915.51900005	4.167485
2917.55800009	3.746609
2919.55200005	2.456096
2921.523	4.025184
2923.55200005	3.354806
2925.55999994	3.144926
2927.54099989	3.488151
2929.55900002	1.832267
2931.55300021	4.303881
2933.51200008	3.506799
2935.55300021	3.702844
2937.44000006	3.326479
2939.523	3.75041
2941.56200004	3.342582
2943.56100011	3.75466
2945.55100012	0.051399
2947.51200008	1.664123
2949.53200006	2.775172
2951.55300021	3.716472
2953.52900028	3.405078
2955.53299999	3.176188
2957.53999996	3.458114
2959.51200008	2.884934
2961.40900016	0.676635
2963.53200006	4.334494
2965.51900005	4.334494
2967.53200006	4.334494
2969.53900003	3.54011
2971.523	1.470189
2973.53200006	3.672819
2975.53299999	3.672819
2977.53800011	3.672819
2979.53200006	3.672819
2981.53999996	3.672819
2983.53100014	3.672819
2985.51200008	2.605683
2987.53100014	3.215745
2989.53000021	1.757056
2991.53000021	0.915368
2993.51999998	2.833131
2995.53000021	3.113921
2997.53000021	2.181784
2999.53000021	2.181784
3001.53000021	2.895024
3003.53900003	3.411799
3005.53900003	3.57937
3007.53700018	3.61502
3009.40900016	0.575486
3011.53800011	3.382151
3013.53000021	2.726997
3015.53000021	2.867565
3017.52900028	2.345249
3019.51999998	2.88322
3021.53900003	2.765081
3023.55900002	2.079566
3025.55000019	3.303633
3027.53000021	3.342776
3029.53000021	3.885558
3031.53000021	3.885558
3033.53000021	3.885558
3035.53000021	3.166024
3037.53100014	3.166024
3039.53400016	4.052666
3041.53800011	1.492902
3043.53100014	0.664651
3045.51100016	3.758959
3047.53100014	3.545905
3049.53000021	3.252795
3051.53100014	4.060714
3053.53000021	0.67571
3055.51999998	0.018189
3057.52100015	0.564987
3059.52900028	1.591774
3061.53000021	4.024094
3063.53100014	0.724691
3065.54600024	0.124775
3067.51999998	0.007648
3069.53200006	0.880073
3071.53900003	0.774524
3073.53700018	0.035126
3075.53000021	1.573087
3077.523	0.009443
3079.55800009	0.364602
3081.51999998	3.313127
3083.55000019	2.69016
3085.55100012	0.37029
3087.56299996	1.858151
3089.55100012	0.325861
3091.55100012	0.63872
3093.55100012	0.018019
3095.55999994	3.157724
3097.55800009	0.510202
3099.51900005	0.40514
3101.55400014	0.602415
3103.52100015	3.600059
3105.51100016	0.622763
3107.55300021	0.066626
3109.55100012	0.27886
3111.52800012	1.974008
3113.77800012	1.510325
3115.53100014	0.601805
3117.79100013	0.933193
3119.78800011	0.015982
3121.77999997	1.411343
3123.78299999	0.01068
3125.77800012	0.035524
3127.79400015	0.905009
3129.5480001	0.008763
3131.77100015	2.591323
3133.77800012	0.015277
3135.79100013	1.197852
3137.77100015	3.670779
3139.78600001	0.062623
3141.773	0.135048
3143.796	0.191113
3145.7809999	0.116386
3147.79300022	0.259827
3149.79100013	4.008028
3151.79100013	3.568146
3153.7809999	2.702192
3155.77800012	3.794137
3157.7900002	3.023251
3159.7900002	2.835521
3161.7980001	3.661683
3163.77100015	3.238742
3165.79100013	0.99986
3167.77100015	2.025356
3169.79200006	1.173196
3172.27100015	1.021425
3174.27800012	0.112418
3176.27000022	0.381573
3178.18099999	0.556523
3180.27900004	0.02281
3182.52100015	0.059012
3184.51800013	1.483454
3186.523	3.062091
3188.52200007	2.336852
3191.02200007	0.018367
3193.02099991	0.562828
3195.02099991	0.010047
3197.0079999	0.108635
3199.03000021	0.008451
3201.02200007	0.060256
3203.02099991	0.045869
3205.02099991	0.197491
3207.02900004	1.709547
3209.02200007	2.049399
3211.02200007	0.171873
3213.01900005	0.053962
3215.27000022	0.011868
3217.2750001	0.063104
3219.44900012	0.011799
3221.27000022	0.772314
3223.2750001	0.06805
3226.22799993	0.0071
3227.46899986	3.504109
3229.27100015	0.603128
3231.27999997	3.770608
3233.27100015	3.065319
3235.27100015	3.422682
3237.27999997	1.109578
3239.27200007	0.132729
3241.27900004	2.191763
3243.27100015	2.713201
3245.27100015	0.068372
3247.27200007	2.431453
3249.27900004	0.023227
3251.27100015	3.714836
3253.28100014	0.854602
3255.28100014	1.599415
3257.27600002	3.911083
3260.51100016	3.7324
3262.57800007	0.041776
3263.47800016	0.020636
3265.55100012	0.113087
3267.55100012	0.068101
3269.55000019	0.337924
3271.55699992	0.104502
3273.55999994	0.167099
3275.31500006	0.008657
3277.55000019	0.162507
3279.55800009	2.201646
3281.55000019	0.037455
3283.55100012	3.264014
3285.55100012	0.606097
3287.52100015	3.261383
3289.43300009	3.247704
3291.55800009	2.814502
3293.55300021	4.357974
3295.53700018	3.9094
3297.52900028	1.488879
3299.55000019	3.469049
3301.53100014	3.47761
3303.55100012	3.177176
3305.51100016	0.237088
3307.52100015	0.497669
3309.55100012	0.011126
3311.55100012	0.842944
3313.43500018	2.185114
3315.53000021	0.990774
3317.55100012	2.422169
3319.55200005	3.441224
3321.55100012	4.062575
3323.53299999	2.892529
3325.55100012	2.788454
3327.51999998	3.790682
3329.54099989	0.066657
3331.53100014	3.447709
3333.53000021	0.616215
3335.54099989	3.380052
3337.53700018	3.443997
3339.53100014	0.126711
3341.53100014	3.007888
3343.53800011	0.006518
3345.53900003	0.008735
3347.54299998	0.007828
3349.53100014	0.061867
3351.52100015	0.229083
3353.53100014	0.03387
3355.55200005	0.202939
3357.53800011	0.008183
3359.53100014	0.118495
3361.52800012	0.533191
3363.52900028	0.024489
3366.51800013	0.054131
3368.51900005	0.075873
3370.77200007	0.111495
3372.66799998	0.659277
3374.77200007	0.14988
3376.77200007	0.09348
3378.78700018	0.028742
3380.77999997	0.094832
3382.77900004	2.163198
3384.77200007	2.700516
3386.66400003	3.458727
3388.7809999	2.771314
3390.77100015	4.387685
3392.77900004	0.830505
3394.77200007	2.583054
3396.77100015	3.345038
3399.02900004	0.321816
3401.03000021	0.01136
3403.04200006	0.158866
3405.02200007	0.366378
3407.03300023	0.026887
3409.02900004	0.042714
3411.03400016	3.828355
3413.02800012	3.502175
3415.02099991	2.938169
3417.02900004	0.010665
3419.02099991	1.147061
3421.03300023	0.490788
3423.02600002	0.124713
3425.03200006	0.042882
3427.03699994	0.276095
3429.53700018	0.048561
3431.523	0.596694
3433.53800011	2.389384
3435.94899988	0.576118
3438.03100014	0.978874
3440.03000021	0.007991
3442.03999996	0.008478
3444.03800011	0.517365
3446.02900004	0.023778
3448.01999998	0.13671
3450.03100014	0.418427
3452.4289999	0.011867
3454.53000021	0.022971
3456.51800013	0.002771
3458.52699995	1.779902
3460.52699995	1.113002
3462.53000021	2.440908
3464.51800013	2.860182
3466.52699995	3.219148
3468.523	3.837129
3470.52100015	0.636177
3472.53000021	1.387474
3475.53200006	0.035681
3477.45800018	0.046205
3479.51100016	0.299214
3482.03300023	0.663803
3484.03100014	0.109934
3486.16799998	0.61142
3488.27000022	0.21068
3490.27699995	0.05133
3492.51800013	0.011129
3494.51800013	0.171373
3496.51800013	0.58191
3498.35800004	0.036157
3500.51900005	0.092615
3502.70799994	0.045704
3504.52600002	0.047288
3506.51600003	0.025601
3508.51800013	0.178807
3510.34800005	0.012375
3512.51800013	0.002799
3514.52200007	1.293004
3516.51900005	0.851604
3518.51699996	1.694265
3520.51699996	0.044866
3522.52100015	0.067931
3524.54099989	0.140119
3527.47900009	0.341209
3529.31800008	0.024276
3530.52900028	0.127979
3532.523	0.488808
3534.4230001	0.776348
3536.51999998	2.855193
3538.51900005	0.065287
3540.53800011	0.781072
3542.52100015	0.716921
3544.52600002	2.272622
3546.51800013	3.084379
3548.51699996	3.117984
3550.51900005	3.5113
3552.51699996	0.443695
3554.6170001	2.945983
3556.51800013	0.15306
3558.43099999	1.148207
3560.54900002	1.481703
3562.51000023	0.278394
3564.52600002	0.056639
3566.52100015	0.434653
3569.02099991	0.678909
3571.02900004	0.112049
3573.02200007	0.297857
3575.01100016	2.408015
3577.02900004	0.032178
3579.02099991	0.685262
3581.023	3.961747
3583.03600001	0.024471
3585.02800012	2.754944
3587.02200007	0.653505
3589.02099991	0.172315
3591.02099991	0.275378
3593.02099991	0.053415
3595.02099991	0.335704
3597.02800012	0.002553
3599.02800012	0.067719
3601.02800012	0.497213
3603.01999998	1.647062
3605.02099991	2.672044
3607.03100014	1.107732
3609.55100012	0.698374
3611.52600002	0.352876
3613.53000021	0.540558
3616.07200003	0.530969
3618.10700011	0.007927
3619.6559999	0.0628
3622.03100014	0.069268
3624.03800011	0.116963
3626.03000021	0.002472
3628.27699995	0.026508
3630.27800012	0.575567
3632.27999997	0.579909
3634.27800012	0.906072
3636.27100015	0.109643
3638.27100015	0.079749
3640.77100015	1.833457
3642.78200006	0.030853
3645.28900027	0.268
3647.24799991	0.257025
3649.27100015	0.885797
3651.27200007	0.144367
3654.03100014	0.009244
3656.02800012	0.040497
3658.03699994	1.332789
3660.03100014	2.49183
3662.04499984	1.73742
3664.03100014	2.479872
3666.27699995	2.024939
3668.28100014	3.015854
3670.27900004	1.270716
3672.27800012	3.297571
3674.28600001	0.40608
3676.27800012	2.913595
3678.27800012	1.245165
3680.27900004	3.864485
3682.27100015	3.699253
3684.27800012	4.741056
3686.148	2.889233
3688.27800012	2.354563
3690.27400017	2.795537
3692.27999997	0.016239
3694.28100014	3.348736
3697.16799998	1.180113
3698.37800002	0.524054
3700.53600001	0.218361
3704.7249999	0.618338
3706.34500027	1.014366
3707.99500012	1.432285
3710.31599998	2.717662
3712.52800012	2.717662
3714.52600002	2.717662
3716.55800009	0.008922
3718.52499986	2.084726
3720.56399989	2.399004
3722.55500007	0.007262
3724.53800011	1.868653
3726.52900028	2.030941
3728.55599999	2.967102
3730.53900003	1.699272
3732.5480001	2.592741
3734.52499986	1.746874
3736.52800012	2.711854
3738.53500009	2.038282
3740.56299996	1.551152
3742.55900002	1.118242
3744.55500007	2.259766
3746.52499986	2.336556
3748.52800012	2.406408
3750.55800009	2.002605
3752.52600002	2.488436
3754.52600002	1.859448
3756.51800013	2.014251
3758.86800003	2.032124
3760.55699992	1.657713
3762.55500007	1.911089
3764.56399989	1.852711
3766.7750001	0.540454
3768.7750001	2.561234
3770.55599999	0.023823
3772.55599999	2.669454
3774.51900005	2.124214
3776.55599999	0.353412
3778.52900028	2.083683
3780.51900005	1.520037
3782.51800013	1.070508
3784.51699996	1.878356
3786.53100014	0.05105
3788.53800011	0.324115
3790.78900003	0.015336
3792.76799989	0.170088
3794.7249999	1.244208
3797.27600002	0.057932
3799.26900005	0.818111
3801.28299999	1.616944
3803.27200007	1.624759
3805.27600002	0.60882
3807.2750001	1.58167
3809.27600002	2.015654
3811.26900005	1.911138
3813.27600002	1.745043
3815.26799989	1.761043
3817.28399992	1.761043
3819.27600002	0.086245
3821.27600002	0.474979
3823.2750001	0.189817
3825.2750001	0.007698
3827.27600002	0.913549
3829.26900005	0.00812
3831.2750001	0.645152
3833.2750001	2.719913
3835.2750001	0.645338
3837.27600002	1.511048
3839.27600002	1.312058
3841.28299999	2.438941
3843.28299999	2.936804
3845.26900005	2.675401
3847.27900004	2.136107
3849.2750001	2.320294
3851.27600002	1.323097
3853.43099999	0.196212
3855.51999998	1.580062
3857.52800012	2.096883
3859.5150001	2.163231
3861.51600003	0.216073
3863.52600002	2.144268
3865.51900005	0.115748
3867.52499986	2.166084
3869.51800013	0.049827
3871.51600003	0.020276
3874.01999998	3.1624
3876.80600023	1.541868
3879.60600019	0.119148
3882.07300019	0.061984
3883.0150001	1.181374
3883.85599995	0.962324
3886.27600002	1.447847
3888.30299997	0.262156
3891.02600002	0.181516
3893.01600003	0.854077
3895.2750001	0.123847
3897.2750001	0.202676
3899.27600002	0.55457
3901.27600002	0.025048
3903.27600002	0.515146
3905.27600002	0.400125
3907.16499996	0.18304
3909.27200007	0.325463
3911.27600002	0.458607
3915.36600018	0.422849
3916.68300009	0.231389
3918.38300014	0.963792
3919.97600007	0.802907
3922.296	0.994275
3924.29500008	1.150145
3926.29500008	1.142976
3928.26900005	1.147552
3930.28900027	0.008748
3932.29500008	1.940486
3934.28800011	2.081657
3936.27200007	1.406842
3938.27699995	2.285017
3940.28800011	1.139038
3942.2750001	1.95033
3944.53900003	2.36563
3946.55699992	2.307652
3948.34600019	0.407433
3950.51999998	0.011849
3952.63599992	0.462315
3954.66700006	0.32568
3956.68600011	0.95461
3958.53900003	1.839731
3960.55599999	0.11882
3962.79699993	0.574791
3964.76900029	0.008806
3966.77600002	0.043094
3968.75600004	0.011525
3970.77900004	0.138708
3972.76900029	0.033817
3974.76900029	0.088475
3976.78800011	1.091817
3978.77600002	0.429773
3980.76600003	0.005622
3982.77600002	0.136051
3984.76900029	1.028051
3987.43000007	0.093596
3988.77900004	0.239176
3990.97600007	0.443382
3993.03600001	0.010109
3995.03600001	0.770604
3997.27100015	0.016118
3999.01900005	0.056448
4001.01900005	0.026177
4003.03600001	0.068436
4005.02900004	0.129246
4007.03500009	2.272325
4009.03600001	1.475466
4011.04399991	0.550464
4013.03500009	0.02302
4014.95099998	0.537277
4017.27600002	1.965466
4019.27600002	2.195531
4021.43700004	0.717547
4024.05700016	0.045443
4026.59699988	2.413633
4028.81599998	1.874409
4030.46099997	2.011556
4032.83699989	2.121223
4035.22000003	1.546405
4037.95600009	1.708929
4040.34600019	0.040837
4041.06900001	2.093588
4041.74500012	0.716577
4043.53700018	0.30846
4045.51900005	1.952348
4047.51300025	1.759267
4049.53800011	2.092892
4051.52900028	0.723714
4053.51900005	1.72012
4055.52800012	1.889295
4057.53000021	0.021935
4059.77000022	0.023131
4061.93900013	0.237968
4064.92700005	0.131336
4065.51900005	0.099888
4067.53000021	0.839353
4069.76900029	0.457744
4071.51900005	0.074222
4073.53000021	0.115725
4075.77000022	0.010712
4077.76799989	1.574211
4079.76900029	0.444448
4081.76799989	0.139922
4083.76900029	1.691808
4085.76900029	0.458405
4087.78500009	0.557398
4089.77900004	1.433302
4092.27800012	1.081115
4094.27200007	0.017827
4096.78800011	0.090179
4098.76900029	0.030314
4101.02900004	0.619446
4103.03500009	1.861231
4105.2750001	2.074093
4107.27600002	1.499249
4109.27999997	0.794823
4111.51999998	0.443913
4113.30099988	0.009157
4115.77900004	0.981852
4118.21700025	0.075029
4119.99600005	0.08026
4121.83599997	0.022052
4123.76900029	0.082979
4125.84800005	0.059364
4128.26900005	0.257116
4130.16600013	0.002636
4132.51999998	0.05501
4134.56600022	1.516264
4136.55500007	0.169452
4138.55999994	0.565627
4140.55599999	0.261898
4142.56399989	0.346285
4144.55200005	0.471941
4146.52900028	0.586275
4148.53800011	0.523953
4150.52499986	0.019565
4152.54600024	0.907155
4154.57700014	0.0692
4158.3670001	0.143277
4162.17800021	0.734337
4163.10500026	0.395738
4163.86600018	1.081249
4164.6650002	1.460502
4166.51800013	0.243288
4169.03500009	1.71643
4171.01900005	2.005547
4173.04399991	0.007768
4175.03600001	0.260699
4177.13499999	2.162985
4179.03600001	2.034976
4181.49800014	0.335722
4183.01900005	0.321869
4185.03600001	1.329399
4187.03600001	1.373053
4189.27600002	1.809472
4191.27699995	1.709893
4194.477	1.594844
4197.1559999	1.087044
4197.72600007	1.861996
4199.04200006	0.060449
4201.03500009	1.675194
4203.03800011	1.748592
4205.01900005	0.296681
4207.06600022	1.073918
4209.27699995	0.835213
4211.28900027	0.008627
4213.27600002	1.643121
4216.28900027	0.80014
4218.28900027	0.686622
4220.27000022	2.329755
4222.30600023	2.205129
4224.51600003	1.761307
4226.28800011	1.850991
4228.28800011	1.187587
4230.31800008	1.457255
4232.78800011	1.175113
4234.77999997	0.050443
4237.53600001	1.475373
4239.43700004	1.765088
4241.53000021	1.977134
4243.51800013	0.482398
4245.52499986	0.421941
4247.53000021	1.503381
4249.51800013	0.007886
4251.52499986	0.118552
4253.64900017	0.330017
4256.28200006	0.749946
4258.26900005	1.391752
4260.27900004	1.680863
4262.29900002	1.156892
4264.2980001	2.807297
4266.27600002	2.695052
4268.2980001	2.242313
4270.79699993	0.010889
4274.6570003	0.063354
4277.77600002	0.094492
4278.49500012	0.207141
4279.39499998	0.445607
4281.76900029	0.024949
4283.77200007	0.010258
4286.01800013	1.711648
4288.01900005	0.775934
4290.01800013	1.801141
4292.0250001	1.851544
4294.01900005	2.032927
4296.02200007	1.462518
4298.01999998	1.362774
4300.03100014	1.652497
4302.17600012	0.57041
4304.02099991	0.227304
4306.26799989	0.853754
4308.03200006	2.37345
4310.01900005	1.803302
4312.03200006	0.505419
4314.02900004	0.581692
4316.01900005	0.636632
4318.01800013	0.014581
4320.01900005	0.729723
4322.51900005	0.605602
4324.55699992	0.002532
4326.43600011	2.177619
4328.53900003	2.734279
4330.55200005	0.009005
4332.52800012	0.006014
4334.52699995	1.38209
4336.54700017	0.009758
4338.54900002	0.328721
4340.53999996	1.570063
4342.51900005	0.414626
4344.55699992	0.123393
4346.53000021	0.01038
4348.54700017	1.685041
4350.45600009	1.0472
4352.54900002	0.016939
4354.51900005	1.646707
4356.5480001	1.91228
4358.79500008	2.418301
4360.796	2.169084
4362.79500008	0.317121
4364.78900003	0.93923
4366.78900003	0.363296
4368.76900029	0.527426
4370.796	0.013809
4372.78900003	0.20155
4375.27800012	2.194933
4377.28499985	0.252676
4379.28399992	1.223412
4381.27800012	1.014719
4383.26900005	0.0333
4385.27600002	0.292588
4387.51900005	1.740691
4389.41700029	0.056354
4391.51900005	1.633992
4393.52900028	1.708644
4395.52100015	0.573955
4397.52600002	2.361901
4399.51999998	1.982764
4401.52900028	1.855981
4403.52900028	0.135216
4405.52900028	0.108994
4407.53700018	0.037635
4409.51800013	0.02951
4411.53900003	1.960297
4414.07599998	2.538662
4416.02800012	0.789261
4418.03100014	1.501294
4420.27999997	0.057324
4422.53800011	0.711677
4424.27600002	1.1997
4427.02900004	1.770724
4429.04499984	2.092754
4431.03600001	1.702517
4433.03500009	0.710185
4435.03500009	2.442477
4437.03600001	1.709993
4439.01900005	0.659293
4441.03600001	1.309925
4443.03699994	0.38761
4445.03600001	0.020744
4447.77900004	0.086141
4449.77000022	0.489959
4451.78700018	1.777722
4453.77800012	0.675238
4455.77900004	2.048733
4457.76799989	0.834085
4459.77600002	1.978951
4461.76900029	2.166591
4463.76799989	2.149323
4465.76900029	2.34406
4467.76900029	2.198863
4469.76799989	2.294907
4471.77700019	0.253588
4474.21600008	1.140802
4476.09700012	2.498158
4477.96600008	0.227459
4479.77999997	0.689031
4481.76799989	0.823137
4483.77700019	1.275575
4485.76900029	1.628843
4487.78600001	2.576853
4489.76900029	0.017766
4491.76799989	0.383217
4493.76900029	0.732206
4495.76900029	0.118119
4497.76900029	2.853915
4499.77200007	0.685428
4501.77800012	0.383378
4503.74600005	2.646304
4505.77900004	2.874519
4507.77800012	2.224356
4509.78600001	2.235349
4511.77900004	0.009637
4513.76799989	0.008186
4515.77900004	3.501716
4517.9460001	1.678452
4519.76799989	2.906274
4521.76799989	1.067499
4523.76799989	1.69425
4525.77900004	3.383786
4527.77900004	2.309339
4529.77600002	3.09293
4531.77800012	2.95456
4534.03600001	2.475149
4535.78600001	2.241608
4537.76900029	0.002442
4539.78500009	1.974156
4541.7750001	2.049921
4543.77900004	0.133723
4545.76799989	2.592455
4547.77999997	2.826714
4549.76799989	1.459639
4551.76799989	2.119956
4553.76799989	2.663035
4555.76799989	1.918197
4557.76799989	0.997168
4559.76900029	2.133234
4562.03600001	2.798653
4564.02900004	1.888214
4566.11699986	0.672169
4568.01900005	1.451298
4570.01800013	2.602395
4572.02900004	1.982893
4574.02099991	2.75714
4576.02900004	2.373619
4578.03200006	2.292753
4580.0250001	0.610871
4582.01800013	2.333308
4583.91599989	3.047687
4586.34500027	0.010022
4588.01900005	0.652192
4590.02800012	0.791456
4592.04499984	2.928588
4594.01900005	2.245823
4596.03800011	2.871939
4598.02800012	2.16111
4600.03800011	2.300873
4602.0250001	2.413005
4604.01900005	2.573136
4606.03500009	1.895974
4607.92000008	1.895974
4610.03600001	3.161932
4612.02800012	2.157381
4614.03000021	2.178128
4616.03800011	2.438075
4618.03300023	2.721988
4620.04399991	2.365342
4622.02200007	2.377659
4624.03600001	2.401779
4626.03100014	2.401779
4628.03699994	0.584079
4630.01800013	2.106724
4631.93099999	1.660175
4634.02900004	1.660175
4636.02900004	1.801115
4638.02900004	2.481857
4640.02699995	1.842055
4642.02900004	1.340163
4644.03400016	0.352985
4646.01900005	0.188478
4648.02900004	0.010176
4650.02800012	1.997505
4652.0170002	2.037254
4654.02800012	2.037254
4656.02600002	0.120687
4658.03600001	0.731673
4660.04499984	1.898322
4662.06800008	1.765359
4664.03600001	0.409748
4666.03900003	2.440755
4668.03800011	0.042611
4670.02800012	1.821836
4672.02800012	1.821836
4674.09500003	0.048641
4676.03500009	0.026931
4678.03200006	1.615074
4679.95099998	1.730016
4682.03200006	1.480514
4684.03800011	0.800692
4686.05200005	1.500675
4688.04499984	1.857431
4690.02900004	0.072
4692.03800011	2.0398
4694.02900004	1.581866
4696.03800011	0.010877
4698.04499984	0.732925
4700.03800011	0.070221
4702.04200006	0.241585
4704.03500009	0.719713
4706.04499984	0.073476
4708.04299998	2.486027
4710.02800012	0.441439
4712.04499984	2.329427
4714.29700017	0.967074
4716.28700018	2.222222
4718.53800011	0.754928
4720.52699995	0.12285
4722.53900003	0.106444
4724.53500009	0.001445
4726.53900003	0.231414
4728.26900005	0.577347
4730.31699991	0.172827
4732.29900002	0.281733
4734.27900004	0.014153
4736.28700018	0.19035
4738.26900005	0.007201
4740.31000018	0.023991
4742.31599998	0.159477
4744.30900002	1.666094
4746.30800009	0.033957
4748.54900002	0.829562
4750.37599993	1.634803
4752.54900002	0.795952
4754.53900003	0.239228
4756.5480001	1.791597
4758.54900002	1.902349
4760.53900003	0.142302
4762.54900002	0.503001
4764.53900003	0.365261
4766.55599999	1.227816
4768.54600024	1.424384
4770.53900003	1.94449
4773.23500013	2.594878
4774.55100012	2.631549
4776.53800011	2.591864
4778.54399991	3.765166
4780.78800011	1.689783
4782.79200006	1.958179
4784.79699993	0.004679
4786.78900003	1.670487
4788.7900002	0.639682
4790.796	2.347171
4792.78900003	0.020121
4794.76900029	3.089764
4797.3670001	0.016203
4800.06600022	1.685375
4801.18300009	0.571076
4803.2900002	0.264909
4805.28499985	0.015615
4808.03000021	0.026915
4810.03900003	0.027671
4812.02800012	1.413962
4814.03000021	0.059897
4816.03800011	1.345575
4818.02900004	2.123489
4820.04499984	1.647259
4822.03300023	0.686474
4824.02399993	2.339122
4826.02900004	1.976145
4828.03800011	0.632506
4830.03000021	2.26645
4833.52800012	0.790364
4837.31500006	2.036175
4838.6960001	2.352668
4839.49700022	1.654181
4841.2750001	1.525582
4843.27900004	0.022796
4845.31800008	0.631729
4847.28800011	0.201999
4850.54500008	0.059206
4852.31400013	0.008224
4854.53700018	0.200492
4856.77800012	0.053146
4858.79900002	0.605388
4860.6960001	0.734681
4863.21700025	0.708074
4866.19400024	0.379662
4867.81500006	1.788037
4869.52900028	1.573081
4871.53600001	0.777065
4873.52900028	0.082152
4875.53000021	0.077512
4877.63599992	0.575021
4879.3670001	0.112101
4881.52900028	0.020334
4883.60600019	0.198469
4885.53100014	0.132296
4887.52900028	0.217288
4889.54200006	1.953795
4891.53600001	1.942022
4893.52900028	1.753436
4895.53000021	0.334808
4897.52800012	0.023261
4899.52900028	2.544376
4901.33700013	0.031494
4903.53700018	0.024562
4905.53700018	0.090022
4907.52900028	1.418889
4909.52800012	1.904766
4911.52800012	0.915364
4913.52900028	1.894093
4915.53600001	0.893228
4917.77900004	0.118376
4920.03600001	1.844823
4922.78299999	1.766845
4924.7750001	0.305926
4927.52600002	2.009588
4929.53700018	2.082311
4932.28900027	2.343259
4934.2900002	1.429224
4936.52600002	0.646322
4938.53600001	0.526706
4940.53999996	0.048767
4942.53900003	0.555712
4944.55599999	0.186584
4946.52900028	0.547641
4948.52499986	0.679483
4950.55000019	0.024997
4952.53700018	0.016987
4954.52900028	0.007931
4956.52900028	0.019907
4958.52900028	1.647711
4960.62300014	0.016607
4962.53100014	0.38714
4966.45600009	0.011969
4968.03600001	1.898435
4968.90700006	1.869435
4970.5480001	1.317932
4972.54900002	0.265513
4974.53700018	2.081116
4976.58700013	2.450782
4978.51600003	0.40823
4980.55100012	0.235096
4982.55500007	0.075396
4984.53700018	1.932238
4987.03600001	0.190492
4989.03600001	0.015212
4990.78900003	2.795464
4993.77800012	2.33606
4995.78900003	0.107036
4997.59599996	0.011879
4999.77900004	1.887949
5001.58500028	0.016498
5003.77900004	2.442276
5005.77800012	2.045304
5007.77900004	1.504419
5009.77800012	0.027652
5011.78500009	0.678394
5013.77900004	0.780701
5015.85500002	0.4063
5017.98500013	2.159478
5020.02900004	0.922437
5022.77600002	0.004246
5024.78399992	1.98078
5027.03600001	0.687775
5029.04399991	2.924707
5031.27900004	2.357638
5033.27699995	1.687181
5035.27100015	0.043907
5037.55599999	0.008495
5039.66000009	0.002487
5041.59500003	0.012029
5043.76799989	0.061935
5046.55400014	0.047182
5049.27600002	0.02383
5050.39800024	0.016668
5051.58899999	0.090902
5053.53600001	0.282789
5055.29500008	0.07066
5057.27800012	0.080847
5059.77999997	0.211158
5061.91599989	0.007798
5064.37599993	0.713074
5065.70300007	0.032088
5067.77999997	0.008629
5069.77900004	0.006559
5071.83599997	2.02852
5073.78600001	0.023083
5075.62600017	0.005722
5077.77800012	2.492145
5079.77800012	1.198157
5081.77900004	0.026775
5083.77999997	0.053527
5085.77800012	1.058039
5087.77900004	2.622461
5089.78800011	2.888854
5091.5940001	0.275571
5094.02900004	0.180799
5096.03800011	2.441043
5098.02900004	2.116389
5100.07599998	2.027061
5102.02900004	1.768534
5104.30800009	0.77138
5106.31000018	2.7221
5108.30900002	1.965497
5110.30900002	0.042894
5112.31500006	1.339413
5114.18200016	0.601251
5116.27900004	0.016808
5118.31100011	1.612893
5120.27800012	0.379401
5122.31699991	2.404218
5124.29900002	1.279875
5126.31500006	0.038109
5128.30900002	0.082275
5130.27900004	1.412765
5132.27999997	0.107704
5135.63699985	0.170784
5138.37599993	0.075868
5139.1400001	2.135663
5140.27900004	0.071388
5142.31000018	1.593304
5144.28100014	0.842848
5147.71400023	1.494397
5148.50600004	1.605319
5151.2650001	0.018256
5152.36500001	0.059727
5154.31599998	0.522762
5156.30900002	1.395247
5158.30900002	0.025813
5160.2980001	1.919595
5162.27900004	0.583779
5164.31599998	0.059801
5166.2980001	3.430844
5168.2900002	0.042586
5170.53000021	1.644354
5172.78900003	0.600749
5174.78900003	1.218155
5176.796	0.058827
5178.78900003	0.179043
5180.78900003	0.023931
5182.78900003	0.793634
5184.78900003	0.116655
5186.796	0.532753
5188.78900003	0.239191
5190.78900003	0.078251
5192.7900002	2.463048
5194.78600001	2.09469
5196.7900002	2.220966
5198.796	2.399958
5200.796	3.238369
5202.78800011	1.433879
5204.796	2.587052
5206.78900003	0.494142
5208.77900004	0.264328
5210.5999999	0.013988
5212.80700016	0.225246
5215.27600002	2.811834
5217.52900028	0.964004
5219.52900028	0.022363
5221.52900028	0.276975
5223.52900028	1.020856
5225.53000021	0.3311
5227.53100014	2.734934
5229.54099989	0.360402
5231.52800012	0.761202
5233.53700018	1.492364
5235.44400001	0.681716
5237.52900028	1.422466
5239.52900028	2.087217
5242.03000021	0.331103
5244.02900004	0.11325
5246.54900002	0.660048
5248.53600001	1.714201
5250.56399989	0.475009
5253.03699994	0.061475
5255.03699994	0.0709
5257.03600001	0.157218
5259.03600001	0.245489
5261.02900004	1.228268
5263.03800011	0.871172
5265.03500009	1.719762
5267.02900004	1.136817
5269.03600001	0.008333
5271.02900004	2.793779
5273.03600001	2.599132
5275.03500009	2.04111
5277.03800011	0.008884
5279.03699994	1.200415
5280.83899999	1.769479
5283.02600002	1.288012
5285.27000022	1.591423
5287.02900004	1.516637
5289.03600001	1.712862
5291.03600001	1.956794
5293.02900004	1.129032
5295.03699994	0.366756
5297.86500025	1.508751
5299.64600015	0.011888
5301.03600001	2.221407
5303.03600001	1.589425
5305.46799994	2.084475
5307.53500009	2.04056
5309.52800012	1.355743
5311.53700018	2.600155
5313.52900028	0.463833
5315.52900028	3.502695
5317.52900028	3.086152
5319.52900028	2.830524
5321.52800012	3.112391
5323.54600024	3.384478
