0.0	1.04244
1.62999987602	2.48676
1.82500004768	2.48676
1.96499991417	2.631156
2.17999982834	5.12624
2.53099989891	0.162565
2.83399987221	3.136843
3.17999982834	6.63434
3.49899983406	7.927841
5.69099974632	0.309449
7.69199991226	0.805363
9.68699979782	7.971707
11.9299998283	7.53634
13.6899998188	1.457416
15.6940000057	8.017002
17.6889998913	7.364697
19.6919999123	7.229712
21.7349998951	0.768762
23.7049999237	6.577444
25.6919999123	7.812457
27.6909997463	7.595697
29.6949999332	0.774994
31.6869997978	0.942619
33.6869997978	0.106935
35.6919999123	0.012665
37.6909997463	0.015621
39.6889998913	2.253265
41.6869997978	0.881792
43.6919999123	0.084495
45.6919999123	0.122768
47.6889998913	2.025658
49.6879999638	3.38803
51.6970000267	0.774631
53.6889998913	0.13907
55.6879999638	0.607581
57.6919999123	0.013557
60.1940000057	1.325583
62.1920001507	1.065122
64.1909997463	0.054727
66.5269999504	0.752861
68.6889998913	0.068096
70.5599999428	2.279702
72.7069997787	0.549572
74.7039999962	6.164581
76.7039999962	2.162645
78.6930000782	6.988953
80.6979999542	7.827027
82.6909997463	2.244574
84.6869997978	0.507603
86.6869997978	0.797904
88.6879999638	1.664074
90.6879999638	6.584417
92.6899998188	4.009605
94.6180000305	0.438555
96.6930000782	2.81983
98.6899998188	0.123484
100.688999891	7.290925
102.693000078	4.085142
104.688999891	1.152156
106.686999798	3.19484
108.697000027	4.99191
110.687999964	0.013344
112.689999819	6.506653
114.686999798	7.751744
116.690999746	2.508514
118.534999847	6.103497
120.690999746	6.556274
122.686999798	0.17161
124.691999912	4.729883
126.687999964	5.683123
128.691999912	4.971928
130.688999891	6.205888
132.686999798	0.594562
135.000999928	0.018636
136.687999964	0.349809
138.688999891	0.733749
140.691999912	2.090197
142.689999819	8.092976
144.689999819	0.967436
146.754999876	0.909513
