0.0	0.038771
0.463999986649	0.950445
0.726999998093	0.100374
0.839999914169	1.33268
0.991999864578	2.075972
1.18400001526	0.09184
1.3029999733	3.558082
1.75399971008	0.732893
2.18300008774	0.359922
4.12399983406	0.3327
6.12399983406	0.249234
8.12599992752	0.082067
10.1259999275	1.499891
12.1289999485	6.126101
14.135999918	10.133931
16.128000021	3.01397
18.129999876	4.282022
20.3819999695	0.057039
22.3859996796	3.713445
24.3839998245	0.144855
26.3809998035	2.283741
28.138999939	1.620589
30.384999752	3.719354
32.3759999275	0.96358
34.3809998035	8.924164
36.3819999695	3.734109
38.376999855	7.562653
40.3859996796	3.662421
42.3839998245	8.307632
44.384999752	1.050593
46.3759999275	7.122308
48.376999855	0.941238
50.2239999771	4.645843
52.3819999695	8.897593
54.3759999275	6.147754
56.3839998245	8.733352
58.3809998035	6.697202
60.3789999485	0.922511
62.382999897	7.120788
64.384999752	0.779243
66.384999752	0.037533
68.3759999275	0.05414
70.3839998245	0.898823
72.375	0.202675
74.396999836	5.571391
76.3839998245	0.018225
78.376999855	0.80084
80.3809998035	4.383697
82.3870000839	3.393052
84.3870000839	4.596152
86.388999939	1.868346
88.388999939	0.036991
90.3819999695	0.106504
92.384999752	0.026555
94.3859996796	0.040922
96.3779997826	0.015556
98.3839998245	5.37702
100.379999876	0.139723
102.384999752	2.239862
104.387000084	0.757822
106.378999949	5.270019
108.38599968	2.278301
110.383999825	5.741925
112.377999783	0.069819
114.388000011	5.037945
116.382999897	0.308042
118.378999949	0.080902
120.381999969	2.875188
122.377999783	1.76202
124.383999825	4.541454
126.387000084	0.261587
128.379999876	8.697276
130.417999744	0.386054
132.388999939	0.088476
134.376999855	0.24345
137.003999949	0.031136
138.387000084	0.056444
141.647000074	0.49367
142.467999935	2.522271
144.387000084	3.058722
146.383999825	0.813833
148.377999783	3.259951
150.384999752	2.384853
152.387000084	0.023073
154.393999815	0.167976
156.383999825	1.850648
158.378999949	5.646175
161.537999868	0.094855
163.729999781	0.839392
164.555999994	0.02925
166.390000105	0.042559
168.384999752	1.6451
170.381999969	1.499051
172.377999783	1.993127
174.388999939	0.00381
176.377999783	0.30353
178.387000084	0.9801
180.376999855	1.866074
182.376999855	0.938023
184.377999783	2.683471
186.379999876	0.894132
188.382999897	4.911052
190.388999939	2.804681
192.378999949	2.58086
194.387000084	2.733376
196.388999939	1.681089
198.382999897	0.028317
200.382999897	0.075871
202.391000032	2.893741
206.492999792	0.082706
209.708999872	0.066993
210.774999857	0.01477
211.523000002	0.79317
212.414000034	1.025964
214.384999752	0.721766
216.383999825	1.10619
218.384999752	2.75996
220.383999825	2.223424
222.395999908	2.027293
224.387000084	0.053423
226.387000084	3.630433
228.38599968	0.013359
230.379999876	4.584866
232.38599968	4.620024
234.383999825	4.820838
236.377999783	5.028572
238.391000032	0.013452
240.392999887	4.727279
242.390000105	6.124539
244.388000011	1.550589
246.39199996	0.013394
248.377999783	0.017848
250.428999901	0.308645
252.388000011	4.555361
254.391000032	0.023268
256.381999969	0.061595
258.384999752	0.951985
260.407000065	3.174841
262.39199996	0.88202
264.39199996	3.901896
266.472999811	3.59166
268.390000105	3.789929
270.384999752	5.506887
272.388999939	5.64377
274.387000084	5.069444
276.631999969	5.87665
278.630000114	7.33961
280.632999897	7.004281
282.639999866	7.557733
284.628999949	7.270771
286.632999897	7.728729
288.638999939	7.97686
290.488999844	2.328643
292.635999918	4.351517
294.632999897	6.683194
296.632999897	2.035567
298.628999949	5.867075
300.641999722	7.021652
302.642999887	0.838018
304.639999866	8.104148
306.632999897	6.011386
308.631000042	5.795618
310.633999825	0.926631
312.636999846	8.237959
314.636999846	0.041022
316.640999794	3.600226
318.630000114	6.102658
320.630000114	5.130789
322.639999866	3.371677
324.638000011	5.852363
326.726999998	6.186695
328.639999866	2.842546
330.632999897	4.343649
332.63499999	2.135283
334.638000011	4.646424
336.633999825	1.623507
338.474999905	4.939473
340.705999851	2.123575
342.630000114	4.910701
344.631000042	4.788398
346.632999897	4.413601
348.632999897	3.971043
350.632999897	2.67129
352.638000011	2.125303
354.628999949	2.194295
356.628999949	0.077988
358.641999722	1.104952
360.628999949	3.430701
362.641999722	3.179166
364.636999846	0.038373
366.631000042	3.690711
368.641999722	2.736268
370.63499999	0.25504
372.635999918	0.867208
374.632999897	4.811577
376.647000074	2.368915
378.630000114	0.145513
380.631000042	0.013587
382.635999918	0.018905
384.638000011	0.281588
386.596999884	0.08638
388.633999825	0.350191
390.640999794	0.328215
392.641999722	2.110876
394.641999722	1.353094
396.630000114	0.727394
398.635999918	1.773408
400.630000114	3.138881
402.641999722	4.1251
404.638999939	4.613587
406.63499999	0.856898
408.635999918	4.468466
410.640999794	0.861301
412.63499999	0.457168
414.632999897	0.441202
416.638999939	0.170784
418.635999918	0.077187
420.63499999	0.801005
422.651000023	2.471036
424.632999897	4.48754
426.63499999	2.301949
428.640999794	0.029474
430.63499999	0.82763
432.636999846	0.034679
434.624999762	0.053551
436.631999969	0.038738
438.641999722	0.035094
440.633999825	0.501121
442.641999722	3.720525
444.638999939	3.641057
446.639999866	4.04393
448.643999815	4.316286
450.635999918	3.884172
452.639999866	2.692411
454.631999969	2.902718
456.633999825	0.056627
458.638999939	0.077433
460.633999825	3.492585
462.628000021	2.10363
464.640999794	0.046656
466.636999846	2.634038
468.638000011	2.943437
470.638999939	2.750312
472.633999825	0.167656
474.635999918	3.435919
476.642999887	1.179269
478.635999918	0.019187
480.632999897	3.43292
482.642999887	2.955339
484.633999825	3.569602
486.631000042	4.103786
488.632999897	0.142985
490.631000042	0.460206
492.635999918	3.724319
494.63499999	3.522718
496.642999887	3.060115
498.630000114	3.547292
500.630000114	2.741784
502.640999794	3.481516
504.63499999	3.539213
506.657999754	2.536104
508.63499999	2.423148
510.63499999	2.045918
512.633999825	1.172512
514.631000042	3.9543
516.683000088	1.74562
518.884999752	1.958109
520.642999887	4.172532
522.880999804	0.01025
524.881999731	2.786282
526.882999897	3.289184
528.640999794	3.289184
531.919999838	3.522233
532.891000032	1.282478
534.888999939	3.443988
536.878999949	3.443988
538.882999897	3.354521
540.897999763	3.573694
542.885999918	2.639767
544.745999813	3.536874
546.885999918	3.43683
548.891000032	3.994163
550.885999918	4.416829
552.883999825	4.416829
554.878999949	4.416829
556.888999939	4.485539
558.887000084	3.820299
560.880999804	4.717258
562.892999887	4.717258
564.880999804	4.614755
566.889999866	5.546926
568.74000001	3.654315
570.891000032	3.654315
572.892999887	2.707437
574.89199996	3.591383
576.889999866	3.591383
578.879999876	4.32079
580.881999731	0.781866
582.879999876	5.170218
584.880999804	5.170218
586.880999804	4.952282
588.891000032	1.532584
590.894000053	0.069966
592.726999998	4.355898
594.894000053	4.135396
596.924000025	3.48885
598.892999887	3.48885
600.894000053	3.48885
602.888999939	3.771502
604.894000053	4.847952
606.916999817	0.952993
608.888999939	5.182681
610.882999897	3.986785
612.888999939	4.533634
614.892999887	4.72794
616.879999876	4.053006
618.891000032	4.22594
620.891000032	3.296992
622.911000013	0.877729
624.89199996	4.190555
626.89199996	5.310894
628.888999939	5.96313
630.885999918	4.820816
632.882999897	0.018316
634.884999752	0.654048
636.888999939	5.443314
638.880999804	2.704534
640.892999887	5.238413
642.888000011	2.373247
644.887000084	4.925414
