0.0	0.032042
0.327000141144	0.452157
0.460999965668	0.452157
0.616000175476	0.521823
0.774000167847	0.607301
1.0759999752	0.669506
1.25000023842	0.730034
1.7009999752	0.682518
1.98000001907	1.792346
3.53400015831	1.630238
5.53900003433	1.630238
7.55400013924	1.630238
9.53800010681	1.630238
11.5350000858	1.630238
13.5380001068	0.483631
15.5430002213	1.016846
17.5550000668	1.016846
19.5440001488	1.370656
21.5450003147	0.60991
23.5490000248	1.469288
25.5480000973	1.744595
27.5550000668	1.568972
29.5450003147	1.372195
31.5370001793	1.259663
33.5480000973	0.008069
35.5490000248	1.400104
37.5410001278	0.969381
39.5600001812	1.793785
41.5399999619	1.541056
43.5480000973	1.924015
45.5480000973	1.922253
47.5550000668	1.922253
49.6689999104	1.043329
52.8630001545	1.571344
55.1879999638	0.828973
56.0399999619	1.243128
57.5450003147	1.552015
60.5630002022	1.144368
61.5370001793	1.438722
63.5520000458	1.713198
65.5640001297	0.584309
67.5430002213	1.415685
69.5610003471	1.703646
71.5490000248	1.750995
73.5470001698	1.812967
75.5550000668	1.684105
77.5470001698	1.716597
79.8040001392	1.604355
82.115000248	1.127057
83.7990000248	1.830788
85.7930002213	1.15827
87.7969999313	1.746465
89.7969999313	1.723795
91.8010003567	1.689888
93.6870000362	1.689888
95.8010003567	1.945827
97.8020002842	1.668468
99.8060002327	1.846204
101.789000034	1.638931
103.808000088	1.243365
105.796000004	0.711923
107.804000139	1.412741
109.796999931	1.430958
111.791000128	1.15063
113.802000284	1.181449
115.800000191	1.374933
117.695000172	1.310626
119.787000179	1.695329
121.809000254	1.696598
123.806000233	0.009802
125.806000233	1.693735
127.806000233	1.693735
129.795000076	1.619991
131.81400013	1.696044
133.805000067	1.62906
135.792000055	0.00645
137.804000139	1.577543
139.803000212	1.242928
141.703999996	1.544465
143.82400012	1.869514
145.800000191	1.477849
147.792000055	1.46244
149.808000088	0.410727
151.800000191	1.481151
153.796000004	1.530101
155.796999931	1.499668
157.800000191	1.669221
159.910000086	1.803019
162.036000013	1.145089
164.311000109	1.328063
166.036999941	1.495896
167.97300005	1.510399
169.810000181	1.693057
171.640000105	1.642715
173.794000149	1.440602
175.787000179	1.340826
177.804000139	1.283349
179.793000221	1.213148
181.804000139	1.100598
183.804000139	0.929373
185.802000284	1.092908
188.794000149	0.480405
191.409000158	1.278147
193.418000221	1.482856
194.771000147	0.814146
195.791000128	0.447893
197.795000076	1.226956
199.810000181	1.675081
202.346000195	0.799116
205.836999893	0.788686
207.438000202	0.496104
209.131999969	0.828751
210.453000069	1.150193
211.806000233	0.669649
213.810000181	0.476309
215.847000122	1.291166
217.789000034	1.122686
219.815999985	1.285641
222.016000032	0.010234
223.754000187	1.183639
225.7900002	0.012173
228.516000032	0.665829
230.69900012	1.395633
232.111000061	0.541954
233.810000181	1.615316
235.812000036	1.810905
237.796000004	1.353648
239.808000088	1.364376
241.809000254	0.737307
243.805000067	1.329818
245.766000271	0.959264
247.800000191	1.602936
249.988000154	1.284218
252.357000113	0.948575
253.995000124	1.211241
255.810000181	0.835892
257.80700016	1.14153
259.806000233	1.237876
261.743999958	0.009219
264.196000099	1.15669
267.394000292	1.386266
269.401000261	1.022416
271.164999962	1.394826
273.126000166	0.743195
274.457000256	0.563831
276.193000317	1.186488
277.801000357	0.738231
279.806000233	1.657643
281.839000225	0.927587
283.803000212	0.778304
286.233000278	0.942077
289.010000229	0.770969
291.048000097	0.31689
292.697000265	1.454216
294.975000143	0.508249
296.794000149	1.613008
298.347000122	1.832473
300.157000065	0.8066
301.794000149	1.719189
303.801000357	1.688681
305.801000357	0.356726
307.801000357	1.469417
309.798000097	1.575185
311.806000233	1.895852
313.84800005	1.434374
316.131000042	0.917759
318.968000174	1.509119
321.635000229	1.392295
324.198000193	0.074807
326.554000139	1.663148
328.305000305	1.466832
330.328000069	0.806666
331.802000284	2.120956
333.937000275	1.524577
336.103000164	1.36625
337.97300005	1.361158
339.375000238	1.786383
340.229000092	1.513917
342.058000088	1.759233
344.052000046	1.621763
346.049000263	1.532708
348.17200017	1.522239
350.61400032	1.312881
352.63800025	1.105534
356.236000061	1.43764
357.654000282	1.140909
359.515000105	1.359965
361.218000174	1.143279
362.834000111	1.459229
366.132999897	1.327038
367.680000067	1.445746
369.267000198	0.261566
370.355000257	1.126277
371.942000151	1.377358
374.059000254	1.813522
376.76300025	1.31365
378.723999977	1.586453
380.159000158	0.011649
382.051000118	1.828818
384.044000149	1.248178
386.060000181	1.765713
388.060000181	1.596924
390.428999901	0.692599
392.267000198	1.8503
394.866000175	1.543955
396.368000031	1.622742
397.931000233	1.51182
400.055999994	1.531892
402.054000139	1.397596
404.04700017	0.559008
406.059000254	1.709248
408.054000139	1.219696
410.052999973	1.102041
412.052999973	1.729782
414.055000067	1.384365
416.071000099	1.369142
418.04700017	1.636379
419.955000162	0.955038
422.073000193	1.447035
424.048000097	1.63078
426.061000109	1.428119
428.052000046	1.580624
430.054000139	1.395404
432.061000109	1.359782
434.051000118	1.615413
436.049000263	1.098434
440.457000256	1.50333
442.509000063	1.594902
444.249000311	1.555257
445.857000351	1.426589
446.644999981	1.566686
448.059000254	1.655615
450.553000212	0.560061
452.90899992	0.950543
455.154000282	1.351699
456.954000235	0.452112
458.001000166	1.32989
460.063000202	1.275996
462.090000153	0.005945
464.052999973	1.00166
466.332999945	1.377878
468.996000051	1.263441
470.739000082	1.701268
472.737000227	1.744338
474.385000229	1.079258
476.084000111	1.766539
478.663000107	0.673851
482.015000105	1.588624
484.698000193	1.181366
487.131999969	1.756832
488.436000109	0.032694
489.798000097	1.490975
492.921000242	0.810798
494.867000103	1.038331
496.643000126	1.210359
498.286000252	0.707489
500.434000254	0.448482
501.527000189	1.394038
503.038000107	1.383376
506.709000111	0.443661
508.351999998	0.037391
509.867000103	0.524791
511.184000015	0.858734
512.48900032	1.129425
514.065000296	1.145017
516.092000008	1.172444
518.061000109	1.037832
521.059000254	0.716142
522.522000313	1.231485
524.372999907	0.837836
526.068000078	1.256627
528.068000078	0.471774
530.058000088	0.573016
532.049000263	1.704862
534.055000067	1.919156
536.062000275	0.009272
538.036999941	0.640129
541.952000141	0.751381
544.593000174	0.148146
545.868000031	0.728053
546.962000132	1.095172
548.927000046	1.276651
550.067000151	1.444824
552.500999928	1.476344
554.289000273	1.433222
556.066000223	1.385918
558.934000254	0.157488
560.073000193	1.360785
563.624000072	0.493752
565.441000223	1.319558
566.974000216	1.48176
568.886000156	1.429124
570.063000202	1.66037
572.055000067	1.015026
574.052000046	1.253695
576.063000202	1.751199
578.054000139	1.309282
581.002000093	0.893128
584.285000086	0.582657
586.728000164	1.756585
588.835000038	0.65968
590.009000301	1.607417
591.575000048	0.68051
593.380000114	1.398697
595.839000225	0.888429
597.209000349	1.44458
598.430000305	1.470172
600.272000074	1.586508
602.250000238	1.612122
604.180999994	1.543162
606.676000118	1.707415
608.607000113	1.803537
610.305000305	1.804755
612.304000139	1.137583
614.303000212	1.447666
616.310000181	1.116717
618.305000305	1.294386
620.308000088	1.653842
622.30700016	1.746072
624.332000017	1.659034
626.214000225	1.346219
628.310000181	0.940826
630.309000015	1.543668
632.494000196	1.511433
634.265000343	0.933536
636.306000233	1.333591
638.303000212	1.257483
640.893000126	1.556289
643.312000036	0.58915
645.48900032	1.250958
