0.0	0.013488
1.49199986458	0.186421
2.84600019455	0.329021
3.52300000191	0.384157
3.79800009727	0.396301
4.13499999046	0.398071
4.41000008583	0.381781
4.71800017357	0.290768
5.02699995041	0.384128
5.36800003052	0.334013
7.13100004196	0.269086
9.3710000515	0.439196
11.3840000629	0.098949
13.2550001144	0.45069
15.3740000725	0.430376
17.3710000515	0.368527
19.3840000629	0.18015
21.4990000725	0.341282
23.763999939	0.615612
25.6830000877	0.322229
27.4040000439	0.298991
30.3949999809	0.332648
31.8150000572	0.445953
34.0510001183	0.371763
36.0679998398	0.434847
39.0199999809	0.450424
41.2479999065	0.612537
43.5010001659	0.333053
45.0130002499	0.356589
46.510999918	0.17813
47.5780000687	0.286805
49.4079999924	0.436682
51.3900001049	0.466007
53.2479999065	0.054222
55.3789999485	0.094731
57.6630001068	0.509231
59.375	0.42015
61.3900001049	0.227651
63.7709999084	0.162383
65.6349999905	0.406548
67.6199998856	0.276477
69.3710000515	0.050056
71.8380000591	0.336806
73.621999979	0.460299
75.3940000534	0.07444
77.6319999695	0.042929
79.9340000153	0.442978
81.878000021	0.503641
83.7580001354	0.526523
86.1270000935	0.301203
88.7070000172	0.444306
91.9060001373	0.475729
94.512999773	0.516899
95.9410002232	0.519913
96.8320000172	0.580348
98.9210000038	0.463613
100.680000067	0.40264
102.601999998	0.427484
104.871999979	0.430274
107.755000114	0.235723
108.630000114	0.516938
109.59100008	0.434009
111.392999887	0.491205
113.381999969	0.267818
115.458000183	0.504484
117.368999958	0.029413
119.371999979	0.272484
121.406000137	0.521922
123.371999979	0.573999
125.375999928	0.44512
127.279000044	0.117239
130.467000008	0.393765
133.614000082	0.046546
135.295000076	0.400505
