0.0	0.017614
0.450999975204	0.009741
0.569999694824	0.860876
0.682999849319	1.609299
0.862999916077	5.081189
1.13199996948	5.586617
1.55800008774	0.025341
2.1139998436	1.362541
2.90899991989	4.405957
3.71299982071	0.022465
5.70399999619	0.049446
7.71699976921	1.448376
9.71000003815	3.908764
11.7189998627	2.869365
13.7049999237	0.138825
15.7329998016	0.148662
17.7049999237	0.828946
19.7129998207	0.070214
21.7100000381	0.193253
23.7129998207	0.125843
25.7159998417	0.096317
27.7139997482	0.008688
29.7030000687	0.187825
31.7059998512	0.853401
33.7159998417	0.01219
35.7189998627	0.058909
37.7049999237	0.010099
39.7079999447	3.254552
41.7089998722	3.035231
43.7070000172	0.020628
45.7179999352	2.798139
47.7179999352	3.648999
49.7079999447	4.004334
51.7129998207	4.509603
53.7159998417	2.272908
55.7139997482	4.849122
57.7030000687	0.666943
59.7269999981	0.11454
61.7299997807	4.27742
63.7189998627	0.016091
65.7159998417	3.81142
67.7100000381	2.751914
69.7030000687	0.433919
71.7149999142	0.219281
73.7020001411	2.65938
75.7129998207	0.008315
77.7070000172	0.338585
79.7269999981	0.847287
81.9649999142	2.908018
83.9759998322	1.2712
85.9670000076	0.029966
87.9639999866	4.640458
89.9789998531	0.844001
91.9559998512	0.013383
93.8089997768	4.357911
95.9619996548	4.072893
97.9569997787	0.015137
99.9660000801	0.721233
101.956999779	0.071026
103.758000135	0.00748
105.957999945	0.199479
107.968999863	0.010353
109.954999924	0.376637
111.964999914	0.016148
113.967999935	0.869715
115.955999851	0.061113
117.956999779	0.794847
119.963000059	1.027204
121.954999924	0.258234
123.954999924	1.727213
125.968999863	0.168056
127.955999851	3.47729
129.967999935	3.979185
131.964999914	0.025625
133.958999872	2.503981
135.967999935	0.34947
137.963000059	0.019078
139.963999987	0.023667
141.944999933	0.042349
143.956999779	0.534375
145.961999655	2.564087
147.967000008	0.869475
149.963999987	2.870559
151.953999758	3.637761
153.967999935	4.429921
155.963000059	1.073749
157.9599998	0.262584
159.963000059	0.279173
161.972999811	0.893363
163.960999727	0.160918
165.807999849	0.845628
167.961999655	0.037978
169.961999655	0.016754
171.970999956	0.847475
173.953999758	2.994021
175.963000059	0.855383
177.983999968	2.719469
179.9599998	0.02277
181.963999987	3.213294
183.963000059	2.466597
185.957999945	1.806797
187.963999987	0.016016
189.967000008	0.855593
191.960999727	0.030248
193.9599998	4.508019
195.954999924	0.018887
197.960999727	2.228574
199.957999945	4.332229
201.96999979	3.616688
203.968999863	4.443594
205.958999872	3.917755
207.955999851	0.795584
209.963000059	2.292527
211.956999779	0.191564
213.944999933	0.052948
216.036999941	1.651572
218.222000122	0.016908
219.960999727	3.441689
221.953999758	0.010233
223.97699976	0.828039
225.9599998	0.271409
227.954999924	0.313561
229.960999727	1.608019
231.967000008	2.762501
233.957999945	0.02203
235.967000008	1.663029
237.954999924	0.730531
239.96999979	3.25262
241.973999977	3.768493
243.964999914	3.792095
245.9599998	0.012943
247.96999979	0.850509
249.958999872	0.030804
251.964999914	4.727468
254.000999928	5.140024
255.956999779	5.123847
