0.0	2.763599
0.582999944687	5.308245
0.791000127792	5.308245
2.54399991035	3.512162
4.31299996376	0.35283
6.3180000782	0.025628
6.64300012589	6.97231
7.01600003242	0.01254
7.33400011063	0.018638
7.85599994659	6.956223
8.56999993324	6.950828
9.03800010681	9.31259
11.2860000134	9.31259
13.2860000134	9.31259
15.2869999409	1.996349
17.2849998474	9.246569
19.2879998684	0.868067
21.2910001278	7.768076
23.2889997959	3.812204
25.2849998474	0.29257
27.2869999409	1.817387
29.2860000134	0.103967
31.2879998684	0.274756
34.7159998417	0.682404
36.8259997368	0.027836
39.9110000134	1.361091
43.3350000381	0.328883
45.6860001087	0.526527
50.3009998798	1.835014
53.0700001717	2.765481
56.6460001469	0.014493
58.3949999809	0.031905
61.8489999771	0.009049
66.0369999409	1.063018
68.0550000668	2.693557
71.0350000858	1.292201
73.7939999104	0.174731
75.7849998474	4.425809
77.7939999104	6.502354
79.7869999409	0.053019
82.7900002003	0.044258
84.8289999962	0.132907
88.2860000134	0.09079
90.2940001488	0.220283
92.2849998474	0.017052
94.7849998474	0.814614
96.7889997959	4.371214
99.1679999828	3.814049
101.284999847	5.572928
103.289999723	9.981196
105.287999868	0.169628
107.635999918	0.677358
109.282999992	0.012861
111.282999992	0.048892
113.282999992	8.101766
115.287999868	8.892904
117.282999992	7.432801
119.284999847	10.033722
121.296000004	0.743313
123.307999849	6.782442
126.618999958	3.945543
131.095999956	0.39244
133.424000025	0.334282
134.69299984	0.026729
137.041999817	2.766394
138.822000027	3.657325
142.282999992	1.558554
144.284999847	3.768896
147.287999868	1.53291
149.291000128	4.65471
151.785999775	2.713956
153.784999847	2.424221
155.784999847	0.064979
157.78399992	0.904423
159.791000128	6.105485
161.785999775	5.218543
163.78399992	2.129352
165.78399992	1.779095
167.784999847	0.144588
169.791000128	2.614736
171.782999992	5.586476
173.786999941	8.878398
175.785999775	0.418376
177.78399992	0.895454
179.782999992	0.026888
181.78399992	9.610331
183.786999941	0.034271
185.784999847	0.309672
187.785999775	0.013298
189.784999847	0.256396
191.7900002	6.036091
193.786999941	0.08711
195.787999868	6.84462
197.78399992	7.451858
199.787999868	0.086494
201.782999992	0.876378
203.78399992	0.288486
205.782999992	0.051315
207.788999796	0.039212
209.787999868	0.172635
211.973999977	0.086846
214.039000034	3.097706
215.787999868	0.224514
218.282999992	3.99906
220.286000013	4.631688
222.294000149	0.012242
224.288999796	0.324349
226.256999969	0.04029
228.286000013	7.470964
230.287999868	1.668718
232.286999941	0.034092
234.286999941	2.626762
236.286999941	0.079752
238.286000013	0.191612
240.289999723	3.784312
242.282999992	0.030064
244.286000013	5.47448
246.287999868	0.848633
248.286999941	0.128015
250.534000158	0.145214
252.539000034	0.069038
254.536999941	1.018729
256.534000158	0.071321
258.784999847	0.826813
260.785999775	0.848345
262.788999796	2.765074
265.112999916	1.426671
266.948999882	5.200045
268.785999775	1.190929
270.784999847	0.867963
272.784999847	1.218964
274.784999847	6.385757
276.786999941	8.042579
278.785999775	3.126057
280.788999796	6.554669
282.785999775	6.0645
284.786999941	5.312532
286.79399991	6.796426
288.784999847	5.160649
290.785999775	6.744547
292.78399992	11.060722
294.78399992	7.216704
296.782000065	7.216704
298.782999992	7.216704
300.796000004	7.216704
302.78399992	7.216704
304.785999775	7.216704
306.78399992	7.216704
308.784999847	7.216704
310.78399992	7.216704
312.784999847	7.216704
314.785999775	2.512169
316.786999941	2.323987
318.78399992	2.653213
320.782999992	2.590617
322.784999847	3.52352
324.7900002	3.52352
326.785999775	4.091138
328.78399992	4.854927
330.782999992	3.340336
332.78399992	4.729571
334.785999775	6.130456
336.782999992	1.396712
338.785999775	2.751485
340.785999775	0.025546
342.78399992	7.219464
344.785999775	2.328186
346.785999775	2.953649
348.784999847	3.814206
350.784999847	0.025666
352.788999796	0.76449
354.784999847	3.398057
357.28399992	3.666895
359.28399992	8.420356
361.289999723	8.040767
363.292999983	3.053176
365.284999847	8.665432
367.292000055	1.443638
369.28399992	5.513589
371.28399992	2.04845
373.282999992	8.475594
375.284999847	10.892065
377.284999847	5.841975
379.284999847	0.012
381.284999847	0.887284
383.28399992	4.167495
385.28399992	4.167495
387.288999796	10.384998
389.28399992	10.680647
391.292999983	11.051371
393.78399992	11.051371
395.787999868	11.051371
397.78399992	11.051371
399.78399992	11.051371
401.803999901	11.051371
403.782999992	0.063231
405.784999847	0.481028
407.78399992	1.656822
409.786999941	0.015299
411.785999775	3.540916
413.786999941	3.607856
415.792000055	3.607856
417.7900002	0.028801
419.782000065	3.113055
421.784999847	0.685741
423.799000025	3.771824
425.784999847	1.144339
427.78399992	5.833025
429.78399992	0.872834
431.787999868	2.19051
433.786999941	0.932739
435.782999992	5.378843
437.78399992	7.834983
439.785999775	1.666478
442.284999847	3.678832
444.287999868	1.394637
446.284999847	0.127266
448.284999847	3.694938
450.284999847	0.018251
452.287999868	2.863209
454.28399992	0.877044
456.284999847	9.59518
458.28399992	0.882134
460.28399992	3.780447
462.292000055	0.580538
464.286000013	1.289063
466.292000055	0.0627
468.284999847	0.101418
470.294000149	2.260268
472.286999941	0.099013
474.792000055	3.701632
476.787999868	0.117377
478.785999775	3.582321
480.782999992	0.012542
482.760999918	0.051683
484.786999941	0.20257
486.784999847	2.490245
489.284999847	0.577426
491.286000013	2.696033
493.539999962	0.792313
495.540999889	6.483029
497.536999941	0.39839
499.539000034	7.354419
501.535000086	0.012232
503.534000158	4.536299
505.536000013	7.441008
507.535000086	0.822829
509.539999962	8.02724
511.536999941	1.622803
514.038000107	0.166339
516.046000004	0.014525
518.042999983	3.405055
520.03399992	9.373674
522.03399992	6.838012
524.032999992	0.013303
526.035000086	0.675393
528.036999941	4.435382
530.368000031	0.957775
532.395999908	0.901272
534.534000158	0.067429
536.544999838	3.540534
538.537999868	5.661034
540.535000086	0.012406
542.534000158	5.832764
544.532999992	10.583208
546.532999992	10.583208
548.534000158	10.583208
550.532999992	10.583208
552.534000158	10.583208
554.532000065	10.583208
556.403000116	10.583208
558.536000013	10.583208
560.542000055	10.583208
562.534000158	10.583208
564.536999941	10.583208
566.536000013	0.069319
568.388999939	1.149402
570.537999868	1.051463
572.535000086	1.815083
574.532999992	2.151056
576.536000013	2.226996
578.536999941	2.210634
580.412999868	2.729891
582.534000158	2.666151
584.536000013	3.349722
586.536000013	4.17547
588.532999992	4.17547
590.532999992	3.890481
592.537999868	4.950715
594.535000086	3.975912
596.536000013	5.267358
598.534000158	5.79238
600.535000086	7.287367
602.534000158	7.287367
604.534000158	6.478164
606.540999889	8.186046
608.536999941	7.534406
610.536999941	7.731413
612.535000086	9.168418
614.536999941	9.731952
616.536000013	10.320032
618.536000013	10.209387
620.534000158	10.209387
622.540999889	10.209387
624.534000158	10.209387
626.535000086	2.308955
628.535000086	4.398548
630.535000086	4.848711
632.535000086	4.848711
634.536000013	4.848711
636.532999992	5.104359
638.534000158	9.791461
640.536999941	10.28818
642.532999992	0.074958
644.532999992	0.014109
646.537999868	2.935753
648.535000086	4.567093
650.535000086	5.654516
652.534000158	9.313664
654.536000013	9.852451
656.534000158	1.378237
658.532000065	0.879863
660.535000086	0.012206
662.537999868	0.026101
664.536000013	0.108809
666.534000158	3.881859
668.537999868	0.044832
670.536000013	1.009751
672.535000086	2.443962
675.04399991	0.017335
677.035000086	0.824038
679.03399992	1.659562
681.039000034	2.722606
683.040999889	2.722606
685.035000086	6.933105
687.035000086	6.933105
689.040999889	7.923953
691.038000107	7.293025
693.038000107	0.012095
695.036000013	0.82537
697.296000004	5.290902
699.292000055	0.087945
702.035000086	4.193879
704.036000013	1.366443
707.038000107	0.58828
709.210999966	0.017659
711.7900002	2.4
713.791000128	0.815507
716.28399992	2.241238
718.28399992	2.294101
720.28399992	2.766823
722.284999847	0.039361
724.282999992	0.81519
726.286999941	4.175857
728.28399992	6.127317
730.284999847	0.013699
732.282999992	5.105552
734.294000149	7.018315
736.28399992	5.627447
738.28399992	8.976004
740.292000055	7.020096
742.286999941	2.627556
744.284999847	0.012918
746.856999874	1.076079
748.999000072	0.053365
753.492999792	0.018694
755.536000013	0.724223
758.036999941	0.134306
760.035000086	0.003877
762.035000086	0.01309
764.039000034	0.158994
766.035000086	0.093671
768.048999786	1.544473
770.539000034	0.017236
772.535000086	0.042749
775.547999859	3.493937
777.556999922	2.135838
782.65199995	1.975049
784.751999855	0.909178
787.039000034	0.420245
790.292999983	4.071833
792.292000055	0.137176
794.784999847	1.465235
796.787999868	3.733943
798.787999868	0.052986
800.786999941	2.139224
803.046000004	0.053499
805.036999941	0.08787
807.035000086	3.760773
809.044999838	4.483117
811.036000013	0.053427
813.035000086	1.564341
815.040999889	0.012979
817.036000013	0.093199
819.035000086	0.070272
821.036000013	0.003725
823.537999868	0.087871
825.536999941	0.062425
827.536000013	0.197693
829.537999868	0.127366
831.536999941	0.055693
833.534000158	0.06999
835.532999992	0.852612
837.534000158	5.505954
839.542000055	6.473684
841.542000055	3.789953
843.542000055	0.212213
845.539000034	6.358462
847.536999941	0.012269
849.40899992	0.857755
851.786999941	0.266556
853.785999775	6.854417
855.785999775	7.028497
857.786999941	2.403095
859.784999847	0.893406
861.791000128	5.974781
863.792000055	3.529077
865.785999775	1.813766
867.786999941	5.313263
870.287999868	5.961766
872.292000055	7.140039
875.264999866	6.203659
