0.0	0.15662
0.121999979019	2.51376
0.219999790192	0.038588
0.286000013351	2.933686
0.355999708176	1.804605
0.440999984741	4.495912
0.513000011444	4.495912
0.59299993515	4.999548
1.86299991608	1.843411
3.88100004196	2.479762
5.85999965668	1.433111
7.86199998856	4.997258
9.86199998856	4.090679
11.861000061	4.244864
13.861000061	3.623788
15.7680001259	5.801427
17.8619999886	4.749192
19.8619999886	6.000828
21.8629999161	4.581933
23.8659999371	5.841606
25.8599996567	5.841606
27.8589997292	5.841606
29.8599996567	5.841606
31.861000061	1.583117
33.8619999886	2.140903
35.8679997921	2.192647
37.8650000095	2.192647
39.8669998646	6.412474
41.9200000763	5.961035
43.8599996567	5.961035
45.9200000763	1.601245
47.8619999886	2.284862
49.9200000763	3.356406
51.9210000038	3.356406
53.9219999313	0.733958
55.9200000763	2.21313
57.8629999161	2.693564
59.8599996567	5.731994
61.861000061	5.731994
63.8599996567	5.731994
65.8619999886	4.575039
67.864000082	1.116361
69.8629999161	5.080828
71.8589997292	1.460062
73.8599996567	1.736741
75.9210000038	2.007011
77.9210000038	5.531427
79.9200000763	0.034341
81.9229998589	2.690813
83.9210000038	3.993816
85.861000061	3.376127
87.7330000401	3.376127
89.8699998856	3.601202
91.8619999886	3.609413
93.8679997921	0.127996
95.8599996567	3.545663
97.8619999886	0.026183
99.8629999161	0.029099
101.862999916	0.094218
103.859999657	0.135992
105.920000076	0.314978
107.921000004	3.561857
109.924999952	2.077508
111.864000082	2.184293
113.922999859	2.38068
115.921999931	3.537427
117.923999786	3.011601
119.922999859	1.108263
121.864000082	1.684555
123.926999807	1.21562
125.922999859	2.804425
127.920000076	3.980726
129.923999786	4.043925
131.920000076	1.638294
133.866999865	0.22778
135.862999916	1.466267
137.920000076	0.191572
139.941999912	0.078839
141.859999657	3.948193
143.861999989	0.36643
145.859999657	0.087756
147.866999865	1.80477
149.874999762	0.495466
151.868999958	0.024004
