0.0	0.979114
0.132999897003	0.561232
0.202000141144	2.669801
0.28200006485	0.924543
0.463999986649	0.118134
0.671000003815	0.295108
1.742000103	0.45725
2.79800009727	0.147231
3.75599980354	1.228459
4.76200008392	0.687798
6.08200001717	1.593172
7.90500020981	0.19991
9.98300004005	2.389385
12.0650000572	1.943274
14.121999979	1.485646
15.9519999027	0.06183
18.0269999504	0.305269
20.1100001335	0.148484
21.9319999218	0.226621
23.9919998646	0.230211
26.0720000267	0.052589
28.1530001163	2.721764
29.9739999771	0.083167
32.0540001392	5.50691
33.878000021	5.777701
35.9679999352	6.030547
38.0460000038	1.753585
40.1069998741	5.488573
41.9319999218	1.173828
44.0160000324	0.151081
46.0869998932	0.893484
48.1599998474	0.219515
49.9749999046	0.603742
52.0449998379	5.723886
54.1130001545	0.260084
55.9189999104	0.033919
57.9700000286	6.108091
60.0340001583	2.917479
62.1150000095	5.264275
63.9370000362	0.026244
66.0180001259	1.957533
68.0980000496	0.304759
70.1779999733	0.4104
72.0020000935	0.711179
74.1019999981	6.332317
76.1710000038	0.111669
77.9839999676	2.389592
80.0659999847	0.066549
82.1349999905	0.267504
83.9489998817	4.318403
86.0279998779	0.253667
88.1199998856	0.470542
89.9329998493	5.86701
92.0230000019	0.356196
94.1009998322	5.696767
96.1820001602	4.292137
98.006000042	5.300616
100.089000225	1.160055
102.167000055	3.493503
103.991999865	3.580001
106.079999924	0.368558
107.938999891	5.745096
109.975999832	6.174928
112.076999903	0.279132
114.157999992	0.316997
116.25	0.140081
118.220000029	4.510602
120.131000042	5.284832
122.210999966	5.025265
124.012999773	5.522736
126.092000008	6.073211
128.171999931	1.884445
129.994999886	5.809774
132.054000139	5.69484
134.123999834	1.618291
136.203000069	4.895706
138.257000208	3.94872
140.076999903	0.914309
142.161000013	0.027864
144.258000135	0.36418
146.071000099	0.354012
148.162999868	5.767881
150.242000103	0.584038
152.094000101	1.831911
154.13499999	5.297959
156.002000093	1.675674
158.029999971	0.53503
160.107999802	5.387963
162.197999954	1.957724
164.013999939	5.388854
166.092999935	5.644808
168.161999941	0.519085
170.230000019	5.756665
172.055000067	5.73878
174.118999958	0.908355
176.171999931	1.9851
178.231999874	0.075153
180.036999941	0.14124
182.102999926	0.472992
184.185000181	4.378358
186.244999886	5.911263
188.04399991	0.078548
190.092999935	1.683743
192.13499999	0.223344
194.190999985	0.29866
196.249000072	0.180113
198.073000193	0.2331
200.154000044	3.111599
202.233999968	0.13211
204.31099987	6.412401
206.145000219	5.79558
208.204999924	4.976031
210.29700017	5.718974
212.108999968	5.961013
214.188999891	5.729155
216.279000044	5.962768
218.092999935	6.029149
220.183000088	5.714779
222.263000011	4.772628
224.087999821	5.119516
226.167999983	5.831081
228.227999926	5.836408
230.315999985	5.957225
232.131000042	5.352702
234.222000122	4.799652
236.302999973	5.71646
238.114000082	0.132126
240.194000006	0.902652
242.28399992	0.04455
244.362999916	5.476832
246.156999826	0.051671
248.246999979	1.850052
250.33100009	5.801268
252.119999886	3.959774
254.198999882	5.605872
256.279999971	1.56493
258.358999968	5.763371
260.184000015	4.03807
262.263999939	2.295468
264.339999914	0.670713
266.147000074	5.837578
268.227999926	5.124503
270.305999994	0.075482
272.131999969	5.869623
274.209000111	5.646976
276.289000034	5.76574
278.371000051	6.199666
280.194000006	0.597311
282.262000084	2.657356
284.332999945	5.669437
286.391000032	5.733376
288.220999956	5.933386
290.305999994	3.131816
292.326999903	0.139777
294.393000126	5.630853
296.204999924	0.291349
298.286000013	0.619957
300.355000019	1.812232
302.414000034	3.28768
304.230000019	0.564196
306.305999994	3.83952
308.396999836	5.914112
310.226999998	5.800387
312.269999981	4.597512
314.348999739	1.930271
316.41899991	4.963133
318.23699975	5.651837
320.302000046	6.012533
322.380999804	5.339456
324.204999924	5.339456
326.284999847	5.79551
328.355000019	5.539474
330.423000097	5.84224
332.238000154	5.97314
334.318000078	2.342621
336.40199995	3.310767
338.220999956	3.429263
340.313000202	0.615454
342.39199996	5.957631
344.207000017	5.957631
346.28399992	0.286397
348.338000059	3.704516
350.414000034	3.90209
