0.0	0.020673
0.216999769211	0.329741
0.376999855042	0.329741
0.656999826431	0.496527
0.927000045776	0.619303
1.0759999752	0.825881
1.46700000763	2.167395
2.30200004578	0.141505
3.37199997902	2.284582
4.27099990845	0.038405
5.6179997921	2.352088
7.58699989319	1.899531
9.58699989319	2.728652
11.5879998207	1.226995
13.4769997597	0.608556
15.6069998741	0.17234
17.5869998932	0.013238
19.5869998932	0.110674
21.5969998837	0.250329
23.6069998741	0.017343
25.5869998932	0.150576
27.5869998932	0.103978
29.5980000496	0.140629
31.5869998932	0.069697
33.6019997597	0.003149
35.5879998207	0.111484
37.5869998932	4.076107
39.5869998932	0.066163
41.5910000801	3.776806
43.5869998932	0.054608
45.6059999466	3.552717
47.5869998932	0.011608
49.5869998932	0.064777
51.5969998837	0.051992
53.5869998932	0.054954
55.5869998932	1.087126
57.5869998932	0.08665
59.6069998741	0.088543
61.5169997215	0.498668
63.5869998932	2.652474
65.5869998932	6.583235
67.6069998741	0.024004
69.5879998207	0.59771
71.5869998932	0.416172
73.5869998932	0.061433
75.5869998932	0.0274
77.5869998932	0.150449
79.5869998932	0.025719
81.5869998932	0.482329
83.6069998741	1.748259
85.4869999886	3.232714
87.5869998932	3.312979
89.6069998741	0.011223
91.5869998932	0.754412
93.5869998932	0.011601
95.5869998932	0.528041
97.5869998932	4.760541
99.5869998932	5.826006
101.596999884	1.345754
103.606999874	7.974825
105.586999893	6.365196
107.616999865	7.258055
109.616999865	1.638814
111.606999874	0.069237
113.595999956	0.103485
115.585999727	0.013872
117.586999893	1.587389
119.586999893	0.008419
121.621999979	0.026036
123.606999874	0.03113
125.606999874	0.023974
127.605999947	0.069205
129.585999727	0.584541
131.616999865	0.018962
133.586999893	1.765564
135.586999893	2.586522
137.586999893	2.343319
139.60199976	1.146402
141.586999893	0.078128
143.596999884	0.631826
145.616999865	0.012508
147.59800005	0.029788
149.596999884	0.213604
151.606999874	0.08451
153.606999874	0.59905
155.596999884	2.270818
157.586999893	3.652132
159.586999893	0.013787
161.59100008	6.38757
163.586999893	0.008115
165.59800005	5.163954
167.586999893	0.047965
169.596999884	0.291038
171.592999935	0.167471
173.585999727	0.008971
175.586999893	3.292866
177.586999893	0.00867
179.586999893	3.697103
181.60199976	6.824631
183.588999748	1.629796
185.587999821	0.011129
187.586999893	0.059077
189.606999874	0.152452
191.585999727	0.38377
193.587999821	0.023014
195.586999893	0.188268
197.596999884	1.374184
199.586999893	1.002829
201.586999893	0.688402
203.847999811	2.674042
205.863999844	2.572781
207.846999884	2.376333
209.847999811	0.027881
211.847999811	0.009522
213.857999802	1.032294
215.842999935	4.537316
217.847999811	5.495401
219.716999769	0.609545
221.826999903	5.18795
223.846999884	1.20319
225.845999956	0.017428
227.846999884	0.022732
229.846999884	0.731375
231.847999811	0.029023
233.846999884	0.815072
235.846999884	2.460857
237.845999956	3.449743
239.846999884	0.343296
241.846999884	1.417049
243.71999979	0.606684
245.846999884	0.217387
247.866999865	0.24212
249.857999802	0.731595
251.856999874	1.630243
253.846999884	1.400003
255.845999956	4.757237
257.846999884	0.115317
259.846999884	0.01156
262.761999846	0.14612
264.187000036	0.656542
265.836999893	0.567409
267.824999809	0.575734
269.871000051	0.05602
271.846999884	0.222291
273.846999884	1.030925
275.846999884	0.951372
277.847999811	0.023011
279.846999884	1.068183
281.846999884	1.292446
283.846999884	0.00998
285.847999811	0.69854
287.846999884	0.800365
289.846999884	2.362269
291.731999874	2.593482
293.846999884	0.025334
295.848999739	1.766218
297.845999956	2.399627
299.847999811	2.151684
301.846999884	2.779924
303.856999874	1.83071
305.846999884	2.502033
307.846999884	3.330962
309.866999865	1.773742
311.866999865	0.673944
313.836999893	0.05182
315.731999874	0.874366
317.849999666	2.269227
319.841999769	4.014961
321.846999884	3.40642
323.846999884	3.597163
325.860999823	0.019337
327.859999895	2.403077
329.836999893	3.468979
331.846999884	3.270951
333.836999893	1.389716
335.846999884	3.136474
337.846999884	1.963506
339.816999912	0.012673
341.836999893	2.281127
343.856999874	4.173035
345.847999811	0.818296
347.847999811	0.03474
349.841999769	0.045986
351.846999884	0.041488
353.856999874	1.117672
355.866999865	0.814302
357.826999903	0.012065
359.840999842	0.719975
361.856999874	2.145224
363.861999989	0.690326
365.846999884	1.694274
367.846999884	2.986445
369.861999989	3.679395
371.846999884	3.987031
373.846999884	4.636304
375.846999884	1.292272
377.846999884	1.148355
379.856999874	0.027759
381.841999769	3.671191
383.846999884	1.962598
385.846999884	0.105785
387.846999884	0.932565
389.845999956	0.432977
391.846999884	2.655273
393.846999884	0.647949
395.846999884	1.219663
397.846999884	0.742694
399.846999884	2.05117
401.836999893	0.104326
403.845999956	0.07484
405.856999874	0.653959
407.851999998	0.02133
409.825999737	0.004049
411.856999874	0.057375
413.845999956	0.14546
415.856999874	0.028624
417.855999947	0.285174
419.846999884	0.109698
421.856999874	0.010765
423.846999884	0.293034
425.846999884	0.112578
427.856999874	0.00267
429.846999884	0.459738
431.847999811	0.343528
434.217999697	0.193683
435.846999884	0.438805
437.846999884	0.098088
439.846999884	0.021247
441.845999956	0.083092
443.846999884	3.173898
445.856999874	0.018452
447.846999884	2.380837
449.847999811	1.138701
451.847999811	0.033932
453.846999884	3.266868
456.107999802	0.007039
458.096999884	0.182838
460.100999832	0.657278
462.086999893	0.095111
464.116999865	0.008944
466.106999874	0.089038
468.088999748	0.062661
470.086999893	0.55929
472.085999966	1.666832
474.107999802	0.018579
476.086999893	0.039593
478.107999802	3.73595
480.106999874	1.543189
482.086999893	5.247304
484.086999893	4.405942
486.105999708	2.732733
488.106999874	2.732733
490.086999893	2.732733
492.106999874	2.923793
494.096999884	5.956856
496.106999874	1.151202
498.086999893	0.008351
500.086999893	0.040827
502.097999811	0.551921
504.087999821	0.025995
506.101999998	0.884833
508.086999893	2.221079
510.106999874	2.599151
512.106999874	0.877193
514.107999802	6.434673
516.106999874	1.766329
518.107999802	0.008089
520.106999874	0.07744
522.106999874	4.25202
524.106999874	0.160956
526.106999874	0.012077
528.107999802	3.463848
530.106999874	0.451667
532.105999708	0.674559
534.106999874	0.477395
536.105999708	0.163928
538.124999762	4.756881
540.107999802	5.14136
542.107999802	5.03004
544.106999874	0.041673
546.107999802	0.133282
548.108999729	0.145318
550.088999748	0.020591
552.107999802	0.320885
554.107999802	2.011348
556.106999874	0.017884
558.106999874	0.043357
560.106999874	4.295897
562.086999893	2.129616
564.106999874	3.618769
566.106999874	1.002598
568.106999874	3.16489
570.106999874	0.505813
572.076999903	0.601747
574.022000074	0.822162
576.096999884	1.201664
578.107999802	1.547527
580.107999802	1.96789
582.106999874	1.811316
584.107999802	2.487627
586.105999708	2.440113
588.105999708	2.235753
590.106999874	2.316896
592.106999874	2.647977
594.110000134	1.285092
596.105999708	0.02117
598.106999874	2.840268
600.111999989	2.799892
602.106999874	2.478192
604.106999874	2.612412
606.106999874	2.602267
608.106999874	1.917593
610.096999884	0.644049
612.106999874	0.006946
614.106999874	0.022076
616.106999874	0.061693
618.106999874	2.536392
620.086999893	2.737353
622.105999708	2.0324
624.105999708	0.343825
626.106999874	2.915378
628.086999893	2.970634
630.107999802	2.970634
632.106999874	0.071507
634.087999821	0.008691
636.106999874	0.013837
638.106999874	3.763277
640.106999874	1.81244
642.106999874	3.443423
644.106999874	3.493142
646.086999893	3.524028
648.106999874	3.50495
650.086999893	3.693929
652.086999893	1.10754
654.107999802	3.348327
656.087999821	0.314962
658.106999874	4.713909
660.106999874	0.865909
662.086999893	4.713112
664.107999802	4.746236
666.106999874	5.278928
668.106999874	5.278928
670.106999874	5.278928
672.116999865	5.278928
674.105999708	5.278928
676.108999729	5.278928
678.105999708	0.034272
680.400999784	0.222904
683.062000036	0.500275
684.846999884	0.690787
686.35800004	1.461098
688.106999874	1.06831
690.106999874	1.804563
692.116999865	1.647451
694.108999729	2.071829
696.106999874	1.837906
698.105999708	1.945804
700.106999874	1.655035
702.087999821	1.935982
704.366999865	0.010627
706.366999865	2.379548
708.346999884	0.100064
710.365999937	0.005182
712.366999865	0.002395
714.346999884	0.363494
716.346999884	1.858767
718.366999865	0.927834
720.366999865	0.818595
722.346999884	0.010296
724.366999865	0.013479
726.342000008	0.763855
728.366999865	2.418164
730.366999865	0.740612
732.365999937	2.633498
734.346999884	2.818295
736.365999937	1.526251
738.216999769	1.580798
740.346999884	1.580798
742.336999893	0.149689
744.347999811	0.026836
746.347999811	0.008724
748.347999811	0.0399
750.346999884	0.110965
752.366999865	2.67514
754.367999792	0.018605
756.346999884	2.426553
758.346999884	0.465922
760.366999865	0.030735
762.367999792	1.845927
764.366999865	1.614686
766.366999865	0.351173
768.366999865	2.998081
770.35800004	0.02781
772.345999718	2.991094
774.347999811	0.069203
776.347999811	0.046347
778.347999811	2.912967
780.348999739	0.060423
782.366999865	0.537391
784.367999792	0.291456
786.297999859	0.43237
788.366999865	0.023092
790.367999792	2.17791
792.346999884	0.692597
794.366999865	5.208848
796.346999884	0.62876
798.367999792	1.027952
800.347999811	0.021213
802.346999884	0.029144
804.367999792	0.278658
806.346999884	0.68959
808.367999792	0.064222
810.346999884	0.451466
812.346999884	0.17582
814.367999792	0.359453
816.347999811	0.147101
818.346999884	1.83062
820.347999811	5.693733
822.367999792	4.655372
824.367999792	6.906619
826.366999865	0.037055
828.366999865	1.160011
830.356999874	0.019855
832.376999855	0.085185
834.347999811	0.331342
837.022000074	0.011517
838.346999884	0.013903
840.366999865	0.087565
842.345999718	0.096564
844.346999884	0.023141
846.366999865	0.28975
848.365999937	0.012611
850.366999865	0.578116
852.366999865	1.828664
854.376999855	0.602123
856.366999865	1.985165
858.356999874	0.022514
860.372999907	0.183887
862.326999903	0.503223
864.346999884	0.4935
866.346999884	0.04649
868.35800004	0.707492
870.366999865	2.976194
872.367999792	2.369549
874.348999739	0.829011
876.36899972	1.093717
878.348999739	0.035251
880.350000143	0.15683
882.345999718	0.519811
884.366999865	2.583848
886.366999865	0.015414
888.366999865	1.790232
890.356999874	0.104372
892.346999884	0.500702
894.366999865	1.793372
896.346999884	2.821631
898.365999937	0.020309
900.367999792	4.306555
902.35800004	0.015463
904.346999884	1.09317
906.321999788	0.344051
908.36199975	4.62881
910.366999865	0.103083
912.366999865	1.965743
914.366999865	1.847107
916.346999884	2.950813
918.366999865	0.258226
920.346999884	2.149999
922.346999884	2.23386
924.365999937	3.193246
926.345999718	0.028581
928.351999998	0.003377
930.346999884	0.425042
932.346999884	0.051154
934.365999937	1.318801
936.346999884	0.026681
938.346999884	0.052973
940.346999884	0.023067
942.36899972	0.079616
944.366999865	0.068062
946.375999928	0.059606
948.346999884	2.274367
950.346999884	2.003304
952.346999884	0.23579
954.586999893	2.380528
956.607999802	0.021484
958.587999821	1.024599
960.606999874	2.706078
962.606999874	0.055502
964.606999874	3.957192
966.616999865	4.10604
968.606999874	0.002169
970.626999855	2.23199
972.605999947	4.170813
974.606999874	0.00868
976.606999874	0.207326
978.606999874	0.609996
980.592999935	2.423235
982.606999874	0.16948
984.585999727	0.293119
986.606999874	0.011565
988.59100008	0.019884
990.606999874	1.313032
992.586999893	2.286499
994.600999832	3.931476
996.616999865	2.531004
998.606999874	0.018546
1000.60699987	0.025159
1002.46200013	0.029858
1004.60699987	0.02782
1006.58699989	0.015908
1008.60599995	0.025274
1010.59699988	0.471721
1012.60699987	0.03454
1014.58699989	0.130048
1016.59800005	0.217106
1018.59800005	0.059902
1020.6079998	0.251421
1022.60699987	2.915937
1024.59800005	2.677905
1026.60699987	0.382274
1028.58599973	0.074692
1030.60699987	4.50082
1032.6079998	0.012633
1034.6079998	0.568806
