0.0	0.031063
0.360999822617	0.476024
0.547999620438	0.476024
0.721999883652	0.476024
0.893999814987	0.476024
1.06999993324	0.666403
1.57899975777	0.396874
2.17799973488	0.821553
3.32299971581	0.703271
4.53899979591	0.815731
6.53699994087	0.652587
9.29299998283	0.748907
11.9409999847	0.400238
13.8129999638	0.717907
16.3509998322	0.797639
18.9109997749	0.8162
21.9919998646	0.82084
23.4400000572	0.844884
24.7009999752	0.623813
24.9440000057	0.780038
26.4400000572	0.822749
27.7979998589	0.809093
29.7929999828	0.609953
31.7269997597	0.609953
33.7929999828	0.825092
35.7939999104	0.751861
37.7349998951	0.826641
39.7929999828	0.739406
41.8109998703	0.819176
43.7920000553	0.239974
45.7929999828	0.805346
47.8389997482	0.804456
49.7920000553	0.771711
51.7639997005	0.797429
54.0789997578	0.828369
55.657999754	0.808555
57.7920000553	0.751121
59.7939999104	0.735392
61.8099999428	0.821535
63.7929999828	0.783656
65.7920000553	0.820499
67.7909998894	0.824782
69.7920000553	0.825133
71.7949998379	0.790117
73.7949998379	0.770706
75.7929999828	0.758209
77.7920000553	0.758209
79.7259998322	0.804248
81.7939999104	0.747078
83.7979998589	0.76185
85.7920000553	0.828566
87.7920000553	0.74475
89.7920000553	0.64674
91.7920000553	0.751333
93.7920000553	0.751333
95.7929999828	0.772639
97.7929999828	0.83245
99.7909998894	0.775916
101.790999889	0.746651
103.728999853	0.834245
105.792000055	0.767995
107.792000055	0.815206
109.790999889	0.805508
111.790999889	0.808879
113.796999931	0.771718
115.80099988	0.816796
117.790999889	0.71763
119.792000055	0.815402
121.790999889	0.76086
123.794999838	0.816663
125.792000055	0.820714
127.727999926	0.822715
129.790999889	0.835488
131.792000055	0.759694
133.794999838	0.815838
135.790999889	0.573459
137.792000055	0.836136
139.804999828	0.836136
141.790999889	0.836136
143.792000055	0.836136
145.794999838	0.805222
147.792999983	0.613447
149.792000055	0.816074
151.978999853	0.660507
154.699999809	0.760372
157.332999945	0.757792
159.971999645	0.815107
161.184000015	0.82405
161.790999889	0.82405
163.792000055	0.82405
165.792000055	0.827999
167.792000055	0.048121
169.792000055	0.787849
171.792999983	0.417078
173.790999889	0.821134
175.790999889	0.838509
177.790999889	0.726757
179.789999723	0.747469
181.790999889	0.820767
183.798999786	0.785969
185.790999889	0.763749
187.794999838	0.805794
189.790999889	0.704095
191.792000055	0.805794
193.814999819	0.820354
195.790999889	0.888386
197.792000055	0.824891
199.789999723	0.822307
201.792999983	0.832486
204.964999914	0.016936
208.056999922	0.601353
210.368999958	0.06901
212.253000021	0.75241
215.880999804	0.818711
218.289999723	0.789293
221.87899971	0.835708
222.732999802	0.761245
223.592000008	0.792537
224.466999769	0.753913
225.296000004	0.800711
226.509999752	0.597435
228.417999744	0.671246
230.517999887	0.760062
231.954999685	0.687936
234.856999874	0.420219
239.026999712	0.833032
241.514999866	0.785005
242.472999811	0.635498
246.103999853	0.605131
248.296999931	0.827411
250.286999702	0.496976
252.069999933	0.437666
254.102999687	0.547923
256.86500001	0.69568
259.419999599	0.345722
260.888999939	0.792248
262.008999825	0.388716
263.436999798	0.67724
265.2099998	0.414777
267.731999636	0.069107
270.390999794	0.019389
273.152999878	0.448828
275.455999851	0.680952
277.581999779	0.509437
278.648999929	0.83006
280.01699996	0.806191
281.689999819	0.81501
283.148999929	0.812016
284.257999897	0.478057
285.411999702	0.431789
286.54799962	0.804835
288.041999817	0.118073
290.187999725	0.716085
292.024999857	0.831207
294.039999962	0.475188
296.028999805	0.809996
298.569999933	0.813851
301.761999846	0.003097
305.470999718	0.80554
308.441999912	0.376375
310.411999702	0.460262
311.730999708	0.819673
313.466999769	0.783474
315.34499979	0.674956
316.427999735	0.727578
317.166999817	0.835187
322.339999676	0.640214
324.496999979	0.710285
325.201999903	0.003684
326.343999863	0.30215
328.992999792	0.537097
332.079999924	0.682724
334.958999872	0.576946
336.051999807	0.789693
337.18599987	0.81109
339.98699975	0.824361
342.38499999	0.81135
344.126999855	0.847599
345.658999681	0.758718
346.808000088	0.599406
348.309999943	0.824876
350.731999636	0.823154
353.704999924	0.727228
356.268999815	0.730793
