0.0	1.350111
0.774000167847	0.056034
1.11599993706	1.344403
1.30399990082	1.077875
1.4430000782	1.060029
1.55200004578	1.364659
2.54699993134	1.212364
3.16400003433	0.028027
4.57500004768	0.36191
6.38399982452	0.583349
8.79199981689	1.348522
10.8300001621	0.611085
12.0460000038	0.606391
13.7059998512	0.191054
15.8199999332	0.734668
18.1399998665	1.281893
21.9500000477	1.03225
25.2960000038	0.988026
28.0689997673	0.983098
30.7230000496	0.953611
32.8429999352	1.061742
34.7359998226	0.205876
36.6879999638	0.097499
38.998000145	0.414638
40.9579999447	1.249108
43.0869998932	0.016191
45.0759999752	0.96919
47.1349999905	1.14232
49.2209999561	0.389559
51.0889999866	1.042138
52.7230000496	0.938394
53.6879999638	0.349631
54.5649998188	1.414877
55.3880000114	0.616554
56.0839998722	1.323606
56.8320000172	0.493674
58.0910000801	0.144996
60.0910000801	1.056468
63.1579999924	1.40365
66.4399998188	0.0749
69.0269999504	1.026527
72.5319998264	0.189245
75.251999855	1.324131
75.9189999104	0.124435
76.4960000515	0.224684
77.7740001678	0.254355
86.4539999962	0.002552
88.1849999428	0.518111
89.0489997864	0.501328
89.8069999218	0.501328
90.004999876	0.694503
90.4049999714	0.956055
91.2339997292	0.469967
92.1209998131	0.061554
94.131000042	1.125295
96.1199998856	0.429558
98.131000042	0.510582
100.120999813	0.28165
102.120999813	0.74907
104.179999828	1.307129
107.231999874	0.936723
110.771999836	0.5545
112.90899992	1.300957
115.434999943	0.067402
116.399999857	0.504454
117.279999971	1.239323
118.137999773	1.225792
120.123999834	0.039263
122.128000021	1.137444
124.440999985	1.167377
126.126000166	0.213485
128.127000093	1.08288
130.120999813	0.678198
132.128000021	0.014701
134.129999876	0.723329
136.126000166	0.125964
138.123999834	1.301976
140.124999762	1.514865
142.121999741	0.024611
144.124999762	0.24358
146.799000025	0.027584
149.630000114	1.33124
152.806999922	0.828238
155.886000156	0.516956
158.27699995	0.951449
160.812999964	1.04981
161.428999901	1.374744
162.376999855	0.063222
164.108999968	0.680066
164.721999884	0.583971
167.046999931	0.741527
168.455999851	1.229407
170.878999949	0.693836
174.000999928	1.208168
177.328999758	0.327782
179.460000038	0.275408
181.842999935	1.096502
183.395999908	0.583269
184.129999876	0.014402
184.75999999	0.650623
