0.0	0.023218
1.1130001545	3.214333
1.42300009727	5.031976
1.82400012016	2.105747
2.07399988174	4.50009
2.53400015831	2.94909
2.85300016403	2.94909
3.14499998093	0.596795
3.4240000248	6.584745
4.4540002346	6.028595
6.45300006866	0.719597
8.4540002346	0.072838
10.4540002346	4.815062
12.4540002346	0.011462
14.4530000687	0.265402
18.1740002632	0.723657
20.2130000591	2.783464
22.2130000591	2.816037
24.1730000973	2.816037
25.9330000877	2.816037
27.9330000877	2.816037
30.1730000973	2.816037
32.1730000973	1.835772
33.9340002537	1.786436
36.1730000973	1.847908
38.2120001316	2.105253
39.9350001812	2.105253
42.2150001526	2.105253
44.2150001526	0.618329
46.1740002632	1.692263
47.9330000877	2.583956
50.2130000591	2.458314
52.2130000591	2.088757
54.1730000973	2.500118
56.2130000591	2.689195
58.2140002251	2.812939
60.2130000591	1.59972
62.1730000973	2.418078
64.2130000591	2.856236
65.967000246	2.364261
68.2140002251	2.100525
70.2130000591	2.088441
72.1730000973	2.734938
74.1740002632	2.593095
75.9330000877	2.526239
78.2140002251	0.36674
80.1730000973	1.441547
82.2130000591	0.209428
84.1730000973	0.183958
85.9740002155	0.008594
88.1740002632	0.110683
90.1740002632	1.112728
92.1730000973	2.796511
94.2130000591	1.756264
96.2140002251	0.021965
98.1730000973	0.143417
100.214000225	0.235137
101.934000254	0.392963
103.988000154	0.021184
106.213000059	1.971565
108.174000263	2.621215
110.214000225	1.587523
112.214000225	2.776981
114.174000263	0.289712
116.214000225	3.218417
118.174000263	1.435702
120.453000069	3.767276
122.213000059	1.905404
124.213000059	2.209139
126.213000059	4.663275
128.173000097	4.663275
130.174000263	4.378435
132.173000097	4.508692
134.213000059	4.79543
136.174000263	3.951033
138.173000097	4.250993
140.453000069	4.589458
142.184000015	0.622672
144.188000202	4.381446
146.173000097	4.562425
148.177999973	4.562425
150.173000097	4.651433
152.213000059	4.651433
154.173000097	4.651433
156.184000015	4.651433
158.419000149	4.651433
160.213000059	4.717942
162.188000202	5.308454
164.214000225	4.806261
166.34800005	5.641788
168.213000059	5.641788
170.173000097	5.641788
172.434000015	5.641788
174.454000235	2.88797
176.174000263	5.728669
178.179000139	0.284546
180.214000225	6.122505
182.214000225	2.077568
184.454000235	5.613271
186.214000225	0.072164
188.249000072	7.557618
190.18900013	4.437877
192.453000069	7.101777
194.453000069	7.101777
196.214000225	7.101777
198.214000225	7.101777
200.214000225	7.710769
202.454000235	7.376173
204.183000088	8.051504
206.213000059	8.051504
208.213000059	8.051504
210.423000097	8.051504
212.454000235	8.051504
214.213000059	8.051504
216.213000059	0.956639
218.193000078	3.244185
220.443000078	3.244185
222.453000069	1.698726
224.183000088	1.646382
226.213000059	1.748426
228.454000235	1.354117
230.454000235	2.110193
232.18900013	2.741353
234.215000153	1.704306
236.454000235	3.486504
238.359000206	1.727236
240.454000235	0.142489
242.215000153	2.628483
244.18900013	1.261348
246.214000225	0.614333
248.444000006	4.796925
250.454000235	0.116467
252.459000111	5.193797
254.213000059	0.91358
256.174000263	5.049735
258.453000069	5.192293
260.453000069	5.814816
262.384000063	3.528538
264.214000225	6.026815
266.214000225	0.065999
268.454000235	0.127634
270.454000235	0.448533
272.453000069	0.009188
274.454000235	2.081485
276.213000059	5.206216
278.454000235	0.323132
280.494000196	1.416812
282.455000162	0.039811
284.214000225	0.166852
286.214000225	2.865163
288.454000235	4.566143
290.454000235	1.273288
292.454000235	1.209717
294.454000235	0.953493
296.213000059	1.068621
298.454000235	8.072626
300.454000235	8.419442
302.454000235	0.010166
304.214000225	4.38044
306.453000069	7.650355
308.454000235	2.678049
310.354000092	0.702819
312.454000235	0.285042
314.214000225	4.196106
316.454000235	4.196106
318.453000069	2.298938
320.454000235	0.90242
322.454000235	5.334358
324.455000162	1.901474
326.453000069	3.821567
328.454000235	3.008848
330.455000162	0.554688
332.454000235	0.007981
334.454000235	0.496617
336.454000235	2.407835
338.454000235	1.938532
340.455000162	0.009495
342.455000162	2.400748
344.454000235	2.010695
346.45600009	0.210368
348.45600009	5.398191
350.454000235	1.191998
352.453000069	1.176108
354.457000017	7.595893
356.454000235	5.330108
358.354000092	0.571359
360.494000196	2.169759
362.454000235	3.983736
364.454000235	3.10626
366.495000124	0.893535
368.454000235	0.042259
370.455000162	5.105535
372.455000162	7.407874
374.455000162	4.759341
376.494000196	0.435414
378.454000235	0.585561
380.694000244	0.212078
382.381000042	0.500498
384.454000235	0.308881
386.454000235	4.896642
388.454000235	0.043382
390.694000244	9.074592
392.454000235	0.499396
394.455000162	10.61699
396.455000162	10.530481
398.453000069	4.045054
400.695000172	0.338727
402.455000162	6.771517
404.454000235	0.447851
406.354000092	9.235567
408.494000196	9.235567
410.457999945	0.011125
412.45600009	1.261675
414.454000235	5.578336
416.454000235	8.830805
418.734000206	9.131177
420.453000069	4.290517
422.453000069	7.773301
424.493000031	7.773301
426.695000172	4.248955
428.453000069	10.29303
430.353000164	10.29303
432.45600009	10.29303
434.453000069	10.29303
436.693000078	10.29303
438.45600009	1.377448
440.494000196	9.86647
442.489000082	9.647633
444.734000206	9.647633
446.73300004	9.647633
448.454000235	6.910577
450.454000235	5.757536
452.694000244	0.701905
454.694000244	4.437274
456.73300004	4.437274
458.455000162	5.252412
460.457000017	2.056438
462.45600009	4.930594
464.705000162	0.098166
466.735000134	0.022265
468.457999945	1.104789
470.455000162	8.562875
472.493000031	8.594485
474.734000206	0.499527
476.45600009	7.799107
478.469000101	1.115502
480.455000162	0.660893
482.734000206	6.550336
484.729000092	2.757538
486.695000172	5.807781
488.45600009	0.043287
490.454000235	8.557691
492.457000017	9.755347
494.694000244	9.951335
496.694000244	0.478739
498.454000235	1.012726
500.457000017	5.65928
502.454000235	1.140157
504.694000244	10.271884
506.734000206	4.698284
508.453000069	0.010178
510.454000235	4.866964
512.694000244	10.336478
514.694000244	6.128558
516.495000124	10.48044
518.457000017	0.010579
520.735000134	0.010559
522.734000206	6.360841
524.694000244	6.360841
526.353000164	6.360841
528.454000235	6.360841
530.49000001	6.360841
532.693000078	3.950848
534.694000244	1.423893
536.454000235	0.019696
538.454000235	2.174846
540.693000078	2.174846
542.693000078	2.174846
544.453000069	2.174846
546.454000235	2.174846
548.693000078	0.010237
553.468000174	0.263233
554.743000269	0.450312
556.898000002	0.700861
558.049000025	0.857598
559.114000082	1.130586
560.693000078	1.282504
562.69900012	1.04691
564.444000006	1.730285
566.734000206	1.723122
568.734000206	1.804444
570.73300004	0.843164
572.694000244	2.028722
574.453000069	2.19632
576.73300004	2.110396
578.73300004	1.985246
580.693000078	2.270241
582.453000069	2.270241
584.734000206	0.592856
586.735000134	1.116736
588.734000206	2.707985
590.694000244	0.223753
592.694000244	3.217791
594.734000206	0.064649
596.73300004	2.347579
598.694000244	4.339165
600.737999916	4.070569
602.713999987	3.87212
604.73300004	0.002713
606.732000113	2.18246
608.452000141	2.18246
610.73300004	0.267206
612.598000288	0.552748
614.73300004	1.887702
616.697999954	4.827761
618.73300004	5.26386
620.693000078	5.26386
622.73300004	4.738757
624.73300004	5.182612
626.694000244	4.88616
628.703000069	4.843056
630.734000206	3.216729
632.73300004	1.583204
634.97300005	1.777189
636.73300004	0.381603
638.693000078	0.359095
640.693000078	2.756184
642.735000134	2.756184
644.734000206	0.23956
646.734000206	5.849107
648.693000078	4.214747
650.702000141	0.518102
652.97300005	6.811772
654.70600009	5.960974
656.734000206	6.369317
658.734000206	6.871225
660.694000244	0.499571
662.73300004	6.661106
664.694000244	5.998256
666.734000206	2.270582
668.734000206	5.578184
670.974000216	4.888662
672.734000206	7.37051
674.734000206	2.874373
676.734000206	0.008316
678.734000206	3.75618
680.73300004	8.402267
682.97300005	4.020546
684.592999935	4.020546
686.73300004	4.020546
688.693000078	4.119308
690.694000244	7.196023
692.974000216	7.986301
694.734000206	7.820641
696.734000206	1.333108
698.73300004	9.43919
700.734000206	8.539536
702.97300005	8.358686
704.734000206	8.358686
706.734000206	8.358686
708.73300004	8.358686
710.734000206	8.358686
712.97300005	9.742692
714.73300004	0.636569
716.694000244	2.455697
718.734000206	0.36648
720.73300004	1.714158
722.97300005	0.985977
724.97300005	3.754667
726.73300004	2.201404
728.735000134	3.378028
730.734000206	2.642023
732.713999987	0.11978
734.974000216	2.681284
736.974000216	5.684038
738.734000206	4.43473
740.734000206	5.311026
742.974000216	6.852413
744.97300005	0.359825
746.694000244	3.375616
748.734000206	3.904412
750.734000206	0.056816
752.735000134	2.341837
754.974000216	7.057885
756.974000216	6.826011
758.975000143	0.629803
760.734000206	1.287012
762.734000206	6.478515
764.974000216	3.623035
766.97300005	0.499752
768.734000206	5.38934
770.73300004	2.874423
772.734000206	0.009871
774.974000216	8.185773
776.975000143	1.00101
778.734000206	7.163698
780.735000134	0.885444
782.73300004	3.589409
784.974000216	7.862744
786.97300005	6.086319
788.974000216	4.054144
790.73300004	0.062139
792.734000206	3.626309
794.73300004	8.633562
796.974000216	0.693521
798.97300005	0.057084
800.976999998	2.549162
802.693000078	2.743416
804.734000206	3.449582
806.974000216	3.124346
808.948000193	4.098989
810.73300004	3.314189
812.974000216	4.128932
814.97300005	3.881828
816.97300005	4.235419
818.734000206	3.875529
820.974000216	0.131615
822.974000216	0.108012
824.975000143	0.132075
826.97300005	0.137439
828.73300004	0.499649
830.974000216	2.32152
832.974000216	4.177847
834.979000092	0.53432
836.974000216	3.293664
838.974000216	0.551853
840.734000206	0.166464
842.73300004	5.759083
844.974000216	5.124536
846.974000216	0.643004
848.974000216	4.699094
850.97300005	6.059464
852.734000206	6.414897
854.97300005	7.853214
856.974000216	7.132613
858.974000216	7.020144
860.97300005	7.787325
