0.0	1.68212
0.6859998703	1.332438
0.791999816895	1.332438
1.00099992752	1.610731
1.41000008583	1.478081
2.03799986839	0.300885
3.59299993515	0.803362
4.99099993706	1.584288
7.01999998093	0.944539
8.76099991798	1.031772
9.21599984169	1.701067
10.5879998207	0.525954
11.9270000458	0.341358
13.5190000534	1.135483
14.7460000515	0.58026
16.5409998894	1.301684
19.370000124	1.507447
22.368999958	1.68971
24.3609998226	1.717405
27.0799999237	0.749982
27.9849998951	0.740352
29.6229999065	0.635763
31.4409997463	0.965312
32.5849997997	0.978912
35.0399999619	0.811293
38.1799998283	1.528746
39.8269999027	1.197525
41.388999939	1.723133
43.3489997387	0.580144
46.9099998474	0.921066
49.2909998894	1.681878
51.0089998245	1.705191
52.5259997845	1.488587
53.9739997387	1.212059
55.1339998245	1.544547
58.8199999332	1.115382
61.246999979	1.665929
63.0099999905	1.696687
64.5679998398	0.705221
65.1179997921	1.709389
65.9869999886	1.718436
68.0089998245	0.804777
70.0399999619	0.691659
72.0599999428	1.404366
74.0939998627	1.685376
76.1209998131	1.270509
78.1899998188	0.368968
80.1719999313	0.402108
82.1719999313	1.421706
83.9649999142	1.177443
86.114000082	0.81697
88.1419997215	1.703946
90.0420000553	1.692826
92.0529997349	1.719226
94.1069998741	1.345805
96.0969998837	1.121363
98.1150000095	1.663351
100.124999762	1.365229
102.167999983	1.599796
104.31099987	1.69664
106.003000021	1.016891
107.997999907	1.493784
110.019000053	1.690548
112.06799984	1.414177
114.078999996	1.498047
117.382999897	0.801015
120.31099987	1.008244
122.22300005	1.703908
124.165999889	0.989121
126.220999956	0.75797
128.132999897	1.060832
129.623999834	0.904553
130.394000053	1.50531
132.003999949	1.447813
134.026000023	1.681869
136.063999891	0.109552
138.095000029	0.216507
140.116999865	0.7726
142.136999846	1.199841
144.157999754	1.408499
146.213999748	1.709873
148.198999882	0.073375
150.229999781	0.085242
152.266000032	1.512719
154.272999763	0.954676
156.049999952	1.157635
158.072999954	1.049357
160.11500001	1.405152
162.219000101	0.946188
164.205999851	1.171085
166.224999905	1.637968
168.256999969	1.260695
170.275000095	1.590748
172.781999826	1.069346
174.536000013	0.721354
176.108999968	0.818294
178.138999939	1.398654
180.171000004	1.673281
182.188999891	0.317281
184.208999872	0.759708
186.221999884	1.457914
188.25999999	1.637224
190.282000065	1.7232
192.220999956	0.517852
194.28399992	0.662629
196.10199976	0.170422
198.133999825	0.034145
200.187000036	0.945704
202.541999817	1.676105
205.018000126	0.134273
207.266000032	0.963511
208.647000074	1.629239
210.995999813	0.118716
213.003000021	0.942626
215.066999912	0.003777
218.244999886	0.931519
220.171000004	0.57222
222.352999926	0.460519
224.036000013	1.713861
225.131000042	0.130376
227.66899991	0.455259
228.808999777	0.012033
230.839999914	0.085792
233.003999949	1.535298
235.748999834	1.788704
237.376999855	1.703503
239.68599987	0.211036
242.065999985	1.16497
243.519999981	1.371823
244.444999933	0.114637
246.31099987	1.227145
248.320999861	1.704012
250.333999872	1.544055
252.394999981	0.290736
254.362999916	1.370009
256.123999834	1.208195
258.394999981	1.297553
260.25	0.500392
262.204999924	0.622836
264.226000071	1.172581
266.255999804	1.708012
268.306999922	0.874323
270.31400013	0.449342
272.179999828	1.709862
274.220999956	1.046546
276.259000063	1.354303
278.268999815	1.712007
280.289999962	0.693262
282.290999889	1.097933
284.291999817	1.702299
286.341999769	1.277863
288.299000025	0.681105
290.439999819	0.797882
292.386000156	1.272144
294.413999796	1.199733
296.203999996	1.2944
298.245999813	0.743852
300.255999804	0.091194
302.276000023	0.957406
304.296999931	1.665666
306.346999884	0.307369
308.378999949	0.847461
310.210000038	1.227081
312.219000101	1.718597
314.251999855	0.148599
316.582999945	0.276334
319.053999901	1.153374
324.463000059	0.750405
327.230999947	1.485273
328.551999807	1.694567
329.784999847	0.014201
331.019999981	0.67687
333.305999994	0.860832
334.539000034	0.653589
335.960999966	0.348155
337.252999783	1.544399
339.128000021	1.163362
340.598999977	1.242221
342.277999878	0.384274
344.471999884	1.217469
346.250999928	0.791113
348.291999817	1.700155
350.295000076	1.712509
352.322000027	0.03525
354.496999741	0.938646
356.407000065	1.696494
358.427000046	1.070969
360.319999933	1.719073
362.460999966	0.249704
365.207000017	0.76558
366.460999966	1.341228
368.258000135	0.355767
370.299000025	1.631097
372.320999861	1.045293
375.542999983	0.780943
378.287999868	1.369086
379.669999838	1.054038
381.904999971	1.575691
383.842000008	0.497115
385.5849998	1.658052
387.285999775	1.285519
388.855000019	1.698818
390.711999893	1.531907
394.049999952	0.369738
395.738000154	1.67675
397.644999743	1.020481
399.135999918	1.46921
401.471999884	1.687571
403.980000019	0.229648
406.261999846	0.912127
407.336999893	0.939332
408.950999975	1.449759
410.46999979	0.617653
412.399999857	1.765623
414.434000015	0.27926
416.474999905	0.009384
418.496999741	1.70188
420.296999931	1.601136
422.298000097	0.974459
424.338999987	0.693968
426.473999977	0.7151
428.315999985	0.825097
430.421999693	0.637812
432.339999914	0.883127
434.461999893	1.655266
436.484999895	0.355224
438.964999914	1.088987
440.95299983	1.504778
442.640999794	1.665651
444.710999966	1.369196
446.640999794	0.703887
448.355999947	1.147383
450.376999855	1.116179
452.509999752	0.113713
454.429999828	1.3432
456.490999937	0.126784
458.999000072	0.619258
461.032999754	1.18336
463.028999805	0.914812
