0.0	0.875909
0.228999853134	0.72812
0.557999849319	0.301233
0.860999822617	0.10537
1.06999993324	0.710745
1.2429997921	0.710745
1.49699997902	0.043386
1.96899986267	0.757332
2.57399988174	0.810108
3.46799993515	0.794546
5.32799983025	0.012856
7.31900000572	1.373588
9.32199978828	1.792165
11.3289999962	0.396003
13.3199999332	2.569075
15.3249998093	2.861559
17.3299999237	0.490877
19.3239998817	4.515231
21.3190000057	5.091863
23.3239998817	3.294569
25.3299999237	3.884433
27.3199999332	5.708539
29.3389997482	6.767342
31.3279998302	5.22743
33.3259997368	2.360325
35.3259997368	0.978542
37.3219997883	0.457174
39.5999999046	0.70757
41.5869996548	0.036231
43.5729999542	0.00709
45.5759999752	3.318268
47.5759999752	0.018741
49.5750000477	0.147708
51.5799999237	0.084285
53.5750000477	0.106481
55.5750000477	1.261107
57.5709998608	0.787826
59.5729999542	2.765748
61.4349997044	10.576952
63.5729999542	7.871677
65.5769999027	8.655635
67.5769999027	10.455392
69.5720000267	11.058418
71.5759999752	11.954665
73.5819997787	11.575066
75.5750000477	0.027656
77.5750000477	0.015754
79.5769999027	0.152646
81.5750000477	5.537593
83.5750000477	7.831361
85.4349997044	0.774894
87.5799999237	3.415636
89.5759999752	8.174466
91.5769999027	7.092026
93.5759999752	2.012443
95.5739998817	4.168107
97.5739998817	0.011699
99.5779998302	0.043532
101.575999975	7.872455
103.570999861	1.060743
105.573999882	4.883112
107.572999954	8.713166
109.429999828	8.390431
111.575000048	8.448417
113.583999872	0.008505
115.575999975	0.991196
117.573999882	2.786206
119.581999779	0.030094
121.582999945	1.200159
123.575000048	0.202407
125.575999975	0.104295
127.586999655	0.021982
129.580999851	0.759783
131.59499979	0.128263
133.433999777	0.754919
135.573999882	2.392334
137.67599988	3.797582
139.596999884	0.014777
141.580999851	0.079019
143.676999807	0.755345
145.588999987	0.204676
147.583999872	0.07501
149.580999851	0.037223
151.580999851	0.764403
153.580999851	0.686994
155.588999987	0.006926
157.5849998	1.089178
159.578999758	0.102233
161.585999727	0.168387
163.572999954	0.015232
165.575000048	0.150892
167.586999655	0.729734
169.576999903	0.043884
171.581999779	0.040441
173.575999975	0.017356
175.576999903	3.103305
177.5849998	0.018333
179.580999851	0.040043
181.592000008	0.04982
183.575000048	4.076527
185.576999903	2.118591
187.575000048	2.069037
189.575999975	0.061822
191.573999882	5.889794
193.588000059	2.544245
195.578999758	1.407992
197.578999758	6.095037
199.578999758	0.121617
201.572000027	1.90254
203.583999872	5.470007
205.575000048	7.078914
207.580999851	7.679522
209.576999903	0.038779
211.575999975	0.937597
213.578999758	7.568826
215.536999941	0.080203
217.583999872	0.034986
219.578999758	0.002252
221.57799983	0.022524
223.581999779	0.050336
225.579999924	0.728238
227.576999903	2.615477
229.579999924	0.760351
231.572999954	1.985498
233.588000059	0.022504
237.368000031	0.216456
238.736000061	0.201014
240.405999899	0.474968
241.635999918	0.70181
243.581999779	0.068867
245.575999975	1.128372
247.572000027	0.845404
249.653999805	0.518131
251.576999903	1.080028
253.579999924	0.072502
255.578999758	0.075872
257.578999758	0.032232
259.578999758	0.062029
261.579999924	1.377563
263.576999903	0.506845
265.592999935	0.041976
267.579999924	1.688669
269.57799983	1.930743
271.5849998	0.048557
273.582999945	0.014334
275.684999943	1.56082
277.575999975	0.645058
279.578999758	0.045881
281.585999727	0.078416
283.659999847	2.193312
285.580999851	2.260975
287.575999975	0.631552
289.824999809	0.023393
291.700999975	1.476772
293.824999809	0.009304
295.82799983	0.640965
297.829999924	0.664355
299.833999872	2.696933
301.82799983	0.669406
303.82799983	0.884479
305.825999737	2.014049
307.84499979	0.049831
309.83100009	1.739548
311.824999809	1.739548
313.82799983	0.966896
315.700999975	1.170834
317.83100009	2.153371
319.828999996	1.159807
321.825999737	0.695937
323.82799983	0.0217
325.826999664	0.643243
327.826999664	3.056166
329.840999842	1.998422
331.838999987	0.014345
333.826999664	0.233549
335.829999924	1.109541
337.825999737	1.109541
339.703999996	1.109541
341.829999924	4.300574
343.8349998	2.229805
345.826999664	0.710211
347.829999924	0.058035
349.82799983	0.008868
351.832999945	0.011139
353.841999769	3.707503
355.825999737	4.082327
357.823999882	4.082327
359.826999664	4.082327
361.826999664	3.82855
363.688999891	0.76482
365.83100009	4.144731
367.826999664	4.183461
369.839999914	4.183461
371.849999905	1.407089
373.83100009	0.096393
375.82799983	1.241981
377.826999664	3.947918
379.833999872	0.307515
381.825999737	1.577625
384.036000013	2.167299
385.948999882	0.018545
387.750999928	0.619037
389.991999865	4.31276
391.864999771	0.066021
393.862999916	3.214795
395.835999966	3.214795
397.836999893	0.029291
399.826999664	2.857508
401.833999872	2.857508
403.828999996	0.163136
405.825999737	0.054977
407.825999737	1.409816
409.828999996	2.3504
412.287999868	2.3504
413.852999926	2.3504
415.829999924	2.3504
417.828999996	0.665231
419.829999924	0.237927
421.835999966	0.018595
423.965999842	2.235849
425.889999866	3.065074
427.832999945	3.250825
429.835999966	1.901614
431.890999794	5.158819
433.82799983	5.394193
435.825999737	5.394193
437.927000046	5.604498
439.839999914	1.291476
441.829999924	7.139364
443.848999977	6.932405
445.839999914	6.932405
447.836999893	6.932405
449.825999737	0.062426
451.833999872	3.044921
453.828999996	0.093377
455.835999966	6.338545
457.82799983	0.04666
459.83100009	7.69409
461.829999924	7.69409
463.825999737	7.69409
465.851999998	7.69409
467.950999975	7.69409
469.82799983	3.254818
471.829999924	7.351667
473.829999924	8.490612
475.835999966	6.388615
477.843999863	9.117634
479.829999924	9.218741
481.833999872	6.631264
483.833999872	6.696594
485.829999924	11.276846
487.833999872	7.639463
489.832000017	8.039824
491.83100009	8.135041
493.83100009	8.135041
495.829999924	8.135041
497.829999924	8.135041
499.829999924	8.135041
501.82799983	11.093765
503.832999945	9.599544
505.82799983	10.83239
507.8349998	5.545998
509.828999996	0.0468
511.829999924	0.043357
513.853999853	0.9509
515.828999996	0.235284
517.832999945	1.043782
519.835999966	2.033395
521.83100009	0.677592
523.835999966	2.958491
525.833999872	2.185648
527.832000017	2.393913
529.863999844	0.020343
531.829999924	0.763162
533.838999987	3.381758
535.832999945	0.400345
537.829999924	4.172333
540.082999706	0.012011
542.080999851	0.727439
544.080999851	3.197375
546.100999832	5.045832
548.081999779	4.560577
550.080999851	5.947446
552.095000029	5.947446
554.195999861	2.236052
556.119999886	4.98523
558.080999851	6.335815
560.090999842	6.393651
562.081999779	5.963796
564.081999779	6.615611
566.092000008	6.457453
568.079999924	3.513012
570.083999872	7.919278
572.07799983	7.859379
574.081999779	8.425223
576.085999727	8.325853
578.093999863	10.260958
580.092999935	9.40289
582.0849998	8.465433
584.080999851	0.116123
586.089999914	8.854941
588.080999851	1.151822
590.088999987	0.755601
592.085999727	9.304226
594.086999893	9.943539
596.100999832	0.16151
598.083999872	3.333232
600.081999779	9.574414
602.081999779	0.681437
604.055000067	0.132669
606.095999956	0.043307
608.078999996	0.028862
610.100999832	0.045555
612.092999935	1.837117
614.080999851	0.775021
616.080999851	0.056194
618.085999727	0.033515
620.081999779	0.0696
622.088000059	0.070671
624.085999727	0.680659
626.095000029	0.017364
628.0849998	0.033365
630.090999842	0.493206
632.078999996	0.057143
634.085999727	0.112838
636.078999996	0.036896
638.080999851	0.019658
640.095999956	0.234187
642.080999851	0.036878
644.081999779	0.00862
646.089999914	3.594167
648.0849998	2.603623
650.093999863	0.071027
652.088000059	0.789802
654.083999872	3.319433
656.093999863	0.786524
658.0849998	0.007965
660.080999851	2.350694
662.088999987	5.093605
664.122999668	0.027549
666.085999727	4.021319
668.080999851	4.232421
670.081999779	0.012245
672.080999851	0.011584
674.090999842	0.044499
676.083999872	0.055652
678.100999832	0.150535
680.092000008	0.677047
682.081999779	0.046306
684.092999935	0.008325
686.088999987	0.776733
688.088999987	0.03646
690.089999914	0.178344
692.089999914	4.806614
694.155999899	0.068972
696.129999876	0.602209
698.081999779	0.417784
700.10800004	0.696746
702.082999706	4.726052
704.085999727	0.058424
706.089999914	4.794042
708.086999893	0.173621
710.086999893	0.052446
712.096999884	0.048606
714.10199976	0.09615
716.099999905	0.082406
718.092000008	0.045694
720.085999727	5.906216
722.083999872	5.938225
724.083999872	0.729164
726.083999872	3.374101
728.082999706	0.026985
730.088999987	0.015174
732.085999727	0.451864
734.082999706	0.041495
736.088999987	0.118077
738.083999872	0.162048
740.086999893	0.737583
742.098999739	3.970896
744.092000008	0.695774
746.125999928	5.668211
748.093999863	5.686011
750.081999779	4.877107
752.114999771	5.884698
754.089999914	0.795695
756.085999727	2.188257
758.102999926	3.466714
760.0849998	3.466714
762.081999779	3.466714
764.085999727	3.677219
766.093999863	6.641362
768.0849998	0.688354
770.0849998	0.752181
772.13499999	0.018939
774.095000029	0.766365
776.082999706	0.108334
778.097999811	0.09747
780.085999727	0.180651
782.081999779	0.026319
784.083999872	0.309606
786.081999779	0.075594
788.082999706	1.933295
790.095000029	0.023984
792.34499979	0.014
794.345999718	0.010534
796.348999977	0.028581
798.335000038	0.012886
800.337999821	0.031497
802.339999914	0.042496
804.335999966	0.079899
806.332000017	0.809777
808.338999748	0.02457
810.194999695	5.431225
812.335999966	0.029116
814.332999945	0.562841
816.349999905	0.011412
818.335000038	0.089662
820.335999966	0.811479
822.338999748	0.013845
824.335999966	0.026085
826.341999769	5.695583
828.345999718	0.256119
830.34800005	0.046193
832.345999718	0.434088
834.336999893	0.647867
836.340999842	0.080319
838.332000017	0.098527
840.335999966	3.162004
842.335000038	3.653256
844.335999966	0.024236
846.336999893	0.047904
848.332999945	0.059597
850.339999914	1.610069
852.336999893	0.406635
854.335000038	0.015068
856.335999966	0.02015
858.210999727	3.175209
860.342999935	5.20945
862.335999966	0.037097
864.335999966	5.880821
866.333999872	4.74781
868.337999821	0.015015
870.338999748	5.526205
872.34499979	5.658731
874.342999935	5.812752
876.335999966	2.74656
878.333999872	1.939897
880.335999966	6.560192
882.205999851	6.367813
884.340999842	5.729641
886.335999966	4.256724
888.349999905	6.324159
890.345999718	6.151139
892.336999893	6.194095
894.346999645	0.049918
896.335999966	0.04481
898.348999977	7.381626
900.333999872	1.246405
902.356999874	0.759546
904.335999966	2.843308
906.351999998	7.607201
908.333999872	6.480548
910.335999966	0.04865
912.335000038	8.358932
914.337999821	8.231904
916.333999872	7.377914
918.332000017	6.653819
920.336999893	8.668481
922.335000038	7.727703
924.336999893	7.361798
926.335000038	8.949484
928.340999842	8.949484
930.336999893	8.949484
932.356999874	7.481961
934.338999748	7.608149
936.355999947	7.861369
938.335999966	7.861369
940.354999781	8.245661
942.336999893	7.586911
944.340999842	9.499472
946.346999645	1.602651
948.351999998	5.199245
950.338999748	9.703674
952.336999893	8.109255
954.332000017	0.72298
956.338999748	9.547105
958.335000038	8.455642
960.335999966	5.131357
962.345999718	8.951978
964.340999842	8.267687
966.335999966	0.041242
968.375	1.545357
970.336999893	0.053809
972.335000038	0.040798
974.338999748	0.042337
976.340999842	7.046306
978.336999893	7.631539
980.333999872	7.133621
982.333999872	8.729199
984.342999935	0.033745
986.34800005	6.654931
988.339999914	9.329628
990.336999893	0.024566
992.349999905	8.443976
994.340999842	0.073033
996.335000038	7.859032
998.335000038	9.177168
1000.33500004	0.063968
1002.34099984	0.811661
1004.34199977	7.191194
1006.33599997	0.065115
1008.34099984	0.052902
1010.33699989	8.84044
1012.33399987	0.960789
1014.34599972	5.806813
1016.33500004	6.650946
1018.33899975	8.992427
1020.37599993	5.310625
1022.33999991	0.727631
1024.34299994	0.170211
1026.33699989	0.829605
1028.33999991	0.029741
1030.34199977	0.060039
1032.33899975	0.035362
1034.33899975	0.281436
1036.33999991	0.743257
1038.33599997	0.016026
1040.33899975	0.014349
1042.58599973	0.319083
1044.58899999	7.719288
1046.58699965	0.760575
1048.58800006	0.042893
1050.59100008	1.642433
1052.59100008	0.118613
1054.59200001	7.493769
1056.58599973	0.068649
1058.59599996	0.006733
1060.58999991	4.580235
1062.59100008	0.01008
1064.58800006	7.449209
1066.5849998	8.299102
1068.59799981	8.664522
1070.59799981	0.723788
1072.58699965	0.855984
1074.58699965	0.741328
1076.59799981	0.006249
1078.58699965	0.046416
1080.59499979	0.015688
1082.58899999	0.025055
1084.59799981	0.719959
1086.60499978	2.048967
1088.59699988	6.979054
1090.58599973	2.098439
1092.59299994	0.071797
1094.58999991	0.787278
1096.59299994	0.079207
1098.60299969	0.018296
1100.58999991	5.695422
1102.59200001	8.327219
1104.58699965	0.027067
1106.59399986	0.020611
1108.59399986	0.680606
1110.59100008	0.135765
1112.59200001	0.003076
1114.59399986	0.297285
1116.60099983	0.046084
1118.58999991	1.498535
1120.62299991	1.736871
1122.60499978	0.018706
1124.59499979	1.85862
1126.59100008	0.045635
1128.59799981	0.076527
1130.58699965	0.916586
1132.59599996	0.075238
1134.58800006	0.135993
1136.59599996	0.023219
1138.58999991	4.322436
1140.58899999	0.040544
1142.60099983	5.098709
1144.59100008	0.07028
1146.59699988	1.736222
1148.59599996	4.863401
1150.58999991	0.487568
1152.58800006	0.044694
1154.59699988	7.344672
1156.58800006	8.009104
1158.61699986	9.319294
1160.59499979	0.416929
1162.58699965	6.576687
1164.59299994	0.744097
1166.59200001	0.025454
1168.58800006	7.225442
1170.60499978	0.030939
1172.59599996	0.101218
1174.61099982	0.009173
1176.58699965	0.437744
1178.60099983	0.014182
1180.59100008	0.796421
1182.60299969	5.308367
1184.59100008	0.382947
1186.60199976	0.85226
1188.60399985	0.014534
1190.58699965	0.535264
1192.60099983	0.059587
1194.59599996	0.024727
1196.59200001	3.488428
1198.60299969	0.006861
1200.59499979	0.014779
1204.07599998	0.463677
1206.12199974	0.663944
1207.12199974	0.539557
1208.59899998	0.466747
1210.59499979	0.60133
1212.60499978	0.212101
1214.60099983	0.260955
1216.59200001	0.024421
1218.6099999	0.067658
1220.58999991	0.231014
1222.59499979	1.261924
1224.59100008	1.45857
1226.59799981	1.420043
1228.62699986	1.798098
1230.59200001	1.721616
1232.58899999	2.227113
1234.59599996	1.993381
1236.59200001	2.165046
1238.59399986	1.141675
1240.59200001	0.586821
1242.59200001	0.048144
1244.59200001	0.077131
1246.59100008	0.196069
1248.59299994	0.097291
1250.61099982	0.507495
1252.58899999	0.007761
1254.59100008	0.029445
1256.59100008	0.029992
1258.58999991	0.136298
1260.59599996	1.777834
1262.59200001	0.685237
1264.59100008	0.108252
1266.59499979	0.007653
1268.59699988	1.826822
1270.59100008	0.021939
1272.59399986	1.512143
1274.59100008	2.184748
1276.59200001	4.466819
1278.59699988	4.466819
1280.59200001	4.466819
1282.60199976	4.466819
1284.59399986	0.049047
1286.5999999	0.018972
1288.59200001	1.61307
1290.8429997	1.61307
1292.8429997	0.033505
1294.8429997	0.014079
1296.84700012	0.014409
1298.84199977	0.683513
1300.85500002	0.4469
1302.84099984	1.040334
1304.79699993	1.37094
1306.84099984	0.08922
1308.85500002	1.374734
1310.86399984	0.558752
1312.852	0.067329
1314.85500002	0.035782
1316.84099984	0.393173
1318.84700012	0.264919
1320.84499979	0.109548
1322.84399986	0.058851
1324.85599995	0.04131
1326.85699987	0.425256
1328.727	0.592974
1330.84700012	0.592974
1332.8429997	0.046005
1334.84599972	2.009759
1336.84099984	1.55737
1338.84599972	0.019743
1340.84499979	0.019189
1342.84099984	0.378105
1344.84199977	0.363081
1346.84899998	0.920935
1348.84499979	0.019207
1350.85399985	0.179427
1352.71699977	0.663482
1354.83999991	0.44336
1356.84700012	2.207002
1358.84700012	0.821954
1360.84899998	2.863138
1362.84599972	2.863138
1364.84099984	0.040022
1366.8659997	0.085718
1368.852	0.032222
1370.8579998	3.45282
1372.84499979	0.010402
1374.84599972	3.51415
1376.71199989	2.794042
1378.84399986	3.052055
1380.84499979	3.362034
1382.84399986	0.010432
1384.84399986	3.442327
1386.84599972	3.477133
1388.84899998	3.477133
1390.8429997	2.645358
1392.84599972	3.288968
1394.84199977	0.027003
1396.89899969	2.677013
1398.84499979	0.020984
1400.8579998	0.01936
1402.8499999	0.144802
1404.84599972	1.814739
1406.84499979	0.014583
1408.84499979	0.237969
1410.84700012	0.70532
1412.85599995	6.377514
1414.84499979	0.079799
1416.8499999	0.015608
1418.85399985	0.024314
1420.84700012	0.01659
1422.84800005	0.111404
1424.84199977	0.087992
1426.84499979	1.153972
1428.84700012	1.383449
1430.85099983	0.02823
1432.85099983	1.9175
1434.84499979	0.009925
1436.84700012	0.446584
1438.84199977	0.018417
1440.84499979	0.388427
1442.85500002	1.31368
1444.852	0.890306
1446.8599999	3.428536
1448.84899998	1.460567
1450.84599972	3.915623
1452.85399985	3.051434
1454.85699987	4.402125
1456.84599972	3.862512
1458.85099983	0.707233
1460.84499979	0.018028
1462.84599972	4.644203
1464.84700012	0.065995
1466.85099983	0.014373
1468.84499979	0.777272
1470.88299966	5.64322
1472.84800005	0.756288
1474.852	2.194713
1476.85500002	2.140185
1478.84199977	0.64909
1480.84899998	0.060609
1482.8429997	0.760524
1484.84399986	0.02522
1486.85099983	0.015257
1488.84899998	0.29964
1490.84700012	0.232959
1492.852	0.758255
1494.86399984	0.028989
1496.84800005	8.293672
1498.852	0.130058
1500.86499977	0.242466
1502.84700012	0.007705
1504.8499999	0.114951
1506.84499979	0.680698
1508.85099983	0.182826
1510.84700012	6.441125
1512.85599995	7.420827
1514.8499999	0.161643
1516.8429997	0.051894
1518.85299993	0.078333
1520.88700008	1.147046
1522.89799976	0.014607
1524.8579998	0.041709
1526.84399986	0.048528
1528.88700008	1.396993
1530.852	0.985492
1532.86699986	0.003443
1534.84800005	2.854414
1536.84899998	1.894469
1538.852	0.123812
1541.0999999	2.56755
1543.0999999	3.082141
1544.91100001	0.056723
1547.11899996	0.027147
1549.10499978	0.019607
1551.11599994	0.029611
1553.11499977	5.184897
1555.10099983	2.381074
1557.10699964	0.10895
1558.97299981	0.791179
1561.11499977	0.060905
1563.14499998	0.093363
1565.10899997	0.012804
1567.14199972	0.875989
1569.10899997	0.714621
1571.12800002	8.963849
1573.10499978	0.113863
1575.10499978	0.973796
1577.13599992	0.351678
1579.10099983	0.749738
1581.11100006	3.868691
1583.01199985	0.713264
1585.10399985	0.026525
1587.0999999	3.681377
1589.11799979	5.423417
1591.10199976	0.03418
1593.0999999	0.749584
1595.13499999	0.94386
1597.11799979	0.225707
1599.11100006	0.007386
1601.11100006	4.376955
1603.11100006	0.76625
1605.14499998	2.601591
1606.97199988	6.44031
1609.0999999	0.036269
1611.11999989	0.029696
1613.10099983	0.716356
1615.11699986	2.429717
1617.10599971	0.033032
1619.11999989	0.14536
1621.12399983	0.158816
1623.10399985	0.479355
1625.0999999	0.032155
1627.10199976	0.013593
1629.11199999	0.063623
1630.96000004	0.719366
1633.10499978	4.760549
1635.11999989	0.031416
1637.12599993	0.726157
1640.17999983	0.241324
1641.11999989	0.033027
1643.13499999	0.100254
1645.10800004	0.15423
1647.11599994	0.013041
1649.12099981	0.030077
1651.11699986	0.73077
1653.10499978	0.071784
1655.12299967	5.900347
1657.11100006	6.608771
1659.09799981	0.601158
1661.11299992	4.807274
1663.11100006	6.260612
1665.09899974	0.486251
1667.11499977	0.343098
1669.11499977	0.031254
1671.10299993	0.074067
1673.1099999	5.347871
1675.0999999	0.772821
1677.10499978	0.646218
1679.11499977	0.019462
1681.10499978	6.071053
1683.10099983	0.134389
1685.10899997	0.693652
1687.10199976	0.085864
1689.10899997	0.772538
1691.11599994	0.135061
1693.1329999	0.139496
1695.11299992	0.026723
1697.10599971	0.005533
1699.10599971	0.753064
1701.12599993	0.324159
1703.11100006	0.478346
1705.63499975	0.029179
1707.11199999	0.002837
1709.10199976	0.893894
1711.10399985	0.140966
1713.10299993	0.06602
1715.0999999	0.012955
1717.10099983	0.056805
1719.10399985	0.05457
1721.11699986	0.023118
1723.09899974	0.007577
1725.11599994	0.587652
1727.11100006	0.582314
1729.1309998	2.284005
1731.10299993	0.22348
1733.12999988	0.797725
1735.09899974	0.198267
1737.12199974	0.071298
1739.12700009	0.082875
1741.10499978	1.772657
1743.10599971	0.13717
1745.11699986	0.083393
1747.09799981	0.621281
1749.10299993	0.146461
1751.09099984	0.011806
1753.10199976	4.185718
1755.12599993	0.191627
1757.11699986	0.751598
1759.1309998	0.104341
1761.11399984	0.069667
1763.10399985	0.32924
1765.11100006	0.065045
1767.12800002	0.434975
1769.10800004	4.258463
1771.11499977	5.708302
1773.0999999	6.370657
1775.0999999	0.731616
1777.10599971	0.034268
1779.10699964	6.000217
1781.11599994	0.036627
1783.10099983	3.689609
1785.10499978	0.723
1787.10499978	5.403588
1789.125	0.01788
1791.35100007	0.34409
1793.35699987	0.137181
1795.3579998	0.015448
1797.35399985	0.030173
1799.352	0.930399
1801.35299993	6.192904
1803.3670001	5.395596
1805.3499999	4.855085
1807.36299968	6.129792
1809.37199998	5.763871
1811.36099982	0.008841
1813.35699987	7.053405
1815.36399984	0.13568
1817.35299993	5.776088
1819.35299993	0.691668
1821.35100007	0.044631
1823.3579998	0.770855
1825.35599995	0.09104
1827.352	6.98669
1829.352	0.042245
1831.35100007	2.390617
1833.36299968	6.492482
1835.36499977	0.021438
1837.35699987	0.029363
1839.3499999	0.181549
1841.37099981	0.576499
1843.352	0.194329
1845.3579998	0.251653
1847.35399985	0.050328
1849.36800003	0.147677
1851.352	2.881441
1853.3599999	0.074907
1855.35100007	0.03058
1857.35699987	6.189382
1859.37099981	8.824611
1861.35299993	5.848552
1863.352	7.416365
1865.35599995	0.283547
1867.352	7.332208
1869.36099982	0.062821
1871.35399985	0.77795
1873.35499978	0.616681
1875.35100007	7.023581
1877.352	7.002453
1879.35100007	8.008327
1881.35899997	6.859866
1883.35499978	5.239352
1885.3499999	8.608672
1887.352	7.893747
1889.35899997	2.012733
1891.37199998	8.089495
1893.3579998	7.281108
1895.37099981	8.321993
1897.352	9.554034
1899.3599999	5.583231
1901.35599995	7.736979
1903.36499977	0.072233
1905.38599992	0.744311
1907.36199975	0.232583
1909.36299968	2.390477
1911.35100007	0.009879
1913.35699987	0.067804
1915.36199975	9.681545
1917.375	0.055901
1919.35499978	10.515565
1921.35499978	0.116896
1923.35299993	0.110871
1925.3659997	0.015158
1927.35599995	0.228236
1929.36099982	0.684721
1931.352	6.459186
1933.35599995	0.026984
1935.35100007	0.007254
1937.35599995	4.039542
1939.35899997	5.351447
1941.36999989	7.446768
1943.35699987	0.728344
1945.35399985	7.647632
1947.35499978	7.947102
1949.35399985	7.311693
1951.35699987	7.597439
1953.37199998	7.979322
1955.3809998	8.874304
1957.37999988	7.035374
1959.35699987	0.022651
1961.35499978	6.773105
1963.35599995	5.002582
1965.35499978	0.096049
1967.37099981	10.175185
1969.38899994	0.023239
1971.352	8.122181
1973.35699987	0.01277
1975.35299993	8.273473
1977.35699987	0.735826
1979.36199975	7.941343
1981.36299968	0.066752
1983.3670001	0.006218
1985.35499978	0.01482
1987.3599999	8.06371
1989.35899997	5.317525
1991.36499977	0.714807
1993.35299993	0.052541
1995.3599999	7.0459
1997.37199998	0.017313
1999.3659997	7.881039
2001.3579998	0.020593
2003.36299968	0.480732
2005.36199975	0.012861
2007.46399999	0.290821
2009.35699987	0.008185
2011.35599995	5.987986
2013.35699987	3.442285
2015.35599995	0.034589
2017.35399985	0.155634
2019.35699987	2.435732
2021.35699987	7.005164
2023.35599995	5.66227
2025.3670001	7.165184
2027.35299993	3.485366
2029.35699987	6.211292
2031.35499978	6.211292
2033.3579998	0.043671
2035.38199973	1.064811
2037.38599992	0.169209
2039.37999988	0.119544
2041.63199997	0.091742
2043.61199999	1.947592
2045.60700011	0.114383
2047.60800004	7.15654
2049.61099982	6.68576
2051.60899997	8.128313
2053.6099999	0.750285
2055.60599971	0.130599
2057.6099999	4.179073
2059.60499978	0.02163
2061.62099981	10.310084
2063.61099982	1.693024
2065.6099999	10.261695
2067.60599971	8.829968
2069.61199999	0.181216
2071.6099999	4.692158
2073.60899997	0.78891
2075.60599971	0.015603
2077.60700011	0.622522
2079.60800004	0.646096
2081.6329999	0.01048
2083.61999989	0.609709
2085.60599971	0.007311
2087.60899997	0.793164
2089.60399985	2.70375
2091.60399985	0.045273
2093.60399985	0.14075
2095.60700011	0.066562
2097.60700011	0.032709
2099.62699986	0.239632
2101.47799993	0.661596
2103.61999989	0.074389
2105.61899972	0.095304
2107.60899997	1.76616
2109.61199999	0.015043
2111.61799979	0.821533
2113.61899972	0.425323
2115.60499978	6.114846
2117.60599971	0.026699
2119.62299991	0.172985
2121.60599971	0.802077
2123.64299965	0.114193
2125.62599993	0.646556
2127.61699986	0.157228
2129.61199999	0.0058
2131.60599971	0.021425
2133.62899995	0.420104
2135.60700011	0.712865
2137.61199999	0.088035
2139.63199997	2.03571
2141.61099982	5.606905
2143.6099999	0.093556
2145.61500001	5.864559
2147.61099982	0.313657
2149.46999979	0.75679
2151.61699986	0.163776
2153.60599971	0.040967
2155.61299992	1.087713
2157.61299992	0.262147
2159.61199999	0.794106
2161.61099982	0.009812
2163.60899997	1.337884
2165.60899997	1.869594
2167.60800004	4.670661
2169.61299992	0.707258
2171.61099982	0.167333
2173.60899997	0.705377
2175.62599993	1.273127
2177.60899997	0.025696
2179.60599971	0.844337
2181.61099982	0.367804
2183.60899997	1.902252
2185.60800004	1.902252
2187.60899997	0.044166
2189.61199999	0.068335
2191.60800004	0.073225
2193.60700011	0.007767
2195.61099982	0.795979
2197.60899997	0.701161
2199.63399982	5.540825
2201.60499978	0.027284
2203.61299992	4.965657
2205.60700011	0.026814
2207.60599971	0.699337
2209.60700011	0.019001
2211.63899994	0.019309
2213.62999988	0.015349
2215.60700011	0.491559
2217.60700011	0.010532
2219.6099999	0.009363
2221.61199999	0.43288
2223.60899997	0.163695
2225.60800004	0.113348
2227.6099999	0.070254
2229.60700011	0.135085
2231.60599971	0.059787
2233.60599971	0.026863
2235.60599971	0.017006
2237.61099982	0.073163
2239.61099982	0.028536
2241.61799979	0.895643
2243.61299992	1.686902
2245.61099982	0.584367
2247.60800004	0.134538
2249.61299992	2.396471
2251.6099999	0.062234
2253.60800004	0.729113
2255.61399984	2.268154
2257.60599971	0.717882
2259.60899997	2.365661
2261.61899972	2.411218
2263.60800004	2.290369
2265.60899997	2.351115
2267.61199999	0.049887
2269.6099999	2.088251
2271.61299992	2.436532
2273.6099999	2.436532
2275.61099982	0.031245
2277.61799979	2.687197
2279.61099982	0.679948
2281.60800004	0.070058
2283.60899997	2.707653
2285.61099982	3.078876
2287.60800004	3.078876
2289.6099999	3.078876
2291.86199975	3.078876
2293.86199975	0.655966
2295.86299992	0.064071
2297.86699986	0.137313
2299.87100005	0.030504
2301.86099982	0.011662
2303.86999989	0.635521
2305.86399984	0.481334
2307.86099982	0.056637
2309.8659997	0.760506
2311.86099982	0.35054
2313.86099982	1.607712
2315.8599999	2.157622
2317.85699987	0.028922
2319.8659997	1.013164
2321.86399984	1.013164
2323.86099982	0.034248
2325.87100005	0.251619
2327.8579998	0.009307
2329.86699986	0.324983
2331.89099979	0.33678
2333.89199996	0.008345
2335.86299992	0.01397
2337.86199975	0.048232
2339.86299992	0.187559
2341.86099982	0.749766
2343.86499977	0.026889
2345.86299992	3.581533
2347.89099979	3.191666
2349.86800003	3.527582
2351.86099982	3.527582
2353.8579998	3.527582
2355.82099986	3.615719
2357.87399983	0.511123
2359.8599999	2.931669
2361.86999989	2.931669
2363.87199998	3.9837
2365.8659997	3.698375
2367.86199975	4.559275
2369.86199975	4.729571
2371.8579998	3.492525
2373.86399984	3.492525
2375.85899973	3.492525
2377.8659997	4.151686
2379.72399998	4.151686
2381.86199975	3.829141
2383.87599993	4.824219
2385.86199975	0.01578
2387.86099982	4.261772
2389.8579998	5.215873
2391.86399984	5.217714
2393.86499977	5.217714
2395.86299992	5.202562
2397.86299992	5.842877
2399.8579998	5.93483
2401.86399984	0.043167
2403.86299992	6.231321
2405.86299992	6.231321
2407.86299992	6.707439
2409.87499976	8.618993
2411.86299992	6.716884
2413.86199975	7.652067
2415.88499999	7.652067
2417.8659997	7.620198
2419.86099982	7.620198
2421.89999986	7.859651
2423.85899973	0.973764
2425.86299992	4.092358
2427.86199975	0.772791
2429.86699986	0.040588
2431.86399984	7.057811
2433.86299992	7.057811
2435.8599999	7.057811
2437.86499977	7.057811
2439.86499977	7.057811
2441.8599999	7.057811
2443.86299992	7.057811
2445.86699986	6.535497
2447.86099982	5.887096
2449.86699986	5.968537
2451.8599999	6.814609
2453.86699986	6.536644
2455.8659997	5.802484
2457.86699986	6.161828
2459.87599993	5.842856
2461.86499977	5.842856
2463.89199996	6.361212
2465.86699986	6.361212
2467.86499977	6.134265
2469.86800003	6.134265
2471.86999989	6.134265
2473.86099982	0.007016
2475.87299991	7.439473
2477.86399984	7.232269
2479.86199975	8.514886
2481.87799978	7.546625
2483.86299992	7.546625
2485.86399984	7.546625
2487.9059999	8.66461
2489.86499977	0.048888
2491.86199975	2.37948
2493.86299992	7.791829
2495.87299991	0.722149
2497.86299992	8.391502
2499.88199973	0.770368
2501.87199998	0.015453
2503.86499977	0.038111
2505.86299992	0.775538
2507.8599999	0.021375
2509.86499977	0.730557
2511.86499977	2.954688
2513.86499977	0.0413
2515.86699986	2.775313
2517.86800003	3.849191
2519.86199975	0.718234
2521.86299992	3.201389
2523.86499977	0.796405
2525.86399984	0.022416
2527.86299992	5.117692
2529.86299992	6.542096
2531.8659997	0.513112
2533.86800003	0.739226
2535.86299992	0.055934
2537.91199994	0.074989
2539.86499977	0.015213
2542.11599994	0.651779
2544.11499977	0.016821
2546.11499977	0.620373
2548.11299992	1.247756
2550.11499977	5.402879
2552.11299992	5.931192
2554.11499977	0.666738
2556.11599994	0.007188
2558.11599994	0.747025
2560.11699986	2.062473
2562.11199999	0.099436
2564.11899996	0.098344
2566.11599994	0.030999
2568.13699985	0.629369
2570.11100006	0.007837
2572.11299992	0.717725
2574.11499977	2.984264
2576.11399984	1.461558
2578.11499977	0.015329
2580.11199999	0.111156
2582.11499977	0.925124
2584.11799979	2.944315
2586.12599993	0.303718
2588.11499977	0.016094
2590.12899995	1.16752
2592.11499977	0.009996
2594.11599994	0.003406
2596.11499977	0.678513
2598.11599994	0.524849
2600.11599994	0.891358
2602.14300013	0.022404
2604.11399984	0.095898
2606.11699986	0.750785
2608.11999989	0.123095
2610.11599994	0.126339
2612.11599994	0.016053
2614.12599993	0.2649
2616.13799977	0.753022
2618.13799977	0.246032
2620.11299992	0.016516
2622.12800002	0.081892
2624.11199999	0.221066
2626.12399983	0.035529
2628.11499977	0.038726
2630.11399984	0.033571
2632.12199974	0.415856
2634.11599994	0.032235
2636.11599994	0.264452
2638.11599994	0.00257
2640.11599994	0.014187
2642.11799979	0.171145
2644.11799979	0.016261
2646.11999989	0.057999
2648.12399983	0.144356
2650.11799979	0.018242
2652.12099981	0.003785
2654.12199974	0.015499
2656.14199972	0.146061
2658.11999989	0.070953
2660.15699983	0.096455
2662.11499977	1.019928
2664.11499977	0.0217
2666.11999989	0.237022
2668.15499973	0.497848
2670.19399977	0.065269
2672.11699986	0.050558
2674.12099981	0.044825
2676.11699986	0.088859
2678.11699986	0.642806
2680.125	0.011493
2682.11599994	0.014928
2684.11799979	0.982496
2686.11499977	0.151578
2688.12399983	0.686266
2690.12700009	0.007282
2692.11999989	0.751021
2694.16400003	0.496896
2696.12099981	0.039009
2698.12800002	0.034642
2700.11899996	0.286709
2702.11699986	0.038172
2704.11499977	0.076072
2706.11599994	0.918108
2708.11599994	0.227387
2710.11899996	0.17802
2712.11499977	0.013988
2714.11999989	0.146473
2716.11899996	2.904805
2718.12700009	4.121554
2720.1329999	4.121554
2722.12299967	4.284565
2724.11899996	3.94914
2726.12599993	3.94914
2728.11799979	0.021787
2730.12599993	0.011795
2732.11699986	0.077164
2734.11499977	0.018988
2736.11499977	0.730006
2738.125	3.11741
2740.11699986	0.074308
2742.11999989	0.078329
2744.1309998	0.031904
2746.11599994	0.841031
2748.11699986	0.269116
2750.11699986	0.011291
2752.11799979	0.021857
2754.11599994	2.237655
2756.12399983	3.934515
2758.125	4.948737
2760.11699986	3.60839
2762.11999989	3.124974
2764.12199974	0.050615
2766.11999989	0.057014
2768.11699986	0.953724
2770.11599994	0.784095
2772.1329999	0.057766
2774.11599994	0.678842
2776.12199974	4.615108
2778.11699986	0.010842
2780.11599994	0.228001
2782.11699986	0.046291
2784.11999989	0.033357
2786.11799979	0.010423
2788.12199974	0.022285
2790.12899995	4.04344
2792.3670001	0.069336
2794.3670001	0.01576
2796.36499977	0.055214
2798.3670001	0.61509
2800.3670001	0.232257
2802.38400006	0.555903
2804.36899996	0.035853
2806.37099981	0.011184
2808.375	0.288409
2810.37099981	0.011665
2812.37199998	1.401077
2814.44099998	0.24261
2816.3659997	0.144645
2818.36999989	0.030632
2820.3670001	0.486828
2822.3659997	0.10319
2824.36999989	2.025176
2826.25299978	0.644752
2828.3670001	1.078701
2830.36899996	0.012034
2832.37099981	0.666356
2834.37099981	0.583216
2836.36800003	0.01963
2838.3670001	0.143138
2840.36999989	0.101851
2842.3670001	0.156152
2844.36899996	0.076692
2846.3659997	0.025689
2848.3670001	2.831836
2850.24699998	0.945653
2852.37199998	2.865793
2854.37699986	2.333544
2856.36999989	2.603273
2858.36499977	0.03808
2860.3670001	0.011487
2862.37799978	0.095123
2864.37999988	0.197527
2866.36999989	0.022924
2868.3670001	0.139907
2870.37199998	2.160851
2872.3809998	0.011476
2874.24199986	0.700002
2876.375	0.045029
2878.36800003	3.139115
2880.36800003	0.012251
2882.36800003	3.218995
2884.38199973	0.116267
2886.37699986	0.195785
2888.3659997	0.059398
2890.36800003	0.015039
2892.37799978	0.156832
2894.3670001	0.010263
2896.37299991	3.754289
2898.23499966	0.700685
2900.38199973	4.117299
2902.3670001	3.893375
2904.37299991	4.309768
2906.37099981	4.221262
2908.37199998	4.175991
2910.38199973	0.013474
2912.37199998	0.076883
2914.37799978	3.833737
2916.37999988	0.373544
2918.375	0.011033
2920.37199998	1.874725
2922.37299991	0.689572
2924.375	0.099212
2926.3659997	0.291679
2928.3809998	0.035298
2930.3809998	0.54849
2932.37199998	0.7427
2934.375	5.184679
2936.36999989	1.474691
2938.36800003	0.063864
2940.37199998	0.685714
2942.36800003	0.063409
2944.37399983	0.013619
2946.3829999	0.03267
2948.37599993	0.159799
2950.37699986	1.120007
2952.37599993	0.010805
2954.37199998	0.079108
2956.37799978	0.656453
2958.38599992	0.228635
2960.37599993	0.218665
2962.36899996	0.016056
2964.37599993	0.031134
2966.37099981	0.018076
2968.375	0.01772
2970.37099981	2.857494
2972.37199998	1.243115
2974.375	0.0237
2976.37099981	0.700208
2978.37599993	1.27086
2980.37199998	0.670373
2982.36899996	3.390813
2984.36899996	3.061887
2986.375	4.069591
2988.38199973	4.069591
2990.37299991	3.722632
2992.36999989	3.300213
2994.36800003	4.126923
2996.40299964	1.986394
2998.38400006	4.788638
3000.37599993	2.648552
3002.37299991	0.002029
3004.36899996	0.038253
3006.37199998	0.003591
3008.37599993	0.380208
3010.37799978	0.153381
3012.37999988	0.03851
3014.37599993	2.590496
3016.37199998	4.425528
3018.37299991	5.077533
3020.39699984	0.190584
3022.44099998	0.90333
3024.36999989	0.757104
3026.37099981	0.129597
3028.3809998	0.029182
3030.36800003	0.055471
3032.37599993	0.057725
3034.37299991	0.01523
3036.36999989	0.207947
3038.37299991	0.010332
3040.36999989	4.252698
3042.62800002	0.023318
3044.62099981	1.891436
3046.62299991	2.124509
3048.62399983	0.02861
3050.625	0.207822
3052.64700007	0.019061
3054.62800002	2.320084
3056.62299991	0.162738
3058.65199995	0.194238
3060.62399983	0.018627
3062.62800002	0.054662
3064.63799977	5.709392
3066.62299991	0.028195
3068.62699986	0.26215
3070.62099981	0.378302
3072.62399983	0.030038
3074.63899994	0.731764
3076.62599993	0.684978
3078.65699983	1.202289
3080.62599993	0.024587
3082.63599992	0.022471
3084.62800002	2.23877
3086.62599993	0.028902
3088.62399983	0.393103
3090.65999985	0.079321
3092.63999987	0.083093
3094.62099981	0.046023
3096.63100004	4.999035
3098.62599993	3.955703
3100.62099981	0.702918
3102.62199974	5.339392
3104.625	0.878882
3106.62399983	3.323048
3108.62599993	3.323048
3110.62699986	3.323048
3112.62199974	3.323048
3114.62599993	3.323048
3116.62199974	3.323048
3118.62099981	3.934616
3120.62199974	3.934616
3122.625	3.946143
3124.62699986	5.997658
3126.62099981	6.904503
3128.6329999	6.904503
3130.62599993	6.904503
3132.62800002	5.601584
3134.62399983	6.295369
3136.62599993	4.205116
3138.62199974	6.995705
3140.62899995	2.501335
3142.65399981	1.123413
3144.65199995	6.171611
3146.62800002	0.549856
3148.62199974	1.428826
3150.64499998	6.529626
3152.625	0.059866
3154.62599993	6.149436
3156.62399983	6.149436
3158.625	6.149436
3160.62199974	3.301894
3162.62299991	6.198914
3164.62399983	6.600541
3166.62299991	6.574764
3168.62399983	6.270797
3170.62299991	5.264346
3172.63599992	5.264346
3174.62999988	5.264346
3176.62399983	6.156356
3178.66300011	5.993922
3180.63199997	5.557065
3182.63499975	4.910256
3184.62299991	3.999756
3186.62800002	5.504468
3188.625	6.951484
3190.62099981	5.753286
3192.66099977	6.626888
3194.62399983	2.716672
3196.625	6.400503
3198.62399983	1.483848
3200.65499997	2.815228
3202.62099981	5.926871
3204.62699986	2.239387
3206.62599993	5.459846
3208.62599993	6.272715
3210.66099977	6.358947
3212.64099979	0.043326
3214.62800002	0.013707
3216.63199997	3.580273
3218.63899994	4.041131
3220.63199997	6.938452
3222.62800002	6.788118
3224.65099978	0.062336
3226.62599993	3.990796
3228.62599993	0.009694
3230.64499998	0.022977
3232.62999988	0.125032
3234.62599993	0.014754
3236.625	0.177792
3238.62899995	2.216128
3240.69499993	0.079539
3242.62899995	1.026396
3244.62599993	0.75257
3246.64400005	3.570024
3248.64199972	0.035158
3250.63899994	5.600417
3252.63699985	5.600417
3254.62299991	0.72979
3256.63399982	0.195607
3258.63499975	0.80996
3260.625	0.242314
3262.63699985	0.027032
3264.625	0.014746
3266.62599993	5.135091
3268.62999988	0.739764
3270.63100004	0.023319
3272.625	0.083484
3274.62299991	1.575903
3276.62599993	6.041564
3278.65399981	4.64955
3280.62999988	4.64955
3282.625	4.923057
3284.62399983	6.222487
3286.62999988	6.222487
3288.62599993	0.603332
3290.62699986	2.252841
3292.63699985	6.244583
3294.88199973	7.034855
3296.74699974	0.765965
3298.87799978	0.112223
3300.87399983	0.014991
3302.91199994	0.826582
3304.87999988	0.04433
3306.87599993	0.52917
3308.87399983	0.026863
3310.87799978	0.079098
3312.87899995	5.520702
3314.90499997	0.074764
3316.87999988	5.994006
3318.8809998	0.049225
3320.74699974	0.756897
3322.87899995	0.049424
3324.87599993	0.041308
3326.87799978	0.58575
3328.88199973	0.064745
3330.87899995	0.022645
3332.8809998	0.27002
3334.87499976	0.08306
3336.87699986	4.216834
3338.87799978	4.216834
3340.87699986	0.741787
3342.88199973	4.233872
3344.88400006	4.233872
3346.89399981	0.056395
3348.89899969	2.307887
3350.87499976	5.094608
3352.87599993	0.330554
3354.87599993	0.971078
3356.92799997	4.009432
3358.88899994	0.035083
3360.88499999	4.646365
3362.87799978	4.862329
3364.90400004	5.19143
3366.90699983	4.571054
3368.75499964	4.647411
3370.87999988	0.062185
3372.88299966	2.679606
3374.89099979	0.710292
3376.87999988	1.938746
3378.88299966	0.006879
3380.88999987	5.481538
3382.89099979	5.145528
3384.87799978	4.402994
3386.87599993	0.028962
3388.87799978	0.065953
3390.94199991	4.729805
3392.74000001	0.686185
3394.87799978	5.807224
3396.87699986	0.025998
3398.87599993	0.77359
3400.89599991	0.08415
3402.88199973	0.046456
3404.87899995	0.306815
3406.88499999	0.325478
3408.87799978	0.021648
3410.87899995	0.225786
3412.90400004	0.045368
3414.87899995	0.008025
3416.76499987	0.686471
3418.89099979	2.920053
3420.88999987	0.043356
3422.87899995	0.014694
3424.87699986	0.099592
3426.88999987	0.697775
3428.87999988	0.067841
3430.89299989	4.612589
3432.87899995	0.049773
3434.87899995	0.273213
3436.88199973	0.066791
3438.89599991	0.022232
3440.8809998	0.694389
3442.89299989	0.250827
3444.89099979	0.009509
3446.87899995	0.046216
3448.8809998	0.035625
3450.87599993	0.020492
3452.88299966	0.058116
3454.87599993	0.026371
3456.87899995	0.112642
3458.98399997	0.023836
3460.87599993	0.006791
3462.89499998	0.427665
3464.87599993	0.69877
3466.87799978	4.764588
3468.87799978	0.094459
3470.8809998	0.709708
3472.87899995	0.010572
3474.92299986	0.040541
3476.88599992	0.071819
3478.90300012	0.06425
3480.88499999	6.091031
3482.89099979	0.176958
3484.87999988	0.709991
3486.89199996	0.136572
3488.88400006	0.600611
3490.89099979	0.094748
3492.89599991	0.070556
3494.91199994	0.045265
3496.89599991	0.070031
3498.90899992	0.00852
3500.87899995	0.923528
3502.90999985	0.133524
3504.88299966	0.126851
3506.87199998	0.003419
3508.88599992	0.055644
3510.87999988	0.065254
3512.89099979	0.05982
3514.89299989	0.329808
3516.87899995	0.068045
3518.88199973	5.047338
3520.88999987	1.060717
3522.87999988	1.466461
3524.90899992	3.555878
3526.89699984	4.677262
3528.87999988	4.620653
3530.88999987	0.849433
3532.89599991	0.066363
3534.89499998	0.123636
3536.8809998	4.816217
3538.89199996	4.568355
3540.89199996	5.375813
3543.13699985	5.588636
3545.12899995	4.048399
3547.13199997	0.069167
3549.14199972	2.774772
3551.14400005	0.048538
3553.1309998	0.682151
3555.14300013	0.171575
3557.14599991	0.008982
3559.13199997	0.132586
3561.1309998	0.799713
3563.13199997	0.566403
3565.16299987	0.13261
3567.18999982	0.122488
3569.12899995	0.007426
3571.1309998	0.729303
3573.13499999	3.514261
3574.99799991	4.916789
3577.13199997	4.916789
3579.1309998	5.374937
3581.14300013	0.748824
3583.1559999	0.050658
3585.13199997	0.68839
3587.13199997	0.011609
3589.13199997	4.197963
3591.13699985	0.007943
3593.13499999	0.096443
3595.13199997	0.753283
3597.12899995	0.00746
3599.1389997	0.633001
3601.1869998	1.976413
3603.15799975	1.976413
3605.13699985	2.538465
3607.13799977	3.83046
3609.1389997	0.765118
3611.13599992	0.051821
3613.13699985	4.005351
3615.14300013	4.185444
3617.13599992	4.185444
3619.14099979	0.708681
3621.148	4.482541
3623.00899982	4.565822
3625.1309998	2.955121
3627.13999987	4.134548
3629.1389997	4.207902
3631.13399982	4.207902
3633.13199997	4.207902
3635.1309998	4.408281
3637.16999984	4.058582
3639.13699985	1.841275
3641.12999988	2.203675
3643.1329999	0.640902
3645.15299988	0.969378
3647.00099993	1.493791
3649.13499999	2.987415
3651.1389997	0.063187
3653.13199997	2.251552
3655.13599992	1.855553
3657.14899993	3.730025
3659.1329999	3.506696
3661.13499999	3.506696
3663.12999988	3.506696
3665.1309998	0.869637
3667.13499999	3.135794
3669.13499999	0.027388
3671.14300013	0.009776
3673.13399982	1.523888
3675.1309998	4.576669
3677.1389997	4.576669
3679.13999987	0.025965
3681.17199993	0.019066
3683.12999988	3.35654
3685.13399982	1.629636
3687.13499999	0.009231
3689.14300013	0.050379
3691.13399982	1.595678
3693.1309998	1.595678
3695.1329999	1.075316
3697.13199997	3.880054
3699.13499999	1.747336
3701.1309998	1.747336
3703.13799977	1.747336
3705.13799977	1.478818
3707.13499999	3.57945
3709.13699985	1.329855
3711.1329999	3.224184
3713.1309998	3.433972
3715.13699985	0.010683
3717.13699985	0.606945
3719.13699985	0.086633
3721.14400005	1.006845
3723.1389997	0.247343
3725.13399982	1.931776
3727.14099979	0.898515
3729.13799977	3.309604
3731.148	3.309604
3733.13399982	3.309604
3735.13199997	0.014575
3737.13199997	3.493388
3739.1329999	2.744951
3741.13499999	3.656429
3743.12899995	0.024672
3745.13699985	2.644474
3747.16299987	0.422154
3749.13799977	1.123623
3751.12999988	0.027937
3753.13799977	0.785468
3755.13499999	0.007493
3757.13399982	0.065515
3759.14099979	0.015202
3761.13599992	2.546578
3763.13699985	0.022662
3765.1309998	3.30635
3767.13599992	4.049949
3769.13799977	3.067748
3771.13799977	0.912759
3773.13399982	0.680318
3775.14499998	0.029946
3777.1329999	0.69463
3779.14699984	0.180263
3781.14099979	0.076181
3783.14599991	2.125418
3785.14099979	2.125418
3787.13599992	0.03609
3789.1389997	0.039864
3791.13599992	0.376087
3793.3829999	0.858701
3795.38699985	1.173644
3797.38599992	1.654156
3799.39499974	1.784859
3801.38999987	0.708886
3803.38999987	1.538201
3805.39199996	2.033566
3807.39499974	1.828149
3809.39100003	1.943249
3811.41099977	0.610697
3813.3829999	1.061069
3815.41699982	2.181517
3817.38199973	1.310584
3819.3829999	2.352883
3821.38999987	0.016014
3823.38400006	2.427137
3825.39699984	2.644307
3827.38599992	0.825269
3829.38499999	0.803877
3831.38699985	2.91088
3833.38499999	3.283553
3835.39100003	3.142367
3837.39699984	2.875087
3839.38699985	2.547143
3841.38599992	0.101274
3843.39699984	0.076117
3845.38999987	0.067077
3847.41499996	1.795019
3849.38599992	3.427158
3851.38499999	0.71061
3853.38999987	3.381578
3855.38800001	3.381578
3857.38999987	3.144977
3859.39100003	0.012047
3861.39599991	0.094225
3863.38800001	0.687229
3865.38800001	0.093553
3867.38899994	0.100652
3869.38899994	0.691465
3871.38800001	0.357978
3873.38999987	1.946547
3875.38400006	3.37627
3877.4230001	3.569108
3879.40799999	0.207174
3881.38599992	0.230503
3883.38899994	0.75923
3885.38499999	3.749541
3887.38599992	3.749541
3889.38699985	3.749541
3891.38800001	4.56047
3893.46899986	5.911565
3895.38899994	1.255993
3897.39299989	2.469647
3899.38800001	5.256642
3901.39899993	5.514744
3903.38599992	5.146286
3905.38800001	5.146286
3907.38899994	0.740188
3909.38599992	5.381445
3911.39699984	5.300579
3913.38599992	0.082052
3915.39299989	4.276642
3917.38899994	0.19394
3919.39299989	2.841102
3921.38999987	4.620337
3923.39199996	4.729076
3925.38800001	0.043582
3927.40700006	5.129114
3929.42400002	6.149823
3931.38800001	0.826025
3933.40099978	0.018211
3935.38599992	0.734827
3937.39199996	0.154843
3939.39599991	0.145074
3941.41099977	0.015459
3943.39499974	1.954923
3945.38699985	5.197989
3947.38199973	2.390408
3949.38699985	2.390745
3951.39199996	0.029226
3953.38800001	2.580876
3955.38499999	0.753685
3957.39199996	5.523784
3959.4059999	4.40959
3961.39899993	0.006642
3963.38599992	4.948247
