0.0	0.941482
0.171999931335	2.482845
0.283999919891	2.482845
0.396000146866	2.482845
0.5640001297	3.543853
0.672999858856	3.543853
0.97100019455	0.923328
1.36400008202	0.363027
1.82400012016	1.169462
3.4240000248	0.966908
5.42700004578	10.025909
7.42700004578	0.01458
9.43000006676	6.127206
11.4270000458	10.277479
13.4240000248	12.276757
15.4240000248	3.797417
17.4260001183	1.441247
19.4270000458	1.043046
21.4240000248	13.457244
23.4240000248	0.843831
25.4240000248	12.734313
27.4249999523	2.878991
29.4240000248	10.523436
31.4260001183	10.523436
33.4260001183	0.572175
35.4270000458	0.269773
37.4270000458	0.014137
39.4290001392	0.680611
41.4249999523	0.191366
43.4249999523	0.875528
45.4270000458	0.011455
47.4270000458	0.899447
49.4260001183	0.483065
51.4249999523	0.166039
53.4249999523	0.894498
55.4279999733	12.901255
57.4240000248	0.949206
59.4290001392	13.345334
61.4279999733	0.152338
63.4350001812	1.637243
65.4240000248	0.100025
67.4249999523	0.910802
69.4230000973	0.190083
71.3519999981	0.194338
73.4260001183	0.169189
75.4279999733	0.054751
77.4290001392	0.959057
79.4230000973	0.032008
81.4260001183	5.960612
83.4230000973	0.217449
85.4260001183	0.250316
87.4279999733	3.288435
89.4290001392	0.232293
91.4240000248	12.494073
93.4240000248	4.057809
95.4260001183	4.836338
97.4260001183	5.063913
99.4270000458	1.619332
101.426000118	0.051138
103.427000046	5.756933
105.424000025	0.899044
107.424000025	7.815475
109.427000046	0.259245
111.424999952	0.016674
113.427999973	0.434155
115.424000025	0.900678
117.426000118	0.139369
119.426000118	0.904096
121.430999994	0.898894
123.427000046	12.727523
125.427999973	9.347343
127.426000118	1.547421
129.426000118	0.825622
131.429000139	0.259079
133.426000118	3.881181
135.424000025	5.609371
137.452000141	13.265094
139.426000118	0.894
141.427999973	1.790372
143.426000118	0.833712
145.426000118	1.447019
147.431999922	0.013559
149.433000088	0.017314
151.424000025	0.015445
