0.0	0.34483
0.868999958038	0.324007
1.05599999428	0.324007
1.8250002861	0.348817
2.57600021362	0.355558
3.79000020027	0.351684
6.83400034904	0.332548
9.08800005913	0.355946
11.1990001202	0.321297
12.4130001068	0.328478
13.7409999371	0.350142
15.1420001984	0.354548
16.9370002747	0.348888
18.609000206	0.360692
20.2300002575	0.355156
22.5670001507	0.352156
24.5640001297	0.35579
26.5820002556	0.358556
28.8519999981	0.355145
30.8220002651	0.346261
33.0940003395	0.352941
36.8890004158	0.345568
39.3960001469	0.35337
41.6050000191	0.353671
43.1160001755	0.346016
44.5920000076	0.356828
46.0610001087	0.355214
49.628000021	0.359357
51.1830000877	0.35647
52.5270001888	0.339525
54.0240001678	0.347966
55.5750002861	0.336091
59.9710001945	0.360138
62.3410000801	0.336329
63.7450003624	0.114253
64.7650001049	0.169308
66.8740003109	0.33782
71.3850002289	0.002243
72.3510000706	0.241409
75.3780002594	0.358774
76.236000061	0.334914
78.0080001354	0.344847
79.6700003147	0.343097
82.0740003586	0.348227
83.7530002594	0.340492
85.388999939	0.324982
87.5190002918	0.316477
88.9560000896	0.355862
90.6140003204	0.342524
92.996999979	0.340096
94.7500002384	0.35229
96.6370000839	0.356734
98.3950002193	0.352924
100.203000069	0.34238
101.464000225	0.342587
103.724000216	0.352846
106.022000313	0.355038
109.089000225	0.346067
112.382000208	0.34529
114.476000071	0.355415
116.490000248	0.340433
117.652000189	0.026112
118.571000099	0.353851
121.141000032	0.361136
123.646000147	0.356173
125.18900013	0.33983
127.211000204	0.344928
129.951000214	0.35653
132.267000198	0.263913
134.731000185	0.355359
135.920000076	0.341678
137.19900012	0.355493
138.364000082	0.019345
140.317000151	0.354122
142.994000196	0.338313
145.54700017	0.359664
149.407000065	0.355054
150.363000154	0.198491
153.111000061	0.354157
155.027000189	0.34304
156.429000139	0.356346
157.893000126	0.353544
159.867000103	0.347701
161.373000145	0.31673
163.616000175	0.007781
165.719000101	0.356589
167.368000031	0.313017
168.811000109	0.299365
169.868999958	0.329303
171.154000282	0.326221
174.69900012	0.35569
177.562000275	0.351997
180.084000111	0.333098
182.075000286	0.322132
183.702000141	0.243551
186.063000202	0.345447
188.130000353	0.35665
190.446000338	0.348446
193.295000076	0.328672
194.683000088	0.080588
195.610000134	0.266324
197.759000063	0.358633
199.772000074	0.357009
201.297000408	0.33641
203.019000292	0.357814
206.09700036	0.223245
207.771000147	0.078042
208.994000196	0.349534
210.649000406	0.325327
213.756999969	0.32936
216.811000109	0.354936
218.739000082	0.360715
220.819000244	0.355061
222.313000202	0.016767
224.016000032	0.360384
225.791000128	0.199716
227.238000154	0.340285
230.497000217	0.353463
233.250000238	0.361167
235.372000217	0.353839
236.233000278	0.353827
237.209000349	0.332125
239.052999973	0.357406
241.742000341	0.335339
243.099000216	0.355787
244.096000195	0.294344
245.862000227	0.355808
248.620000124	0.194428
251.878000259	0.335238
254.444999933	0.268111
256.21600008	0.346463
257.907999992	0.349939
260.125	0.007951
261.642000198	0.33021
264.005000114	0.340184
266.372000217	0.299197
268.008000135	0.354943
270.261000156	0.338227
272.267000198	0.319807
274.18200016	0.360272
275.406000137	0.345249
276.748000145	0.299039
278.031000137	0.347746
278.842000246	0.324422
279.802000284	0.345045
282.892000198	0.306614
287.722000122	0.347196
290.56400013	0.197694
292.644999981	0.312656
294.684000015	0.354154
295.866000175	0.353103
297.734000206	0.346043
298.419000149	0.326862
298.802000284	0.355915
300.128000021	0.346691
303.980999947	0.334329
306.004000187	0.332898
308.771000147	0.358649
311.036999941	0.325165
312.698000193	0.346156
314.502000332	0.345382
315.832000017	0.313925
317.959000111	0.354852
320.251000166	0.356581
322.424000025	0.339402
323.987000227	0.357306
326.034000158	0.34083
328.427000284	0.324786
330.326000214	0.328405
333.387000084	0.336879
335.625000238	0.354171
338.266000271	0.357211
339.74600029	0.311563
341.399000168	0.359618
343.989000082	0.356888
346.6650002	0.339285
348.101000071	0.339422
349.075000286	0.354481
351.010000229	0.330275
353.035000086	0.355399
355.467000246	0.353135
356.758000135	0.355745
359.141000032	0.35188
360.937000275	0.333642
363.74600029	0.268093
366.133000135	0.322538
368.200000048	0.340515
370.35400033	0.338866
372.105000257	0.333874
373.669000149	0.354967
375.017000198	0.34766
376.485000134	0.180677
378.33700037	0.324356
381.09400034	0.360307
384.993000269	0.354367
386.552000046	0.341564
387.951000214	0.354448
389.081000328	0.361725
390.051000118	0.355824
391.328000069	0.343713
395.372000217	0.358009
396.968000174	0.33681
398.57700038	0.094843
400.038000345	0.355425
401.693000078	0.25956
403.886000156	0.248171
406.63100028	0.356071
409.161000252	0.336111
412.145000219	0.355161
414.320000172	0.344216
416.390000343	0.324181
418.001000404	0.33124
420.490000248	0.319907
421.787000179	0.356038
423.394000292	0.355605
424.986000299	0.354296
426.13800025	0.335934
427.269000053	0.359679
428.369000196	0.355833
429.776000023	0.354557
432.388000011	0.35703
435.615000248	0.015794
437.837000132	0.356743
439.605000019	0.335937
442.689000368	0.360077
444.940999985	0.35521
447.754000187	0.358266
450.332000017	0.354556
452.266000271	0.340997
452.851999998	0.347804
453.755000114	0.340484
455.039000273	0.357254
457.031000137	0.355456
458.597000122	0.345885
459.332000017	0.355175
461.364000082	0.350931
462.536000013	0.342514
463.708000183	0.356185
465.092999935	0.363312
466.148000002	0.348363
467.616000175	0.357213
468.574000359	0.354321
470.574000359	0.358948
472.574000359	0.311374
474.575000286	0.354162
476.575000286	0.313692
478.901000023	0.354923
481.686000347	0.232576
484.019000292	0.342323
484.714000225	0.349146
486.575000286	0.339678
488.575000286	0.35233
490.576000214	0.343281
492.574000359	0.257913
494.575000286	0.357799
496.575000286	0.35777
498.510000229	0.311991
500.574000359	0.352725
502.575000286	0.344228
505.451000214	0.301813
509.050000191	0.362603
511.836000204	0.354904
513.679000139	0.358914
515.249000311	0.344212
518.081000328	0.357949
522.289000273	0.358231
524.648000002	0.356771
526.203999996	0.337514
527.710000277	0.353542
529.236000061	0.348408
531.207000256	0.355191
533.657000303	0.322843
534.793000221	0.365118
535.080000162	0.347963
535.924999952	0.36202
537.356000185	0.355598
539.94500041	0.353514
541.962000132	0.310656
544.012000084	0.35747
546.372000217	0.359047
548.967000246	0.351349
551.51699996	0.340352
554.194000244	0.351174
555.694000244	0.354407
556.529000282	0.347777
557.876000166	0.346849
560.442000151	0.356818
561.707000256	0.355196
563.363000154	0.356087
565.401000261	0.354516
568.304000139	0.322392
569.402000189	0.355145
573.553000212	0.300745
577.430000305	0.337333
580.253000021	0.354351
582.72900033	0.352954
585.055000067	0.247396
586.200000048	0.3525
587.132000208	0.336473
589.239000082	0.354821
594.055000067	0.329702
596.261000156	0.354319
598.7900002	0.350016
600.979000092	0.345416
603.270000219	0.354893
606.102000237	0.343892
608.666000128	0.356207
610.253000021	0.04082
611.878000259	0.326923
613.423000097	0.34472
615.54700017	0.332906
617.493000031	0.355239
620.052000046	0.355267
623.24000001	0.340556
624.717000008	0.347658
626.152000189	0.35949
628.909000158	0.355051
630.012000084	0.339992
630.991000175	0.355583
632.649000406	0.345766
634.192000151	0.04222
636.17200017	0.356263
637.835000277	0.362128
641.063000202	0.339287
643.791000128	0.347387
645.873000383	0.354622
648.559000254	0.362799
650.448000193	0.33821
653.054000139	0.355118
655.772000074	0.356515
657.19900012	0.321479
658.858000278	0.049097
660.566000223	0.341172
662.686000347	0.354901
664.899000168	0.34368
666.212000132	0.356162
667.962000132	0.326005
670.369000196	0.355668
671.514000177	0.362438
672.444999933	0.355118
673.542000294	0.352075
674.907999992	0.346073
676.541000128	0.35484
679.583000183	0.355995
681.584000111	0.322077
683.760000229	0.276397
686.390000343	0.34564
688.292000055	0.355054
690.806000233	0.361491
693.982000351	0.355859
696.817000389	0.338858
698.678000212	0.360847
700.505000353	0.347665
701.85400033	0.340382
703.133000135	0.356059
704.892000198	0.167213
706.857000351	0.358555
709.787000179	0.341729
712.235000134	0.356486
713.572999954	0.358032
716.976000071	0.343142
718.985000372	0.354884
720.532000065	0.348071
721.360000134	0.343594
722.735000134	0.314086
724.712000132	0.359588
727.571000099	0.341904
730.391000271	0.336617
733.633000374	0.361384
734.747000217	0.143835
736.553000212	0.034177
737.731000185	0.34081
738.992000103	0.361443
741.887000084	0.34322
744.928000212	0.361659
747.827000141	0.36042
749.211000204	0.356849
750.978000164	0.15958
753.202000141	0.184878
756.33100009	0.353314
757.180000067	0.348112
758.901000023	0.354731
760.857000351	0.257688
762.052999973	0.284063
763.292999983	0.340911
764.705000401	0.350198
765.961000204	0.333512
768.270000219	0.358767
770.632000208	0.347449
773.278000355	0.125386
776.310000181	0.356181
778.33700037	0.346656
780.553000212	0.352867
782.610000134	0.11228
784.396000147	0.097516
786.103000164	0.347462
787.782000303	0.307289
790.59400034	0.260809
792.548000097	0.079521
794.033000231	0.351003
796.156000137	0.193355
798.606000185	0.00975
800.419000149	0.351436
802.384000063	0.353631
803.860000134	0.348614
806.092000008	0.350614
807.953000307	0.343631
809.438000202	0.35498
811.292000055	0.343312
813.191000223	0.354448
815.295000076	0.317067
817.375000238	0.359754
819.191000223	0.354429
821.209000349	0.359151
823.476999998	0.34634
825.95600009	0.34643
827.582000256	0.341422
829.971000195	0.354495
832.552000046	0.356573
833.553000212	0.356568
834.791000128	0.347655
836.358000278	0.349579
838.967000246	0.306046
841.236999989	0.321048
843.753000259	0.337867
844.929000378	0.361496
847.082000256	0.347171
849.162000179	0.343772
850.812999964	0.354889
852.334000349	0.318207
853.696000099	0.314926
855.020000219	0.243721
856.158000231	0.067061
858.179000139	0.349663
859.576000214	0.350853
861.177000284	0.345995
863.076000214	0.354646
865.042000294	0.33336
865.873000383	0.342765
866.635000229	0.28923
868.112000227	0.3409
870.84800005	0.338788
872.406000137	0.319305
874.177000284	0.354717
876.401000261	0.330661
880.382000208	0.357159
883.970000267	0.358541
886.473000288	0.356229
889.347000122	0.35474
890.514000177	0.364026
892.190000296	0.35284
893.683000088	0.355396
895.524000168	0.341424
900.476000071	0.355495
902.736000061	0.357272
903.785000324	0.354713
904.441000223	0.35895
905.159000158	0.353999
906.447000265	0.342951
907.676000118	0.34664
909.696000099	0.353331
911.457000256	0.352973
913.404000044	0.356056
914.953000307	0.342259
915.539000273	0.335778
918.698000193	0.355884
919.78000021	0.343105
921.497000217	0.343571
925.605000019	0.322984
927.108999968	0.353998
929.985000372	0.333509
932.310000181	0.342529
934.519000292	0.355628
936.828000069	0.345958
939.842000246	0.348745
942.924000025	0.339162
944.911000252	0.35446
946.003000259	0.356655
946.868999958	0.315157
948.09400034	0.353244
949.073000193	0.343291
950.148000002	0.347267
951.603000164	0.333102
953.084000111	0.346611
955.083000183	0.345782
957.085000038	0.350379
963.635000229	0.352683
968.095000267	0.356943
970.230000257	0.354597
972.071000099	0.336959
973.863000154	0.348964
975.610000134	0.350444
977.338000298	0.160187
979.249000311	0.353576
980.938000202	0.34176
982.613000154	0.339321
985.43200016	0.318928
987.886000156	0.355364
990.947000265	0.338965
993.350000143	0.207392
995.108999968	0.355124
997.099000216	0.249275
998.951000214	0.354415
1003.32600021	0.353866
1004.9230001	0.360536
1006.28300023	0.330779
1007.51400018	0.366547
1010.11400032	0.359962
1011.77200007	0.356163
1014.09700036	0.35873
1016.47200012	0.344323
1019.47500014	0.360927
1021.51699996	0.328514
1023.22700024	0.31368
1024.6650002	0.340632
1025.9150002	0.357423
1027.72700024	0.349906
1031.04300022	0.356826
1032.852	0.3547
1034.79100013	0.341781
1036.16900039	0.356135
1037.32700014	0.358247
1040.27800035	0.317974
1042.50500035	0.207572
1043.51300025	0.355783
1044.81000018	0.305881
1045.67500019	0.191997
1047.13900018	0.354682
1049.4000001	0.075291
1052.73300004	0.355216
1056.13100028	0.358869
1058.73400021	0.339748
1059.97300005	0.357512
1062.15900016	0.340505
1064.15000033	0.355885
1066.05900025	0.362923
1068.59600019	0.231065
1070.87300038	0.343082
1072.87400031	0.358651
1075.31600022	0.333663
1077.88100028	0.36041
1079.71000028	0.355267
1081.47000027	0.326836
1082.94300008	0.362297
1085.47900009	0.354925
1087.16900039	0.353789
1088.1400001	0.347217
1089.49500012	0.337769
1091.74800014	0.279394
1092.90900016	0.362554
1093.98200035	0.361346
1096.0570004	0.347251
1099.5480001	0.340493
1101.72000003	0.346883
1103.22300029	0.358402
1105.53900027	0.324881
1109.9860003	0.347359
1111.31600022	0.338245
1112.78500032	0.338104
1114.2670002	0.356346
1115.52600026	0.354063
1117.35400033	0.359784
1119.80800009	0.019851
1121.04500008	0.354545
1122.81299996	0.356989
1127.55800033	0.337278
1129.14700007	0.3566
1131.13800025	0.361698
1132.87500024	0.354398
1133.85800028	0.349689
1135.5480001	0.335134
1138.90400004	0.015789
1141.04600024	0.35677
1142.93200016	0.225776
1144.6400001	0.216415
1146.88400006	0.34238
1148.3130002	0.098651
1149.96900034	0.361966
1151.87300038	0.023557
1153.31900024	0.366002
1154.89300013	0.352301
1156.85100007	0.357237
1158.84300017	0.355862
1160.71200013	0.36028
1162.17200017	0.354822
1163.204	0.342851
1164.21800017	0.215892
1165.37000012	0.342239
1166.74200034	0.345779
1168.16000009	0.311409
1172.32900023	0.332969
1179.46099997	0.045153
1180.52300024	0.359927
1182.21200013	0.329317
1184.79300022	0.344053
1187.47900009	0.295114
1188.68000007	0.35345
1190.09400034	0.020152
1192.61700034	0.339047
1193.95700002	0.318291
1195.42600036	0.349384
1197.34300017	0.356514
1198.83100009	0.342254
1200.74300027	0.349401
1202.92499995	0.353687
1205.5630002	0.344606
1208.0170002	0.35578
1210.2820003	0.066123
1213.32100034	0.2277
1215.18700027	0.35643
1216.80600023	0.29102
1218.9000001	0.31558
1220.85500026	0.338863
1222.76600027	0.354053
1225.6340003	0.337207
1227.27600002	0.329852
1229.53100014	0.356358
1230.92800021	0.343855
1232.28300023	0.346867
1234.55900025	0.312683
1237.49500012	0.354465
1238.96300006	0.362685
1240.43400025	0.338288
1241.10100007	0.354982
1242.41800022	0.011225
1245.43200016	0.354907
1248.02800012	0.36977
1250.36600018	0.359839
1253.69200015	0.353933
1256.30500031	0.354832
1257.72600031	0.341605
1258.71200013	0.34355
1260.0170002	0.318541
1262.44499993	0.345071
1265.66800022	0.356943
1266.7750001	0.343556
1267.07400036	0.349231
1267.46800017	0.3547
1267.91700006	0.345171
1270.1400001	0.350487
1273.51900029	0.354754
1276.81700039	0.36254
1279.39600015	0.354749
1281.25400019	0.360295
1282.0710001	0.338446
1282.96600032	0.346185
1283.98099995	0.362327
1285.21300006	0.355165
1287.00200033	0.341634
1291.12900019	0.339254
1294.63200021	0.322594
1297.87600017	0.337243
1302.80000019	0.349143
1303.56800008	0.354189
1305.97300005	0.354741
1308.03900027	0.323673
1309.0170002	0.353873
1311.5250001	0.364371
1313.40200019	0.349898
1314.56200027	0.342099
1317.18500042	0.340687
1317.67000031	0.355348
1318.21300006	0.346528
1319.8380003	0.364907
1323.83700013	0.346206
1328.66700029	0.355125
1329.43700004	0.352437
1331.85300016	0.35361
1333.90600014	0.356029
1334.64400005	0.362546
1335.95100021	0.341488
1338.22400022	0.354515
1340.52700019	0.047501
1343.0480001	0.342443
1344.60300016	0.34665
1347.47400022	0.355077
1350.3360002	0.339604
1353.0	0.363831
1353.74200034	0.348862
1354.90799999	0.356663
1355.87700009	0.355707
1356.45000029	0.348943
1356.95500016	0.342878
1357.72300029	0.35385
1359.24500012	0.359377
1360.72500014	0.35002
1362.24700022	0.356515
1363.7900002	0.319494
1364.46099997	0.317589
1365.97300005	0.357301
1370.09700036	0.351979
1372.29800034	0.350105
1373.11600018	0.347368
1374.16000009	0.34595
1377.45000029	0.337766
1379.54900002	0.332594
1381.37600017	0.364423
1383.02700019	0.353437
1384.89600015	0.356
1387.24100041	0.315157
1390.26600027	0.339695
1392.648	0.358057
1395.74900007	0.354815
1397.06700015	0.343842
1398.02800012	0.340103
1399.21600008	0.361984
1400.11500025	0.341198
1401.89800024	0.276851
1403.59200001	0.345221
1405.79500008	0.346126
1409.26900005	0.350768
1411.71200013	0.336486
1414.62800002	0.326867
1418.50300026	0.32473
1420.50600028	0.338103
1421.98400021	0.331715
1422.9920001	0.35546
1425.27300024	0.353076
1428.4920001	0.056225
1435.75300026	0.321997
1439.8920002	0.34576
1440.148	0.3424
1440.59300041	0.365378
1441.07300019	0.355612
1441.8360002	0.36381
1443.45000029	0.345904
1445.37700033	0.355124
1447.58500028	0.31342
1449.36400008	0.354625
1451.45500016	0.344699
1453.24500012	0.356072
1455.1960001	0.360733
1456.85100007	0.312851
1458.67900014	0.355503
1461.03800035	0.360051
1462.72200012	0.359273
1464.32800007	0.359652
1464.77100015	0.297634
1465.03000021	0.355406
1465.59700012	0.365463
1479.61300015	0.344474
1480.26400018	0.361249
1482.1420002	0.320176
1482.58100009	0.354638
1483.24300027	0.353426
1484.3360002	0.348693
1485.33299994	0.344051
1487.17800021	0.317104
1488.32100034	0.341283
1488.80400014	0.334718
1489.73800015	0.316802
1492.33000016	0.360198
1494.94000006	0.37334
1497.48400021	0.358505
1499.94300008	0.356403
1502.88300014	0.353282
1504.852	0.331358
1507.14100003	0.355373
1512.38300014	0.038999
1515.61400032	0.317207
1518.54100013	0.361504
1520.1960001	0.358713
1522.52700019	0.355498
1524.16499996	0.349307
1526.5630002	0.338176
1528.204	0.360669
1529.77100015	0.346098
1531.00400019	0.339831
1531.31600022	0.357482
1531.77200007	0.329927
1532.33700037	0.357294
1533.18200016	0.356015
1534.03699994	0.347175
1534.7130003	0.355178
1535.59500027	0.356225
1537.67500019	0.347419
1539.59500027	0.343034
1543.97400022	0.34133
1546.53500009	0.362715
1548.56000018	0.326381
1552.46700025	0.355309
1556.87000012	0.332147
1560.61200023	0.328818
1562.28500009	0.354553
1564.40499997	0.33615
1566.62000012	0.33834
1568.6880002	0.356077
1570.56600022	0.353612
1572.46800017	0.354938
1574.7750001	0.355792
1577.07200003	0.352696
1579.03000021	0.33318
1581.62300014	0.336695
1582.50100017	0.355815
1583.34500027	0.349314
1584.27200007	0.34125
1585.41200018	0.307875
1586.85300016	0.345455
1591.85500026	0.348851
1594.68600035	0.343992
1596.76000023	0.355336
1598.72300029	0.360278
1600.7050004	0.359798
1603.05400014	0.346108
1605.37500024	0.355745
1606.62899995	0.329445
1609.14899993	0.357115
1610.9150002	0.344792
1612.25200009	0.346741
1614.22400022	0.348841
1616.85400033	0.354916
1618.88900042	0.356776
1620.7900002	0.355696
1622.6420002	0.358096
1623.73000026	0.359604
1625.32100034	0.353688
1627.30600023	0.351005
1629.10500026	0.354319
1631.11300039	0.360144
1632.704	0.351893
1634.02100015	0.348774
1635.11000013	0.34675
1637.27300024	0.353678
1639.1170001	0.340912
1640.82600021	0.351893
1641.69300008	0.347777
1641.95400023	0.341905
1642.27800035	0.348267
1643.84800005	0.325162
1646.90100002	0.348368
1650.49600005	0.348939
1653.77900028	0.336397
1656.04200029	0.345731
1659.00500011	0.311184
1661.25000024	0.350763
1663.43900013	0.335457
1665.34600019	0.356602
1666.83100009	0.34592
1669.6570003	0.336837
1671.79200006	0.344427
1673.95100021	0.34811
1675.51600003	0.35492
1676.61100006	0.303855
1678.16800022	0.348139
1679.7130003	0.363213
1681.12700009	0.353346
1682.63200021	0.312188
1684.04200029	0.341289
1685.89100027	0.34471
1686.73300004	0.356855
1687.84900022	0.350441
1689.84900022	0.343516
1692.86400008	0.34464
1696.01600003	0.354838
1699.04500008	0.342087
1701.32000017	0.356724
1702.38600016	0.347632
1704.13200021	0.345313
1708.31200004	0.352987
1711.66800022	0.358445
1713.95900011	0.329983
1715.82800007	0.342127
1716.96700025	0.346301
1719.16800022	0.354831
1721.68100023	0.249335
1723.37800026	0.355367
1724.41100025	0.344959
1725.12600017	0.354629
1725.69100022	0.333783
1726.95300031	0.347162
1728.84600019	0.354812
1730.78400016	0.3464
1731.84800005	0.348599
1733.90700006	0.357132
1736.65200019	0.350253
1740.88900042	0.337895
1741.95300031	0.362648
1743.31600022	0.355395
1745.88700008	0.357801
1749.0170002	0.360849
1752.99300027	0.318512
1756.31400013	0.349523
1758.13600016	0.354966
1759.4940002	0.360339
1760.93500018	0.355256
1763.03000021	0.351553
1765.10700011	0.349171
1768.30100012	0.335546
1770.62000012	0.333705
1772.83400035	0.326434
1775.34200025	0.363173
1777.6650002	0.322705
1779.83900023	0.312018
1781.35000014	0.342156
1782.51400018	0.354804
1784.15400028	0.343424
1787.03000021	0.339055
1790.02400017	0.072638
1792.22099996	0.339714
1794.66800022	0.208963
1798.77400017	0.324725
1800.89700031	0.312269
1802.79100013	0.346972
1804.63100028	0.353576
1806.4230001	0.334388
1808.66400003	0.359358
1809.10200024	0.34997
1809.33500028	0.34884
1809.6650002	0.356493
1811.2440002	0.34206
1814.73400021	0.33481
1817.29500008	0.362237
1819.70300007	0.361055
1822.62500024	0.355074
1826.58899999	0.349107
1828.68700027	0.354034
1829.58300018	0.150416
1830.75699997	0.359727
1832.09700036	0.356654
1834.41000032	0.357254
1837.84200025	0.353298
1840.45400023	0.361829
1842.32300019	0.356359
1843.94300008	0.357973
1845.77700019	0.291751
1847.50300026	0.356248
1850.28500009	0.046583
1851.70300007	0.356015
1853.58400011	0.346817
1854.52000022	0.364117
1855.30800009	0.327297
1856.33100009	0.34887
1857.65500021	0.3516
1859.51200008	0.364946
1861.95900011	0.328672
1863.73200011	0.358568
1865.42600036	0.358315
1867.67200017	0.354023
1869.40300012	0.355882
1870.8360002	0.324012
1873.66600013	0.356054
1875.95000029	0.353842
1877.3610003	0.347006
1879.75699997	0.298656
1883.31700015	0.357573
1886.11200023	0.316704
1888.67300034	0.312
1891.32400012	0.364256
1893.50400019	0.345703
1895.14600015	0.334145
1898.35700011	0.339227
1899.6900003	0.355586
1900.63000035	0.335465
1902.35900021	0.340832
1904.16000009	0.34721
1905.78100014	0.311997
1907.87000012	0.356857
1909.95300031	0.353026
1911.31500006	0.329882
1914.57700038	0.343726
1918.83400035	0.346286
1919.74099994	0.339365
1921.31500006	0.246955
1922.80800009	0.356301
1924.68400002	0.108127
1926.72200012	0.362091
1930.25800014	0.337648
1932.54400015	0.357454
1934.30800009	0.32007
1937.32100034	0.337557
1938.06100011	0.355789
1939.1880002	0.341419
1941.18500042	0.06766
1942.8210001	0.35156
1943.90200019	0.010525
1945.3130002	0.353615
1948.85100007	0.348768
1952.80000019	0.361041
1954.65600014	0.339821
1956.31200004	0.315061
1957.75600004	0.357298
1958.18400002	0.363486
1959.02600026	0.355902
1961.36300015	0.113271
1963.76300025	0.361546
1965.17400026	0.353255
1968.4150002	0.016138
1970.81600022	0.342152
1972.96400023	0.3418
1974.51800013	0.352907
1976.82500029	0.354405
1978.44100022	0.34329
1980.34200025	0.346371
1981.16700029	0.348673
1982.26600027	0.353219
1983.53299999	0.038778
1985.26800013	0.003504
1986.71500015	0.348028
1991.39300036	0.018046
1994.80000019	0.356552
1997.704	0.360774
1999.27600002	0.355767
2001.73000026	0.350343
2003.18900013	0.344234
2005.23900008	0.354453
2007.18099999	0.357369
2008.50200033	0.355475
2010.18600035	0.355216
2011.96400023	0.349691
2014.03900027	0.349659
2015.94000006	0.346541
2017.82500029	0.356183
2021.35600019	0.228631
2024.28600025	0.060296
2025.39000034	0.31417
2026.86100006	0.334873
2030.4860003	0.354163
2032.60800004	0.347477
2034.94400001	0.355827
2036.99699998	0.357541
2037.98700023	0.359655
2038.82700014	0.337486
2040.74600029	0.332258
2042.82300019	0.31941
2044.52200031	0.346072
2047.16100025	0.344424
2049.87900019	0.306445
2051.23699999	0.092254
2052.91800022	0.355173
2054.64900041	0.352767
2057.28800011	0.355967
2060.90700006	0.309435
2062.05100012	0.359344
2064.24000001	0.353817
2065.96500015	0.346059
2066.93400025	0.355879
2068.0650003	0.298096
2070.89000034	0.36165
2073.5150001	0.355016
2075.81500006	0.34154
2077.18099999	0.355
2078.13200021	0.336013
2079.82000017	0.351768
2082.32900023	0.338262
2084.28100038	0.357456
2086.67500019	0.354608
2088.94400001	0.343167
2090.38300014	0.355964
2092.16600013	0.333329
2093.96500015	0.356496
2096.15900016	0.354356
2099.30300021	0.341111
2102.09600019	0.354677
2104.26500034	0.342896
2106.6900003	0.346988
2108.34500027	0.361521
2109.58800006	0.354319
2111.96800017	0.355844
2113.02700019	0.348439
2114.77400017	0.342089
2116.44200015	0.342711
2117.7670002	0.352298
2120.12300014	0.33466
2121.50600028	0.344837
2123.22300029	0.354943
2125.01300001	0.362025
2129.73700023	0.352921
2132.27300024	0.361817
2133.47800016	0.340977
2134.58300018	0.335755
2135.1880002	0.362892
2135.99300027	0.358424
2137.05000019	0.340026
2140.52200031	0.294556
2141.89500022	0.341124
2143.14400005	0.327451
2144.60700011	0.353966
2146.84700012	0.341893
2148.39000034	0.354492
2150.85600019	0.338375
2152.30800009	0.341876
2154.02800012	0.341973
2156.0400002	0.357123
2157.71500015	0.357853
2158.38700008	0.344128
2161.44700027	0.357045
2165.22800016	0.344552
2166.75699997	0.301309
2169.67600012	0.355066
2172.38100004	0.072058
2174.72500014	0.354961
2177.03400016	0.355303
2178.70600033	0.357821
2180.64900041	0.359503
2182.9380002	0.339123
2183.42700028	0.354044
2184.07300019	0.353416
2184.61100006	0.352976
2186.16300011	0.344148
2187.66800022	0.347192
2188.35700011	0.34339
2190.35900021	0.328384
2195.24700022	0.354983
2198.52600026	0.328604
2202.24200034	0.355435
2203.73400021	0.353323
2205.74600029	0.345219
2210.09100008	0.353193
2211.65900016	0.346526
2213.16900039	0.355879
2214.35800028	0.349922
2215.74300027	0.358263
2217.32600021	0.357754
2219.57600021	0.358878
2221.16499996	0.354354
2223.7050004	0.330974
2224.53700042	0.349871
2225.67700005	0.356156
2226.99100018	0.220831
2228.86400008	0.353939
2230.44600034	0.346542
2232.24700022	0.353973
2234.16900039	0.332363
2236.06800008	0.33949
2238.85500026	0.352795
2243.35500026	0.35843
2244.01000023	0.353903
2244.80100036	0.355677
2245.56500006	0.392339
2246.56600022	0.346986
2249.89100027	0.337275
2252.50600028	0.338262
2254.2670002	0.359693
2256.58700013	0.342183
2262.7820003	0.331904
2263.84300017	0.342728
2265.12000012	0.356243
2266.65400028	0.350323
2268.3360002	0.346911
2270.18500042	0.356944
2270.81000018	0.333856
2273.01100016	0.354689
2275.46300006	0.361665
2277.61400032	0.353926
2279.54500031	0.359579
2281.81100011	0.339594
2285.57900023	0.290867
2290.4380002	0.321951
2294.26600027	0.356397
2296.27300024	0.337575
2297.421	0.355937
2298.62000012	0.356114
2300.02300024	0.341347
2301.20600033	0.355691
2304.30000019	0.360205
2306.77700019	0.368168
2310.07600021	0.316874
2312.42000008	0.268331
2314.46700025	0.345358
2315.28400016	0.34207
2316.35800028	0.35495
2317.81400013	0.346863
2320.19400024	0.356202
2321.94800019	0.162839
2324.02900004	0.031623
2328.19700003	0.360418
2330.49800014	0.354227
2332.45600009	0.258175
2334.477	0.360641
2336.37000012	0.360885
2338.51000023	0.363698
2340.08900023	0.349504
2342.00800014	0.355781
2343.95600009	0.208875
2346.6400001	0.353727
2348.74800014	0.320596
2350.13500023	0.362474
2351.23100019	0.347615
2352.47000027	0.332606
2354.26600027	0.339642
2355.18900013	0.344018
2356.8210001	0.311437
2359.68700027	0.359638
2362.49100018	0.35901
2364.76800013	0.317439
2367.78700018	0.360665
2370.1730001	0.355054
2373.68000007	0.354645
2374.75699997	0.344865
2376.60500002	0.355837
2378.70099998	0.333239
2380.68700027	0.346697
2381.85300016	0.342971
2383.68400002	0.352681
2385.39900017	0.346149
2385.6880002	0.360842
2386.05900025	0.353188
2386.55599999	0.343146
2387.0570004	0.336213
2387.77600002	0.337529
2390.97200012	0.361655
2394.62100005	0.339081
2398.62000012	0.335184
2402.22900009	0.315636
2404.68100023	0.358305
2407.11600018	0.338624
2408.23800015	0.328057
2409.96700025	0.18354
2412.19900012	0.341692
2414.22200012	0.338165
2415.99800014	0.319492
2421.09700036	0.336425
2423.58000016	0.316992
2424.27800035	0.355039
2426.03900027	0.328156
2427.67200017	0.327857
2429.65100026	0.301554
2431.31500006	0.354338
2433.77200007	0.262124
2436.08100033	0.058454
2438.93700027	0.312007
2440.61100006	0.268342
2442.61700034	0.354319
2443.56700015	0.356184
2445.07900023	0.328292
2447.72900033	0.353241
2449.92900038	0.342267
2452.01900029	0.359054
2453.8670001	0.350911
2454.96800017	0.356361
2456.57800031	0.339869
2458.10800004	0.301236
2459.47300029	0.347612
2460.84000015	0.348152
2462.10700011	0.35422
2464.31600022	0.359156
2466.57400036	0.360412
2469.10500026	0.351403
2470.44700027	0.362807
2471.71000028	0.355851
2472.90500021	0.362546
2474.48400021	0.353475
2477.08200026	0.356943
2478.30100012	0.363375
2478.8360002	0.338092
2479.70800018	0.356199
2483.01200008	0.35279
2485.67200017	0.257617
2490.46000004	0.199473
2492.10700011	0.354333
2494.15800023	0.354377
2496.29200006	0.349075
2498.38500023	0.341323
2499.64600015	0.35595
2501.73400021	0.346962
2504.03000021	0.356329
2505.90100002	0.351246
2508.10200024	0.332401
2509.74600029	0.351903
2512.25700021	0.363095
2514.07600021	0.341954
2516.91100025	0.314953
2519.19200015	0.34944
2521.15500021	0.354679
2523.29400015	0.338859
2525.0650003	0.353925
2527.10800004	0.340229
2528.75100017	0.361404
2530.05500007	0.33509
2531.33900023	0.357765
2532.78100014	0.358265
2534.23800015	0.341281
2535.4920001	0.353214
2536.72400022	0.350921
2538.53000021	0.354559
2539.80200028	0.340872
2543.05599999	0.337222
2545.35400033	0.316548
2547.77600002	0.338526
2550.31200004	0.340597
2553.58300018	0.350083
2554.79699993	0.362286
2554.96700025	0.362286
2555.60000014	0.361165
2560.477	0.355229
2564.66600013	0.328907
2566.29299998	0.335145
2568.02500033	0.340457
2569.54500031	0.360295
2571.13300014	0.355737
2573.21200013	0.35325
2574.34000015	0.341989
2575.13300014	0.352598
2576.63700008	0.357167
2578.71800017	0.355179
2580.0710001	0.354992
2582.06600022	0.330974
2583.62300014	0.336553
2584.72800016	0.337978
2587.65600014	0.351073
2593.09100008	0.309265
2596.71600008	0.351575
2599.03100014	0.336076
2601.10000014	0.358898
2603.65500021	0.35527
2606.4940002	0.344053
2609.11200023	0.337338
2611.36200023	0.343265
2613.30700016	0.265286
2614.94600034	0.014012
2616.0010004	0.316149
2618.40499997	0.330955
2621.62200022	0.129291
2624.79200006	0.343602
2627.07400036	0.338979
2629.36600018	0.344584
2631.29700041	0.355762
2633.05900025	0.35025
2635.25600004	0.355436
2636.4090004	0.354979
2637.80400014	0.341398
2640.1400001	0.345865
2642.24600029	0.030456
2644.47200012	0.350833
2646.28000021	0.295237
2648.35000014	0.333642
2651.31100011	0.310081
2653.83100009	0.348066
2655.88300014	0.333078
2656.83900023	0.354435
2659.04200029	0.328595
2661.4090004	0.170723
2661.95900011	0.357407
2662.74000001	0.352313
2663.78800011	0.359289
2666.76300025	0.354293
2671.99699998	0.32304
2673.23100019	0.354933
2675.27699995	0.348581
2676.48100019	0.336965
2677.72700024	0.354874
2679.47800016	0.344519
2681.40400004	0.354967
2682.54300022	0.357243
2683.52600026	0.348829
2685.07600021	0.354615
2686.54200029	0.359814
2687.88700008	0.35616
2690.04600024	0.34313
2691.99699998	0.355601
2693.57500029	0.343334
2695.75900006	0.355487
2697.59600019	0.356279
2699.75900006	0.34357
2702.12200022	0.354594
2703.56400013	0.357803
2704.43400025	0.353628
2705.35000014	0.346608
2711.0010004	0.361634
2713.88800001	0.329636
2717.0170002	0.336734
2719.42800021	0.345538
2721.51900029	0.339058
2723.50900006	0.351986
2725.57700038	0.326875
2726.94000006	0.110986
2728.70800018	0.346431
2729.83100009	0.362231
2733.0400002	0.356281
2738.05000019	0.333073
2739.39600015	0.355767
2741.44499993	0.352797
2743.77700019	0.361352
2745.92499995	0.35488
2746.87900019	0.358231
2748.11300039	0.341614
2750.28100038	0.354576
2752.04900026	0.353148
2753.21800017	0.348182
2755.51000023	0.34115
2757.0400002	0.355739
2758.4920001	0.348923
2760.30200028	0.345128
2762.09000015	0.351548
2764.11000013	0.342991
2765.97800016	0.355705
2767.76800013	0.355763
2769.61300015	0.353862
2771.34700012	0.339746
2774.10899997	0.340725
2777.8440001	0.356106
2779.4150002	0.349729
2780.88600016	0.349377
2781.83300042	0.322306
2783.20100021	0.360837
2786.63900018	0.355393
2789.81500006	0.340134
2792.16700029	0.347259
2794.67400026	0.346674
2796.22099996	0.349621
2797.96600032	0.291332
2799.75000024	0.338311
2802.03900027	0.301483
2803.852	0.34636
2805.69800019	0.344792
2807.75400019	0.33626
2810.96600032	0.355249
2812.43300033	0.354405
2814.08900023	0.322907
2816.13600016	0.355944
2817.23100019	0.343267
2818.56000018	0.339051
2820.71800017	0.353734
2823.66200018	0.321899
2826.10400009	0.35438
2828.60800004	0.362766
2829.97500014	0.355942
2832.22500038	0.361229
2833.65800023	0.326751
2835.81100011	0.355353
2837.73000026	0.343328
2840.148	0.354968
2841.55100012	0.363711
2843.85300016	0.35905
2845.68900037	0.354513
2847.02300024	0.341277
2848.92900038	0.341823
2851.16900039	0.322679
2853.40499997	0.356109
2856.38200021	0.356521
2858.78900003	0.360229
2859.86000013	0.331309
2861.18400002	0.364718
2862.51000023	0.308143
2864.79800034	0.123802
2866.20900035	0.366067
2868.16700029	0.35562
2870.85100007	0.342938
2873.30500031	0.355144
2874.70800018	0.346636
2875.7190001	0.355372
2877.49500012	0.336157
2880.01400018	0.033015
2881.41200018	0.356045
2885.75000024	0.339527
2889.89100027	0.356086
2891.23500013	0.34918
2892.58100009	0.314952
2893.76400018	0.354581
2896.48000002	0.337779
2899.1400001	0.34674
2901.32600021	0.341398
2903.04300022	0.355323
2904.13900018	0.313381
2905.38300014	0.348418
2906.45400023	0.355144
2906.88499999	0.361347
2907.45200014	0.3533
2908.6570003	0.358316
2910.04600024	0.339622
2910.91900015	0.356499
2911.32800007	0.350727
2913.12200022	0.347905
2916.21700025	0.362778
2919.32200027	0.35613
2922.42500019	0.32835
2925.26800013	0.347946
2927.31100011	0.306648
2929.17800021	0.338045
2930.99000025	0.354185
2933.37600017	0.355235
2935.65100026	0.339993
2938.148	0.333788
2939.7670002	0.358057
2941.91200018	0.338374
2944.06700015	0.34989
2946.24000001	0.356917
2947.81299996	0.313246
2949.65900016	0.353435
2951.43700004	0.355658
2953.56700015	0.353866
2955.79300022	0.32622
2958.04700017	0.360681
2961.93100023	0.355247
2962.23900008	0.348182
2962.82200027	0.365566
2964.05200005	0.315073
2965.45100021	0.297752
2966.63200021	0.353292
2967.77900028	0.356071
2969.23400021	0.333602
2971.12400007	0.358541
2973.12400007	0.318292
2976.19100022	0.355446
2980.13200021	0.35802
2981.47300029	0.355809
2982.22900009	0.343354
2983.12300014	0.3325
2986.20500016	0.352271
2987.31100011	0.361202
2989.12400007	0.351395
2991.27800035	0.330918
2993.12400007	0.350747
2995.05599999	0.351774
2997.12300014	0.339235
2999.12300014	0.357283
3001.12400007	0.335533
3003.10600019	0.356742
3006.39100027	0.364183
3009.26900005	0.271293
3010.8920002	0.318027
3011.63900018	0.306648
3013.12400007	0.343398
3015.12300014	0.338981
3017.12400007	0.34557
3019.12300014	0.3112
3021.12400007	0.3112
3023.14500022	0.354087
3025.12600017	0.357937
3032.88800001	0.332167
3039.0400002	0.133533
3041.43700004	0.360121
3043.64100027	0.159719
3045.5	0.332186
3047.4230001	0.324691
3049.32700014	0.358247
3051.6400001	0.339371
3053.2190001	0.354458
3054.95200014	0.350686
3055.45900011	0.281884
3057.8360002	0.295752
3061.57600021	0.318883
3062.68200016	0.339396
3064.25300002	0.337286
3065.66700029	0.326074
3067.74700022	0.340243
3069.68600035	0.320439
3071.59500027	0.357615
3073.42000008	0.355797
3074.84900022	0.353937
3075.89500022	0.235292
3079.25400019	0.350097
3081.90500021	0.176387
3083.94600034	0.354562
3086.36000013	0.346106
3089.16600013	0.332429
3091.34899998	0.356596
3093.13800025	0.357723
3094.8920002	0.353773
3096.4090004	0.363259
3098.65600014	0.335196
3101.03300023	0.346494
3102.33500028	0.341034
3103.61100006	0.355972
3105.36000013	0.358317
3109.57299995	0.355359
3111.32400012	0.360855
3113.50600028	0.355224
3115.08700013	0.342397
3116.39600015	0.253555
3117.26200032	0.341554
3118.16800022	0.360341
3120.6190002	0.340154
3122.67700005	0.302341
3124.65200019	0.339034
3126.81500006	0.350353
3129.204	0.339788
3130.76100039	0.351968
3132.65800023	0.371438
3135.11000013	0.308334
3137.34300017	0.353863
3138.81299996	0.342244
3140.97200012	0.354687
3142.77700019	0.073107
3146.54400015	0.009414
3148.48700023	0.354711
3150.52300024	0.180205
3152.89800024	0.354131
3154.60300016	0.333509
3155.84200025	0.317511
3157.47400022	0.362672
3158.56800008	0.035866
3160.6190002	0.32233
3163.18300009	0.058367
3165.26800013	0.354486
3168.78300023	0.335567
3171.33700037	0.029414
3173.09100008	0.343356
3174.40600014	0.348728
3176.23100019	0.346572
3178.00500011	0.341461
3179.87500024	0.335009
3182.60100031	0.357494
3184.1900003	0.350923
3185.75800014	0.348322
3188.13800025	0.349111
3190.17500019	0.322674
3191.84100032	0.359292
3193.69700027	0.319866
3195.7190001	0.355737
3199.11500025	0.272298
3201.15600014	0.355735
3202.73300004	0.362135
3203.94000006	0.32915
3206.57800031	0.343424
3209.43600011	0.353135
3210.773	0.351256
3212.07000017	0.343042
3213.74600029	0.355455
3215.19800019	0.284254
3216.34000015	0.345033
3217.59000015	0.311353
3219.1880002	0.321415
3222.85700035	0.355291
3225.5	0.108263
3227.0010004	0.36223
3228.63200021	0.35771
3230.9920001	0.331907
3233.32300019	0.340513
3236.72700024	0.338555
3239.20200014	0.351922
3241.0150001	0.147397
3243.25700021	0.344616
3243.90900016	0.305652
3244.43300033	0.312533
3246.5	0.355433
3248.99500012	0.312354
3250.75699997	0.345853
3252.81700039	0.336693
3255.63800025	0.206312
3256.6880002	0.355042
3257.60200024	0.160817
3259.11100006	0.355541
3260.89600015	0.355959
3263.17200017	0.356398
3265.17200017	0.355657
3266.36300015	0.342085
3266.69200015	0.354475
3267.36300015	0.347285
3268.62600017	0.307943
3271.22300029	0.360211
3273.94300008	0.322366
3277.03600001	0.354422
3278.94300008	0.335994
3282.87700009	0.356386
3285.6420002	0.220225
3287.24000001	0.314881
3290.58900023	0.287737
3292.33299994	0.348242
3294.18500042	0.356078
3296.33400035	0.343766
3297.52400017	0.356199
3297.78500032	0.345975
3300.52100039	0.357087
3304.42700028	0.355017
3305.85600019	0.319153
3307.15200019	0.353542
3308.94800019	0.152805
3311.43000031	0.335927
3313.63600016	0.339866
3315.19500017	0.34853
3316.65200019	0.34519
3317.78000021	0.345942
3321.88800001	0.357321
3323.04900026	0.173337
3324.54100013	0.336626
3326.27400017	0.356231
3327.33100009	0.356115
3328.48900032	0.358452
3330.12700009	0.306313
3331.31700015	0.361705
3333.59100008	0.355981
3335.24000001	0.297522
3335.94099998	0.354931
3337.42500019	0.339522
3339.44300008	0.363755
3341.65500021	0.355784
3347.83300042	0.349212
3351.66800022	0.356204
3354.12700009	0.341886
3356.19500017	0.354305
3357.72800016	0.338334
3358.44400001	0.324884
3359.28100038	0.313762
3360.97200012	0.160421
3363.97200012	0.35438
3366.70300007	0.337579
3369.5	0.354403
3371.01200008	0.358338
3373.53299999	0.271343
3375.35400033	0.346425
3376.352	0.342036
3377.66200018	0.354992
3378.92100024	0.332255
3380.8440001	0.355533
3384.72600031	0.198414
3389.76900029	0.328733
3392.59000015	0.326545
3395.43100023	0.341215
3398.31600022	0.353081
3400.21300006	0.360084
3401.27900028	0.354659
3401.88100028	0.312631
3402.86800003	0.343467
3404.57000017	0.335901
3407.28500009	0.340226
3409.68900037	0.350968
3412.51200008	0.346191
3414.59900022	0.32643
3416.26500034	0.353667
3418.24600029	0.30826
3418.53000021	0.342539
3419.17400026	0.351349
3419.52800012	0.339527
3420.0480001	0.35273
3420.53100014	0.349315
3421.63100028	0.358116
3423.63600016	0.35839
3437.97700024	0.353872
3438.73400021	0.345801
3439.10300016	0.357801
3440.17800021	0.355093
3441.70099998	0.363724
3443.88100028	0.354554
3445.96500015	0.342597
3448.76600027	0.345147
3452.46400023	0.352651
3453.69100022	0.358237
3455.41700029	0.355168
3457.10000014	0.349028
3458.52100039	0.354693
3460.43000031	0.348058
3462.31100011	0.355277
3463.75800014	0.355587
3465.9920001	0.343705
3467.79300022	0.34666
3471.17100024	0.347067
3473.66700029	0.36099
3475.47100019	0.355633
3477.06800008	0.358246
3477.95900011	0.356419
3478.83000016	0.355501
3479.60600019	0.346282
3480.5630002	0.329799
3484.22600031	0.334585
3487.13500023	0.34583
3489.56400013	0.356742
3492.07500029	0.347448
3494.92900038	0.334824
3496.69400024	0.356396
3498.31400013	0.355754
3501.0860002	0.344844
3502.65300012	0.355285
3504.53200006	0.357422
3506.28000021	0.313014
3507.49000025	0.334595
3508.85700035	0.346086
3511.02800012	0.355842
3513.78000021	0.364681
3515.92499995	0.345186
3517.94600034	0.343783
3520.33700037	0.011922
3521.41300011	0.355966
3522.40600014	0.361678
3523.84300017	0.346137
3525.37400031	0.348417
3529.02600026	0.268172
3533.4000001	0.334637
3534.91900015	0.343089
3537.58100009	0.35556
3539.01800013	0.197287
3540.74500036	0.284245
3542.3690002	0.356413
3544.352	0.348227
3546.95300031	0.357354
3548.83000016	0.104605
3549.74099994	0.354315
3551.63200021	0.356098
3554.79300022	0.31294
3557.75500011	0.334746
3559.80900025	0.345079
3561.22800016	0.34323
3562.82200027	0.3402
3564.95100021	0.301282
3566.43700004	0.025434
3567.48300028	0.359233
3568.53400016	0.355308
3571.01600003	0.357307
3574.51100016	0.358714
3577.42500019	0.339012
3579.47900009	0.356571
3581.3670001	0.339805
3583.46800017	0.172847
3585.47000027	0.364983
3588.05599999	0.004099
3589.5400002	0.354257
3591.44200015	0.192724
3592.25000024	0.269329
3593.89300013	0.353223
3595.9940002	0.363767
3598.78100014	0.329379
3601.11600018	0.36277
3602.88600016	0.356
3604.51900029	0.342962
3607.14700007	0.349946
3609.11200023	0.356488
3610.87300038	0.355593
3612.47800016	0.313615
3614.10100007	0.345964
3616.8920002	0.343378
3619.07300019	0.353138
3620.73200011	0.348778
3621.97900009	0.355526
3623.39400029	0.363824
3625.75000024	0.355909
3627.97500014	0.325202
3630.6190002	0.343386
3632.94300008	0.358958
3635.91000032	0.345092
3638.02400017	0.344054
3640.18500042	0.345292
3641.44100022	0.342682
3642.06600022	0.346619
3642.45200014	0.341576
3643.09400034	0.354692
3646.3440001	0.360253
3649.0650003	0.322818
3651.5	0.334114
3653.87300038	0.342933
3656.48300028	0.344296
3659.3360002	0.348805
3661.00400019	0.356275
3662.36000013	0.338894
3663.7050004	0.367095
3665.71000028	0.354565
3668.40100026	0.176158
3671.71000028	0.355306
3674.09400034	0.094812
3675.75000024	0.35351
3677.80400014	0.329074
3679.81600022	0.357971
3681.13600016	0.330516
3682.91100025	0.335531
3684.91600013	0.354788
3685.93400025	0.357917
3686.17900014	0.348131
3686.4690001	0.356261
3686.87900019	0.36535
3687.29500008	0.354648
3687.7650001	0.346572
3689.92900038	0.340109
3695.67300034	0.349017
3699.62000012	0.351446
3702.69800019	0.351461
3705.88400006	0.338345
3708.44900036	0.355172
3711.28000021	0.359586
3712.65400028	0.339421
3714.24100041	0.355369
3715.53299999	0.340543
3716.61000013	0.358076
3718.79800034	0.054281
3721.76600027	0.353748
3724.03200006	0.361714
3726.72600031	0.343472
3729.2670002	0.247191
3732.49500012	0.34043
3733.70600033	0.340628
3734.7750001	0.342864
3736.94800019	0.360663
3739.61100006	0.353953
3741.93200016	0.346956
3744.01300001	0.353832
3745.02500033	0.340438
3747.0860002	0.352664
3748.63600016	0.358579
3750.2820003	0.325475
3753.38500023	0.298786
3754.51000023	0.341117
3755.63000035	0.354478
3756.71800017	0.323221
3758.94000006	0.318657
3762.28700018	0.337051
3767.31100011	0.360058
3767.97200012	0.355088
3771.0	0.074316
3772.41300011	0.359478
3773.17100024	0.280525
3774.66900015	0.347082
3776.64700007	0.355223
3781.18099999	0.3412
3781.65300012	0.355496
3782.5710001	0.32022
3784.08300018	0.313815
3785.58500028	0.345319
3787.86000013	0.347047
3789.52000022	0.356211
3791.24300027	0.344238
3792.69500017	0.324355
3794.20100021	0.157712
3795.73200011	0.352806
3797.9380002	0.353216
3800.31200004	0.329967
3802.35600019	0.348729
3804.55700016	0.358315
3806.63300037	0.345303
3807.69200015	0.358386
3809.24200034	0.356515
3810.69800019	0.354833
3812.61700034	0.329804
3814.90500021	0.354053
3816.1170001	0.320693
3817.37800026	0.346539
3818.95600009	0.355446
3820.81400013	0.35043
3823.36800003	0.355722
3825.93900013	0.360508
3827.37800026	0.349442
3829.29800034	0.338707
3831.66400003	0.359623
3831.98900008	0.357291
3832.54400015	0.345499
3833.89000034	0.356357
3835.8920002	0.346152
3838.81400013	0.334626
3839.98300028	0.358245
3842.13900018	0.355973
3843.97600007	0.34235
3846.1400001	0.346306
3848.1400001	0.346723
3850.1400001	0.364908
3852.14100003	0.333386
3854.14100003	0.353569
3856.1400001	0.341722
3858.1400001	0.332932
3860.14100003	0.348341
3862.1400001	0.36327
3864.1400001	0.340317
3866.14100003	0.358025
3868.06700015	0.352622
3870.1400001	0.348649
3872.14300013	0.342604
3874.14100003	0.362124
3876.10800004	0.357479
3878.1400001	0.329303
3880.1400001	0.341342
3882.14100003	0.359857
3884.1400001	0.34208
3886.1400001	0.356107
3888.1420002	0.357975
3890.1420002	0.344755
3892.14100003	0.366052
3894.6650002	0.358241
3897.20100021	0.355269
3900.5400002	0.358998
3903.26600027	0.331729
3905.64499998	0.342401
3907.08800006	0.348623
3908.63000035	0.354804
3910.57000017	0.14708
3911.80500007	0.339132
3912.29700041	0.333557
3915.49100018	0.356179
3919.06800008	0.352548
3922.87000012	0.36543
3925.35700011	0.300054
3928.10800004	0.121669
3930.37600017	0.34909
3933.69900012	0.353785
3936.79400015	0.346914
3939.0650003	0.332352
3940.82500029	0.261674
3942.82400012	0.061165
3945.10300016	0.300257
3948.88300014	0.339878
3950.69700027	0.355456
3952.74500036	0.343148
3954.75300026	0.353867
3956.23200011	0.338986
3957.77000022	0.335436
3958.82800007	0.354954
3960.62000012	0.34986
3962.54500031	0.355498
3964.54700017	0.208886
3965.92200017	0.347818
3968.10700011	0.306629
3968.52700019	0.309925
3968.88900042	0.356453
3969.54700017	0.347005
3970.21000028	0.35212
3971.2440002	0.345218
3979.16900039	0.354693
3982.37200022	0.320782
3984.74300027	0.357797
3986.20200014	0.303086
3988.58800006	0.342531
3990.46200013	0.363113
3992.40400004	0.320558
3993.93500018	0.322402
3996.05400014	0.354724
3999.61800027	0.359084
4001.5150001	0.355745
4002.85900021	0.356912
4003.89000034	0.333333
4004.72800016	0.355969
4006.42400002	0.329328
4009.02100015	0.3544
4011.35900021	0.35995
4013.69100022	0.359559
4015.2900002	0.348024
4020.86300015	0.359727
4022.26300025	0.353433
4023.87900019	0.347204
4024.65800023	0.355882
4025.66800022	0.351201
4027.87200022	0.349703
4030.89800024	0.308453
4033.88400006	0.177743
4035.86800003	0.345958
4037.92000008	0.334702
4039.53400016	0.359248
4042.61600018	0.355556
4044.06000018	0.205558
4046.16800022	0.355116
4047.82600021	0.086238
4049.08000016	0.352911
4051.44400001	0.006457
4053.47300029	0.292297
4056.19400024	0.352941
4058.85600019	0.340285
4060.26900005	0.355055
4061.94700027	0.35994
4063.648	0.345475
4064.68600035	0.356418
4067.18200016	0.350155
4070.00300026	0.3553
4071.75400019	0.347845
4073.43400025	0.35589
4075.2670002	0.329712
4077.74000001	0.339518
4079.63200021	0.355477
4081.69500017	0.360693
4082.90900016	0.355558
4084.40200019	0.343013
4086.54700017	0.34113
4088.49900007	0.35733
4090.37700033	0.361886
4092.98099995	0.355415
4096.37500024	0.353578
4098.51300025	0.34979
4100.92200017	0.220383
4102.52800012	0.358597
4104.12700009	0.142748
4105.48900032	0.08145
4107.30200028	0.350186
4109.95300031	0.355488
4111.97600007	0.342219
4113.78100014	0.25012
4116.0860002	0.348029
4117.78300023	0.352812
4120.31400013	0.358083
4121.66300011	0.351609
4123.01300001	0.357876
4124.05800033	0.351192
4125.31500006	0.351052
4128.03699994	0.341027
4130.35500026	0.343825
4132.71500015	0.330671
4135.07400036	0.002842
4137.704	0.35532
4139.99300027	0.250548
4141.9610002	0.328886
4143.60300016	0.239191
4145.48800015	0.35525
4147.77200007	0.317826
4149.98099995	0.344544
4151.68600035	0.324026
4153.72200012	0.354442
4155.53400016	0.352361
4156.82200027	0.240819
4158.09500027	0.348459
4159.91900015	0.342562
4162.17600012	0.356519
4163.68600035	0.356593
4165.74000001	0.3411
4169.25300002	0.354692
4171.29200006	0.339777
4172.75000024	0.340605
4174.38600016	0.356439
4176.1730001	0.355955
4177.97200012	0.353561
4179.71600008	0.346174
4181.54400015	0.355003
4183.75400019	0.331729
4184.82500029	0.343337
4186.55500007	0.347595
4189.11100006	0.020901
4191.35600019	0.318211
4193.31800032	0.367117
4196.09100008	0.308123
4199.40200019	0.350397
4201.75699997	0.362918
4204.60300016	0.344842
4206.18600035	0.343775
4207.50700021	0.338644
4209.71400023	0.368429
4212.69300008	0.352653
4215.86000013	0.353406
4216.70000005	0.015889
4216.91400027	0.357437
4217.46200013	0.0446
4217.92800021	0.363716
4219.57900023	0.350909
4222.96500015	0.003222
4224.87800026	0.355075
4228.17100024	0.36619
4233.04400015	0.354373
4234.61200023	0.339852
4236.30400014	0.339761
4237.45600009	0.354789
4239.3360002	0.337746
4241.31200004	0.356319
4243.62899995	0.357914
4245.20200014	0.347532
4246.63000035	0.354431
4248.3610003	0.360856
4249.44900036	0.351934
4252.15200019	0.343577
4254.16800022	0.360392
4255.73300004	0.358567
4257.59300041	0.357371
4260.06800008	0.356901
4261.70200014	0.348247
4264.14600015	0.267138
4266.19400024	0.338627
4268.33900023	0.047456
4270.4860003	0.340083
4273.47600007	0.358441
4275.39300036	0.344395
4276.83200002	0.358196
4278.05400014	0.338779
4279.43700004	0.338228
4281.03000021	0.341043
4283.04700017	0.356141
4284.39400029	0.224504
4285.74099994	0.348943
4288.86000013	0.331664
4292.07200003	0.33948
4294.37700033	0.355858
4296.24600029	0.362691
4297.31800032	0.352681
4298.62500024	0.078096
4299.86500025	0.355265
4301.8380003	0.353284
4305.56800008	0.01414
4309.49800014	0.356283
4312.3130002	0.351495
4314.74700022	0.355695
4316.85400033	0.339972
4317.9860003	0.358239
4319.24200034	0.161201
4320.35500026	0.353976
4321.52700019	0.357006
4323.17000031	0.357527
4327.35000014	0.355156
4329.73600006	0.358432
4331.80900025	0.355765
4333.16400003	0.357794
4336.02800012	0.126172
4337.83400035	0.343926
4339.96700025	0.088343
4341.24100041	0.35639
4342.71700001	0.159877
4343.98200035	0.085748
4345.03200006	0.351523
4346.13600016	0.308842
4349.17900014	0.335745
4352.0480001	0.142683
4354.19700003	0.346485
4358.65400028	0.355523
4360.50700021	0.372422
4362.07400036	0.259426
4363.30100012	0.357355
4364.55400014	0.024906
4367.52100039	0.356468
4370.08400011	0.361399
4372.08800006	0.354576
4374.40700006	0.349751
4376.23600006	0.3054
4378.69200015	0.286706
4380.3440001	0.347227
4381.75400019	0.354838
4383.49100018	0.341559
4384.6400001	0.353597
4387.57700038	0.091196
4389.53299999	0.040978
4391.9860003	0.356841
4393.18200016	0.36074
4395.46000004	0.355318
4397.22700024	0.32532
4399.10899997	0.352578
4400.37700033	0.330621
4401.67700005	0.36124
4403.95700002	0.354515
4406.57299995	0.360306
4408.31100011	0.355899
4410.24600029	0.329239
4413.02800012	0.354676
4414.7650001	0.342983
4417.16499996	0.342655
4419.5630002	0.354882
4422.3690002	0.358808
4424.58200026	0.332097
4426.71000028	0.341547
4428.04700017	0.314541
4429.477	0.354907
4431.03400016	0.362427
4433.31200004	0.338408
4434.99500012	0.360886
4437.2750001	0.341934
4439.53100014	0.35615
4441.56800008	0.343162
4443.829	0.326329
4445.17800021	0.355141
4447.13200021	0.353932
4448.55700016	0.364318
4449.87800026	0.333459
4451.57600021	0.342338
4453.67200017	0.357466
4455.1730001	0.355138
4457.51100016	0.337764
4459.70900011	0.343154
4462.17600012	0.354499
4464.33400035	0.34075
4466.08500004	0.345789
4467.67800021	0.361914
4470.16200018	0.21084
4472.296	0.349889
4474.32500005	0.348193
4475.49000025	0.346935
4477.10500026	0.361835
4478.796	0.355006
4480.43400025	0.361345
4483.28300023	0.353584
4486.72400022	0.338791
4490.13100028	0.015558
4491.74500036	0.351086
4495.0630002	0.336482
4497.12600017	0.355991
4499.44400001	0.360449
4500.96400023	0.348113
4503.76600027	0.348355
4505.22200012	0.345321
4506.82700014	0.353742
4508.47800016	0.355059
4509.03000021	0.329523
4510.00800014	0.356005
4511.04900026	0.358573
4512.14400005	0.338716
4513.57700038	0.342377
4514.86800003	0.356154
4516.67900014	0.359719
4521.46099997	0.356859
4525.42900014	0.330999
4528.98900008	0.327051
4530.51699996	0.153522
4531.88600016	0.344079
4533.3670001	0.231559
4534.42800021	0.347116
4535.6340003	0.336618
4538.53299999	0.354156
4541.75000024	0.02412
4543.94600034	0.355309
4547.28100038	0.340801
4548.87300038	0.315333
4550.6190002	0.35389
4552.23200011	0.333219
4553.33700037	0.354411
4555.18600035	0.100602
4557.20200014	0.343663
4558.28100038	0.357888
4559.89700031	0.29332
4564.31600022	0.337219
4565.72000003	0.36296
4567.20000005	0.346146
4568.91000032	0.357117
4570.35000014	0.328012
4571.81000018	0.294549
4574.81000018	0.35883
4576.83000016	0.354946
4579.11200023	0.356295
4582.24700022	0.357736
4585.08700013	0.328409
4586.35600019	0.348506
4588.1190002	0.339536
4590.32300019	0.35094
4592.64499998	0.333357
4594.23100019	0.344824
4596.97100019	0.337374
4599.20100021	0.352832
4601.20100021	0.355887
4603.16900039	0.348935
4604.93200016	0.343348
4606.2190001	0.355411
4607.13000035	0.337286
4607.91800022	0.346622
4609.43400025	0.35569
4612.26500034	0.021955
4615.17000031	0.283703
4618.44300008	0.337001
4620.20700026	0.359509
4623.0710001	0.35782
4625.43900013	0.359908
4626.96400023	0.354257
4628.42900014	0.341755
4630.19900012	0.356216
4632.73000026	0.343658
4634.20300007	0.348228
4635.20100021	0.360274
4638.18500042	0.359851
4640.69700027	0.355914
4642.25000024	0.326931
4643.80000019	0.360163
4645.86800003	0.354203
4647.33400035	0.337917
4648.17200017	0.355449
4648.97700024	0.345589
4649.95800018	0.356294
4650.98900008	0.3452
4653.01200008	0.340907
4656.68600035	0.340763
4658.7650001	0.351087
4660.24500012	0.356044
4663.2750001	0.361437
4665.55200005	0.3457
4667.42500019	0.354567
4668.51100016	0.343313
4669.37200022	0.360199
4670.14600015	0.35722
4670.85300016	0.355369
4671.75500011	0.360722
4673.05200005	0.314533
4674.90600014	0.351172
4676.90600014	0.362368
4678.90600014	0.362228
4680.90799999	0.348273
4682.90700006	0.347836
4684.93900013	0.356509
4687.44600034	0.328829
4688.96300006	0.354284
4691.27100015	0.358138
4692.88700008	0.349204
4695.25700021	0.077817
4696.81700039	0.324104
4700.35400033	0.335354
4701.37000012	0.347514
4704.61800027	0.30399
4707.72500014	0.281702
4710.80000019	0.33533
4712.90300012	0.336335
4714.65100026	0.318171
4717.1730001	0.354716
4719.61700034	0.319693
4720.26800013	0.344988
4721.32700014	0.364247
4722.07700014	0.354295
4723.56700015	0.356195
4725.80400014	0.328632
4728.02500033	0.355725
4730.80400014	0.35248
4732.60900021	0.326243
4734.13600016	0.3544
4735.41600013	0.341862
4736.95300031	0.353988
4740.53299999	0.331229
4742.90700006	0.346671
4744.73300004	0.326646
4746.07800031	0.354513
4747.61600018	0.343707
4750.47200012	0.355325
4752.95000029	0.353821
4755.13300014	0.328285
4756.9610002	0.357019
4759.41200018	0.347039
4764.81299996	0.334603
4767.77200007	0.346786
4769.74200034	0.357387
4771.4380002	0.34891
4774.06200027	0.357185
4776.45500016	0.349964
4779.05800033	0.348316
4779.96300006	0.360817
4781.51699996	0.119967
4782.8920002	0.349681
4784.13200021	0.358969
4785.7190001	0.319597
4786.84900022	0.338306
4789.48700023	0.35442
4793.56100035	0.337138
4795.27600002	0.305908
4796.1190002	0.361138
4796.45100021	0.347391
4798.97500014	0.355858
4802.67700005	0.347322
4805.17400026	0.355043
4807.07600021	0.357579
4810.80300021	0.338099
4813.59200001	0.34562
4815.55700016	0.358704
4817.56600022	0.320117
4820.78800011	0.184083
4822.86899996	0.278803
4823.75000024	0.355028
4825.56800008	0.127012
4829.85000014	0.31216
4831.03600001	0.35695
4836.65600014	0.036054
4838.50400019	0.297391
4839.10899997	0.356684
4839.78900003	0.351696
4842.02900004	0.210112
4842.87400031	0.327564
4844.52600026	0.324315
4846.27699995	0.316955
4848.23100019	0.328195
4850.88900042	0.353737
4853.05400014	0.361556
4855.10200024	0.059877
4856.88499999	0.196624
4858.55300021	0.360884
4860.05500007	0.334878
4861.79500008	0.354627
4863.51600003	0.340399
4865.96400023	0.320362
4869.15000033	0.202037
4870.64100027	0.356574
4871.95500016	0.271249
4873.05200005	0.331883
4875.45600009	0.353893
4877.60600019	0.357373
4879.53900027	0.339275
4881.94000006	0.345439
4884.13700032	0.338228
4885.95000029	0.350824
4887.97400022	0.075981
4889.82400012	0.354434
4892.4150002	0.350846
4895.09700036	0.326853
4897.23000026	0.341586
4899.70900011	0.284814
4903.60400009	0.277667
4907.65800023	0.04354
4914.29900026	0.353835
4914.7190001	0.312681
4915.14400005	0.310328
4916.10000014	0.344382
4917.33000016	0.290207
4920.0630002	0.354047
4921.78700018	0.347929
4922.59200001	0.356575
4924.53900027	0.3347
4926.54900002	0.306169
4928.89800024	0.352082
4930.67000031	0.276276
4932.20800018	0.355684
4934.04900026	0.110753
4936.852	0.336798
4939.08300018	0.343769
4941.29100013	0.312082
4942.8920002	0.35752
4945.7650001	0.361696
4947.02100015	0.352424
4948.20100021	0.345123
4950.04700017	0.351854
4951.55300021	0.344921
4954.25800014	0.33919
4957.17000031	0.325362
4960.31600022	0.346066
4961.06000018	0.355843
4962.31600022	0.33579
4963.83500028	0.308238
4965.20000005	0.353523
4966.4690001	0.35771
4969.25900006	0.350632
4971.81800032	0.339264
4974.18099999	0.360153
4977.17700028	0.351978
4979.55300021	0.339416
4981.70099998	0.355056
4983.95900011	0.088709
4985.62400007	0.356403
4986.76900029	0.365772
4987.15900016	0.357327
4987.68700027	0.306563
4990.16300011	0.347318
4992.62600017	0.354958
4995.33299994	0.334865
4998.14899993	0.063311
5001.49100018	0.349282
5003.5400002	0.078894
5005.30200028	0.347259
5007.62500024	0.01296
5014.02400017	0.315646
5014.66300011	0.241938
5015.60400009	0.228927
5016.24300027	0.356325
5017.64900041	0.318043
5020.14300013	0.316306
5021.87900019	0.346078
5022.81500006	0.087748
5023.78100014	0.345777
5024.69200015	0.362501
5026.02500033	0.358717
5028.03500009	0.326816
5030.67100024	0.351274
5034.74200034	0.356483
5037.34800005	0.345692
5039.42000008	0.352749
5041.88700008	0.350175
5044.42400002	0.352871
5046.83200002	0.015725
5048.63300037	0.125591
5050.34500027	0.117132
5051.92600036	0.341526
5053.44300008	0.349202
5055.67800021	0.229699
5057.70800018	0.338815
5059.7750001	0.064488
5063.38100004	0.360064
5065.39500022	0.324154
5067.00800014	0.319701
5067.99300027	0.330272
5069.45400023	0.308727
5071.44200015	0.346535
5072.40100026	0.327571
5074.51600003	0.213044
5077.0	0.326706
5079.09900022	0.166923
5081.39900017	0.342338
5082.91400027	0.365117
5085.06200027	0.358631
5087.83000016	0.355557
5090.73700023	0.328594
5092.53200006	0.355437
5094.13000035	0.340682
5096.60600019	0.296456
5097.95100021	0.304489
5099.70700026	0.357275
5101.6960001	0.354545
5104.08500004	0.30783
5106.16900039	0.357405
5107.03699994	0.335943
5110.69500017	0.337465
5112.75500011	0.355401
5114.38300014	0.240925
5115.23400021	0.266774
5116.73800015	0.363322
5118.47200012	0.319192
5119.21800017	0.345349
5120.50400019	0.009414
5122.10800004	0.355346
5123.79800034	0.33819
5125.68400002	0.331708
5128.86400008	0.325674
5131.41900015	0.338518
5134.07200003	0.315504
5135.53500009	0.329005
5137.09600019	0.354698
5139.32100034	0.316366
5140.50200033	0.346589
5141.56800008	0.353085
5141.9230001	0.333434
5142.20900035	0.347499
5144.58200026	0.321564
5147.39600015	0.349791
5151.23699999	0.324785
5156.86600018	0.250765
5160.95800018	0.157744
5162.42900014	0.32387
5164.48500013	0.350347
5166.84200025	0.294589
5168.24100041	0.346206
5169.54100013	0.34755
5171.01300001	0.362334
5172.29400015	0.357899
5174.44000006	0.348936
5177.15500021	0.342174
5179.14899993	0.342542
5181.82200027	0.326031
5183.67000031	0.351582
5184.02300024	0.330399
5184.92100024	0.349374
5185.94700027	0.336096
5186.53600001	0.339533
5187.0630002	0.337943
5187.56700015	0.185372
5188.648	0.341999
5190.66600013	0.348331
5192.59500027	0.348465
5195.12300014	0.332509
5197.06100011	0.343604
5198.66700029	0.353915
5200.66600013	0.344544
5202.5630002	0.341698
5204.7190001	0.349309
5207.05599999	0.36185
5209.16000009	0.342958
5211.26900005	0.332734
5212.55700016	0.353478
5214.66700029	0.345483
5216.66700029	0.353223
5218.66700029	0.342773
5222.07500029	0.33804
5226.25900006	0.35506
5228.96900034	0.313547
5231.84800005	0.30975
5234.83200002	0.356175
5237.85600019	0.361283
5238.91000032	0.355551
5239.72900033	0.199579
5240.4150002	0.356379
5241.77600002	0.340481
5242.62300014	0.35465
5243.02500033	0.346433
5245.93000031	0.359698
5251.46099997	0.355626
5255.07600021	0.337337
5258.44800019	0.355964
5260.09600019	0.319254
5261.66000009	0.005976
5262.28100038	0.355088
5263.11400032	0.354158
5264.26600027	0.358116
5266.68000007	0.341524
5271.35600019	0.347242
5274.43400025	0.355037
5275.55000019	0.359003
5276.85900021	0.34842
5280.37900019	0.346996
5283.45000029	0.354589
5285.70200014	0.33379
5288.4090004	0.337547
5289.65600014	0.32153
5291.829	0.356275
5294.59400034	0.354809
5295.94600034	0.355975
5297.91700006	0.312917
5299.53600001	0.344473
5301.24200034	0.362717
5306.35600019	0.354336
5306.74600029	0.347254
5307.33900023	0.325869
5308.30300021	0.356002
5310.28800011	0.335865
5312.67900014	0.320598
5315.13500023	0.358793
5317.42800021	0.349942
5319.57700038	0.118902
5321.75200009	0.344046
5324.24800014	0.342077
5325.95200014	0.357656
5327.67300034	0.355722
5329.6650002	0.340187
5330.23600006	0.353505
5332.00600028	0.342614
5335.58200026	0.144741
5337.84600019	0.342575
5340.12200022	0.329958
5342.79699993	0.35481
5344.89000034	0.3462
5345.46500039	0.338813
5347.0570004	0.260818
5350.60500002	0.339228
5352.74800014	0.355827
5355.23100019	0.338317
5355.93300009	0.356421
5357.05100012	0.334345
5359.7190001	0.353023
5361.46500039	0.335746
5363.44100022	0.332682
5367.7820003	0.354605
5368.17400026	0.344246
5369.33500028	0.354301
5371.773	0.328452
5374.03600001	0.357036
5375.96700025	0.355864
5378.66000009	0.362672
5381.30200028	0.354249
5382.92900038	0.340985
5383.58300018	0.342054
5385.16100025	0.34696
5387.4230001	0.332392
5389.46300006	0.216941
5391.60500002	0.318112
5394.56000018	0.355302
5397.14100003	0.316194
5398.74300027	0.010076
5400.16300011	0.33584
5402.16800022	0.361494
5405.16400003	0.356316
5406.73300004	0.362801
5407.18500042	0.354928
5408.9860003	0.169642
5411.78400016	0.006894
5414.49700022	0.354143
5416.22500038	0.137902
5418.48700023	0.35919
5419.97000027	0.35582
5421.12700009	0.357701
5423.42800021	0.351126
5426.53600001	0.339851
5428.62700009	0.332937
5430.54700017	0.343401
5432.72600031	0.325246
5434.75100017	0.361944
5436.06100011	0.358257
5437.5480001	0.354332
5439.32200027	0.355284
5441.94800019	0.357473
5444.0570004	0.347611
5446.64700007	0.339499
5448.17800021	0.396522
5450.53400016	0.347883
5451.50400019	0.354304
5452.30300021	0.347216
5452.94700027	0.323345
5454.12100029	0.359686
5455.7650001	0.357646
5458.48500013	0.355558
5461.0170002	0.354403
5462.3530004	0.33624
5463.1420002	0.323606
5464.39100027	0.357811
5466.47600007	0.355188
5469.82600021	0.343147
5472.14899993	0.34944
5474.14700007	0.329105
5475.38400006	0.356799
5477.23000026	0.32046
5479.12600017	0.357405
5481.57900023	0.356011
5485.18600035	0.353758
5487.44000006	0.343812
5489.3920002	0.357918
5491.05000019	0.34147
5491.9610002	0.346619
5492.88300014	0.359428
5495.4000001	0.348855
5498.71600008	0.360297
5500.12700009	0.337495
5501.85100007	0.346516
5503.51400018	0.334639
5505.49900007	0.354794
5507.58700013	0.361745
5509.77100015	0.351843
5513.35800028	0.346287
5515.61600018	0.344757
5517.44300008	0.355312
5519.19100022	0.358949
5520.85400033	0.319098
5523.59000015	0.340569
5525.76200032	0.355755
5527.68600035	0.350135
5529.56500006	0.285983
5533.93000031	0.356141
5535.32700014	0.320193
5537.24800014	0.347847
5539.15900016	0.347177
5541.13000035	0.343109
5543.16600013	0.349406
5544.89000034	0.344589
5546.31600022	0.298506
5547.41600013	0.346409
5549.12900019	0.356771
5551.72600031	0.327005
5553.11500025	0.360521
5555.47000027	0.354955
5556.99600005	0.36206
5559.18900013	0.353291
5562.11800027	0.343038
5564.64700007	0.338387
5566.25600004	0.323745
5568.80900025	0.342971
5570.56900024	0.354672
5571.41900015	0.343337
5572.42700028	0.299626
5573.33500028	0.363363
5575.33100009	0.07836
5577.09299994	0.337883
5578.10400009	0.347416
5579.12100029	0.356242
5579.773	0.358346
5582.83500028	0.356051
5584.37300014	0.355282
5585.6880002	0.341033
5587.68499994	0.354346
5591.02300024	0.329667
5592.32400012	0.352635
5593.1420002	0.356162
5594.92400002	0.344304
5596.92499995	0.347593
5599.30600023	0.335122
5601.72500014	0.343803
5603.65800023	0.297021
5607.78100014	0.354726
5613.47300029	0.359373
5616.00300026	0.230896
5617.74700022	0.346017
5619.07400036	0.34052
5620.23699999	0.35549
5622.17400026	0.336971
5624.23000026	0.331334
5626.15700006	0.346146
5627.8360002	0.336199
5633.16300011	0.327208
5634.88100028	0.344026
5635.71800017	0.334669
5636.99600005	0.357828
5638.05000019	0.344654
5640.66900015	0.355185
5642.27600002	0.345445
5645.89000034	0.35422
5648.09200001	0.329016
5650.0630002	0.356685
5651.69100022	0.355084
5653.95500016	0.348189
5656.64700007	0.354576
5658.13600016	0.342253
5659.45800018	0.3582
5660.77800035	0.354657
5662.44900036	0.356193
5664.08700013	0.353143
5665.43000031	0.354761
5667.46099997	0.355338
5669.93100023	0.348153
5671.65400028	0.344092
5673.46600032	0.354966
5675.50900006	0.317442
5677.11500025	0.355918
5678.83400035	0.350158
5681.55800033	0.3357
5684.25600004	0.355137
5688.4860003	0.337497
5689.6880002	0.35481
5690.79400015	0.344537
5691.98200035	0.353998
5693.60300016	0.342951
5695.29200006	0.358602
5697.01400018	0.353573
5697.83100009	0.357558
5699.70700026	0.355369
5701.93000031	0.348349
5705.16800022	0.361477
5707.07500029	0.353638
5709.2900002	0.368338
5711.65400028	0.355321
5713.00700021	0.356395
5716.16100025	0.342672
5717.74800014	0.0025
5718.97200012	0.338201
5720.46000004	0.353201
5721.69100022	0.312487
5724.05200005	0.314293
5727.16499996	0.35864
5731.20500016	0.335239
5734.6400001	0.345971
5736.46500039	0.346322
5738.27200007	0.354674
5740.95200014	0.338358
5743.47000027	0.354225
5745.6190002	0.346674
5747.28300023	0.339451
5749.35400033	0.322829
5751.62899995	0.354261
5753.50200033	0.355117
5755.12800002	0.356769
5755.60900021	0.321198
5756.50900006	0.35497
5757.60000014	0.351001
5758.73600006	0.35074
5759.47600007	0.361537
5760.56200027	0.354029
5762.16300011	0.349138
5763.91600013	0.356814
5765.97800016	0.356412
5768.0480001	0.331656
5770.1170001	0.346442
5771.17700028	0.363419
5773.17800021	0.347675
5775.17700028	0.35893
5777.36500001	0.367654
5779.24200034	0.347953
5784.50700021	0.197808
5790.90400004	0.346196
5793.83900023	0.343025
5795.45200014	0.358924
5796.54600024	0.355078
5799.26100016	0.30909
5801.53800035	0.354182
5803.58100009	0.352361
5804.70000005	0.357734
5806.18900013	0.010312
5807.54300022	0.29413
5808.88000011	0.357388
5811.1190002	0.323392
5812.68600035	0.310708
5813.67200017	0.361619
5814.99500012	0.359189
5815.81400013	0.356545
5819.78700018	0.331174
5823.62899995	0.314053
5826.53900027	0.359438
5829.32900023	0.354443
5830.53700042	0.358462
5830.6880002	0.358462
5831.27300024	0.355544
5832.38100004	0.36565
5833.3530004	0.351604
5835.14300013	0.356104
5838.69900012	0.358438
5841.31400013	0.349895
5843.14899993	0.341661
5847.6650002	0.355199
5849.26400018	0.35495
5850.67900014	0.345829
5852.31900024	0.34573
5854.4940002	0.359248
5857.05400014	0.355981
5858.50600028	0.343361
5860.13000035	0.355358
5862.10800004	0.339182
5864.04700017	0.361063
5866.08500004	0.355284
5868.10000014	0.344587
5870.27900028	0.355415
5872.23300028	0.354616
5874.46400023	0.354913
5876.62899995	0.338137
5878.17400026	0.345221
5879.96800017	0.348867
5881.99900007	0.341529
5883.94200015	0.306664
5886.13700032	0.355634
5888.37400031	0.357562
5890.80800009	0.351765
5892.38600016	0.333773
5894.53200006	0.336884
5896.47900009	0.338415
5898.98800015	0.35555
5899.50100017	0.352605
5899.89100027	0.358269
5900.34200025	0.357593
5901.43000031	0.35002
5903.71200013	0.355792
5905.43000031	0.344517
5907.42900014	0.353355
5909.43000031	0.356004
5911.43000031	0.34701
5913.43300033	0.31541
5919.33299994	0.10786
5924.52200031	0.319204
5927.32500005	0.100629
5929.95300031	0.335815
5931.74600029	0.355775
5934.50500035	0.199488
5938.44600034	0.349989
5940.25500011	0.361847
5941.95800018	0.342148
5943.74600029	0.283232
5946.94900012	0.015686
5947.63200021	0.341756
5950.36600018	0.325487
5952.26200032	0.354522
5953.81000018	0.358895
5956.29400015	0.342367
5957.55100012	0.353763
5960.42400002	0.362476
5962.01300001	0.292375
5963.78700018	0.335885
5964.86400008	0.365082
5966.31200004	0.320692
5967.95400023	0.347582
5969.90500021	0.355476
5971.9860003	0.339536
5975.01300001	0.354535
5977.1900003	0.33644
5979.02000022	0.191241
5981.37100029	0.329922
5982.97800016	0.322211
5984.38800001	0.350806
5986.15900016	0.34452
5987.92900038	0.36115
5989.0480001	0.356604
5991.1900003	0.333521
5994.60600019	0.355551
5997.77100015	0.355304
5999.29500008	0.350749
6001.87200022	0.319093
6003.07500029	0.35119
6004.14600015	0.358052
6005.46200013	0.269152
6007.01800013	0.356204
6008.7130003	0.343066
6010.94000006	0.342528
6012.49700022	0.32387
6014.48100019	0.355389
6016.648	0.345374
6019.22500038	0.360725
6021.33200002	0.314367
6023.13800025	0.344959
6024.44100022	0.211848
6025.45000029	0.356486
6026.71200013	0.349234
6029.68600035	0.344803
6033.25500011	0.337878
6035.73900008	0.329936
6039.49500012	0.349617
6040.9150002	0.359067
6042.96700025	0.296523
6044.35100007	0.342033
6046.29299998	0.354504
6048.52600026	0.355663
6050.75400019	0.341193
6053.22700024	0.337086
6054.93100023	0.362513
6057.51600003	0.354424
6059.76600027	0.323072
6061.11100006	0.339755
6062.86000013	0.344114
6065.10800004	0.347792
6067.47600007	0.34655
6069.44600034	0.317103
6070.8670001	0.345106
6072.01200008	0.343348
6073.28500009	0.358291
6074.796	0.354379
6078.66700029	0.168418
6081.88800001	0.352614
6084.08700013	0.350549
6085.80300021	0.355191
6087.30700016	0.355725
6088.89900017	0.344185
6090.82000017	0.356005
6092.52400017	0.338786
6094.63700008	0.338171
6096.4380002	0.356943
6097.63700008	0.12537
6099.0480001	0.355789
6103.21000028	0.350799
6106.14400005	0.341398
6107.84800005	0.047069
6109.33500028	0.314907
6111.1730001	0.196613
6112.44800019	0.341271
6113.24800014	0.354014
6115.16499996	0.352203
6118.39500022	0.332954
6121.45500016	0.330385
6123.42200017	0.35798
6125.48500013	0.120396
6127.44800019	0.365863
6129.57200003	0.335122
6131.11500025	0.335137
6132.26600027	0.263456
6133.24300027	0.359175
6135.52800012	0.358181
6137.09100008	0.354933
6139.94099998	0.307219
6143.66200018	0.358161
6145.296	0.355932
6147.05900025	0.366318
6149.30900002	0.337314
6150.75600004	0.152259
6152.66800022	0.355156
6153.23600006	0.348552
6154.07000017	0.35387
6154.6880002	0.351507
6155.51200008	0.349027
6159.74900007	0.348487
6163.19500017	0.31868
6164.92100024	0.337367
6168.60900021	0.307282
6170.63100028	0.349752
6173.09400034	0.356092
6174.15500021	0.350164
6176.6190002	0.342387
6179.16800022	0.015791
6180.34300017	0.340935
6181.99100018	0.029517
6184.28100038	0.341913
6186.21200013	0.348029
6188.27800035	0.320933
6190.45800018	0.362337
6193.25000024	0.348346
6195.09200001	0.339446
6197.35700011	0.353714
6198.96600032	0.336877
6201.52700019	0.3545
6203.30300021	0.353788
6204.93400025	0.356219
6207.41900015	0.320918
6209.58300018	0.364261
6212.47200012	0.347798
6214.52100039	0.343923
6216.05000019	0.356439
6217.0090003	0.343145
6218.64900041	0.356018
6220.63100028	0.353836
6222.38899994	0.346105
6224.00800014	0.357195
6226.59500027	0.358916
6228.95400023	0.349884
6229.95300031	0.356361
6231.43500018	0.344512
6233.18200016	0.338524
6234.56800008	0.343706
6236.37000012	0.331982
6237.71800017	0.341834
6239.01400018	0.348728
6240.66600013	0.356446
6241.98200035	0.344722
6242.91700006	0.354503
6244.50700021	0.356076
6245.74900007	0.356479
6247.33900023	0.317549
6248.61700034	0.349528
6250.81400013	0.355307
6253.03300023	0.355706
6255.84500003	0.323115
6257.81299996	0.339676
6259.05200005	0.324958
6260.57000017	0.356003
6262.53900027	0.359362
6263.87800026	0.333804
6266.96800017	0.340743
6269.75699997	0.347527
6271.31500006	0.353026
6272.68200016	0.360507
6274.1880002	0.341786
6275.88200021	0.330026
6278.08100033	0.353556
6282.36600018	0.356021
6284.52700019	0.337151
6287.24700022	0.353765
6290.61100006	0.330009
6293.63000035	0.355476
6295.43100023	0.35857
6296.26000023	0.355658
6297.04100037	0.36773
6297.81299996	0.35494
6298.38899994	0.322404
6299.86100006	0.361486
6301.86200023	0.354699
6303.97100019	0.362788
6306.08200026	0.344944
6308.51600003	0.31953
6310.85400033	0.330273
6312.94800019	0.348734
6314.89600015	0.358041
6317.03000021	0.349462
6319.43700004	0.340845
6321.07000017	0.333251
6323.06100011	0.343356
6324.81400013	0.356515
6327.42400002	0.353398
6330.26300025	0.344128
6332.85700035	0.183369
6335.97500014	0.314077
6337.45600009	0.325798
6338.31000018	0.325526
6341.86200023	0.365917
6345.77600002	0.355943
6348.00500011	0.339986
6350.84800005	0.35942
6353.6650002	0.355672
6356.09600019	0.328475
6359.20700026	0.263817
6360.86600018	0.340341
6361.93300009	0.355536
6364.40100026	0.312356
6365.38800001	0.342429
6367.58500028	0.356358
6369.42600036	0.358938
6371.77700019	0.355369
6373.54600024	0.335821
6375.61200023	0.078421
6378.81500006	0.334299
6382.44700027	0.14736
6383.44700027	0.357938
6384.56000018	0.357052
6386.96800017	0.344073
6388.65800023	0.343295
6390.22600031	0.343238
6392.65800023	0.355116
6394.69300008	0.311902
6396.79300022	0.345188
6398.41100025	0.34663
6401.22300029	0.345022
6403.35400033	0.312702
6403.7130003	0.333521
6404.13200021	0.355081
6405.25300002	0.023966
6408.55700016	0.361083
6411.09600019	0.355081
6412.89800024	0.109578
6415.07800031	0.352
6418.7650001	0.335002
6421.78000021	0.355148
6423.62899995	0.340856
6425.20900035	0.342971
6426.82700014	0.347199
6428.64499998	0.343233
6430.82600021	0.354986
6433.30000019	0.364891
6436.23800015	0.338537
6437.74300027	0.355235
6439.69700027	0.338732
6441.32500005	0.354395
6443.17700028	0.354736
6444.72000003	0.33136
6446.85900021	0.358918
6449.81500006	0.3584
6451.3380003	0.112807
6452.29200006	0.34521
6454.05500007	0.355751
6455.80600023	0.282146
6457.4150002	0.34466
6458.62000012	0.339199
6459.9150002	0.359697
6461.15300035	0.185227
6464.34000015	0.008228
6468.0400002	0.354997
6470.81700039	0.361278
6473.81100011	0.338779
6476.41400027	0.355666
6478.49100018	0.330314
6480.70600033	0.353723
6482.32100034	0.366552
6483.78100014	0.247522
6484.64700007	0.357262
6486.26800013	0.34784
6488.37400031	0.357252
6491.08300018	0.313776
6493.71400023	0.34176
6495.84600019	0.341351
6498.12900019	0.340447
6499.63700008	0.338942
6500.37400031	0.35767
6501.48900032	0.355939
6502.57800031	0.347822
6503.84100032	0.362362
6505.37400031	0.354497
6508.74800014	0.324616
6510.96700025	0.355735
6513.63800025	0.344391
6516.07500029	0.332572
6518.99000025	0.339761
6521.67900014	0.322208
6523.8920002	0.361425
6524.21400023	0.358486
6524.5480001	0.369932
6525.07900023	0.357254
6528.15400028	0.346969
6531.37800026	0.324725
6534.20000005	0.355284
6537.64100027	0.353692
6539.1340003	0.346725
6540.09000015	0.336982
6541.58500028	0.35592
6543.44400001	0.359734
6546.98000002	0.352336
6548.80100036	0.348975
6550.17800021	0.268839
6551.70600033	0.081767
6553.75900006	0.340151
6555.92200017	0.01577
6558.69800019	0.30018
6562.28400016	0.356139
6564.09700036	0.328653
6565.59400034	0.355762
6567.26900005	0.330327
6569.72400022	0.359085
6572.10400009	0.215068
6573.72200012	0.340014
6575.83500028	0.356164
6577.54900002	0.345493
6579.54300022	0.355579
6580.61300015	0.285697
6581.78300023	0.331825
6583.03000021	0.337142
6585.14100003	0.359535
6587.05900025	0.356584
6588.80000019	0.352222
6590.29299998	0.344267
6591.70300007	0.353655
6594.65800023	0.336764
6597.45800018	0.321695
6599.48100019	0.337694
6601.55800033	0.352985
6604.8210001	0.288005
6607.43600011	0.321885
6609.61200023	0.30565
6611.33100009	0.312713
6613.35900021	0.358953
6614.92800021	0.343774
6617.42900014	0.282845
6618.03100014	0.246681
6618.50200033	0.296066
6619.02400017	0.199025
6620.99699998	0.224225
6626.19200015	0.303814
6628.25600004	0.330691
6630.22700024	0.336729
6633.07800031	0.354838
6635.02900004	0.359046
6636.68100023	0.315227
6637.91200018	0.347942
6639.0090003	0.331334
6641.34200025	0.334242
6648.5710001	0.334181
6649.08000016	0.341088
6649.94400001	0.347136
6651.22800016	0.348606
6652.87400031	0.26647
6656.42700028	0.329139
6657.82500029	0.345829
6659.55000019	0.345103
6661.421	0.3529
6662.76100039	0.360126
6664.06100011	0.35068
6665.81600022	0.356164
6668.06600022	0.341005
6669.4690001	0.355675
6671.37000012	0.355799
6672.704	0.335924
6673.85800028	0.361319
6675.17600012	0.343447
6676.31200004	0.352183
6678.04200029	0.351053
6680.34899998	0.358034
6682.73200011	0.360351
6685.3610003	0.296383
6687.74099994	0.355535
6689.48100019	0.348415
6691.64300013	0.333589
6694.86899996	0.355208
6696.89500022	0.350006
6698.66700029	0.348646
6700.66300011	0.342857
6704.15200019	0.318553
6706.84900022	0.338915
6707.94099998	0.353568
6709.86200023	0.340775
6710.88200021	0.345405
6713.67300034	0.302836
6715.0570004	0.346463
6715.63800025	0.354369
6715.89300013	0.365039
6717.9860003	0.327532
6721.25800014	0.335782
6724.48500013	0.35114
6726.80400014	0.355918
6728.5480001	0.347152
6730.29400015	0.355348
6731.8670001	0.289447
6732.97700024	0.305846
6735.86200023	0.353026
6737.51400018	0.040036
6739.81800032	0.354741
6742.42400002	0.397251
6745.16100025	0.35675
6748.75000024	0.32991
6750.204	0.338707
6751.12800002	0.341778
6753.05299997	0.275859
6755.17200017	0.346441
6756.55800033	0.343654
6757.91000032	0.339023
6759.62600017	0.354093
6760.09299994	0.335259
6760.36600018	0.340809
6763.37600017	0.336162
6767.83700013	0.354251
6770.57200003	0.344743
6771.60100031	0.351864
6772.90900016	0.322668
6774.37500024	0.344565
6775.92800021	0.355677
6776.49900007	0.345216
6777.20900035	0.336595
6778.8210001	0.350546
6781.3130002	0.269363
6783.51000023	0.354457
6789.27300024	0.324467
6792.90100002	0.354508
6794.09700036	0.354072
6795.44499993	0.319147
6796.76600027	0.355918
6798.73600006	0.172736
6800.80700016	0.355237
6802.87200022	0.344139
6806.70200014	0.357502
6809.02100015	0.23545
6811.296	0.330494
6813.43900013	0.355499
6815.96700025	0.352239
6818.5480001	0.354437
6821.99100018	0.35201
6823.90400004	0.365196
6824.87800026	0.354757
6827.76900029	0.342647
6829.92100024	0.354432
6832.22500038	0.31005
6834.11600018	0.359206
6835.4860003	0.328189
6837.02200031	0.344418
6838.47400022	0.348038
6839.86400008	0.302392
6841.60800004	0.356549
6843.72200012	0.344584
6845.22300029	0.36698
6847.47800016	0.354208
6848.85500026	0.360213
6851.9860003	0.353681
6855.13100028	0.341947
6856.88900042	0.3237
6857.29700041	0.346615
6857.72000003	0.356916
6858.21500015	0.356998
6859.10300016	0.121665
6862.03200006	0.367938
6862.85800028	0.34919
6863.77600002	0.350762
6870.09299994	0.355149
6873.91600013	0.351749
6877.0710001	0.354724
6878.21700025	0.361043
6879.47000027	0.344721
6880.95500016	0.355338
6884.28500009	0.363154
6887.12900019	0.353032
6889.42500019	0.338156
6892.05200005	0.329562
6893.4380002	0.244759
6895.28000021	0.358177
6897.32200027	0.355504
6900.11800027	0.346658
6902.75300026	0.355443
6904.41400027	0.308669
6905.89500022	0.263362
6907.31100011	0.354277
6909.2900002	0.360334
6911.3380003	0.339242
6912.40600014	0.358972
6913.57000017	0.351223
6914.90400004	0.31548
6918.0650003	0.331837
6922.4920001	0.354888
6924.1190002	0.361475
6926.16700029	0.346117
6927.57400036	0.314211
6930.23300028	0.337
6932.00700021	0.307939
6934.07900023	0.344313
6936.47200012	0.361057
6937.98700023	0.358857
6939.68000007	0.351525
6941.35400033	0.347402
6942.63700008	0.345526
6944.13700032	0.3413
6945.796	0.347646
6948.66600013	0.287909
6950.40100026	0.363078
6952.38600016	0.356799
6954.12200022	0.364726
6956.21000028	0.365365
6958.18400002	0.355003
6960.10000014	0.337659
6962.69800019	0.056009
6964.54300022	0.344788
6966.06900001	0.346696
6968.35900021	0.354305
6971.35700011	0.22554
6974.43100023	0.35511
6976.72600031	0.351342
6978.02600026	0.356151
6979.68000007	0.342383
6982.22500038	0.343307
6984.15200019	0.186589
6985.33200002	0.357687
6986.41200018	0.308234
6988.89000034	0.343094
6991.0630002	0.332912
6993.26100016	0.352553
6994.87700009	0.347307
6996.32300019	0.355672
6999.68900037	0.327125
7001.91000032	0.354637
7003.92400002	0.194521
7005.54300022	0.338661
7007.05500007	0.354508
7009.04200029	0.362285
7011.4230001	0.314767
7013.81500006	0.263161
7015.72600031	0.363042
7017.75400019	0.326214
7019.80700016	0.339041
7021.95700002	0.270559
7023.22200012	0.344399
7024.51900029	0.363884
7025.40700006	0.288722
7027.69700027	0.345245
7030.96900034	0.354031
7033.74600029	0.356091
7036.88200021	0.245759
7038.89800024	0.354788
7040.83900023	0.360318
7043.13600016	0.337271
7043.84600019	0.349077
7045.06800008	0.354402
7046.62500024	0.359251
7048.796	0.324865
7051.46099997	0.355089
7053.34700012	0.342681
7055.421	0.344499
7057.20800018	0.338459
7059.73300004	0.318772
7060.97200012	0.350378
7062.78600025	0.354644
7064.63200021	0.355355
7066.34000015	0.036527
7068.35700011	0.343834
7070.90500021	0.010364
7073.50500035	0.350734
7075.50200033	0.363418
7077.25500011	0.354611
7079.00800014	0.358185
7080.91900015	0.342452
7083.37600017	0.357157
7084.91900015	0.348963
7087.05900025	0.355101
7088.42900014	0.353965
7089.81100011	0.357678
7091.38100004	0.308796
7092.97500014	0.339215
7094.58100009	0.332029
7096.61000013	0.002793
7098.63900018	0.346175
7101.91600013	0.353694
7105.0570004	0.35747
7107.27300024	0.355267
7109.98200035	0.099678
7112.66000009	0.358508
7113.6570003	0.356408
7115.1340003	0.354106
7116.31800032	0.357565
7118.01400018	0.342621
7119.38800001	0.355508
7121.87400031	0.209543
7123.70700026	0.34489
7125.25400019	0.356176
7126.86200023	0.344658
7129.85700035	0.358664
7131.57400036	0.342423
7133.81100011	0.317488
7135.60700011	0.327319
7137.08500004	0.345229
7138.7670002	0.348031
7141.67000031	0.338181
7144.31200004	0.354733
7146.46200013	0.34047
7148.70700026	0.32398
7150.5710001	0.357087
7152.91800022	0.170817
7155.16499996	0.309744
7157.35600019	0.344683
7159.32100034	0.34092
7161.70800018	0.364077
7163.98300028	0.18871
7166.21000028	0.35001
7167.76100039	0.345664
