0.0	2.265798
1.29400014877	1.392157
2.76899981499	1.403611
4.04999995232	2.17943
5.60400009155	1.972761
7.47199988365	1.508723
8.95199990273	0.524955
9.68300008774	0.438698
10.3260002136	1.461194
11.1159999371	0.846844
11.6600000858	2.19405
12.6870000362	1.635868
13.8609998226	1.943932
15.251999855	0.323975
16.2679998875	0.224889
17.2760000229	1.841009
19.0449998379	0.346408
20.7289998531	0.03408
22.7289998531	0.026528
24.6300001144	0.238671
27.5039999485	1.104996
28.9349999428	1.582681
30.7289998531	2.051611
32.7289998531	2.007169
34.618999958	0.116788
37.4630000591	0.028681
40.135999918	0.659782
42.3699998856	1.535079
43.7630000114	1.767982
45.5120000839	1.860391
47.2599999905	0.552376
49.1449999809	0.119646
50.7779998779	1.551202
52.7299997807	0.584451
54.7299997807	0.699313
56.6749999523	0.313081
59.2879998684	0.430956
61.9919998646	1.713522
64.8049998283	0.140392
67.8169999123	1.953365
69.9889998436	2.174429
73.529999733	0.0124
76.7200000286	1.288912
79.2739999294	0.05136
80.8519999981	0.049572
82.8029999733	1.651878
84.0179998875	1.797604
88.1719999313	1.65995
90.1260001659	1.880869
91.2259998322	1.859772
92.5329999924	2.073511
93.9430000782	1.942075
95.0950000286	1.78412
95.7619998455	1.180086
96.1569998264	1.813191
96.7299997807	2.086246
98.7289998531	1.841226
100.727999926	2.164211
102.727999926	1.896301
104.732999802	1.739541
106.728999853	1.881972
108.730999947	1.9321
110.729999781	1.918818
112.728999853	1.975047
114.728999853	1.957782
116.729999781	2.054614
118.728999853	1.376378
120.729999781	0.798768
122.729999781	0.590618
124.735000134	1.301878
129.628999949	1.895502
130.609999895	1.470212
131.302999973	2.151317
132.729999781	1.94709
134.728999853	1.775865
136.731999874	2.147747
138.729999781	1.925672
140.728999853	2.105297
142.729999781	2.158665
144.729999781	1.956248
146.729999781	2.07949
148.729999781	1.987787
150.730999947	1.69572
152.729999781	1.980151
154.740999937	2.019978
156.730999947	0.008485
158.728999853	1.475866
160.729999781	1.731956
162.730999947	1.907935
164.730999947	1.971887
166.729999781	1.452647
168.74000001	1.819754
170.729999781	2.092035
172.735000134	2.2038
174.730999947	2.278186
176.729999781	1.938324
178.730999947	2.001811
180.728999853	1.837452
182.731999874	2.198816
184.731999874	2.252119
186.734000206	2.244874
188.729999781	1.672832
190.730999947	2.099565
192.729999781	1.99118
194.731999874	1.99118
196.730999947	1.629214
198.730999947	1.942412
200.730999947	1.770612
202.736999989	2.286447
204.731999874	1.868041
206.731999874	1.803229
208.980999947	1.683459
210.983999968	0.548728
213.804999828	0.694481
215.979000092	0.251656
218.34499979	2.031257
218.875	2.041906
220.982000113	2.168771
222.987999916	2.307763
224.982000113	1.753072
226.982000113	2.263018
228.870000124	2.10468
230.979000092	2.10468
232.982000113	1.855009
234.986999989	0.617464
236.980999947	2.052665
238.98300004	1.927723
240.98300004	2.201928
242.847000122	0.274327
244.984999895	2.166428
246.96600008	0.694864
249.231999874	0.395649
251.902000189	1.723233
254.322999954	1.246368
256.36199975	0.010208
258.571000099	0.969923
260.172999859	2.219246
261.851000071	2.041041
263.980000019	1.842669
265.25999999	1.841164
266.983999968	1.27657
268.996000051	0.199893
270.984999895	0.006313
272.983999968	0.945211
274.985999823	1.809434
276.824999809	1.093067
278.983999968	0.850592
280.98300004	2.15756
282.98300004	2.18881
284.984999895	0.902536
287.366000175	1.598626
288.883000135	1.488396
290.98300004	2.125002
292.98300004	2.028464
294.983999968	2.414326
296.98300004	2.21177
298.984999895	2.014173
300.980999947	2.000883
303.556999922	0.218647
306.380999804	1.300109
309.582000017	0.94054
312.720000029	1.37113
315.508999825	1.245703
317.824999809	1.980057
318.74000001	1.577274
319.552000046	2.295064
320.34499979	1.755898
321.273000002	0.765306
322.98300004	0.594942
324.86500001	1.351429
327.88499999	2.007882
331.032000065	1.952446
332.808000088	1.144602
334.102999926	0.343616
335.36199975	1.528316
336.983999968	0.010962
338.984999895	1.87929
340.984999895	0.028235
343.273999929	0.087227
346.024999857	1.840248
348.355000019	0.557897
350.355000019	1.973874
352.462000132	0.019712
353.528999805	0.443679
354.983999968	0.238648
356.983999968	0.017569
358.98300004	1.928215
360.983999968	1.908379
362.986999989	2.014437
364.983999968	1.877766
366.983999968	1.874346
368.983999968	0.015837
370.98300004	1.584594
372.98300004	1.997923
374.98300004	1.650931
376.985999823	2.226726
378.985999823	0.195966
380.984999895	1.970794
382.984999895	0.329994
384.984999895	0.31374
387.011000156	1.922086
388.985999823	0.416098
390.984999895	1.765305
392.983999968	1.605344
394.986999989	1.76929
396.984999895	1.596064
398.983999968	1.928633
400.985999823	2.011281
402.985999823	1.803153
405.262000084	0.137641
408.599999905	1.811978
411.931999922	0.329825
414.184000015	1.952302
415.549000025	1.788167
416.407999992	1.817022
417.398999929	2.065051
418.984999895	1.675935
420.982000113	0.03585
423.27699995	0.238019
425.979000092	0.048248
428.472999811	0.984769
431.125	0.003472
433.780999899	0.405979
436.486000061	1.575369
439.123000145	0.401353
440.478000164	0.656149
441.154999971	1.956644
443.180000067	0.250966
445.254000187	1.493401
446.855999947	2.171463
448.343999863	2.134084
449.549000025	2.169019
450.985999823	0.106888
452.986999989	0.033191
455.311000109	0.467929
457.934999943	0.08873
461.35800004	2.077988
464.43599987	2.11997
465.419000149	1.528259
466.352999926	0.822936
468.051000118	0.093367
470.244999886	1.082154
472.545999765	0.013164
475.284999847	0.426578
478.169999838	0.059375
481.071000099	0.464353
482.99000001	0.298161
485.427999973	2.182145
487.724999905	1.887984
489.78399992	1.898312
492.407000065	1.937389
494.047999859	0.153735
494.348999977	2.03539
494.803999901	1.592056
495.253000021	1.803827
497.243999958	2.095973
499.235000134	1.880294
501.24000001	1.844272
503.236000061	1.989111
505.235000134	1.618371
507.238000154	0.191126
509.235000134	1.988199
511.238000154	2.008598
513.236000061	1.744397
515.236999989	2.318646
517.235000134	2.140365
519.236999989	2.140365
521.236999989	1.293853
523.235000134	1.920554
525.246000051	1.454138
527.239000082	1.851584
529.236000061	1.961944
531.235000134	2.108623
533.236999989	1.775993
535.24000001	1.543113
537.236999989	2.012048
539.236999989	2.070444
541.236000061	2.107298
543.236000061	2.168429
545.241999865	1.033463
547.238000154	1.983127
549.238000154	1.803468
551.236000061	1.997422
553.24000001	1.039623
555.236999989	2.258813
557.236999989	2.284185
559.239000082	0.427685
561.239000082	0.896298
563.236999989	1.876561
565.236999989	0.257245
567.236999989	1.902141
569.238000154	1.8135
571.238000154	2.003739
573.238000154	1.547113
575.236000061	1.896286
577.236000061	1.826999
579.239000082	1.826999
581.238000154	1.742298
583.239000082	2.24639
585.236999989	2.057937
587.236999989	2.010194
589.236000061	2.348049
591.238000154	2.337414
593.236999989	2.11313
595.239000082	2.045829
597.236999989	1.841215
599.236999989	1.866322
601.236999989	1.72243
603.238000154	2.199768
605.236999989	1.973986
607.236999989	0.008291
609.236999989	0.686297
611.239000082	1.933985
613.236000061	1.796474
615.239000082	2.277704
617.238000154	1.7947
619.239000082	0.185137
621.246000051	2.201864
623.238000154	1.777107
625.239000082	0.033857
627.240999937	0.409786
629.239000082	1.985692
631.238000154	2.317912
633.238000154	0.541885
635.24000001	0.872493
637.24000001	1.7085
639.239000082	0.015765
641.24000001	1.543673
643.24000001	2.009272
645.238000154	2.249149
647.238000154	1.080684
649.239000082	2.20884
651.238000154	1.125324
653.238000154	1.238414
655.24000001	0.017103
657.239000082	0.543938
659.239000082	1.888434
661.240999937	0.048676
663.695999861	0.293419
666.871999979	1.090004
669.848999977	2.015943
671.805999994	1.812505
672.875999928	1.947463
674.551000118	0.632301
675.688999891	2.229407
677.239000082	0.01449
679.24000001	0.076869
681.240999937	0.059703
683.30099988	0.038333
685.806999922	0.710343
689.105000019	0.124647
691.667000055	1.597013
693.694000006	2.022665
695.230000019	1.809447
696.75999999	1.812861
698.612999916	0.46888
700.441999912	0.356661
702.097999811	1.423837
706.415999889	0.374284
709.016000032	0.960763
712.082999945	1.620115
714.289999962	0.614
715.378999949	0.082736
716.468999863	2.195346
717.672999859	0.3268
719.118000031	0.614727
721.578999996	1.858196
723.536000013	2.054574
724.857999802	0.4128
726.148999929	1.990964
727.513999939	0.855774
729.490999937	0.014588
731.296000004	0.466571
733.488999844	1.71123
735.488999844	1.837003
737.497999907	2.155553
739.490999937	2.264385
741.499000072	2.060196
743.490999937	0.286712
745.488999844	1.834947
747.363000154	1.834947
749.489999771	1.834947
751.492999792	0.024642
753.490999937	1.557393
755.492999792	1.933094
757.488999844	1.893696
759.489999771	2.001219
761.489999771	2.163646
763.490999937	0.572821
765.490999937	1.966525
767.489999771	2.156466
769.489999771	2.177299
771.383000135	1.439012
773.496000051	1.911447
775.490999937	1.860263
777.489999771	1.937545
779.490999937	1.937545
781.489999771	1.607688
783.489999771	0.068446
785.489999771	1.596011
