0.0	5.961745
0.266999959946	0.051176
0.358999967575	1.588002
0.49399971962	0.148701
0.618999958038	0.964477
0.782999992371	5.781493
1.25299978256	1.941059
1.72799992561	0.154907
2.29800009727	0.163452
4.16299986839	1.918574
6.24399995804	0.434768
8.30399990082	5.470302
10.1199998856	0.802109
12.1729998589	0.40694
14.2559998035	5.721643
16.0769999027	2.379597
18.1540000439	2.356598
20.2339999676	6.259832
22.3229999542	0.091022
24.1349999905	6.065786
26.2249999046	2.828435
28.2960000038	1.122476
30.1039998531	0.177322
33.4569997787	1.024964
35.2749998569	5.835801
37.3569998741	5.835801
39.4359998703	5.835801
41.260999918	5.835801
43.2869999409	5.837424
45.4219996929	5.837424
47.2449998856	0.100352
49.3249998093	5.102324
51.404999733	5.720837
53.4959998131	5.754927
55.3190000057	6.100917
57.3999998569	5.201122
59.4919998646	1.600328
61.3169999123	1.615675
63.4270000458	5.713237
65.2400000095	0.047806
67.3089997768	5.816894
69.3669998646	5.816894
71.4479999542	5.155721
73.271999836	1.893735
75.3499996662	0.615718
77.4319999218	5.66197
79.513999939	5.66197
81.3350000381	5.251656
83.4159998894	5.74667
85.4979999065	4.237657
87.2879998684	4.237657
89.3469998837	5.264238
91.4299998283	1.634272
93.4859998226	5.174246
95.3140001297	5.719923
97.388999939	3.94553
99.4719998837	0.193121
101.55099988	2.112978
103.375	2.112978
105.463999987	5.928711
107.542999983	6.002262
109.36899972	1.075785
111.448999882	1.842968
113.528999805	1.004356
115.343999863	4.616315
117.431999922	5.799654
119.512999773	5.800961
121.325999737	5.819813
123.407999992	0.147348
125.492999792	1.818589
127.546999931	4.766094
129.367999792	2.097701
131.415999889	0.004619
133.497999907	6.10221
135.324999809	1.939988
137.379999876	5.720704
139.46999979	2.486164
141.562000036	0.051053
143.384999752	0.243943
145.464999914	3.680387
147.556999922	2.562141
149.357999802	0.030114
151.439999819	1.353467
153.517999649	1.410666
155.598999977	3.357216
157.413999796	4.975776
159.504999876	1.953581
161.583999872	5.895072
163.407000065	5.68047
165.488999844	5.684302
167.56799984	1.184446
169.380999804	6.281792
171.407000065	6.127188
173.486999989	1.843434
175.556999922	1.569275
177.624999762	0.414037
179.443000078	5.380773
181.517999649	0.054686
183.580999851	5.170265
185.635999918	3.600115
187.45299983	1.980222
189.540999889	4.160805
191.626999855	3.328606
193.447999954	1.045232
195.536000013	0.208303
197.605999708	1.734978
199.407999992	1.073741
201.487999916	0.029177
203.598999977	5.740114
205.412999868	3.834558
207.507999897	0.255497
209.575999975	0.574012
211.652999878	3.500687
213.477999687	2.17775
215.556999922	0.359757
217.637999773	5.99881
219.463999987	0.06565
221.552999735	1.724077
223.688999891	0.637981
225.467000008	0.456503
227.555999994	0.244433
229.61500001	3.336457
231.448999882	0.089735
233.517999649	0.152321
235.596999884	1.942287
237.678999901	2.353268
239.503000021	5.586734
241.583999872	5.445448
243.663999796	0.50058
245.478999853	2.289153
247.556999922	5.960805
249.616999865	0.005322
251.454999924	0.333513
253.541999817	0.208307
255.624999762	0.138539
257.432999849	1.727518
259.506000042	1.803886
261.583999872	0.675372
263.653999805	5.912812
265.46999979	1.620989
267.525999784	0.658314
269.631999969	1.88184
271.7099998	6.168111
273.533999681	0.056439
275.581999779	3.635674
277.660999775	0.098712
279.738999844	0.23827
281.552999735	0.771109
283.632999897	0.209186
285.72300005	1.03358
287.536999941	0.971802
289.562999964	2.243744
291.632999897	1.315803
293.690999985	2.363834
295.514999866	0.76412
297.611999989	0.085381
299.68599987	5.894909
301.515999794	0.00237
303.569999933	0.026543
305.648999929	0.183942
307.728999853	0.338786
309.552999735	6.174449
311.632999897	5.867432
313.703000069	0.175115
315.541999817	1.532942
317.616999865	0.364658
319.707000017	0.468666
321.520999908	2.23604
323.601999998	0.046414
325.693999767	0.096902
327.771999836	0.087134
329.585999966	0.230548
331.666000128	1.953913
333.724999905	0.990367
335.549999714	0.807857
337.626999855	0.233622
339.707000017	5.797586
341.795000076	5.889031
343.622999907	5.938044
345.700999737	5.446649
347.771999836	0.296788
349.597999811	0.227286
351.674000025	0.040311
353.744999886	0.050259
355.559000015	0.52153
357.640999794	1.114027
359.718999863	0.337327
361.799999952	5.682386
363.621999741	0.245141
365.703000069	1.896059
367.771999836	0.549228
369.5849998	5.005757
371.664999723	5.300872
373.755999804	5.983785
375.824999809	0.315743
377.627999783	5.688902
379.717999697	1.867355
381.808999777	0.026567
383.622999907	0.03092
385.683999777	1.534167
387.762000084	1.504667
389.576999903	1.893933
391.643999815	4.528426
393.733999729	1.897313
395.836999893	0.280337
397.648999929	0.420099
399.730000019	0.526522
401.821999788	5.522555
403.632999897	0.030622
405.712999821	0.057017
407.791999817	1.683357
409.872999907	6.156811
411.699999809	6.219382
413.786000013	0.24914
415.86899972	0.005362
417.697999954	0.659631
419.774999857	0.288328
421.832999945	1.162541
423.656999826	0.143019
425.735999823	3.98843
427.80099988	0.108186
429.618000031	3.564894
431.687000036	0.291552
433.788999796	1.859872
435.856999874	0.156002
437.671999931	3.842328
439.752999783	5.987201
441.620999813	5.169489
443.643999815	5.169489
445.714999914	5.621886
447.795000076	0.147653
449.874000072	5.663904
451.697999954	1.872405
453.779999971	5.24956
455.877999783	6.033057
457.697999954	6.115389
459.74000001	0.473687
