0.0	0.081965
1.05300021172	0.546552
5.75600004196	0.165599
6.37199997902	0.497366
7.07700014114	3.262894
7.76300001144	0.25233
8.96900010109	3.545208
9.46399998665	0.442745
9.89500021935	0.158789
10.3919999599	1.74608
11.3040001392	2.751005
12.0770001411	1.154537
12.8940002918	4.297431
15.1679999828	1.355446
19.9520001411	0.422403
20.726000309	1.027187
23.1689999104	5.843759
24.4680001736	0.421093
25.3910000324	4.344108
26.6590001583	0.11197
28.9330003262	4.194062
32.8860001564	0.908055
35.5170001984	3.291324
39.1380002499	3.83689
40.4420001507	0.213537
41.8800001144	0.604971
43.4130003452	4.734604
44.9100000858	1.616071
48.2630000114	0.280402
49.8009998798	0.220161
50.6080000401	1.336816
51.6840000153	1.934003
54.362000227	2.227882
58.981000185	10.201834
60.7580001354	3.539809
63.8200001717	11.961806
65.0390000343	0.393088
65.7039999962	5.165579
69.5450000763	9.783783
72.0780003071	19.554677
75.248000145	0.078139
75.8270001411	0.840069
76.5170001984	8.649814
78.4010000229	1.070851
79.9750001431	0.006623
82.4649999142	0.415058
84.3710000515	0.005889
85.3910000324	1.380855
86.7380001545	3.567051
87.9250001907	7.667617
89.1630001068	7.750568
90.7640001774	1.622207
92.7700002193	12.731939
