0.0	6.954041
0.15499997139	7.152156
0.353999853134	7.152156
1.03999996185	6.935768
1.70799994469	6.653727
2.38999986649	7.058656
3.00999975204	0.82716
3.79200005531	0.055103
4.62599992752	6.622972
5.39399981499	6.066133
6.01600003242	0.105521
7.50099992752	0.768309
9.50099992752	6.676426
11.504999876	1.594891
13.4819998741	5.653058
15.5169999599	0.090911
17.4839999676	0.484129
19.4839999676	4.310666
21.4899997711	6.689292
23.4960000515	1.678062
25.4859998226	0.317672
27.4819998741	0.498363
29.4809999466	6.78374
31.4879999161	1.321493
33.5409998894	1.095303
35.5950000286	1.462609
37.6709997654	0.896976
39.5199999809	0.697211
41.4859998226	0.032126
43.8239998817	6.651413
45.7729997635	5.431275
47.7329998016	1.08071
49.736000061	0.357542
51.7879998684	0.293281
53.9829998016	5.792448
55.9849998951	6.45501
57.9929997921	0.527854
59.9849998951	0.662529
61.9829998016	1.063562
63.9819998741	0.984269
65.9819998741	0.500085
67.9819998741	1.996759
69.9939997196	4.623624
71.9859998226	1.083363
73.9879999161	1.892845
75.8339998722	6.182256
77.9879999161	6.930739
80.0209999084	1.697124
81.9800000191	1.074908
83.9829998016	3.3553
85.9809999466	0.822914
87.9809999466	0.366333
89.9829998016	0.76543
91.9819998741	0.249389
93.9809999466	1.044414
95.9829998016	1.110603
97.9809999466	0.160437
99.9989998341	1.064732
101.983999968	3.12555
103.981999874	6.462219
106.432999849	2.542039
107.983999968	2.542039
109.980999947	6.765992
111.980000019	6.704358
113.980999947	1.368365
115.980000019	3.268951
