0.0	5.253718
0.0819997787476	0.144536
0.128999948502	0.278454
0.177999734879	1.669656
0.234999895096	2.258693
0.310000181198	4.65675
0.388000011444	6.808524
0.454999923706	6.808524
1.23000001907	6.865169
3.23199987411	6.796433
5.78399991989	0.792518
7.75999999046	7.570439
9.80999970436	4.417472
11.8120000362	0.430271
13.7799999714	3.506601
15.7829999924	5.982784
17.7859997749	1.277439
19.7889997959	0.253955
21.7769999504	4.447458
23.7939999104	4.964835
25.7839999199	4.134913
27.7799999714	0.039313
29.7920000553	4.407974
31.8140001297	3.801575
33.7809998989	4.275625
35.7820000648	0.94218
37.8300001621	5.520222
39.8159999847	5.055412
41.7809998989	4.922114
43.7669999599	3.140559
45.7779998779	5.478062
47.7820000648	4.810836
49.7790000439	5.122674
51.8249998093	5.122674
53.7920000553	3.083487
55.7760000229	2.887684
57.8190000057	2.528025
59.7990000248	1.605372
61.7859997749	3.068266
63.7679998875	0.575012
65.7799999714	4.051756
67.7599999905	4.034945
69.7960000038	4.212064
71.7969999313	3.775138
73.7769999504	4.013739
75.7820000648	4.940425
77.8089997768	3.803157
79.7859997749	4.113139
81.7839999199	3.104888
83.7820000648	4.251897
85.8019998074	4.774508
87.8120000362	4.856894
89.7809998989	5.273816
91.7740001678	1.935381
93.8289999962	1.613649
95.7859997749	1.064956
97.7760000229	3.436699
99.7820000648	4.081884
101.78399992	3.300317
103.78399992	1.244588
105.784999847	1.239932
107.779999971	4.912551
109.777999878	2.688383
111.791000128	4.471375
113.779999971	4.388895
115.785999775	5.854396
117.780999899	4.524603
119.763999939	5.60447
121.815999985	5.713711
123.788999796	3.797271
125.785999775	5.763319
127.838000059	6.298736
129.776000023	5.647561
131.799999952	5.535168
133.776000023	5.299107
135.785999775	4.705341
137.81799984	1.069021
139.772999763	2.284733
141.784999847	4.315738
143.782999992	4.333176
145.798000097	4.503624
147.763999939	2.680052
149.780999899	4.057976
151.805999994	3.548636
153.791000128	4.239215
155.785999775	4.07296
157.857999802	5.083749
159.782000065	6.026605
161.795000076	5.493627
163.779000044	6.356871
165.785999775	0.13875
167.779000044	6.470486
169.787999868	6.639743
171.812000036	6.633949
173.764999866	2.15546
175.785999775	1.111033
177.832999945	1.280539
179.801999807	0.495794
181.776000023	2.831252
183.839999914	2.824
185.82799983	2.152109
187.802999973	2.355492
189.766000032	1.318148
191.788999796	2.762559
193.801999807	1.710941
195.80099988	2.044329
197.79399991	2.697436
199.815000057	2.319161
201.782000065	0.946065
203.76699996	0.889305
205.772999763	2.300019
207.796999931	1.062029
209.787999868	1.679677
211.785999775	1.502074
213.789999962	0.522886
215.770999908	2.291139
217.79399991	2.314633
219.782000065	0.515902
221.785999775	2.551991
223.798000097	0.722489
225.779999971	2.092943
227.825999737	2.400412
229.774000168	2.358777
231.763999939	2.292023
233.78399992	3.769005
235.804999828	1.531009
237.779999971	2.332815
239.777999878	0.450686
241.782000065	3.4312
243.823999882	4.308607
245.77699995	3.063171
247.82799983	3.838792
249.774000168	4.347252
251.779999971	3.92571
253.789999962	3.54439
255.801999807	3.034836
257.785999775	5.347832
259.777999878	3.026214
261.782999992	5.816014
263.785999775	3.387889
265.782999992	3.427493
267.782000065	5.674066
269.779000044	5.52766
271.787999868	4.112033
273.777999878	7.21623
275.780999899	6.57687
277.801999807	6.829087
279.772999763	6.168683
281.808999777	0.554608
283.777999878	4.584687
285.787999868	6.240034
287.776000023	2.112098
289.782999992	1.17664
291.780999899	4.55249
293.798000097	0.021193
295.795000076	0.036343
297.795000076	0.863189
299.779000044	0.620911
301.764999866	2.923373
303.815999985	0.053421
364.788999796	1.545811
