0.0	3.420599
0.422000169754	2.049762
0.727999925613	0.04788
1.59200000763	0.519728
1.96399998665	0.063754
2.39999985695	0.621086
2.75900006294	0.150062
2.8259999752	1.735497
3.19900012016	1.108704
4.17299985886	0.080458
5.96900010109	0.54655
7.96600008011	2.493309
9.96600008011	0.060745
11.9620001316	0.579052
13.9649999142	0.950789
15.9649999142	1.89552
17.9580001831	1.602032
19.9670000076	2.979166
21.9549999237	1.951983
23.9630000591	3.837652
25.9770002365	0.060949
27.9590001106	0.492121
29.9590001106	0.100288
31.9569997787	0.252258
33.9580001831	2.84504
35.9749999046	0.058382
37.9559998512	1.190115
39.9790000916	0.01653
41.9559998512	2.515169
43.9590001106	2.201372
45.9889998436	4.057855
47.9649999142	0.619352
49.9869999886	0.953941
51.9900000095	1.320079
53.9759998322	0.005328
55.9919998646	1.653413
57.9610002041	0.056419
59.9610002041	2.050773
61.9690001011	3.357991
63.9580001831	4.096806
66.0390000343	5.433217
67.9690001011	1.810946
69.9559998512	4.469462
71.9549999237	4.409357
73.9580001831	5.976818
75.9620001316	6.158925
78.2079999447	2.067528
80.2060000896	0.454948
82.2159998417	2.58722
84.2139999866	0.112295
86.2139999866	0.085423
88.2139999866	2.01886
90.2129998207	1.928649
92.2769999504	0.220724
94.2119998932	5.447347
96.2109999657	3.751796
98.2129998207	0.026788
100.20600009	4.293514
102.204999924	0.082225
104.207000017	2.510896
106.169000149	0.089947
108.092000008	0.042995
110.211999893	1.087268
112.207999945	1.334321
114.218000174	0.784877
116.209000111	1.693229
118.207000017	0.878326
120.209000111	0.846701
122.218000174	2.613128
124.210999966	3.60458
126.211999893	1.727923
128.207999945	2.364571
130.231999874	0.297513
132.207999945	0.979914
134.210999966	1.597036
136.211999893	0.038706
138.209000111	0.614652
140.06799984	4.304829
142.209000111	0.063569
144.241000175	5.016528
146.212999821	0.653614
148.20600009	0.169491
150.228999853	4.748039
152.209000111	0.212996
154.097000122	0.147384
156.210999966	0.046035
158.209000111	0.135894
160.219000101	4.718448
162.20600009	4.329849
164.210000038	2.209973
166.347000122	0.548053
168.20600009	0.892404
170.219000101	3.372047
172.210000038	1.377933
174.214999914	0.67282
176.218000174	0.926656
178.0849998	0.252955
180.204999924	0.352818
182.207999945	0.03464
184.231999874	3.502791
186.212999821	2.481767
188.209000111	2.6268
190.214999914	2.873103
192.210999966	0.399272
194.220000029	0.918268
196.219000101	0.529616
198.210000038	0.367792
200.228999853	1.030141
202.204999924	0.183857
204.22300005	3.313316
206.22300005	0.008936
208.209000111	3.529555
210.212999821	3.731675
212.210999966	0.099891
214.207000017	3.018763
216.218000174	2.236584
218.215999842	4.137807
220.214999914	0.148767
222.210999966	0.0683
224.220000029	2.311767
226.219000101	0.03415
228.257000208	0.020772
230.207999945	0.039388
232.207999945	1.560608
234.209000111	0.582786
236.212999821	0.026253
238.210000038	0.317164
240.212999821	0.070301
242.209000111	0.218589
244.214999914	1.182899
246.211999893	0.189818
248.22300005	2.061873
250.25999999	0.767535
254.756999969	0.034658
256.305000067	0.101394
