0.0	2.394199
0.419000148773	1.191058
1.0529999733	0.578602
1.44499993324	2.55732
1.71899986267	0.701754
2.03699994087	0.159299
2.30400013924	0.206339
2.62000012398	1.298284
2.86299991608	0.645291
3.78800010681	0.026664
5.80999994278	1.22158
7.81100010872	0.028261
9.82800006866	2.354893
11.7870001793	3.326943
13.8040001392	2.293969
15.7960000038	3.661976
17.8030002117	3.661976
19.7920000553	3.795382
21.8050000668	0.058795
23.7969999313	4.196396
25.7890000343	2.906597
27.782999754	1.667566
29.7920000553	0.069217
31.7840001583	0.059222
33.7860000134	0.128162
35.7860000134	4.323838
37.8099999428	0.16168
39.7960000038	0.519458
41.8110001087	0.358114
43.8159999847	0.808324
45.8020000458	0.413136
47.8110001087	2.550791
49.7890000343	0.665388
51.7999999523	0.064196
53.7939999104	0.002777
55.7979998589	1.709521
57.7989997864	1.743462
59.7989997864	4.057906
61.8169999123	2.656615
63.8050000668	3.673722
65.7969999313	4.105577
67.8020000458	4.686743
69.8009998798	2.830316
71.8069999218	0.676709
73.7999999523	0.422951
75.7979998589	0.138432
77.7899999619	0.796845
79.8040001392	0.86342
81.7989997864	1.735312
83.8059999943	2.598227
85.8040001392	2.598227
87.8009998798	4.266937
89.8059999943	4.266937
91.7950000763	3.413623
93.8080000877	4.383481
95.7989997864	1.124438
97.7909998894	6.412343
99.7890000343	7.856294
101.792999983	6.094511
103.798999786	6.057179
105.796999931	1.038488
107.802000046	5.820841
109.782999754	6.863041
111.80099988	5.130713
113.805999994	6.001527
115.796000004	6.001527
117.792000055	6.154856
119.787000179	5.719394
121.788000107	5.776872
123.79399991	5.100568
125.781999826	6.334933
127.797999859	5.647581
129.797999859	5.094029
131.789999962	4.224515
133.789000034	3.863617
135.788000107	1.516392
137.796000004	4.697276
139.792999983	1.366401
141.789999962	7.098386
143.784000158	5.151939
145.798999786	3.416357
147.799999952	0.600257
149.815999985	3.654969
151.789999962	5.496651
153.797999859	6.726037
155.80099988	3.815764
157.813999891	3.815764
159.802000046	3.815764
161.79399991	3.815764
163.798999786	1.553984
165.796000004	5.355008
167.781999826	5.169828
169.796999931	6.127007
171.790999889	3.726147
173.787000179	2.464582
175.79399991	0.020666
177.799999952	6.065761
179.789000034	6.065761
181.803000212	3.988759
183.80099988	3.892802
185.788000107	2.69329
187.799999952	2.26193
189.822000027	5.552579
191.812999964	5.552579
194.069999933	5.552579
196.057999849	5.552579
198.082000017	5.552579
200.067000151	5.552579
202.072000027	5.552579
204.075000048	5.552579
205.855999947	5.552579
208.055999994	5.552579
210.037999868	3.223552
212.051000118	4.327085
214.038999796	5.066663
216.029000044	3.200596
218.038999796	5.242164
220.036999941	4.885032
222.036999941	5.460579
224.048000097	1.638531
226.041999817	2.793509
228.041999817	3.28891
230.052999973	3.674746
232.045000076	1.467693
234.03399992	5.762071
236.032999992	5.762071
238.032000065	1.833929
240.036000013	6.59854
242.039999962	4.497131
244.022999763	4.497131
246.030999899	5.036644
248.030999899	0.90958
250.029999971	2.37836
252.035000086	0.031795
254.021999836	4.067607
256.03399992	0.966087
258.022999763	2.515506
260.035000086	1.436725
262.026000023	5.536278
264.036999941	5.535326
266.029000044	5.281939
268.029999971	0.276089
270.032000065	4.447678
272.035000086	5.416763
274.026000023	5.439845
276.032999992	4.856937
278.036000013	4.113368
280.029000044	4.924065
282.032999992	3.990114
284.040999889	0.402213
286.025000095	2.875231
288.024000168	0.168144
290.030999899	0.500296
292.039999962	0.296636
294.036000013	2.075071
296.027000189	3.304533
298.027000189	1.363141
300.035000086	5.381197
302.032999992	4.234631
304.040999889	3.111762
306.036999941	3.111762
308.03399992	2.107685
310.025000095	2.654766
312.024000168	2.116689
314.03399992	0.065441
316.025000095	0.031252
318.029000044	2.077941
320.032000065	4.618403
322.03399992	5.247543
324.028000116	4.455858
326.032999992	5.626591
328.025000095	4.672447
330.029000044	2.01758
332.024000168	0.352628
334.029999971	0.637589
336.029000044	2.263936
338.036999941	0.887836
340.020999908	1.998127
342.028000116	2.095088
344.024000168	1.06005
346.029999971	0.537523
348.032999992	1.025841
350.024000168	1.271393
352.028000116	0.259896
354.027000189	0.129052
356.029999971	0.12489
358.032000065	0.696478
360.029000044	1.435653
362.022999763	0.860379
364.022999763	0.48775
366.021999836	5.285856
368.027000189	5.111017
370.019999981	1.770212
372.036999941	2.260164
374.041999817	2.60599
376.043000221	4.891924
378.029000044	1.035253
380.032000065	1.246879
382.024000168	2.306753
384.030999899	1.61329
386.035000086	4.523215
388.026000023	3.616541
390.017999887	0.598325
392.021999836	2.611863
394.019999981	1.171138
396.025000095	0.227454
398.021999836	2.519335
400.029000044	0.212533
402.020999908	2.464454
404.029000044	0.87895
406.038999796	0.216412
408.029000044	1.08676
410.030999899	2.742127
412.019000053	2.10595
414.026000023	0.089955
416.038999796	0.114953
418.026000023	0.004149
420.029000044	1.654824
422.024000168	1.202329
424.019999981	1.659719
426.036000013	1.659719
428.029000044	0.139598
430.029999971	1.337137
432.029000044	0.315484
434.049999952	0.004505
436.038999796	0.332761
438.035000086	0.156911
440.029000044	0.004733
442.029999971	0.7247
444.269999981	2.982754
446.275000095	3.366856
448.280999899	3.113243
450.270999908	3.01244
452.27699995	4.574412
454.277999878	3.428742
456.277999878	3.622173
458.276000023	5.566648
460.097999811	1.130857
462.276000023	0.861356
464.273999929	0.818858
466.269000053	0.899919
468.268000126	0.618049
470.275000095	4.065036
472.273000002	3.16099
474.275000095	6.393036
476.281999826	6.825875
478.269999981	6.757565
480.265000105	5.187975
482.27699995	5.796741
484.276000023	5.397333
486.269000053	6.218346
488.269000053	4.229404
490.273999929	0.962131
492.284000158	2.982771
494.266000032	1.990026
496.269000053	5.751535
498.266000032	5.491801
500.273000002	6.545053
502.29399991	7.121721
504.265000105	5.787908
506.270999908	0.097865
508.281999826	1.292056
510.286999941	4.286241
512.268000126	6.561212
514.265000105	6.820757
516.273000002	3.807549
518.272000074	5.568495
520.273000002	6.065281
522.283000231	6.488224
524.272000074	2.675705
526.278999805	2.675705
528.268000126	2.923946
530.273000002	5.178842
532.268000126	5.178842
534.276000023	5.098377
536.272000074	3.965489
538.270999908	3.965489
540.275000095	4.710273
542.279999971	5.10754
544.264000177	4.66922
546.262999773	4.457789
548.267000198	4.457789
550.273000002	5.452751
552.292000055	5.398149
554.273000002	5.398149
556.27699995	5.398149
558.267000198	4.705721
560.279999971	4.864446
562.262999773	5.342481
564.275000095	0.094858
566.275000095	5.088518
568.275000095	4.989839
570.264000177	5.261314
572.285000086	4.940676
574.281999826	5.141898
576.266000032	5.141898
578.266000032	5.141898
580.152999878	0.136789
582.273000002	4.519406
584.275000095	5.408351
586.289000034	1.17326
588.265000105	5.464174
590.277999878	1.756346
592.275000095	4.676955
594.268000126	3.044395
596.286999941	5.279439
598.275000095	3.439317
600.269000053	4.35846
602.277999878	4.993653
604.267000198	5.776504
606.265000105	3.120629
608.273000002	3.624165
610.262999773	6.114702
612.277999878	4.634407
614.266000032	5.45681
616.275000095	3.660821
618.288000107	5.479504
620.278999805	3.65639
622.292000055	6.118043
624.267000198	6.118043
626.272000074	5.669662
628.273000002	5.780512
630.27699995	4.823445
632.265000105	4.929082
634.273000002	4.622968
636.25999999	0.512612
638.266000032	1.783651
640.275000095	1.783651
642.270999908	1.783651
644.270999908	1.876895
646.272000074	1.877323
648.262999773	2.097672
650.275000095	2.097672
652.267000198	0.116648
654.272000074	0.349331
656.267000198	0.826883
658.277999878	0.904238
660.276000023	1.894943
662.272000074	0.06105
664.273999929	0.37783
666.265000105	0.067892
668.273999929	0.41832
670.25999999	0.180157
672.267000198	1.541155
674.277999878	2.092526
676.269000053	0.137921
678.273000002	2.137941
680.264000177	2.869496
682.270999908	2.549656
684.272000074	2.730029
686.262999773	2.732709
688.270999908	2.79078
690.270999908	3.980893
692.259000063	3.134532
694.273000002	1.134975
696.261999846	0.092451
698.265000105	1.221582
700.25999999	1.31429
702.260999918	1.845267
704.260999918	3.973135
706.267000198	4.946052
708.270999908	1.817033
710.524000168	0.135703
712.269999981	4.466106
714.272000074	0.125329
716.269000053	0.155474
718.526000023	0.393362
720.519999981	0.178871
722.509000063	4.475373
724.518999815	4.04005
726.532000065	5.000731
728.518999815	3.920053
730.515000105	4.456201
732.517999887	5.869065
734.524000168	0.229659
736.512000084	3.53559
738.515000105	2.256809
740.508000135	3.171583
742.508000135	3.586206
744.51699996	0.756294
746.508000135	3.051354
748.509000063	3.855455
750.515000105	0.737348
752.521999836	0.17341
754.515000105	0.004043
756.518999815	0.235505
758.512000084	1.503275
760.519999981	0.004715
762.518999815	1.362593
764.529000044	3.736691
766.52300024	4.025164
768.528000116	5.010054
770.510999918	5.119342
772.520999908	4.138021
774.515000105	1.140951
776.515000105	5.262314
778.518999815	3.604517
780.507000208	0.134459
782.516000032	0.175515
784.507000208	0.873501
786.520999908	4.566541
788.506000042	2.740643
790.512000084	0.085375
792.515000105	1.253551
794.518999815	1.24584
796.518999815	5.029891
798.517999887	1.713394
800.51699996	1.764179
802.517999887	1.145555
804.528000116	0.240317
806.513999939	1.103676
808.516000032	0.025305
810.508000135	0.4335
812.509000063	1.215747
814.517999887	1.256017
816.504999876	3.630762
818.519999981	0.501126
820.508000135	0.907893
822.513000011	5.308776
824.517999887	0.031108
826.508000135	1.034576
828.512000084	0.031831
830.509000063	2.187991
832.503999949	0.864416
834.513000011	0.915308
836.506000042	0.235108
838.508000135	0.004903
840.515000105	1.094452
842.513000011	0.287068
844.512000084	1.051817
846.524000168	1.088403
848.525000095	0.110032
850.515000105	0.368725
852.513999939	0.049747
854.510999918	1.159121
856.517999887	0.648342
858.525000095	0.876781
860.508000135	0.309246
862.513000011	0.603888
864.516000032	2.815994
866.516000032	0.024064
868.512000084	1.351041
870.512000084	4.985365
872.510999918	2.616104
874.513999939	1.299146
876.52300024	0.02273
878.506000042	3.532576
880.517999887	4.418099
882.536999941	4.520269
884.539000034	0.192968
886.521999836	1.401472
888.539999962	0.577505
890.532999992	0.18477
892.526000023	0.97385
894.53399992	2.739242
896.52300024	0.025974
898.539999962	3.908151
900.851999998	5.109807
902.606999874	0.015633
904.542999983	0.248851
907.398000002	0.042236
908.792000055	0.261719
910.549000025	0.330722
912.774999857	0.280991
914.9150002	0.34773
917.057999849	0.100366
918.772000074	1.404797
921.381999969	1.507451
922.769000053	0.863914
924.774999857	1.854339
926.758999825	1.012547
928.776000023	2.552347
930.621999979	0.945192
932.773999929	0.06298
934.769000053	0.01665
937.147000074	0.720608
939.156000137	0.018216
940.789999962	0.988068
942.792999983	3.03282
944.768000126	0.057718
946.786000013	1.573118
948.785000086	4.019558
950.796000004	2.853932
952.802000046	4.046699
954.648000002	0.989768
956.787000179	0.188984
958.780999899	4.028713
960.796000004	0.013961
963.154000044	1.207769
965.096999884	0.797529
966.784000158	1.750021
969.102999926	0.110651
970.787000179	1.992167
973.752000093	3.123853
974.772000074	0.21298
976.779000044	0.021988
978.76699996	1.262793
981.062000036	0.500028
983.272000074	0.006822
984.769000053	0.021163
986.832999945	3.132462
988.675000191	0.671959
990.835000038	0.024019
992.776000023	0.003851
994.77699995	2.386382
996.855999947	0.293178
998.789000034	0.0407
1000.77699995	0.028217
1002.704	0.944698
1004.796	3.67594
1007.09299994	0.033301
1009.0769999	0.009367
1010.77200007	0.024519
1013.06700015	0.023092
1014.82999992	0.073926
1016.78199983	0.167529
1018.77699995	1.109266
1020.84100008	0.514284
1022.8440001	0.00907
1024.79299998	0.162021
1027.06500006	0.039356
1028.78400016	0.103453
1030.77999997	0.063496
1032.77699995	0.967563
1034.76900005	3.312202
1036.77200007	4.552547
1041.12300014	0.022254
1041.65199995	0.020627
1042.78199983	0.189524
1044.79099989	1.729091
1046.76699996	0.910272
1049.06599998	4.740925
1050.96800017	3.516559
1052.97300005	1.94919
1054.77799988	0.222488
1057.54700017	0.016593
1058.7809999	0.021282
1060.77699995	5.226817
1062.76600003	0.04711
1064.78900003	3.335816
1066.80300021	0.382997
1068.80900002	0.962164
1070.82999992	0.003631
1073.09900022	0.142374
1074.773	2.625076
1077.05900002	4.163563
1078.81399989	0.649133
1080.77600002	0.836722
1083.08400011	3.911082
1084.79399991	5.01874
1086.7809999	0.016159
1088.76099992	4.199743
1090.77100015	4.067563
1092.8670001	0.951111
1094.84200001	2.546165
1096.76600003	3.632328
1098.75899982	4.50868
1102.70000005	4.448863
1103.34000015	4.448863
1105.66000009	4.448863
1106.7809999	1.798389
1109.08800006	4.650635
1111.30299997	1.67217
1113.02700019	0.192111
1115.02199984	0.025576
1117.09599996	0.171248
1119.07799983	3.804797
1121.09599996	4.18953
1123.02999997	0.94117
1125.03200006	1.911995
1127.03999996	4.383263
1129.02099991	4.498174
1131.62100005	0.01315
1133.02199984	5.057473
1135.02700019	4.664106
1137.10100007	0.005453
1139.14999986	5.938516
1141.04199982	5.938516
1143.15099978	0.045158
1145.08699989	2.373505
1147.65400004	2.373505
1149.08599997	2.421579
1151.02400017	5.846897
1153.34299994	0.554411
1155.02700019	2.1081
1157.43300009	2.1081
1159.03299999	2.1081
1161.04300022	2.1081
1163.0309999	2.268833
1165.03500009	2.268833
1167.10700011	2.268833
1169.03999996	0.026824
1171.04500008	0.032713
1173.97300005	0.389202
1175.04400015	0.659769
1177.10299993	1.273644
1179.7579999	0.004036
1181.18700004	0.674784
1183.03799987	0.585737
1185.04999995	0.00836
1187.648	3.200613
1189.09599996	3.923232
1191.046	0.601045
1193.04099989	0.0139
1195.03399992	0.863877
1197.04300022	1.906916
1199.02099991	0.572025
1201.0389998	2.063187
1203.11199999	0.016765
1205.10800004	0.737875
1207.02099991	1.589176
1209.03999996	4.988396
1211.04199982	4.792664
1213.03600001	4.843438
1215.02999997	4.56018
1217.14899993	5.243257
1219.03399992	5.243257
1221.03600001	1.507143
1223.04199982	0.219493
1225.12800002	0.793534
1227.0250001	5.284886
1229.08999991	3.884212
1231.02600002	5.561939
1233.04699993	0.492653
1235.03999996	5.642577
1237.04300022	4.44096
1239.02400017	0.795915
1241.03500009	1.607592
1243.03799987	0.645973
1245.04400015	0.027562
1247.02099991	0.009297
1249.03999996	0.919858
1251.0389998	0.052337
1253.0389998	0.808631
1255.04300022	4.109263
1257.03600001	4.601368
1259.03200006	3.204685
1261.04500008	4.878256
1263.04199982	5.3976
1265.03399992	0.413089
1267.02400017	4.295111
1269.03600001	0.058043
1271.03999996	0.034987
1273.03699994	2.503708
1275.03999996	2.503708
1277.03299999	0.917428
1279.01399994	0.027623
1281.02900004	0.025152
1283.03299999	0.054498
1285.02900004	0.402516
1287.02700019	2.31592
1289.02400017	2.049636
1291.01799989	0.774657
1293.02700019	0.293928
1295.03299999	2.315989
1297.02400017	2.068794
1299.01499987	2.588247
1301.273	0.00352
1303.2750001	0.284013
1305.2249999	0.031931
1307.28699994	2.457912
1309.27600002	2.670406
1311.28999996	0.027746
1313.27399993	3.004179
1315.27799988	1.666173
1317.28699994	0.015602
1319.28300023	2.438993
1321.26900005	0.316492
1323.28800011	2.437364
1325.31699991	2.495518
1327.28500009	3.343895
1329.273	0.019731
1331.30299997	3.379678
1333.27799988	0.71361
1335.29100013	0.016485
1337.2750001	0.08543
1339.2670002	0.904962
1341.26900005	0.176568
1343.28600001	0.01464
1345.27999997	0.966166
1347.27099991	3.744315
1349.26600003	1.297454
1351.27200007	2.082031
1353.17499995	0.201611
1355.27799988	0.13478
1357.27600002	0.277179
1359.29399991	0.026046
1361.27399993	1.940282
1363.27799988	0.108367
1365.27999997	2.155812
1367.28999996	0.211093
1369.29900002	0.11131
1371.273	0.04978
1373.30099988	0.035486
1375.2809999	0.396474
1377.14100003	0.989698
1379.28800011	2.17378
1381.25499988	4.510605
1383.27200007	4.62526
1385.27600002	2.160473
1387.28800011	2.720082
1389.26900005	3.613279
1391.28400016	0.0794
1393.28600001	0.052867
1395.26400018	0.003735
1397.28300023	3.345032
1399.27799988	3.837437
1401.6869998	0.186419
1403.25999999	2.21931
1405.25600004	0.681605
1407.2670002	4.384101
1409.25399995	2.366633
1411.27399993	1.381541
1413.2670002	0.117754
1415.26199985	0.262835
1417.2579999	0.091835
1419.27600002	0.003247
1421.27600002	0.940766
1423.27899981	2.494108
1425.2750001	3.46063
1427.273	3.248137
1429.29499984	2.880328
1431.2670002	0.712948
1433.2670002	2.257461
1435.29699993	3.319744
1437.26600003	0.229235
1439.28400016	1.289217
1441.26999998	0.073644
1443.26800013	0.262183
1445.26900005	0.042403
1447.27699995	1.050515
1449.26199985	2.517512
1451.26600003	2.799299
1453.27200007	2.144484
1455.26199985	0.077675
1457.26600003	0.224208
1459.36100006	0.850265
1461.2809999	0.956958
1463.27399993	3.343269
1465.26999998	3.068181
1467.29299998	1.528193
1469.28400016	2.909763
1471.27999997	3.784676
1473.273	0.827168
1475.29100013	3.74725
1477.26800013	0.243275
1479.23799992	0.159189
1481.26900005	0.827586
1483.52800012	0.029512
1485.50999999	2.129869
1487.51999998	3.384005
1489.50199986	3.82388
1491.50900006	0.718203
1493.52099991	4.14677
1495.51699996	3.536518
1497.44000006	3.818566
1499.51699996	2.043935
1501.52699995	4.254492
1503.5250001	3.908643
1505.53699994	0.029401
1507.53100014	1.867985
1509.52300024	3.369087
1511.52199984	3.563935
1513.54500008	0.016127
1515.51999998	4.334976
1517.51999998	3.354769
1519.5150001	0.051752
1521.33299994	1.21476
1523.51399994	0.097299
1525.50199986	1.081122
1527.51600003	0.03863
1529.50099993	0.144765
1531.51600003	0.077382
1533.49799991	0.403784
1535.49499989	0.637137
1537.50299978	1.253584
1539.50399995	4.138225
1541.5150001	5.457987
1543.50499988	5.253002
1545.38499999	0.017657
1547.51099992	2.724435
1549.5	1.76349
1551.5	1.910026
1553.51699996	1.305014
1555.50800014	2.952842
1557.49900007	0.132652
1559.50800014	2.971563
1561.50099993	3.052741
1563.51999998	0.238725
1565.50800014	0.030801
1567.51099992	0.25858
1569.51200008	0.613481
1571.51799989	0.238748
1573.50399995	0.288851
1575.49399996	3.555604
1577.50399995	0.94418
1579.49900007	4.840316
1581.51300001	5.076623
1583.50700021	0.312745
1585.50499988	6.051383
1587.5150001	1.15648
1589.53299999	6.45428
1591.5630002	6.243773
1593.52999997	6.243773
1595.53799987	5.664777
1597.51399994	5.293979
1599.53699994	4.296657
1601.53699994	4.059621
1603.51899981	4.284302
1605.53699994	5.787739
1607.52199984	5.733117
1609.50999999	5.996113
1611.52699995	6.099457
1613.51300001	4.626205
1615.50900006	5.563182
1617.50999999	4.849901
1619.51099992	4.849901
1621.52999997	6.146559
1623.51999998	6.572327
1625.51200008	7.277733
1627.50900006	6.095194
1629.50800014	6.675133
1631.51399994	7.557481
1633.50700021	8.259512
1635.7650001	3.729094
1637.74800014	2.416125
1639.51200008	1.521907
1641.75300002	7.726536
1643.76699996	0.275458
1645.77200007	6.239363
1647.76699996	0.013647
1649.74499989	2.748787
1651.74399996	3.139549
1653.75699997	5.88143
1655.77100015	2.324396
1657.76800013	0.540707
1659.75699997	1.775215
1661.75899982	5.21129
1663.75300002	0.026457
1665.75600004	4.288094
1667.73600006	0.8704
1669.75200009	3.557504
1671.75699997	0.03676
1673.75300002	5.647645
1675.74900007	5.396731
1677.74199986	3.146062
1679.74900007	4.261678
1681.75500011	5.955234
1683.76600003	3.868475
1685.74399996	3.868475
1687.75600004	3.868475
1689.76900005	2.032125
1691.75099993	5.204991
1693.75999999	5.706341
1695.76099992	6.378311
1697.77200007	6.115815
1699.75	5.74605
1701.76699996	4.841562
1703.76900005	4.841562
1705.75899982	4.841562
1707.76400018	4.841562
1709.75099993	5.56798
1711.77600002	2.346323
1713.76199985	0.922709
1715.74399996	3.551741
1717.76300001	5.509941
1719.7579999	0.020485
1721.74599981	6.536961
1723.99500012	0.973513
1726.00300002	4.638217
1727.9289999	0.05619
1730.01900005	0.035476
1732.01699996	0.160901
1734.01200008	0.02172
1736.00900006	1.943627
1738.01100016	2.476588
1740.01100016	3.483642
1742.01100016	3.937422
1744.00300002	2.320881
1746.01699996	2.320881
1748.00699997	0.931848
1750.00999999	2.027371
1751.95300007	0.147361
1754.01100016	0.217685
1756.02999997	1.652144
1758.00999999	0.044035
1760.01300001	1.968843
1761.99699998	2.705871
1764.01600003	0.416512
1766.0539999	3.200208
1768.02800012	0.560775
1770.01600003	3.30384
1772.01499987	3.62591
