0.0	0.253215
0.15499997139	2.934004
0.280999898911	2.934004
0.378999948502	2.934004
0.481999874115	2.934004
0.65399980545	3.108983
0.828999757767	3.444742
1.38399982452	1.054228
2.02699995041	1.463624
3.46000003815	2.347833
5.5039999485	2.527012
7.58599972725	2.77082
9.40899991989	3.09907
11.4759998322	1.013651
13.5559999943	1.030277
15.3759999275	0.859132
17.4359998703	1.060027
19.5150001049	2.463383
21.5769999027	0.547799
23.3959999084	0.738973
25.4759998322	0.725469
27.5559999943	0.520483
29.635999918	2.326047
31.4579997063	1.775368
33.5349998474	2.992337
35.618999958	2.639675
37.4359998703	3.27412
39.5150001049	2.853326
41.5950000286	3.325646
43.6749999523	0.808581
45.4949996471	3.044243
47.5639998913	3.23277
49.5179998875	0.759365
51.4539997578	3.082537
53.5349998474	3.128982
55.6149997711	2.908803
57.6949996948	1.207887
59.5150001049	1.092371
61.5959999561	0.059905
63.4179997444	2.143463
65.4939997196	0.204363
67.5759999752	0.113426
69.6539998055	0.900071
71.4739997387	1.263558
73.5539999008	0.951178
75.6339998245	1.266659
77.4539997578	2.450625
79.5360000134	0.269517
81.6139998436	1.482575
83.4329998493	0.894689
85.512999773	2.10893
87.5929999352	1.38148
89.6729998589	2.963483
91.4959998131	2.522991
93.5720000267	2.501682
95.646999836	3.111371
97.4649999142	3.293139
99.5459997654	0.182009
101.622999668	0.526511
103.701999903	2.882202
105.521999836	2.978244
107.60199976	2.310716
109.681999683	0.977513
111.496999979	0.37563
113.581999779	0.711418
115.653999805	1.370744
117.730999947	3.064118
119.548999786	0.433358
121.620999813	2.286865
123.700999975	2.534798
125.519999981	2.637885
127.599999905	0.903092
129.680999756	2.376937
131.503999949	0.901894
133.573999882	0.154218
135.649999857	1.796232
137.729999781	1.268697
139.550999641	2.143837
141.630999804	0.617381
143.7099998	0.932951
145.530999899	3.036432
147.602999926	2.500682
149.679999828	3.069972
151.758999825	0.927824
153.578999996	2.350789
155.65899992	3.15371
157.734999657	0.893919
159.549999714	3.074045
161.636999846	2.645605
163.718999624	3.006979
165.789999723	2.814537
167.608999968	0.055185
169.518999815	2.752422
171.767999887	2.241075
173.578999996	2.840026
175.65899992	3.172334
177.739000082	1.377332
179.558999777	2.714608
181.637999773	3.112532
183.721999884	2.169642
185.537999868	2.469996
187.60800004	2.772055
189.687999964	2.98654
191.757999897	2.743559
193.587999821	2.528801
195.667999983	3.021369
197.748999834	2.725326
199.557999849	2.227984
201.628000021	2.387614
203.707000017	2.237719
205.790999651	3.384839
207.606999636	0.947779
209.667000055	2.733436
211.750999689	2.297297
213.576999903	2.771719
215.657999754	2.347142
217.609999895	1.134914
219.556999922	2.847302
221.637999773	2.385501
223.716999769	2.662197
225.786999941	2.908801
227.592000008	3.239039
229.667000055	0.527613
231.746999979	2.357075
233.815999985	2.865316
235.627000093	2.603736
237.705999851	1.161992
239.796000004	2.958169
241.615999937	2.932803
243.684999943	2.564754
245.756000042	0.474935
247.835000038	2.209059
249.644999743	2.499939
251.724999905	2.67318
253.803999901	2.458425
255.624999762	2.712661
257.705999851	2.812586
259.784999847	1.829993
261.864999771	2.429135
263.684999943	2.964995
265.768999815	2.804004
267.833999872	3.128611
269.653999805	2.502421
271.733999729	2.747082
273.813999891	2.577005
275.633999825	2.30646
277.713999748	0.016264
279.78399992	2.361949
281.853999853	3.127942
283.664000034	3.170178
285.743999958	2.767892
287.822999716	2.560289
289.646999836	0.883995
291.72300005	0.076188
293.792999744	0.359997
295.872999907	2.884599
297.69299984	3.050751
299.772999763	0.030939
301.851999998	3.415043
303.66299963	2.806852
305.742999792	2.906056
307.821999788	3.06228
309.905999899	0.912658
311.721999884	0.366303
313.802999973	2.726979
315.881999731	2.810087
317.701999903	0.211349
319.781999826	0.964332
321.86199975	0.69599
323.680999756	2.84747
325.750999689	2.84747
327.841999769	2.84747
329.920999765	2.84747
331.741999865	2.84747
333.812000036	2.84747
335.893999815	2.84747
337.7099998	2.84747
339.789999723	0.609436
341.870999813	0.604196
343.680999756	0.905184
345.760999918	1.097598
347.839999914	1.963053
349.910999775	0.436024
351.730999947	2.374876
353.819999933	2.997011
355.900999784	2.871257
357.720000029	2.602288
359.789999723	2.481015
361.869999886	2.592597
363.929999828	1.445864
365.749999762	0.068179
367.829999685	0.345392
369.909999847	2.910244
371.720000029	2.94793
373.799999952	3.24985
375.880999804	0.043177
377.958999634	1.418809
379.779000044	0.207842
381.858999968	2.78347
383.938999891	0.458317
385.758999825	1.643855
387.837999821	3.104034
389.918999672	2.6981
391.739000082	3.542387
393.819000006	2.908149
395.888000011	2.987233
397.96999979	3.000237
399.797999859	3.262618
401.87899971	2.500417
403.957999706	0.452347
405.767999887	2.537869
407.847999811	0.267056
409.937999725	1.098398
411.757999897	2.037094
413.837999821	2.28339
415.919999838	2.988741
417.997999907	2.275008
419.816999912	2.350736
421.896999836	2.376126
423.809999704	2.809464
425.796999931	3.303486
427.876999855	2.529483
429.948999882	0.894689
432.02699995	2.786406
433.851000071	3.398603
435.920999765	2.942975
437.998999834	2.422547
439.816999912	2.890882
441.896999836	2.516171
443.977999687	2.95958
446.055999994	2.661179
447.875999928	0.115569
449.955999851	3.090844
452.036000013	2.428058
453.858999968	0.539374
455.92599988	1.378609
458.0	0.765411
460.075000048	0.700429
461.897999763	1.207819
463.97699976	0.250042
466.055999994	2.358441
467.875999928	0.091277
469.954999924	0.045159
471.916999817	0.797453
473.854999781	0.244262
475.934999704	1.511768
478.025999784	1.98089
479.835000038	1.915282
481.904999971	1.158045
483.973999739	0.018432
486.04399991	2.907208
487.863999844	3.23759
489.947000027	0.541103
492.023999929	2.839833
493.846999645	3.167167
495.933999777	2.542992
498.013999701	0.314745
500.09499979	0.296916
501.913999796	1.008241
503.984999895	0.130217
506.062999725	0.905675
507.882999897	2.334782
509.963999987	1.949775
512.04399991	2.626512
514.122999907	1.256922
515.932999849	0.922407
518.013999701	0.364373
519.924000025	1.139334
521.912999868	3.149654
523.991999865	3.077255
526.072000027	2.22538
527.893999815	2.561376
529.964999914	2.528413
532.041999817	3.304672
534.121999741	3.07973
535.941999912	2.940477
538.021999836	2.584592
540.100999832	0.919266
541.923000097	1.42735
543.880999804	0.341765
546.072000027	1.947154
547.89199996	2.983412
549.961999893	2.47705
552.040999889	3.005582
554.120999813	3.078144
555.940999746	3.220465
558.020999908	2.560424
560.100999832	2.993619
561.919999838	0.147459
564.0	2.553021
566.069999695	2.224722
567.889999866	2.707322
569.96999979	2.36263
572.049999714	3.42408
574.119999886	0.021474
575.94299984	3.036838
578.019999981	3.011978
580.089999914	2.930408
582.165999889	2.606464
583.980000019	2.968478
586.059000015	2.426017
588.141999722	3.180262
589.958999634	1.265319
592.028999805	2.671596
594.109999895	2.386992
595.928999901	2.828899
598.008999825	3.264048
600.088999748	1.060992
602.16899991	3.045527
603.987999916	2.88413
606.057999849	1.281708
608.138999939	1.51207
609.957999706	2.63468
612.019000053	1.811252
614.10800004	2.449497
616.187999964	0.88944
618.007999897	2.654695
620.086999655	2.816064
622.167999983	2.849284
623.991999865	2.400393
626.06799984	2.99734
628.148000002	2.823479
630.216999769	3.047559
632.040999889	2.746898
634.117999792	0.368669
636.187999964	3.005437
638.006999731	2.382848
640.07799983	3.19389
642.156999826	2.339728
643.97699976	2.85017
646.056999922	2.795909
648.149999857	2.975587
650.226999998	1.318619
652.045999765	3.098708
654.126999617	2.911426
656.205999851	2.728657
658.025999784	3.100104
660.095999956	2.894886
662.17599988	3.092349
663.994999886	0.933194
666.075999975	3.121545
668.136999846	2.966184
670.225999832	2.699927
672.036999941	3.080842
674.099999905	1.067329
676.184999943	2.366706
678.264999866	2.871207
680.069999695	3.097378
682.145999908	2.026714
684.225999832	0.96526
686.035000086	2.134367
688.104999781	0.913885
690.164999962	2.409677
692.234999895	2.423261
694.054999828	2.759368
696.134999752	2.268702
698.204999924	0.090541
700.023999929	1.242981
702.103999853	0.037042
704.193999767	0.704611
706.28399992	0.158654
708.103999853	3.26969
710.184000015	1.87989
712.25999999	1.59003
714.083999872	2.817053
716.153999805	3.013402
718.232999802	0.96849
720.313999891	2.168853
722.134999752	0.685145
724.213999748	0.85135
726.11500001	3.07479
728.102999687	3.3419
730.187000036	3.21336
732.243000031	3.267302
734.305999756	1.320968
736.111999989	0.961575
738.19299984	3.422792
740.271999836	0.219766
742.092000008	3.203522
744.171000004	1.483491
746.251999855	0.663168
748.336999893	0.066706
750.154999971	0.630817
752.231999874	3.076537
754.312000036	2.966978
756.131999969	0.709248
758.198999643	0.632003
760.271999836	0.900113
762.340999842	3.015107
764.160999775	2.698453
766.231999874	2.809074
768.307999849	1.658344
770.131000042	0.356526
772.210999966	0.008121
774.290999889	3.067417
776.111999989	3.258903
778.18599987	2.533867
780.25999999	1.186325
782.324999809	1.129345
784.126999617	0.891822
786.2099998	1.606337
788.279999971	2.421583
790.099999905	0.003807
792.180999756	0.045401
794.260999918	0.934222
796.336999893	0.102516
798.159999847	0.022375
800.24000001	2.2733
802.319999933	1.497083
804.138999939	0.875513
806.208999872	1.628998
808.288999796	2.244483
810.368999958	2.360483
812.187999964	0.004083
814.268999815	0.020904
816.338999987	2.084225
818.157999754	0.743771
820.237999678	1.627085
822.15199995	0.889099
824.137999773	3.071764
826.219000101	1.155457
828.297999859	1.395658
830.373999834	1.849486
832.197999716	0.665242
834.27699995	2.398186
836.358999729	0.602944
838.177999735	0.091673
840.257999897	0.203815
842.337999821	0.702456
844.417999744	0.545165
846.23699975	2.333371
848.31799984	0.25834
850.396999836	0.551644
852.206999779	0.714381
854.286999702	0.284125
856.366999626	1.028116
858.439999819	2.404004
860.256999969	1.621068
862.336999893	2.988231
864.416999817	0.2598
866.23699975	0.021098
868.316999912	0.238695
870.395999908	0.136774
872.215999842	0.089837
874.296000004	0.231511
876.187999964	0.022798
878.445999861	0.300361
880.265999794	3.020527
882.34499979	1.174763
884.42599988	0.381852
886.244999886	0.887117
888.325999737	0.144672
890.405999899	0.3404
892.224999905	0.113618
894.304999828	0.660128
896.38599968	1.045144
898.465999842	0.706657
900.28399992	1.073861
902.364999771	1.225365
904.454999685	0.109466
906.273999691	1.14928
908.341999769	0.622155
910.424999952	0.81763
912.233999729	0.30771
914.313999891	0.901234
916.393999815	0.803594
918.895999908	0.004287
920.29399991	1.226328
922.373999834	2.53719
924.453999758	2.292205
926.272999763	1.63679
928.353999853	0.015766
930.432999849	1.630825
932.252999783	0.559413
934.332999945	2.909194
936.412999868	0.622496
938.492999792	0.919567
940.312999964	3.254525
942.269999743	0.953639
944.48300004	0.407248
946.302999735	0.502561
948.372999907	1.219297
950.45299983	2.318331
952.272999763	2.825475
954.342999697	2.913715
956.421999693	2.672768
958.491999865	2.051706
960.301999807	0.547293
962.390999794	3.240016
964.471999884	0.243437
966.291999817	0.902276
968.371000051	0.366868
970.451999903	3.252818
972.520999908	0.544259
974.34499979	2.51889
976.411999941	2.892593
978.491999865	3.028056
980.559999943	0.582182
982.380999804	2.512908
984.440999746	3.001782
986.520999908	0.016642
988.342999697	1.410474
990.303999901	0.357853
992.491999865	0.565613
994.310999632	0.18814
996.390999794	2.779824
998.460000038	0.610531
1000.5309999	3.054455
1002.3429997	3.203304
