0.0	3.881119
0.202999830246	2.763113
0.316999912262	2.763113
0.52999997139	1.830208
0.776999950409	0.027599
1.06900000572	0.06348
1.33399987221	0.574991
2.08999991417	0.144857
3.10100007057	0.065305
4.22399997711	0.204392
5.71700000763	0.283941
7.56999993324	0.07248
9.632999897	0.119416
11.8050000668	0.040146
13.8039999008	0.255091
15.8069999218	0.061605
17.8010001183	0.061133
19.7989997864	0.081037
21.8099999428	2.15454
23.8199999332	4.706014
25.8069999218	4.865295
27.8050000668	0.014347
29.6619999409	5.798669
31.8000001907	2.576663
33.8020000458	5.35215
35.8029999733	3.501288
37.8010001183	0.106948
39.8010001183	0.014388
41.8010001183	0.013588
43.8010001183	0.726133
46.0599997044	0.099285
48.0499999523	1.863498
50.0490000248	0.929259
52.0519998074	2.599558
53.9099998474	0.955798
56.0529999733	2.539935
58.0529999733	0.041783
60.0539999008	0.288503
62.0559999943	0.101103
63.888999939	0.020547
66.0499999523	0.080003
68.0610001087	0.018295
70.0499999523	3.03875
72.0529999733	4.763855
74.0509998798	4.734676
76.0509998798	4.414811
77.9040000439	0.927934
80.0519998074	0.070397
82.0539999008	3.943329
84.0529999733	0.126934
86.0549998283	1.667031
88.2999997139	0.031328
90.3010001183	1.80472
92.3179998398	3.094767
94.3029999733	5.96935
96.3010001183	0.150552
98.3029999733	0.953705
100.302999973	0.027747
102.165999889	0.974781
104.301000118	0.02081
106.309999943	0.054191
108.304000139	4.976888
110.307999849	0.902291
112.305999994	0.957554
114.302999973	0.058311
116.306999922	6.231889
118.302000046	6.803461
120.302999973	0.446201
122.302000046	0.943345
124.301000118	0.156659
126.250999928	0.031053
128.301000118	1.770038
130.305000067	0.031786
132.302999973	3.224079
134.31099987	0.138902
136.299999714	2.684239
138.302000046	1.590062
140.312000036	0.784713
142.309000015	1.027997
144.305000067	0.059562
146.304000139	0.955005
148.305000067	3.527
150.302999973	1.565725
152.305999994	0.040606
154.302999973	0.035943
157.277999878	2.822844
158.465999842	2.992126
160.301000118	1.127302
162.302000046	0.469893
164.306999922	0.054794
166.305999994	4.124482
168.307999849	0.249004
170.553999901	0.013541
172.555999756	2.763284
174.813999891	0.885606
176.806999922	0.183515
178.805000067	0.234097
180.809999943	0.084259
182.805000067	5.785709
184.809999943	5.785709
186.808000088	2.386004
188.808000088	1.165392
190.809000015	0.061691
192.803999901	0.356396
194.81099987	0.04181
196.805000067	2.618582
198.812999964	0.971727
200.805000067	0.242983
202.812999964	3.694602
204.81099987	0.016228
206.809999943	1.089693
208.808000088	0.937041
210.802999973	0.785547
212.808000088	0.091793
214.809000015	1.317237
216.809999943	1.424582
218.812999964	0.016279
220.806999922	1.832926
222.802999973	1.035825
224.809999943	0.020815
226.808000088	0.040222
228.809000015	0.356435
231.056999922	1.295791
233.057999849	0.907005
235.055999994	2.253911
237.054999828	3.356469
239.054999828	1.328365
241.058999777	2.78998
243.054999828	1.07741
245.053999901	0.225938
246.901000023	5.859795
249.058999777	5.453803
251.051999807	0.13329
253.058999777	0.027582
255.061000109	2.222131
257.058999777	0.925206
259.061000109	0.100052
261.055999994	6.14365
263.053999901	6.190521
265.054999828	0.052227
267.054999828	2.827306
269.054999828	4.854272
270.930999994	1.594113
273.055999994	2.267306
275.055999994	2.699427
277.056999922	0.937351
279.061000109	0.366292
281.062000036	1.019465
283.053999901	0.751132
285.054999828	0.24
287.055999994	0.039372
289.302999973	0.973936
291.307999849	0.121723
293.305000067	0.015226
295.246999979	0.030222
297.305999994	1.012002
299.306999922	2.017666
301.307999849	2.755659
303.306999922	1.667939
305.305000067	0.05879
307.306999922	0.013406
309.304000139	0.076317
311.569999933	0.012596
313.809000015	0.034659
315.808000088	0.003722
317.813999891	0.02869
319.805000067	3.931095
321.805000067	3.812981
323.806999922	0.814816
325.805999994	4.63263
