0.0	0.032106
0.442999839783	0.123018
0.584000110626	1.017952
0.726999998093	1.017952
1.08699989319	0.011159
1.37099981308	0.034802
1.72000002861	0.047197
2.92199993134	1.938907
3.87800002098	0.152052
4.8259999752	0.027665
5.63400006294	0.058022
7.71700000763	2.936714
9.72800016403	5.876774
11.7300000191	5.72732
13.728000164	1.569232
15.728000164	0.022994
17.7290000916	0.580353
19.7209999561	3.671496
21.728000164	5.144414
23.7290000916	0.014035
25.7290000916	6.149503
27.7290000916	0.336551
29.7309999466	6.127798
31.7130000591	6.460737
33.7290000916	5.219282
35.728000164	0.014113
37.7290000916	5.002601
39.7290000916	7.494664
41.728000164	7.447827
43.728000164	3.331941
45.7219998837	0.013422
47.7290000916	0.436687
49.728000164	7.045143
51.7290000916	0.613822
53.7290000916	1.749809
55.7130000591	0.23106
57.7309999466	7.202784
59.7130000591	0.407547
61.7330000401	0.471216
63.728000164	0.039901
65.728000164	7.42
67.7290000916	7.42
69.7330000401	0.005323
71.7209999561	0.116264
73.7300000191	0.027146
75.728000164	0.761416
77.7290000916	0.082968
79.7139999866	0.045695
81.728000164	6.951113
83.7290000916	6.950505
85.7290000916	3.436437
87.7319998741	7.175675
89.7290000916	5.899652
91.7319998741	4.21135
93.7290000916	4.21135
95.728000164	0.041886
97.728000164	0.017722
99.7219998837	3.522997
101.728000164	3.522997
103.713999987	0.018698
105.728000164	1.497334
107.720000029	4.020461
109.728000164	4.020461
111.720000029	0.006569
113.729000092	3.034739
115.728000164	2.413368
117.736000061	2.413368
119.728000164	3.28544
121.728000164	2.401819
123.728000164	2.401819
125.729000092	2.401819
127.715999842	2.401819
129.739999771	0.088015
131.736999989	1.156347
133.721999884	1.156347
135.733999968	4.662335
137.737999916	5.342974
139.728000164	0.002038
141.730000019	0.006496
143.731999874	3.359478
145.733999968	5.924284
147.729000092	0.015415
149.728000164	1.677467
151.713999987	3.621758
153.729000092	6.332797
155.729000092	3.57416
157.728000164	0.552846
159.721999884	7.578533
161.720999956	0.050779
163.728000164	0.00703
165.963999748	0.413106
167.979999781	0.042889
169.976000071	0.023397
171.976000071	3.254907
173.97300005	3.254907
175.987999916	3.254907
177.971999884	3.254907
179.976999998	0.043196
183.312999964	0.403016
184.55099988	0.637746
185.969000101	0.017922
187.976999998	0.08824
189.923999786	0.911473
191.979999781	1.317279
193.971999884	1.450059
195.976999998	1.511711
197.97300005	1.463666
199.976999998	0.852374
201.971999884	0.008551
203.976999998	0.266204
205.97300005	0.072461
207.989000082	0.477119
209.97300005	0.007154
211.976999998	0.020433
213.963999748	0.5109
215.985000134	3.191299
217.973999977	0.010777
219.983999968	0.015989
221.971999884	3.488304
223.980999947	1.072459
225.97300005	0.030769
227.976999998	4.003376
229.971999884	0.861482
231.980999947	0.064997
233.97300005	0.593812
235.976999998	0.125431
237.912000179	6.791601
239.979999781	6.191776
241.971999884	4.616264
243.976000071	4.038391
245.971999884	2.63901
247.803999901	0.260977
249.97300005	4.029875
251.976999998	6.467888
253.97300005	0.065427
255.976999998	5.336548
257.97300005	7.428592
259.976000071	6.962005
261.963999748	0.436858
263.971999884	0.0086
265.97300005	1.640056
267.976999998	4.153297
269.97300005	0.002562
271.960000038	0.263332
273.97300005	5.946638
275.976000071	3.506361
277.97300005	0.318877
279.976000071	5.468374
281.971999884	5.06292
283.976000071	6.283338
285.921000004	6.283338
287.980999947	0.412978
289.971999884	1.006703
291.982999802	2.715153
293.971999884	3.245114
295.981999874	0.582141
297.97300005	0.062931
299.976999998	0.068904
301.97300005	4.768621
303.976000071	0.016895
305.971999884	0.309946
307.976000071	3.632688
309.964999914	3.266224
311.980999947	0.014395
313.97300005	0.036631
315.976000071	0.760138
317.971999884	0.009461
319.963999748	4.537791
321.973999977	5.581936
323.976000071	0.041275
325.971999884	0.026138
327.982999802	0.030502
329.971999884	1.706399
331.976000071	1.706399
333.913000107	2.001353
335.976000071	1.858932
337.971999884	6.287051
339.976999998	6.47068
341.971999884	0.016465
343.963999748	0.272182
345.97300005	0.069124
347.976000071	0.022892
349.964999914	0.014587
351.973999977	0.003484
353.97300005	0.57877
355.976000071	5.770527
357.928999901	2.457782
359.979999781	0.028185
361.974999905	5.77211
363.964999914	0.016077
365.973999977	0.064056
367.971999884	0.681603
369.971999884	0.233011
371.976999998	4.228937
373.971999884	4.228937
375.979999781	2.697113
377.971999884	0.613516
379.976000071	1.273629
381.964999914	0.700313
383.980999947	2.534167
385.973999977	3.046971
387.976999998	2.552018
389.971999884	3.240055
391.976000071	0.664656
393.97300005	3.288461
395.976000071	0.030791
397.97300005	0.01725
399.981999874	2.826506
401.971999884	2.015172
403.976000071	2.870297
405.964999914	3.079979
408.213000059	3.469205
409.971999884	0.035671
411.976999998	0.585993
413.97300005	0.013869
416.21600008	1.773837
418.227999926	0.030893
420.21600008	0.191372
422.223999977	3.233838
424.211999893	1.658165
426.229000092	4.831676
428.21600008	4.566377
430.223999977	4.848119
432.21600008	1.919326
434.229000092	1.919326
436.217000008	3.465701
438.21999979	4.026569
440.217000008	4.026569
442.229000092	0.032414
444.21600008	0.015715
446.21999979	0.883997
448.217000008	1.922174
450.21999979	1.922174
452.217999935	0.00457
454.174999952	0.004188
456.21600008	0.016529
458.229000092	1.277016
460.21999979	2.510018
462.211999893	2.587259
464.21600008	2.425274
466.229000092	2.271955
468.21999979	0.006924
470.224999905	2.96369
472.217000008	3.456728
474.227999926	4.410642
476.217000008	4.410642
478.221999884	4.195055
480.21600008	2.721543
482.229000092	2.721543
484.21600008	3.007034
486.226999998	2.346185
488.217999935	3.611381
490.229000092	4.272725
492.21600008	5.072465
494.223999977	5.746637
496.217000008	3.010113
498.229000092	3.010113
500.217000008	3.010113
502.224999905	5.253496
504.21600008	4.027685
506.227999926	4.027685
508.21600008	5.954327
510.223999977	5.954327
512.217000008	5.954327
514.227999926	5.954327
516.21600008	5.954327
518.21999979	0.014543
520.211999893	2.449094
522.229000092	4.485294
524.217000008	0.007777
526.224999905	0.450517
528.218999863	0.099102
530.229000092	6.03665
532.218999863	6.010328
534.223999977	0.012441
536.217000008	2.806658
538.223999977	3.797993
540.211999893	4.550574
542.21999979	0.019116
544.221999884	2.286541
546.229000092	0.715658
548.21600008	6.137156
550.224999905	0.726212
552.217000008	3.268338
554.211999893	0.01386
556.217000008	0.015675
558.224999905	6.181712
560.21600008	6.181712
562.230000019	0.765305
564.21600008	0.029271
566.224999905	3.126156
568.21600008	0.020861
570.229000092	0.654288
572.217000008	6.563609
574.223999977	0.458592
576.21600008	2.92712
578.23300004	3.093541
580.217000008	4.985192
582.226000071	9.051696
584.214999914	4.668238
586.229000092	0.015425
588.21600008	0.038478
590.224999905	2.306399
592.213000059	3.156603
594.245000124	0.025704
596.21600008	0.010797
598.220999956	5.408455
600.217999935	0.02269
602.229000092	0.033461
604.217000008	2.81328
606.227999926	0.374031
608.222999811	0.641422
610.229000092	0.237729
612.21600008	7.891903
614.224999905	0.283792
616.21600008	0.002458
618.3349998	2.820904
620.217999935	0.007221
622.226000071	2.936987
624.217999935	3.58599
626.232000113	0.008379
628.217999935	0.041705
630.221999884	0.016216
632.217000008	0.258989
634.227999926	4.462271
636.217000008	1.16085
638.21999979	0.841454
640.21600008	0.024986
642.229000092	0.708163
644.217000008	0.162136
646.223999977	0.36005
648.220999956	0.029272
650.229000092	0.014457
652.217000008	0.01531
654.220999956	5.351277
656.21600008	2.83139
658.223999977	0.033859
660.21600008	0.008472
662.220999956	0.90105
664.217000008	0.008788
666.464999914	0.850164
668.47300005	2.86653
670.480999947	0.673542
672.472000122	2.672879
674.49000001	1.918652
676.483999729	0.046865
678.480999947	4.349211
680.472000122	5.892094
682.463999987	3.496592
684.478999853	0.611874
686.490999937	5.743902
688.472000122	0.009793
690.480000019	2.910258
692.480999947	0.045311
694.465999842	0.718482
696.473999977	2.151468
698.480000019	0.015197
700.480000019	0.022908
702.480999947	0.069188
704.47300005	0.67921
706.463999987	5.352337
708.472000122	3.389136
710.480000019	4.516381
712.475999832	0.021126
714.481999874	0.065542
716.481999874	0.092658
718.464999914	2.923507
720.47300005	0.22561
722.480000019	0.077501
724.480000019	0.017251
726.463999987	0.016751
728.473999977	0.789724
730.480999947	2.287049
732.480000019	2.767493
734.466999769	2.376166
736.477999926	2.376166
738.480999947	2.376166
740.480999947	2.410507
742.483999729	0.666288
744.47300005	0.366373
746.463999987	1.431925
748.475999832	0.006194
750.802000046	0.03169
752.473999977	0.013045
754.480999947	0.006102
756.473999977	0.587628
758.480999947	0.161275
760.473999977	0.110006
762.464999914	0.015486
764.480999947	0.034108
766.463999987	0.004087
768.47300005	0.047758
770.465999842	0.021972
772.486999989	6.630096
774.464999914	0.005204
776.473999977	0.71182
778.480000019	1.102754
780.335999966	0.707348
782.463999987	4.3307
784.472000122	0.831563
786.480999947	0.015665
788.480000019	1.236197
790.480999947	0.424684
792.469000101	3.147193
794.464999914	0.112462
796.480999947	0.278816
798.465999842	0.108072
800.47300005	0.700497
802.480999947	3.705831
804.464999914	3.814729
806.486999989	3.744171
808.472000122	0.017064
810.480000019	0.945655
812.475999832	0.003759
814.483999729	7.230005
816.47300005	7.230005
818.464999914	4.045013
820.476999998	0.022266
822.480000019	0.153235
824.472000122	0.713069
826.480000019	1.028681
828.47300005	1.641233
830.480999947	4.832131
832.482999802	2.929579
834.488000154	0.644973
836.481999874	0.032325
838.480999947	0.399727
840.47300005	0.038166
842.470000029	0.037643
844.473999977	0.017358
846.480999947	4.222862
848.47300005	0.891312
850.464999914	1.83277
852.475999832	0.672712
854.480999947	2.207448
856.476999998	0.016961
858.480999947	7.45772
860.480999947	0.114571
862.480000019	0.434603
864.47300005	0.00272
866.480000019	0.041018
868.483999729	0.014281
870.480999947	3.833311
872.47300005	2.846898
874.480000019	3.270005
876.476999998	3.58765
878.480999947	4.640756
880.476999998	2.254481
882.480999947	0.043016
884.480999947	0.038655
886.480999947	0.650962
888.47300005	2.311369
890.480000019	0.138757
892.481999874	5.555799
894.480000019	5.555799
896.472000122	5.555799
898.480999947	4.66707
900.466999769	3.738757
902.480000019	0.017356
904.47300005	0.002359
906.480000019	0.945107
908.480999947	3.837373
910.549000025	4.54632
912.47300005	3.927813
914.480000019	3.485131
916.728000164	0.012889
918.729000092	0.067105
920.731999874	1.055014
922.726000071	3.139878
924.561000109	0.011252
926.73300004	0.10284
928.731999874	0.025654
930.726000071	0.087728
932.717000008	0.014636
934.728000164	0.007635
936.729000092	5.55829
938.718999863	5.55829
940.729000092	5.55829
942.73300004	5.55829
944.729000092	0.01809
948.523999929	0.023777
949.537999868	0.632037
950.731999874	0.225213
952.730999947	0.480098
954.726000071	0.712199
956.728000164	0.64
958.723999739	0.940406
960.737999916	1.508096
962.715999842	1.48565
964.730999947	2.091025
966.731999874	0.00767
968.738999844	1.85742
970.730000019	0.01587
972.728000164	0.669812
974.740999937	1.961481
976.728000164	2.314458
978.734999895	1.332592
980.728000164	1.332592
982.728000164	2.615651
984.726999998	2.599402
986.602999926	2.176731
988.728000164	3.169836
990.729000092	2.11232
992.729000092	0.008023
994.723999739	0.648122
996.728000164	2.285794
998.731999874	2.51437
1000.73000002	2.261929
1002.73000002	0.433884
1004.73099995	2.75183
1006.72900009	0.007514
1008.72800016	3.570348
1010.61499977	3.570348
1012.72800016	3.537785
1014.72800016	4.235646
1016.73300004	4.447038
1018.72600007	2.378116
1020.72900009	2.291704
1022.73600006	0.476538
1024.72900009	0.694136
1026.72399974	0.016058
1028.72800016	0.003217
1030.73199987	1.995743
1032.73199987	4.755766
1034.71599984	0.34624
1036.72800016	2.80017
1038.73300004	2.80017
1040.73199987	2.80017
1042.72399974	0.016821
1044.73199987	2.411342
1046.72399974	0.728856
1048.72800016	1.078026
1050.72399974	1.713691
1052.72800016	1.503464
1054.73199987	0.411668
1056.72399974	2.96324
1058.7249999	0.980145
1060.72800016	0.009892
1062.73699999	3.104806
1064.72800016	2.587209
1066.72399974	2.007152
1068.72900009	3.316937
1070.73199987	0.019129
1072.72800016	3.535512
1074.72600007	3.822173
1076.73199987	3.822173
1078.72800016	4.873274
1080.73300004	3.927588
1082.71599984	3.299387
1084.72800016	2.27851
1086.72800016	3.966765
1088.72800016	0.012681
1090.72399974	0.040042
1092.7249999	0.742836
1094.73300004	1.154302
1096.72800016	3.387378
1098.72399974	3.366627
1100.72900009	3.077375
1102.72900009	0.705235
1104.73300004	0.019546
1106.71000004	0.326033
1108.72900009	0.678981
1110.72900009	1.594649
1112.73300004	0.006626
1114.72900009	0.052803
1116.72000003	0.135264
1118.73099995	0.118583
1120.72900009	0.012881
1122.7249999	0.016323
1124.73399997	1.174076
1126.72900009	3.09253
1128.73399997	0.068859
1130.70900011	0.326508
1132.72900009	0.118373
1134.73999977	0.381632
1136.72800016	0.034187
1138.72399974	0.031049
1140.73300004	4.166325
1142.72900009	0.018569
1144.72800016	0.045599
1146.72399974	2.932969
1148.72900009	0.037932
1150.72900009	0.012469
1152.7349999	0.050465
1154.71700001	0.64486
1156.72800016	0.015864
1158.72900009	0.050521
1160.73199987	3.05441
1162.7249999	3.05441
1164.72900009	1.15268
1166.977	0.084566
1168.98099995	0.428031
1170.98399997	0.267904
1172.98099995	0.027246
1174.98099995	0.013809
1176.99000001	0.043554
1178.72800016	2.635731
1180.977	0.060296
1182.97999978	4.595652
1184.98099995	0.014534
1186.98099995	0.136585
1188.98099995	0.01805
1190.98099995	1.632525
1192.97999978	0.02506
1194.98099995	0.029382
1196.98199987	0.09343
1198.97999978	4.66687
1200.98099995	5.438207
1202.97000003	6.030395
1204.98099995	0.003219
1206.97300005	0.167272
1208.98099995	0.086376
1210.96499991	0.008616
1212.98199987	0.575036
1214.9829998	0.141613
1216.9829998	0.288245
1219.08100009	6.670379
1220.98099995	0.020709
1222.98099995	0.014865
1224.98199987	2.655308
1226.977	0.348901
1228.98799992	0.011689
1230.98099995	0.062452
1232.9749999	0.01532
1234.98099995	0.01218
1236.97600007	0.710228
1238.98099995	0.028173
1240.98099995	0.061528
1242.97999978	2.809951
1244.9829998	4.333824
1246.97999978	4.333824
1248.97199988	6.920676
1250.97300005	5.385269
1252.97999978	4.827415
1254.98099995	3.972629
1256.98099995	0.014911
1258.98600006	0.022549
1260.9829998	7.104679
1262.96399975	0.028138
1264.98699999	4.180566
1266.97999978	7.984754
1268.98099995	0.002192
1270.97999978	2.233761
1272.98500013	2.706687
1274.97999978	8.176669
1276.98099995	0.002672
1278.98199987	2.310673
1280.97999978	0.013806
1282.9920001	0.167985
1284.96499991	0.014327
1286.97999978	0.156475
1288.98099995	0.007551
1290.97999978	0.016091
1292.98199987	0.023434
1294.98099995	0.00707
1296.98699999	0.046072
1298.96599984	0.744309
1300.97999978	1.870572
1302.98099995	0.006624
1304.97999978	0.639509
1306.97999978	0.011529
1308.96599984	1.539332
1310.97199988	3.577721
1312.97999978	3.577721
1314.98099995	3.729044
1316.97999978	2.360333
1318.97999978	1.860031
1320.98600006	0.003739
1322.96399975	0.014252
1324.977	0.016795
1326.97999978	1.036696
1328.98399997	1.036696
1330.97999978	2.017519
1332.98099995	2.017519
1334.9829998	0.006647
1336.97199988	0.050483
1338.97999978	0.023158
1340.98099995	0.374867
1342.98600006	1.275199
1344.97999978	1.307274
1346.97999978	1.596229
1348.97999978	1.679959
1350.98600006	1.62615
1352.97999978	1.56751
1354.97999978	1.748768
1356.977	1.785146
1358.97999978	1.785146
1360.97999978	0.024991
1362.97999978	2.288763
1364.97999978	1.602985
1366.98099995	0.812284
1368.99799991	2.078487
1370.98099995	3.061358
1372.98099995	3.272599
1374.97999978	3.452213
1376.98500013	3.452213
1378.97999978	3.452213
1380.97999978	2.749447
1382.97199988	2.252373
1384.98099995	2.671795
1386.98600006	2.448943
1388.98099995	0.007491
1390.97999978	0.748828
1392.97600007	0.748828
1394.97999978	2.965451
1396.97999978	1.556498
1398.96399975	2.463932
1400.97999978	2.463932
1402.97999978	2.463932
1404.97199988	2.461362
1406.97999978	1.765337
1408.98099995	2.798808
1410.97999978	3.122462
1412.97999978	2.611716
1414.97999978	2.815928
1417.23200011	3.182674
1419.23300004	2.56344
1421.23200011	3.781097
1423.23200011	3.781097
1425.23200011	2.59466
1427.23200011	3.968629
1429.23200011	4.311298
1431.23200011	2.302767
1433.11199999	2.302767
1435.23200011	3.35196
1437.23300004	4.363097
1439.2249999	0.016113
1441.22799993	5.127558
1443.23200011	0.677724
1445.23200011	5.361833
1447.23200011	3.502748
1449.24000001	0.162535
1451.23200011	5.399384
1453.23200011	5.679154
1455.23300004	5.679154
1457.11800003	2.740426
1459.23200011	2.532987
1461.23200011	5.798341
1463.23300004	0.015267
1465.2249999	4.37644
1467.23399997	2.589165
1469.24600005	6.102737
1471.22900009	6.277297
1473.22900009	0.047758
1475.23300004	6.865394
1477.22799993	0.031046
1479.23200011	0.004228
1481.13199973	1.638156
1483.23300004	6.974544
1485.23300004	6.089214
1487.23300004	0.016795
1489.23200011	0.038707
1491.23000002	0.003139
1493.23000002	0.033611
1495.21799994	0.135017
1497.22799993	0.078585
1499.23200011	0.140995
1501.2349999	0.025605
1503.23300004	0.006771
1505.22299981	0.535414
1507.23599982	0.161445
1509.23399997	0.180336
1511.23200011	0.016319
1513.21799994	2.58007
1515.23200011	0.593737
1517.23300004	0.020265
1519.23300004	3.226275
1521.22900009	0.112179
1523.2349999	0.044693
1525.23300004	0.713166
1527.22799993	3.76061
1529.13199973	2.937009
1531.23899984	0.153419
1533.22900009	0.023266
1535.23200011	0.016845
1537.21799994	4.443123
1539.23300004	0.734786
1541.23300004	0.071678
1543.23399997	0.023985
1545.22900009	0.014953
1547.23200011	6.451353
1549.23300004	8.401938
1551.24099994	8.401938
1553.13300014	8.401938
1555.23200011	8.401938
1557.23200011	8.401938
1559.23300004	0.015385
1561.23200011	0.593766
1563.23200011	2.465806
1565.23200011	0.034512
1567.23200011	2.619936
1569.23599982	0.019087
1571.23300004	0.006562
1573.23300004	0.043528
1575.2349999	0.92625
1577.21700001	2.44259
1579.22399998	2.466985
1581.23200011	4.68367
1583.23300004	0.689578
1585.23200011	1.713373
1587.23799992	2.292958
1589.23300004	1.202908
1591.23300004	0.062252
1593.23300004	0.031329
1595.23200011	0.138509
1597.23200011	0.013913
1599.23300004	1.139855
1601.21700001	0.5543
1603.23799992	0.010894
1605.23300004	0.066802
1607.23300004	0.03462
1609.23300004	0.030401
1611.24699998	0.015852
1613.23300004	0.009369
1615.2249999	0.231628
1617.23300004	3.349507
1619.23300004	0.006266
1621.23399997	0.09839
1623.23300004	0.101961
1625.21999979	0.698575
1627.23000002	0.043427
1629.23200011	0.024201
1631.23099995	0.014857
1633.22900009	0.007634
1635.22799993	1.275128
1637.23200011	0.031734
1639.23200011	0.124437
1641.22799993	0.046206
1643.23699999	0.151988
1645.23200011	3.696667
1647.23200011	0.142951
1649.21300006	0.560417
1651.23200011	0.042885
1653.23200011	0.107616
1655.23200011	0.015667
1657.22399998	0.290342
1659.23300004	0.351038
1661.23699999	0.037332
1663.23399997	3.029939
1665.48500013	0.093987
1667.48500013	0.259812
1669.23300004	0.047664
1671.48099995	0.617734
1673.48099995	0.62992
1675.48399973	3.49989
1677.48099995	0.002379
1679.48099995	0.017605
1681.48399973	0.010133
1683.48000002	0.018285
1685.4829998	2.725925
1687.48000002	0.137152
1689.48099995	0.012087
1691.48399973	0.131497
1693.48500013	0.743078
1695.48399973	0.020707
1697.48099995	1.034573
1699.48000002	3.068613
1701.49199986	0.070567
1703.48099995	0.027932
1705.48800015	0.294079
1707.48099995	0.689315
1709.477	0.11939
1711.48500013	0.096215
1713.48199987	0.11729
1715.48000002	0.180856
1717.48000002	6.277891
1719.48500013	0.180221
1721.477	0.52449
1723.48000002	0.047171
1725.48399973	2.913319
1727.48099995	0.064776
1729.47200012	4.493527
1731.48099995	0.709794
1733.48399973	0.233148
1735.48099995	0.120886
1737.48099995	0.003593
1739.48000002	5.705898
1741.48500013	0.014705
1743.48099995	0.020446
1745.47200012	3.23843
1747.48500013	0.038327
1749.49199986	1.061104
1751.48099995	7.128212
1753.4829998	0.115972
1755.49399996	0.043146
1757.48099995	0.159841
1759.4690001	0.005234
1761.48699999	0.117683
1763.48099995	0.056643
1765.48500013	0.035815
1767.48399973	2.707403
1769.47899985	2.781144
1771.47200012	2.59578
1773.48099995	2.611637
1775.48099995	6.738768
1777.48099995	0.026003
1779.48099995	0.695941
1781.48199987	0.046886
1783.48099995	0.225295
1785.48199987	0.018917
1787.48099995	0.428619
1789.48500013	0.800472
1791.48099995	0.216299
1793.48199987	0.695817
1795.48399973	0.032159
1797.477	0.121474
1799.48199987	0.059002
1801.48099995	0.518881
1803.48099995	0.624757
1805.48099995	0.01479
1807.48099995	0.11067
1809.48099995	0.401921
1811.48500013	0.10307
1813.48000002	0.013915
1815.48500013	4.594119
1817.4690001	0.012738
1819.48500013	0.063641
1821.48500013	0.091672
1823.48399973	0.073657
1825.48000002	0.029451
1827.48500013	0.341451
1829.48500013	0.023952
1831.48099995	0.096942
1833.47899985	0.035512
1835.48600006	0.014134
1837.48099995	0.837715
1839.48500013	2.199234
1841.48099995	0.726251
1843.48600006	0.092736
1845.4690001	0.016701
1847.4829998	0.449418
1849.48800015	0.007769
1851.48099995	0.709683
1853.48900008	0.011633
1855.48500013	0.183825
1857.48900008	0.019176
1859.47599983	3.267379
1861.48500013	8.221474
1863.48000002	4.79511
1865.47599983	3.514438
1867.48500013	0.004003
1869.48399973	3.785857
1871.48500013	0.467971
1873.48099995	0.00379
1875.48099995	0.592693
1877.48000002	4.870519
1879.48500013	5.85728
1881.49000001	0.003504
1883.48099995	0.011112
1885.477	0.016303
1887.48399973	5.823568
1889.47599983	0.532195
1891.48099995	0.117877
1893.48099995	0.015652
1895.48000002	0.016874
1897.48000002	0.007107
1899.48500013	0.610677
1901.48600006	5.104088
1903.48099995	0.040464
1905.48199987	0.052644
1907.48000002	0.011133
1909.48099995	6.38511
1911.48099995	0.26383
1913.4829998	0.649852
1915.73600006	0.388679
1917.74500012	0.014984
1919.72900009	2.720463
1921.7349999	0.061163
1923.73399997	0.244217
1925.73199987	0.01339
1927.73300004	0.473481
1929.73300004	0.072749
1931.73000002	0.010697
1933.73300004	0.046471
1935.73300004	0.196915
1937.73199987	0.56387
1939.73199987	0.356816
1941.7249999	7.270068
1943.73300004	2.040339
1945.73399997	0.185998
1947.73099995	0.97984
1949.7349999	4.89876
1951.71599984	0.508858
1953.73199987	0.009574
1955.73199987	0.010973
1957.7349999	0.029507
1959.73699999	0.01009
1961.73399997	6.157981
1963.73300004	0.003632
1965.73300004	0.019962
1967.73199987	0.103228
1969.73199987	0.014387
1971.73199987	0.01529
1973.71700001	0.007641
1975.62199998	3.236903
1977.7249999	0.014299
1979.73300004	2.313088
1981.73199987	1.565965
1983.73199987	2.721661
1985.73199987	2.807123
1987.72900009	0.00537
1989.73300004	2.845441
1991.73699999	2.734922
1993.73199987	2.157131
1995.73199987	0.006137
1997.73199987	2.832737
1999.71599984	2.35394
2001.7349999	0.041895
2003.72399974	0.900513
2005.73300004	3.129949
2007.73300004	0.013824
2009.73300004	0.005553
2011.73300004	0.008455
2013.71700001	0.008322
2015.73199987	0.072605
2017.73199987	4.194431
2019.73300004	0.630653
2021.73199987	3.535431
2023.62100005	4.856668
2025.73199987	4.994345
2027.73399997	0.021828
2029.73300004	0.626036
2031.7349999	3.459655
2033.72600007	0.57554
2035.73600006	0.02421
2037.73300004	1.015922
2039.73399997	0.014966
2041.73300004	0.012018
2043.73300004	0.072103
2045.73199987	5.155338
2047.71599984	0.016359
2049.73300004	0.11177
2051.73699999	0.169598
2053.73300004	0.015461
2055.73300004	0.032843
2057.73300004	0.005429
2059.72399974	0.007186
2061.73199987	0.035264
2063.73300004	0.064669
2065.73300004	0.016822
2067.73300004	0.644817
2069.72399974	3.869285
2071.71599984	4.485503
2073.73300004	4.927581
2075.73399997	0.059826
2077.73300004	0.007476
2079.73300004	0.107408
2081.7349999	6.233998
2083.73300004	0.023126
2085.72399974	0.333546
2087.73199987	0.01618
2089.73799992	0.015492
2091.73300004	1.638584
2093.73199987	0.021368
2095.72099996	3.491938
2097.73199987	2.431541
2099.73600006	0.288796
2101.73300004	0.015469
2103.73300004	5.187688
2105.73199987	0.644771
2107.73199987	0.007721
2109.73199987	0.013089
2111.72900009	0.017078
2113.72800016	5.582331
2115.73199987	2.337627
2117.73300004	3.168442
2119.72000003	3.748986
2121.72900009	6.29357
2123.73300004	6.29357
2125.73300004	0.017269
2127.73199987	0.035853
2129.73300004	0.726522
2131.72900009	0.031115
2133.73199987	0.381745
2135.73600006	0.094029
2137.73300004	0.21124
2139.73300004	0.01543
2141.73600006	0.033918
2143.71700001	0.675615
2145.73300004	1.755532
2147.73699999	0.008414
2149.73799992	4.107988
2151.73300004	0.087352
2153.73899984	0.044809
2155.71700001	0.084837
2157.73300004	0.041311
2159.73600006	0.11208
2161.73300004	0.022099
2163.73300004	0.028607
2165.97300005	0.009461
2167.977	0.621941
2169.97300005	0.037021
2171.97799993	0.023955
2173.97300005	0.074157
2175.98600006	0.375154
2177.97300005	0.756662
2179.977	0.004534
2181.84899998	0.633859
2183.97000003	0.100928
2185.97300005	0.040665
2187.97199988	0.745677
2189.97300005	0.087002
2191.83200002	0.028796
2193.97199988	0.097202
2195.97799993	0.096349
2197.97300005	0.018986
2199.98799992	2.912175
2201.97199988	3.966073
2203.97600007	8.587231
2205.97600007	0.622205
2207.98500013	2.836589
2209.97199988	2.836589
2211.977	2.836589
2213.97399998	2.836589
2215.79299998	3.158982
2217.9690001	3.158982
2219.97999978	3.158982
2221.97199988	0.036021
2225.55200005	0.622775
2226.54999995	1.066017
2227.90499997	0.009547
2229.87599993	1.405416
2231.98900008	0.008179
2233.96800017	1.672443
2235.977	0.007215
2237.97300005	2.078352
2239.99099994	3.05898
2241.96800017	3.467939
2243.97999978	0.047466
2245.97300005	3.360036
2247.98399997	3.984074
2249.97199988	4.538546
2251.97999978	2.446135
2253.91300011	2.160732
2255.98500013	0.010583
2257.97199988	0.08253
2260.30900002	0.007002
2261.97300005	0.1565
2263.97999978	0.263003
2265.97300005	0.021601
2267.977	0.022325
2269.97199988	1.29481
2271.98900008	3.87831
2273.97199988	0.566619
2275.9829998	5.861265
2277.9289999	3.268843
2279.98500013	5.052003
2281.97199988	5.052003
2283.97099996	7.381653
2285.97199988	0.00539
2287.96800017	2.892273
2289.97199988	7.027597
2291.97600007	8.029832
2293.97000003	0.226282
2295.97999978	4.697001
2297.97300005	8.523057
2299.98099995	0.022703
2301.91700006	2.404505
2303.99099994	6.351377
2305.9749999	7.586713
2307.97600007	8.645089
2309.97199988	0.002059
2311.97600007	3.905752
2313.97300005	1.339534
2315.97999978	5.117298
2317.9690001	0.900911
2319.98399997	1.713686
2321.97199988	2.464088
2323.97999978	2.464088
2325.9289999	2.464088
2327.98399997	2.464088
2329.97199988	2.464088
2331.98500013	2.464088
2333.9749999	2.464088
2335.97199988	2.464088
2337.97199988	2.464088
2339.97999978	2.464088
2341.97600007	0.016738
2346.29299998	0.541195
2347.29699993	0.062992
2347.98199987	0.994605
2349.97600007	1.251696
2351.98099995	1.477355
2353.97199988	1.493879
2355.97600007	1.393403
2357.97399998	2.300266
2359.98799992	0.659634
2361.97300005	3.383069
2363.98099995	3.348072
2365.9690001	2.285889
2367.98399997	2.285889
2369.97199988	2.285889
2371.97600007	0.438603
2373.97000003	0.63259
2375.98799992	2.033651
2377.97199988	2.033651
2379.97999978	0.636981
2381.97199988	0.636981
2383.98799992	0.636981
2385.97999978	1.96077
2387.97600007	0.017296
2389.97199988	0.033863
2391.98799992	0.187351
2393.97199988	0.025443
2395.97999978	0.011265
2397.96800017	0.489709
2399.98500013	2.561224
2401.977	0.006469
2403.97999978	1.470333
2405.9690001	0.020374
2407.98799992	0.632797
2409.97300005	0.024478
2411.96800017	0.093605
2413.97600007	0.009697
2416.22099996	0.016046
2417.97300005	0.512313
2420.24399972	4.166963
2422.23000002	0.536118
2424.21999979	0.039966
2426.23200011	4.466957
2428.21999979	0.006307
2430.22900009	0.024102
2432.2249999	0.011487
2434.22799993	0.002067
2436.22399998	0.03252
2438.22799993	0.060639
2440.22099996	2.151381
2442.23200011	3.02358
2444.21999979	3.02358
2446.22799993	4.325086
2448.21999979	2.781741
2450.23300004	0.018094
2452.21999979	0.572227
