0.0	4.315345
0.174000024796	1.404851
0.292000055313	1.404851
0.388000011444	1.404851
0.481999874115	1.404851
0.679000139236	1.149874
0.99799990654	1.246654
1.91900014877	3.468642
2.38400006294	1.040264
4.03399991989	3.272982
9.11400008202	4.503309
10.9500000477	5.400645
12.9450001717	2.877203
14.9500000477	0.046609
16.9450001717	1.777009
18.9450001717	0.087996
20.9500000477	1.042642
22.9460000992	5.799484
24.9530000687	0.042995
26.9500000477	0.23208
28.9700000286	6.021427
30.9080002308	1.045492
33.3819999695	0.174088
35.5770001411	1.525694
38.0539999008	6.456898
40.361000061	6.757074
42.1289999485	5.593056
44.1949999332	0.528686
46.2980000973	1.095139
48.2130000591	0.956574
50.2320001125	0.065646
52.3149998188	1.777905
54.1979999542	0.463611
56.245000124	1.050675
58.496999979	3.927357
60.125	1.015835
62.1610000134	6.187214
64.1069998741	6.58387
66.3480000496	1.096185
68.228000164	0.114472
70.1940000057	1.076522
72.1960000992	6.167443
74.2139999866	0.064929
76.2330000401	6.294237
78.1979999542	6.770872
80.2100000381	6.821384
82.1949999332	0.017707
84.2109999657	1.101282
86.2320001125	6.769532
88.2790002823	0.14429
90.2080001831	1.106014
92.3450000286	0.126803
94.2769999504	3.65599
96.2040002346	0.163059
98.1940000057	0.049034
100.225000143	4.450359
102.20299983	0.357826
104.194999933	6.076341
106.194000006	6.771316
108.193000078	6.771316
110.174000025	0.04938
112.445000172	0.015478
114.194999933	0.907695
116.196000099	0.969601
118.194000006	0.045239
120.21600008	1.664963
122.226000071	0.1778
124.221999884	2.581133
126.194000006	2.56109
128.194999933	0.906412
130.210000038	0.090388
132.197000027	3.403263
134.204000235	0.121655
136.194999933	3.917279
138.273000002	4.112618
140.204000235	0.054072
142.20299983	4.163827
144.193000078	3.765173
146.210000038	4.863064
148.194000006	0.009986
150.208000183	0.009829
152.224000216	2.114425
154.194999933	4.589584
156.213999987	1.028669
158.197000027	0.048898
160.207000256	5.004929
162.444000006	0.020827
164.261000156	5.969874
166.27699995	5.926612
168.220999956	4.945678
170.450000048	0.063146
172.484000206	0.047399
174.256999969	0.095397
176.243000031	1.029038
178.288000107	0.084959
180.234999895	1.053743
182.46600008	4.619241
184.474999905	5.021581
186.504000187	1.088326
188.28000021	6.814022
190.448000193	6.752862
192.44299984	6.752862
194.448000193	6.752862
196.445000172	6.752862
198.465000153	6.752862
200.32400012	1.05241
202.332999945	0.049226
204.288000107	1.032897
206.477999926	1.852764
208.588999987	0.181256
210.452000141	0.944183
212.457000017	0.101578
214.473999977	3.647106
216.526000023	0.100419
218.272000074	0.505643
220.46600008	1.225804
222.47300005	6.155763
224.502000093	4.661205
226.472000122	4.661205
228.305999994	6.862106
230.471000195	6.757894
232.338999987	6.757894
234.455000162	0.909739
236.477999926	2.256317
238.450999975	1.080332
240.620000124	0.015262
242.485000134	6.222576
244.506999969	0.097128
246.444000006	6.76897
248.453999996	5.879975
250.460999966	6.903288
252.485000134	1.088223
254.453000069	4.356672
256.463000298	0.531556
258.453000069	0.082299
260.679000139	6.775516
262.445000172	1.098615
264.506000042	0.420123
266.337000132	0.118951
268.444000006	6.605406
270.445000172	5.739205
273.196000099	2.8388
274.448000193	5.066571
276.816000223	1.062169
278.503000259	0.319176
280.463000298	4.400768
282.505000114	2.330648
284.48300004	4.279454
286.45600009	6.874439
288.46600008	6.743302
290.477999926	0.82349
292.920000076	6.614781
294.404000044	1.149877
296.513000011	0.017955
298.853000164	6.609458
300.527000189	6.086622
302.536000013	6.115562
304.585999966	0.205393
306.532999992	1.083261
308.526000023	6.892547
310.44900012	6.637181
312.552000046	6.546991
314.661999941	2.062693
316.474999905	6.560663
318.446000099	6.597054
