0.0	1.974131
1.79000020027	2.141763
3.86600017548	1.875556
5.91400003433	1.884634
7.98000025749	2.060294
10.0140001774	2.060294
11.8180000782	2.060294
13.8819999695	1.958601
15.9330000877	2.148551
17.9900000095	1.898584
19.8170001507	1.622135
21.8959999084	2.179034
23.9470000267	0.096072
25.8320000172	1.672479
27.7839999199	1.848942
29.8480000496	2.049058
31.9620001316	2.245375
34.0	1.832135
35.7980000973	2.121272
37.8340001106	1.909824
39.8819999695	2.00246
41.9530000687	2.038707
44.0340001583	2.027975
45.8770000935	0.046178
47.9820001125	0.150257
49.8770000935	1.907791
51.870000124	1.803223
53.9179999828	1.871772
56.0120003223	1.850716
57.8100001812	0.071213
59.8629999161	0.775327
61.9010002613	1.708118
63.9909999371	0.37028
66.0360002518	2.008733
67.8220000267	1.905762
69.8420000076	1.906094
71.8900001049	0.75129
73.8340001106	1.828786
76.0479998589	1.874638
77.8340001106	1.948403
79.8639998436	0.914553
81.9000000954	1.931217
83.9300000668	2.206405
85.9960002899	2.061982
88.0500001907	1.862224
89.8399999142	2.190869
91.9179999828	2.265646
93.9679999352	1.787695
96.0530002117	0.070465
97.8480000496	0.712498
99.9530000687	0.288729
102.018000126	1.97888
104.068000317	2.014877
105.881999969	1.841689
107.953999996	2.147884
110.001000166	1.448393
112.052000284	0.807898
113.871999979	0.123354
115.92200017	2.282844
117.96600008	1.365954
120.028000116	1.50717
121.93599987	2.048096
124.177999973	1.369372
125.980000257	0.009656
128.065999985	1.832656
129.861999989	1.898544
131.925000191	0.716923
134.0	2.081504
136.022000074	0.024419
138.050000191	0.604932
140.09800005	1.828099
141.892000198	2.009537
143.967000008	1.931381
145.909000158	1.931381
148.055000067	1.9439
150.116000175	0.359311
151.909000158	1.886364
153.976000071	0.462669
156.002000093	1.975011
158.052000284	0.219142
160.142000198	0.219239
161.91899991	1.953343
163.953999996	1.857366
166.0	2.093879
168.053000212	1.86317
170.118000031	2.075708
171.93200016	1.994268
173.986999989	2.089281
176.049000263	1.968287
178.117000103	2.068356
179.934999943	1.944695
181.988000154	2.116945
184.054000139	1.174889
186.111999989	0.727649
187.933000088	0.036124
189.988000154	2.085453
192.020000219	1.725868
194.068000317	0.314078
196.135999918	1.583565
198.203000069	1.991663
199.986999989	2.045467
202.033000231	1.307682
204.106000185	1.868501
206.153000116	1.98126
208.186000109	1.794711
209.974999905	0.120515
212.020000219	2.109417
214.070000172	1.896012
216.150000095	0.474364
218.219000101	2.075568
220.021000147	1.815139
222.087000132	1.972351
224.133000135	2.020781
226.186000109	1.812032
228.009000063	0.71649
230.072000027	1.748121
232.109000206	0.815493
234.174999952	2.260321
236.010999918	0.5629
238.095000029	1.775398
240.171000004	2.172024
242.229000092	0.836729
244.022000074	0.866244
246.085999966	0.20883
