0.0	1.785119
0.238999843597	1.052292
0.414000034332	1.052292
0.553999900818	1.052292
0.712000131607	1.052292
0.848000049591	1.052292
1.0529999733	1.630343
1.37800002098	1.454938
1.90199995041	1.964019
3.60299992561	0.021032
5.60399985313	0.014389
7.59899997711	3.80302
9.60000014305	4.41919
11.5989999771	0.011178
13.6000001431	5.237443
15.6000001431	0.007011
17.6059999466	0.009877
19.5989999771	5.354723
21.6000001431	0.041973
23.5970001221	2.275457
25.5989999771	0.812958
27.6010000706	1.954677
29.5970001221	3.70656
31.5989999771	1.454981
33.6029999256	0.011655
35.5970001221	3.035639
37.5989999771	5.464558
39.5959997177	5.464558
41.5959997177	5.464558
43.5970001221	5.464558
45.5980000496	0.060421
47.5989999771	2.785663
49.5959997177	2.785663
51.5980000496	2.785663
53.6000001431	5.32565
55.5989999771	0.006644
57.5980000496	2.155994
59.5989999771	2.636836
61.6000001431	2.636836
63.5980000496	2.636836
65.6000001431	2.636836
67.5959997177	0.029425
69.5959997177	0.157012
71.5959997177	0.240046
73.856000185	0.859415
75.5970001221	0.997156
77.6010000706	1.272986
79.6000001431	1.178593
81.7389998436	1.586378
83.8580000401	1.855682
85.8519997597	1.851505
87.8509998322	1.920846
89.8480000496	2.007786
91.8980000019	2.373448
93.8519997597	2.320624
95.8480000496	2.664567
97.8469998837	0.848073
99.8499999046	0.848073
101.845999956	0.848073
103.848999977	0.009076
105.721999884	0.67332
107.845999956	3.642787
109.845999956	2.560191
111.848999977	3.906131
113.848999977	0.025679
115.850999832	0.771374
117.84800005	0.036827
119.848999977	4.566604
121.854999781	4.566604
123.846999884	0.011227
125.846999884	4.975529
127.84800005	0.011011
129.713000059	2.422308
131.854999781	3.557989
133.846999884	0.021536
135.889999866	0.016238
137.765000105	0.384887
139.846999884	0.699354
141.84800005	0.125947
143.846999884	0.01136
145.84800005	0.014681
148.089999914	0.10097
151.166999817	0.401515
153.684999943	0.053089
156.027999878	0.893669
157.617000103	1.390529
159.049999952	0.040552
159.84800005	1.017882
161.85199976	4.929991
163.846999884	1.942428
165.850999832	1.215462
167.846999884	2.66388
169.84800005	4.924918
171.849999905	0.003715
173.845999956	1.819558
175.845999956	1.963703
177.712000132	2.03439
179.846999884	2.153791
181.846999884	1.767099
183.846999884	2.477872
185.846999884	0.014683
187.846999884	0.766956
189.846999884	0.029219
191.848999977	4.376344
193.849999905	5.326512
195.846999884	1.620753
197.846999884	2.549223
199.852999926	0.050598
201.846999884	4.991111
203.84800005	1.565212
205.857000113	3.859392
207.845999956	0.768201
209.852999926	0.743549
211.845999956	4.162345
213.84800005	0.278057
215.846999884	0.036528
217.852999926	0.097773
220.157999992	0.633892
221.808000088	5.652885
223.857000113	1.92369
225.845999956	2.81327
227.846999884	4.505458
229.854999781	1.282443
231.846999884	2.502946
233.856000185	0.021887
236.421999931	0.066638
241.723999739	0.020604
242.421000004	0.07771
243.458999872	0.082045
244.414999962	0.036234
245.989000082	0.084799
247.773000002	0.029673
249.84800005	0.710835
251.846999884	0.698257
253.846999884	0.09432
256.687999964	0.129563
260.286000013	0.011138
261.917999983	0.143994
263.593999863	0.030593
264.84800005	0.024187
265.970000029	0.073173
267.846999884	0.04854
269.856000185	0.009524
271.846999884	0.536675
273.84800005	1.005493
275.846999884	0.029983
277.854999781	1.318979
279.848999977	4.097481
281.849999905	0.02608
283.846999884	0.01375
285.846999884	0.025409
287.848999977	0.020411
289.846999884	0.06416
291.854999781	0.011128
293.85199976	0.00759
295.830999851	0.00994
298.053999901	0.657534
300.3349998	1.491395
302.417000055	0.024831
303.832999945	0.051616
305.848999977	0.011264
307.846999884	0.695331
310.025000095	0.121388
312.625	0.055786
314.394999981	0.153511
316.002999783	0.047151
317.853999853	0.073842
319.846999884	5.404437
321.852999926	0.754272
323.845999956	0.028484
325.84800005	0.204886
327.846999884	4.880188
330.097000122	0.861449
332.095999956	2.443194
334.09800005	0.063419
336.097000122	0.055808
337.934000015	0.038297
340.09800005	4.830045
342.097000122	0.05071
344.203999758	0.015648
346.097000122	0.696885
347.962999821	0.074945
350.09800005	0.116554
351.912000179	4.757075
354.097000122	0.086812
356.097000122	0.029893
358.098999977	0.012745
360.097000122	1.490921
362.098999977	1.032345
364.095999956	1.922625
366.098999977	0.753155
368.097000122	0.02616
370.097000122	0.785939
372.095999956	0.023119
374.099999905	0.02742
376.098999977	0.047855
378.097000122	3.453143
380.09800005	0.752155
382.097000122	1.129485
384.097000122	3.840674
386.095999956	4.086948
388.095999956	2.502152
390.095999956	0.720942
392.095999956	0.017451
394.097000122	0.752749
396.095999956	0.052168
398.097000122	0.658767
400.451999903	0.02696
402.445999861	0.011039
404.526000023	0.00745
406.097000122	0.031009
408.097000122	0.026224
410.101999998	0.068148
412.717000008	0.010813
414.937000036	3.661201
416.528000116	2.417691
418.095999956	2.417691
420.095999956	2.417691
422.09800005	2.417691
424.095999956	4.87899
426.097000122	0.026601
428.095999956	0.754115
430.098999977	1.276476
433.544000149	0.107367
436.322999954	0.080038
438.504000187	0.094662
439.363999844	4.714326
440.485999823	0.073033
442.098999977	2.621061
444.097000122	0.022997
446.097000122	2.683887
448.098999977	0.973961
450.097000122	1.307736
452.097000122	0.695665
454.097000122	0.014501
456.097000122	0.058805
458.095999956	0.045061
460.095999956	0.818305
462.095999956	3.340497
464.102999926	1.66781
466.095999956	2.7038
468.098999977	1.261784
470.09800005	0.015145
472.098999977	0.030564
474.104000092	0.07332
476.097000122	0.071797
478.095999956	0.76814
480.097000122	0.02145
482.095999956	0.062705
484.095999956	2.45465
486.09800005	1.483722
488.097000122	1.345169
490.097000122	0.700406
492.099999905	0.022168
494.095999956	0.007573
496.095999956	0.775593
498.09800005	4.986032
500.097000122	1.300355
502.099999905	3.910082
504.097000122	5.313033
506.097000122	4.009326
508.097000122	0.985108
510.09800005	0.019776
512.106999874	2.369281
514.09800005	1.114558
516.097000122	0.010862
518.09800005	0.032154
520.095999956	4.092665
522.095999956	4.092665
524.097000122	0.748156
526.097000122	1.548902
528.102999926	3.757055
530.097000122	0.011116
532.097000122	0.052333
534.097000122	3.179243
536.097000122	0.01097
538.098999977	0.602645
540.095999956	0.93821
542.098999977	0.008591
544.097000122	0.021145
546.09800005	0.015429
548.09800005	1.624935
550.097000122	0.038653
552.098999977	0.023189
554.098999977	0.037361
556.099999905	0.016061
558.480000019	0.272787
560.709000111	0.122474
562.097000122	0.660073
564.097000122	3.126947
566.099999905	0.025589
568.099999905	0.035082
570.142999887	0.074543
572.154000044	0.052652
574.41899991	2.360456
576.384000063	0.074631
578.347999811	2.029259
580.346999884	1.793581
582.346999884	0.25303
584.349999905	0.014386
586.353999853	0.015238
