0.0	0.039117
0.641000032425	0.253913
0.973000049591	7.268537
1.13500022888	9.16329
1.31800031662	3.271574
1.46000003815	11.24538
1.60500001907	11.24538
1.75900006294	7.530096
1.96099996567	4.621225
3.77900004387	5.81367
5.78300023079	1.344368
7.78700017929	0.14523
9.79100012779	3.17829
12.0280001163	1.129846
14.0360000134	0.084456
16.0300002098	2.647986
18.0390002728	8.872742
19.861000061	1.118275
22.0390002728	9.395375
24.0410001278	0.892372
26.0360000134	0.102355
28.0400002003	0.118654
30.0320000648	0.980443
32.0339999199	0.003812
34.0360000134	0.186375
36.0360000134	0.280019
38.0369999409	0.378299
40.0260000229	0.31
42.0329999924	1.754432
43.9360001087	0.218738
46.0360000134	0.021587
48.0350000858	0.057394
50.0350000858	0.410469
52.0339999199	0.840329
54.0320000648	0.004242
56.0369999409	1.440622
58.0410001278	0.288249
60.0270001888	0.216156
62.0390002728	1.163394
64.0339999199	2.355297
66.0390002728	1.904608
67.8780002594	3.370084
70.0360000134	2.314796
72.0290000439	0.300255
74.0369999409	0.180301
76.0410001278	0.275252
78.0390002728	0.147147
80.0440001488	0.02077
82.0360000134	0.33764
84.0410001278	0.418446
86.0310001373	0.225552
