0.0	1.491565
0.298999786377	0.251592
0.4359998703	0.336047
0.586999893188	0.336047
0.755999803543	0.581949
0.987999916077	0.715196
1.22799992561	0.715196
1.65099978447	1.283996
2.14100003242	1.441936
4.19099998474	1.632823
6.14100003242	1.477273
8.17499995232	1.603866
10.2009999752	1.193085
12.0509998798	1.193085
14.1309998035	0.587124
16.1309998035	1.210998
18.1229999065	1.393805
20.138999939	1.769013
22.1909999847	1.571622
24.120000124	1.812478
26.1309998035	1.655195
28.1639997959	1.844936
30.1399998665	1.816399
32.1309998035	0.855743
34.1309998035	1.675863
36.0599999428	1.348168
38.1309998035	1.641659
40.1879997253	1.844798
42.1309998035	1.195066
44.129999876	1.76059
46.1210000515	1.865039
48.1210000515	1.585032
50.1210000515	1.777848
52.120000124	1.745911
54.1309998035	1.631993
56.1259999275	0.979847
58.1309998035	1.174119
60.1210000515	1.607864
62.1309998035	1.212927
64.1309998035	1.944974
66.1399998665	2.25387
68.1340000629	1.255794
70.2189998627	2.196157
72.1309998035	1.281813
74.1459999084	1.875906
76.120000124	0.469851
78.1309998035	2.102338
80.1419999599	2.268687
82.1309998035	2.097214
84.1210000515	2.24314
86.1399998665	2.042138
88.1730000973	2.36366
90.1399998665	1.799672
92.1309998035	1.978857
94.1909999847	1.81574
96.1399998665	1.422847
98.1309998035	1.734451
100.121000051	1.734451
102.130999804	1.692031
104.130999804	2.02372
106.200000048	2.065807
108.122999907	1.79642
110.139999866	1.676629
112.180999994	0.285489
114.139999866	1.166275
116.134000063	1.035905
118.130999804	1.310476
120.121000051	1.871142
122.129999876	1.20539
124.121000051	2.234401
126.120000124	2.016415
128.130999804	1.422146
130.121000051	2.328145
132.370999813	1.774606
134.401000023	1.827283
136.401000023	2.476213
138.130999804	2.258188
140.139999866	0.899607
142.401000023	0.786091
144.379999876	1.495397
146.369999886	1.495397
148.370999813	0.646056
150.401000023	1.600228
152.401000023	0.381884
154.401000023	1.588514
156.394000053	0.480583
158.370999813	0.80346
160.378999949	1.785501
162.40199995	1.288042
164.406999826	1.071392
166.390999794	0.939299
168.370999813	1.133214
170.387999773	0.809853
172.381000042	1.542132
174.387999773	1.447203
176.393000126	0.069781
178.370999813	1.234762
180.381999969	0.967714
182.390999794	1.8073
184.409999847	1.59288
186.379999876	1.366721
188.369999886	0.002697
190.387999773	1.437996
192.370999813	1.557363
194.379999876	1.566584
196.370999813	2.169626
198.400000095	1.27299
200.400000095	2.144789
202.382999897	1.304276
204.400000095	1.258769
206.401000023	0.51309
208.369999886	1.566638
210.387999773	1.900248
212.411000013	1.900248
214.378999949	0.820129
216.381000042	1.198572
218.370999813	1.277972
220.401000023	1.584096
222.401000023	1.474895
224.379999876	1.222086
226.370999813	1.506115
228.370999813	1.696548
230.378999949	1.000439
232.370999813	1.174573
234.386999846	1.413576
236.374000072	1.240558
238.370999813	1.590337
240.387999773	1.55668
242.371999741	1.39442
244.379999876	1.198774
246.400000095	1.312961
248.381000042	1.19093
250.400000095	1.724211
252.400000095	0.881774
254.370999813	1.048939
256.386999846	1.48769
258.370999813	1.193641
260.379999876	1.222559
262.390999794	1.23532
264.400000095	1.37542
266.401000023	1.563415
268.390999794	1.098519
270.390999794	1.072465
272.400000095	1.112992
274.400000095	1.436667
276.370999813	0.71853
278.40199995	1.779058
280.379999876	0.91595
282.370999813	1.234648
284.40199995	1.294404
286.387999773	1.265547
288.369999886	1.765701
290.379999876	1.598098
292.370999813	1.384318
294.378999949	1.357888
296.370999813	1.311081
298.387999773	1.748815
300.401000023	1.339131
302.401000023	1.829973
304.368000031	1.201924
306.370999813	1.738128
308.440000057	1.631976
310.379999876	1.248726
312.374000072	1.312614
314.369999886	1.415015
316.379999876	1.205581
318.450999975	1.531917
320.400000095	1.212422
322.369999886	1.495191
324.379999876	1.546216
326.370999813	1.828562
328.368000031	1.648534
330.379999876	1.668305
332.400000095	1.210304
334.387999773	1.819493
336.401000023	1.212261
338.403999805	1.496586
340.401000023	1.801231
342.370999813	1.317427
344.370999813	1.659549
346.379999876	1.032502
348.370999813	1.462071
350.379999876	1.368032
352.370999813	1.571603
354.370999813	1.520052
356.4599998	1.058547
358.370999813	1.347508
360.379999876	1.192401
362.400000095	1.073182
364.370999813	1.570971
366.379999876	1.277057
368.390999794	1.521675
370.400000095	1.182639
372.621999979	1.127874
374.370999813	1.64655
376.641000032	1.710213
378.370999813	1.016546
380.379999876	1.426107
382.381000042	0.473493
384.403999805	0.783725
386.58100009	1.249148
388.621000051	1.520195
390.659999847	0.924631
392.650999784	1.670408
394.640000105	1.481333
396.640000105	1.525986
398.630999804	1.345011
400.641000032	2.002289
402.650999784	1.569914
404.626999855	1.390505
406.625	1.395041
408.640000105	1.558153
410.601000071	1.595363
412.650999784	0.877745
414.65899992	1.397972
416.629999876	1.250933
418.650999784	1.390644
420.659999847	1.842359
422.690999985	1.449789
424.641000032	1.41877
426.640000105	1.478131
428.654000044	1.26504
430.640000105	0.497513
432.650999784	1.537089
434.562999964	1.811438
436.629999876	0.688639
438.641000032	1.572849
440.683999777	1.350063
442.641000032	1.469084
444.627999783	1.469084
446.640000105	1.257622
448.650999784	1.518599
450.640000105	1.393069
452.654000044	1.641362
454.650999784	1.438076
456.640000105	0.447815
458.560000181	1.359553
460.641000032	1.080788
462.650999784	1.153109
464.650999784	1.153109
466.643999815	1.32099
468.63499999	0.620751
470.630999804	1.264922
472.643999815	1.734822
474.630999804	1.666071
476.621000051	1.460336
478.641000032	1.471594
480.641000032	1.722461
482.601999998	1.3977
484.641000032	1.281422
486.659999847	1.639039
488.641000032	1.365212
490.627999783	1.45123
492.650999784	1.875933
494.627999783	1.157128
496.630999804	1.062172
498.630999804	1.368405
500.640000105	1.303996
502.640000105	1.916592
504.649999857	1.916592
506.601999998	1.640831
508.640000105	1.323413
510.627999783	1.901262
512.650999784	0.331124
514.621000051	1.499798
516.659999847	1.150609
518.640000105	1.721122
520.659999847	2.12065
522.671000004	1.511124
524.621000051	0.177262
526.641000032	0.325548
528.650999784	2.011899
530.547999859	1.801955
532.650999784	1.672225
534.635999918	1.639733
536.650999784	1.066711
538.650999784	1.066711
540.65899992	1.461856
542.641000032	1.461856
544.659999847	1.250487
546.630999804	1.250487
548.650999784	1.197625
550.641000032	0.082465
552.650999784	1.450437
554.595999718	0.99802
556.621000051	1.341183
558.650999784	1.79632
560.627999783	1.732881
562.650999784	1.732881
564.640000105	1.732881
566.650999784	0.743824
568.641000032	1.727119
570.640000105	1.147116
572.650999784	1.305881
574.659999847	0.524275
576.619999886	1.322259
578.621000051	1.566044
580.64199996	1.499767
582.650999784	1.497641
584.641000032	1.76431
586.621000051	0.013678
588.650999784	1.774398
590.638000011	1.091751
592.65199995	1.228967
594.650999784	1.83049
596.627999783	1.830842
598.650999784	0.586951
600.641000032	1.191401
602.621000051	1.469062
604.641000032	1.693963
606.659999847	2.002862
608.645999908	1.350279
610.659999847	1.256335
612.64199996	1.490812
614.659999847	1.566876
616.65899992	1.086629
618.890999794	1.456622
620.641000032	1.442514
622.930999994	2.222732
624.881000042	2.222732
626.930999994	2.055826
628.990999937	1.322707
630.881000042	1.062372
632.633000135	1.388685
634.650999784	1.583166
636.930999994	1.331404
638.921000004	1.666212
640.82799983	1.389523
642.890999794	1.389523
644.881000042	1.403494
646.889999866	1.413385
648.921000004	1.267508
650.880000114	1.325997
652.921000004	1.421664
654.881999969	1.599078
656.921000004	1.27922
658.920000076	1.308078
660.890999794	1.593778
662.930999994	1.571652
664.819999933	1.72442
666.880000114	1.714192
668.920000076	1.438404
670.881000042	1.709443
672.881000042	1.740184
674.881000042	1.512715
676.890999794	1.069992
678.880000114	1.467258
680.880000114	1.407641
682.889999866	1.189946
684.881000042	1.257832
686.901000023	1.712651
688.821000099	1.500583
690.921000004	1.562292
692.901000023	1.457046
694.880000114	1.290803
696.890999794	1.286287
698.930999994	1.177487
700.881000042	0.699789
702.890999794	1.206472
704.881000042	1.608342
706.880000114	1.009176
708.869999886	1.390339
710.881000042	1.044535
712.859999895	1.333829
714.898999929	1.738758
716.870999813	1.281292
718.899999857	1.285272
720.899999857	1.57375
722.901000023	1.358859
724.880000114	1.005613
726.869999886	1.712535
728.939999819	1.266406
730.881000042	1.15985
732.873000145	1.179866
734.881000042	1.528026
736.848999977	1.692045
738.890999794	1.692045
740.881000042	1.334443
742.881999969	0.800024
744.899999857	1.474766
746.881999969	1.159633
748.921000004	1.146188
750.881000042	1.579886
752.920000076	0.042789
754.880000114	1.153469
756.869999886	0.430845
758.880000114	1.570277
760.809000015	1.35756
762.890999794	1.03026
764.880000114	0.533663
766.870999813	0.381
768.889999866	1.282012
770.881000042	0.667106
772.923999786	1.396491
774.881000042	0.347849
776.921000004	0.404637
778.881999969	1.415351
780.870999813	1.628408
782.871999979	1.610585
784.843999863	1.714958
786.961999893	1.344435
788.890999794	1.464267
790.881000042	1.340431
792.869999886	1.741259
794.899999857	1.545814
796.899999857	1.230834
798.881000042	0.042075
800.880000114	1.426196
802.880000114	1.402628
804.881000042	1.355043
806.889999866	1.391305
808.867999792	1.568981
810.880000114	1.769693
812.881000042	1.018116
814.880000114	1.833045
816.890999794	1.375371
818.921000004	1.528967
820.881000042	2.019116
822.920000076	1.408343
824.881000042	1.324925
826.921000004	1.403138
828.871999979	2.211865
830.881000042	2.194418
832.870999813	1.157277
834.881999969	2.194372
836.921000004	1.065496
838.930999994	1.71945
840.907999754	1.71945
842.882999897	1.753604
844.881999969	0.981524
846.931999922	0.987205
848.921000004	1.228927
850.881000042	1.166189
852.890999794	0.884201
854.899999857	1.979613
856.870999813	1.453854
858.898000002	1.541264
860.891999722	1.88296
862.891999722	1.583913
864.881000042	1.583913
866.881999969	1.389302
868.881999969	1.026944
870.881999969	0.929192
872.891999722	1.61805
874.881999969	1.163039
876.881000042	0.709595
879.139999866	1.504584
880.881999969	1.504584
883.131999731	1.860989
884.881999969	0.763562
887.131999731	1.174387
889.161000013	1.247723
891.131999731	1.51589
893.161999941	1.590291
895.147999763	1.459523
897.161000013	1.144721
899.139999866	1.987999
901.131999731	1.207903
903.161999941	1.553527
905.121000051	1.890381
907.131999731	1.149638
909.161999941	1.149638
911.139999866	0.380911
913.131999731	1.33523
915.161999941	1.28504
917.161999941	1.540775
919.121000051	1.506625
921.161000013	1.120996
923.161000013	1.120996
925.229000092	1.502369
927.121000051	1.60919
929.14199996	1.22221
931.148999929	1.587358
933.171000004	1.079495
935.161999941	1.348511
937.161000013	0.829667
939.121999979	1.719993
941.128999949	1.124671
943.161999941	1.146059
945.160000086	1.796186
947.121999979	1.084461
949.161999941	1.167671
951.161999941	0.188637
953.161999941	1.35376
955.139999866	0.662039
957.161999941	0.754922
959.161000013	0.010495
961.180999994	1.321823
963.130999804	1.510351
965.139999866	0.277248
967.161999941	1.437977
969.161999941	0.430988
971.141000032	1.121115
973.121999979	1.240055
975.180999994	0.789377
977.161000013	1.447242
979.141000032	1.365733
981.161000013	1.190455
983.161999941	1.190455
985.161999941	1.291243
987.121000051	1.059011
989.161999941	1.136899
991.161000013	1.306362
993.130999804	0.992675
995.139999866	0.992675
997.161999941	0.992675
999.139999866	1.338015
1001.12199998	0.901944
1003.16199994	1.132218
1005.14100003	1.269815
1007.12100005	1.056933
1009.17199993	1.463639
1011.13999987	0.956103
1013.1309998	1.077456
1015.14100003	1.840436
1017.14100003	0.154703
1019.15099978	1.433801
1021.2019999	0.970332
1023.16100001	1.343143
1025.13999987	1.48854
1027.1639998	1.48854
1029.1309998	1.095169
1031.13999987	1.128081
1033.12199998	1.097785
1035.14799976	0.822263
1037.16100001	0.984073
1039.16199994	0.759024
1041.14299989	1.04535
1043.1309998	1.109151
1045.13999987	0.597703
1047.12100005	1.426739
1049.12100005	1.426739
1051.1309998	1.274355
1053.171	1.274355
1055.16199994	0.4124
1057.16100001	0.790233
1059.16799998	0.870528
1061.13999987	1.400532
1063.16100001	1.400532
1065.13999987	1.577554
1067.16100001	1.314361
1069.16100001	0.46271
1071.13999987	1.178846
1073.12100005	1.682417
1075.13999987	1.389861
1077.1309998	1.706758
1079.171	1.705981
1081.16100001	1.264522
1083.12199998	1.264522
1085.16199994	1.463012
1087.20099998	1.438102
1089.12100005	0.961164
1091.16000009	0.961164
1093.16199994	0.961164
1095.17999983	1.396789
1097.16000009	1.495868
1099.13999987	1.374083
1101.13199973	1.374083
1103.16100001	1.374083
1105.16199994	1.587772
1107.12100005	1.736273
1109.13199973	1.216927
1111.14100003	1.693036
1113.16199994	1.523102
1115.16100001	1.822143
1117.22399998	1.822143
1119.37099981	1.822143
1121.16199994	1.822143
1123.16100001	1.683509
1125.16199994	1.942601
1127.12999988	1.557122
1129.14299989	1.453692
1131.13999987	2.253679
1133.38199997	2.249212
1135.30200005	2.015239
1137.41100001	2.015239
1139.16199994	2.015239
1141.38799977	1.189717
1143.41100001	1.876266
1145.38799977	1.50041
1147.40100002	1.73326
1149.38799977	1.639096
1151.40499997	1.639096
1153.37099981	1.375737
1155.421	1.375737
1157.41199994	1.190937
1159.34899998	1.656267
1161.3920002	1.402293
1163.43200016	2.383599
1165.37999988	0.803979
1167.37099981	1.894503
1169.40100002	2.386974
1171.40100002	2.011139
1173.38199997	1.588417
1175.38799977	1.588417
1177.37099981	1.387549
1179.40199995	1.208256
1181.3920002	2.011603
1183.329	1.777619
1185.38799977	1.955034
1187.38499999	1.898797
1189.38899994	1.359709
1191.40100002	1.248183
1193.38100004	1.248183
1195.37999988	0.808739
1197.40100002	1.420386
1199.38799977	0.502791
1201.40100002	1.471246
1203.37099981	1.105976
1205.38999987	1.480215
1207.36100006	1.558661
1209.38199997	1.595734
1211.38799977	1.659933
1213.38199997	1.844972
1215.38799977	1.871075
1217.38100004	1.480565
1219.41199994	1.520473
1221.38799977	1.847793
1223.44099998	0.634127
1225.38899994	1.872784
1227.40100002	2.053952
1229.41199994	1.835509
1231.36999989	1.145036
1233.40199995	1.451903
1235.3920002	1.905148
1237.41199994	1.686755
1239.40100002	1.877459
1241.40199995	1.351952
1243.38100004	1.984253
1245.38799977	1.984253
1247.40100002	1.696689
1249.40100002	1.576488
1251.40100002	1.466334
1253.3920002	1.81119
1255.33999991	1.430618
1257.41100001	1.342485
1259.44199991	1.180835
1261.39099979	2.064099
1263.40100002	1.824509
1265.40100002	1.698228
1267.40100002	1.326763
1269.38100004	1.812865
1271.39099979	0.010818
1273.38199997	1.342366
1275.40100002	1.230237
1277.41100001	1.912728
1279.34100008	2.032121
1281.41199994	1.577231
1283.39400005	1.484237
1285.38799977	0.491722
1287.40100002	1.469252
1289.40199995	1.822394
1291.38999987	1.176703
1293.40199995	1.730752
1295.41999984	1.347233
1297.40199995	1.528084
1299.38899994	1.773472
1301.39099979	1.967457
1303.32599998	1.163962
1305.38799977	1.572815
1307.39099979	2.203907
1309.38799977	1.959431
1311.3920002	1.177383
1313.41199994	1.940718
1315.38799977	1.378132
1317.41199994	1.556237
1319.44199991	1.81163
1321.38799977	1.954789
1323.40100002	1.328061
1325.40199995	1.376335
1327.37199974	1.798219
1329.40199995	2.110068
1331.40100002	0.955433
1333.38199997	2.048219
1335.38799977	0.510423
1337.40100002	1.207516
1339.41100001	1.668288
1341.38799977	1.942855
1343.40100002	0.841809
1345.38799977	1.377913
1347.40399981	1.590611
1349.41999984	2.067133
1351.4059999	1.553932
1353.38100004	1.911085
1355.38799977	2.096393
1357.41199994	1.314864
1359.40199995	1.415514
1361.38799977	2.066152
1363.41100001	1.857331
1365.38899994	1.82058
1367.38199997	1.816734
1369.37999988	1.929656
1371.64100003	2.02344
1373.39099979	1.806676
1375.64199996	1.998053
1377.38199997	1.39838
1379.42299986	2.109804
1381.38799977	0.69181
1383.6309998	0.601693
1385.38799977	1.866631
1387.64100003	1.826767
1389.58200002	1.558282
1391.64199996	1.490343
1393.64199996	1.333836
1395.63200021	1.893491
1397.73099995	1.214823
1399.64100003	1.945582
1401.63200021	2.031529
1403.63200021	1.436319
1405.64199996	1.732266
1407.68199992	1.732266
1409.64199996	1.507239
1411.64100003	1.58223
1413.58100009	1.644331
1415.62799978	1.839677
1417.64499998	1.314924
1419.6309998	1.984355
1421.63200021	2.031588
1423.64399981	2.011229
1425.64100003	1.721928
1427.63200021	1.331282
1429.68199992	1.632663
1431.64199996	1.759633
1433.64100003	2.105634
1435.63200021	2.084556
1437.58100009	1.463817
1439.64100003	1.869678
1441.64199996	1.798868
1443.6309998	1.378497
1445.62799978	1.8283
1447.6309998	1.8283
1449.64199996	2.054674
1451.62799978	1.172124
1453.64100003	1.788747
1455.64199996	2.130299
1457.70099998	2.106155
1459.62199998	2.125559
1461.61999989	1.503512
1463.6309998	1.686512
1465.64199996	0.784038
1467.64199996	1.810855
1469.64199996	1.100284
1471.6309998	1.689935
1473.64100003	1.853496
1475.64199996	1.630045
1477.63200021	1.322136
1479.64100003	1.322136
1481.6309998	1.764892
1483.65199995	1.549928
1485.59700012	1.914194
1487.64100003	1.583932
1489.64199996	1.34647
1491.64100003	1.34647
1493.72099996	1.345085
1495.64199996	2.032537
1497.63200021	1.657529
1499.62799978	1.608149
1501.64199996	1.49716
1503.64199996	2.071058
1505.64100003	2.25947
1507.64199996	2.166516
1509.59899998	0.828625
1511.64100003	1.595081
1513.63200021	1.535779
1515.64199996	1.474404
1517.62100005	1.433392
1519.64199996	1.829667
1521.64199996	1.829667
1523.63200021	1.652572
1525.68099999	1.502185
1527.64199996	1.792454
1529.6309998	1.71306
1531.64100003	1.754161
1533.58200002	1.188327
1535.63700008	1.024594
1537.64100003	1.825336
1539.64199996	1.974614
1541.64499998	1.789892
1543.63200021	1.67608
1545.64100003	1.850515
1547.63200021	1.885574
1549.64100003	1.121044
1551.64100003	1.977977
1553.70099998	2.097543
1555.64199996	1.58908
1557.66199994	1.777791
1559.64199996	1.835493
1561.64100003	1.650734
1563.65099978	1.237134
1565.64199996	1.399298
1567.64100003	2.102069
1569.6309998	1.662836
1571.64199996	1.895081
1573.64199996	0.946482
1575.66100001	2.149229
1577.6309998	1.263809
1579.63599992	1.647308
1581.62199998	1.747549
1583.63200021	0.889872
1585.66100001	1.037649
1587.64100003	1.037649
1589.72099996	1.966352
1591.64199996	2.068506
1593.64199996	2.068506
1595.64199996	1.424696
1597.64199996	1.734748
1599.64100003	2.055352
1601.63200021	1.502396
1603.65199995	2.490538
1605.6400001	1.234092
1607.63200021	0.057709
1609.64199996	1.363563
1611.62100005	1.860147
1613.73199987	1.221115
1615.64399981	1.455777
1617.64199996	1.455777
1619.64199996	1.610064
1621.68099999	1.265521
1623.6309998	1.230853
1625.63200021	1.302105
1627.64100003	1.259426
1629.61999989	1.741759
1631.93099999	2.154791
1633.63200021	2.249901
1635.94099998	1.704848
1637.64899993	1.637368
1639.90899992	1.679713
1641.89099979	1.304303
1643.88100004	1.215119
1645.88100004	1.215119
1647.89199972	1.215119
1649.88100004	0.9628
1651.88899994	0.664466
1653.88199997	0.858702
1655.88199997	1.013121
1657.88199997	1.225268
1659.94900012	1.330082
1661.88199997	1.769052
1663.92199993	1.145585
1665.88199997	1.173249
1667.88199997	0.041898
1669.88100004	1.142482
1671.89199972	1.176435
1673.88199997	1.52275
1675.88199997	1.166537
1677.88199997	1.527094
1679.88199997	1.527094
1681.88199997	1.783435
1683.89099979	0.596245
1685.88199997	1.321245
1687.88199997	1.127664
1689.88100004	1.127664
1691.89099979	1.127664
1693.88199997	1.469386
1695.94900012	1.10424
1697.89099979	1.750099
1699.88199997	0.878487
1701.88199997	0.897061
1703.88199997	1.287194
1705.88100004	1.565681
1707.89099979	1.371067
1709.88100004	1.547048
1711.88100004	1.293782
1713.8829999	1.329185
1715.88199997	1.798168
1717.88199997	0.959045
1719.88199997	0.803182
1721.88199997	1.029803
1723.89199972	1.613717
1725.90100002	1.548673
1727.93199992	1.262158
1729.88199997	1.210252
1731.89199972	1.502094
1733.88000011	1.046265
1735.88100004	2.049041
1737.921	2.178544
1739.93999982	0.806087
1741.88100004	0.470376
1743.89099979	1.317946
1745.88100004	1.620572
1747.88000011	1.838174
1749.88100004	1.113157
1751.89099979	1.483574
1753.92000008	1.834524
1755.94799972	1.834524
1757.88100004	1.834524
1759.921	1.25673
1761.89400005	1.223462
1763.88199997	1.720304
1765.98099995	1.416585
1767.89099979	1.730707
1769.88100004	1.321269
1771.88100004	1.922785
1773.88199997	1.797784
1775.88000011	1.950154
1777.88100004	1.337276
1779.88100004	1.475189
1781.88100004	1.411901
1783.88100004	1.030477
1785.89999986	0.448887
1787.89099979	1.342154
1789.88499999	1.342154
1791.96199989	1.608429
1793.88399982	1.601215
1795.88100004	1.02567
1797.88199997	1.462522
1799.88100004	1.832051
1801.88100004	1.768948
1803.89099979	1.293195
1805.88100004	1.764077
1807.89400005	1.638156
1809.88000011	1.718555
1811.88100004	1.418973
1813.88199997	1.525914
1815.88100004	1.444605
1817.86999989	1.470729
1819.90100002	1.892588
1821.88100004	1.160338
1823.96099997	1.544919
1825.88000011	1.93868
1827.88100004	1.631407
1829.88100004	1.696737
1831.88100004	1.613437
1833.89199972	1.39505
1835.921	1.787271
1837.88000011	1.607589
1839.89999986	2.196048
1841.87099981	1.654594
1843.88199997	1.544527
1845.89999986	1.866566
1847.88100004	1.307443
1849.88100004	1.549795
1851.94099998	1.17225
1853.88000011	1.127538
1855.93999982	1.070207
1857.89199972	1.294879
1859.88199997	1.547079
1861.88100004	0.797147
1863.89099979	1.609426
1866.17999983	1.55534
1867.88100004	1.578963
1870.13999987	1.356897
1871.88100004	1.21728
1873.88100004	1.562142
1876.1309998	1.606852
1878.13199973	1.591321
1879.88100004	1.72318
1882.1309998	1.369757
1883.89099979	1.004254
1885.88100004	1.484384
1888.12199998	1.143882
1890.13999987	0.014046
1892.1309998	0.594659
1894.1309998	1.249786
1896.12100005	1.25671
1898.171	1.05218
1900.14100003	1.588046
1902.1309998	1.111608
1904.1309998	1.487814
1906.13899994	1.208993
1908.04200006	1.604136
1910.12100005	1.177573
1912.14100003	1.123989
1914.1309998	1.605635
1916.13999987	1.195796
1918.1309998	1.38586
1920.13999987	1.609194
1922.1309998	0.717626
1924.1309998	1.529002
1926.17999983	1.476843
1928.13199973	0.456573
1930.21999979	1.572781
1932.08100009	1.209753
1934.13999987	1.478473
1936.1309998	1.366568
1938.1309998	1.362052
1940.13999987	1.303903
1942.1309998	1.289846
1944.17999983	0.781909
1946.13999987	1.615927
1948.1309998	0.373109
1950.12100005	1.570283
1952.13899994	1.033698
1954.13199973	1.581004
1956.08999991	1.0759
1958.1309998	1.574453
1960.13899994	1.258408
1962.171	1.59968
1964.1309998	1.233347
1966.13999987	0.973262
1968.1309998	1.603805
1970.13999987	1.542177
1972.16100001	1.033187
1974.12199998	1.756088
1976.1309998	1.506947
1978.1309998	1.847289
1980.08100009	1.659983
1982.1309998	1.539996
1984.1309998	1.953418
1986.13999987	1.227526
1988.1309998	1.168357
1990.22799993	0.963619
1992.1309998	1.253435
1994.16100001	1.340499
1996.14100003	1.651194
1998.1309998	0.868848
2000.13999987	1.728296
2002.13199973	0.378069
2004.0539999	1.671782
2006.12100005	1.372415
2008.12999988	0.990407
2010.14100003	0.71829
2012.1309998	1.029845
2014.12999988	1.209637
2016.13999987	1.037846
2018.1309998	1.141812
2020.13999987	1.357855
2022.1309998	1.111933
2024.1309998	0.410726
2026.20099998	1.224622
2028.05900002	1.307463
2030.13999987	0.381052
2032.1309998	1.33055
2034.12999988	0.241192
2036.12100005	1.307096
2038.1309998	1.813584
2040.14100003	1.601746
2042.12100005	1.516343
2044.12100005	0.272738
2046.12199998	1.737101
2048.1309998	1.610648
2050.13999987	1.355263
2052.05199981	1.183342
2054.1309998	1.391799
2056.13999987	1.389404
2058.171	1.355505
2060.12199998	1.574392
2062.12100005	1.530497
2064.1309998	1.041877
2066.13999987	1.252297
2068.13199973	1.704725
2070.13999987	1.609288
2072.1309998	0.780274
2074.13999987	1.979164
2076.08100009	0.970894
2078.1309998	1.905742
2080.12100005	2.151452
2082.1309998	1.374531
2084.13199973	1.374531
2086.13999987	2.283951
2088.1309998	1.853455
2090.17999983	1.853455
2092.1309998	1.141818
2094.13199973	1.713783
2096.2019999	1.46072
2098.1309998	1.993033
2100.13999987	2.457389
2102.12999988	1.565688
2104.40100002	1.530155
2106.13999987	1.530155
2108.18199992	1.16822
2110.40499997	0.813059
2112.12100005	1.121512
2114.13899994	2.094756
2116.40199995	1.963579
2118.40199995	0.616457
2120.42799973	1.473772
2122.38100004	2.065708
2124.41100001	1.142608
2126.40100002	1.492526
2128.40199995	1.058039
2130.38799977	1.605567
2132.45099998	0.178937
2134.40100002	1.032179
2136.4000001	1.398663
2138.41100001	0.82424
2140.37999988	0.82424
2142.40299988	1.537652
2144.44000006	1.171056
2146.40100002	1.089953
2148.41199994	1.403681
2150.40100002	0.855999
2152.40100002	0.015182
2154.37099981	0.99494
2156.44299984	0.877705
2158.40100002	1.589551
2160.37999988	1.573622
2162.41100001	1.001176
2164.41999984	1.26876
2166.40100002	1.26876
2168.41199994	1.435436
2170.38400006	1.346533
2172.4000001	1.294788
2174.40199995	1.261216
2176.37099981	1.429272
2178.4000001	1.548445
2180.44199991	1.412848
2182.40100002	1.375439
2184.37099981	0.766428
2186.40199995	1.451815
2188.40100002	1.249662
2190.40100002	1.113258
2192.46099997	1.47541
2194.40100002	1.521077
2196.40199995	1.452199
2198.40100002	1.688671
2200.40100002	1.890306
2202.40100002	1.74632
2204.45099998	1.763521
2206.66899991	2.116718
2208.37099981	1.730156
2210.41999984	1.737989
2212.40100002	1.788881
2214.38199997	1.789481
2216.41999984	1.232742
2218.37400007	1.408765
2220.38799977	1.703368
2222.41600013	1.135267
2224.40199995	1.434468
2226.37999988	1.801471
2228.45099998	0.984145
2230.40100002	0.461624
2232.4000001	1.500274
2234.44099998	1.513819
2236.38100004	1.264643
2238.37199974	1.650519
2240.41999984	0.463238
2242.39099979	0.463238
2244.40199995	1.684042
2246.41100001	1.882681
2248.40100002	0.047207
2250.37999988	1.521005
2252.44099998	1.871198
2254.37999988	1.19197
2256.40100002	1.19197
2258.421	1.19197
2260.44099998	1.903183
2262.40100002	1.0284
2264.41100001	1.744817
2266.40100002	1.868079
2268.37199974	1.418292
2270.41999984	1.46609
2272.4000001	1.46609
2274.40199995	1.565441
2276.41100001	1.559481
2278.40199995	1.067606
2280.39099979	1.420675
2282.41100001	1.684705
2284.42199993	1.82062
2286.40199995	0.498718
2288.43099999	1.692517
2290.38799977	1.746626
2292.41199994	1.804168
2294.42799973	0.73426
2296.40100002	1.786183
2298.40100002	1.628957
2300.40299988	1.317792
2302.40100002	1.467537
2304.40199995	1.672746
2306.41999984	1.500217
2308.38100004	1.311004
2310.37999988	1.689616
2312.42199993	1.641958
2314.38799977	1.722282
2316.3920002	1.769553
2318.421	0.179609
2320.38899994	1.207774
2322.39599991	1.466967
2324.44099998	1.950748
2326.4000001	1.547284
2328.39099979	2.173474
2330.421	1.446726
2332.40100002	1.394021
2334.40100002	1.163702
2336.40100002	1.599726
2338.40199995	1.412777
2340.40199995	2.19915
2342.41199994	1.288388
2344.40199995	1.476491
2346.37999988	1.866888
2348.6309998	2.145472
2350.40199995	1.892392
2352.40100002	2.036858
2354.44099998	2.257871
2356.44099998	2.387655
2358.37099981	2.121547
2360.64100003	1.4588
2362.65099978	1.453759
2364.40100002	1.453759
2366.65099978	1.505588
2368.6400001	1.40202
2370.64100003	1.490898
2372.6309998	1.372866
2374.65999985	1.210133
2376.64199996	1.475163
2378.58400011	1.512712
2380.64100003	1.555763
2382.65099978	1.36422
2384.62799978	1.551418
2386.64100003	1.453843
2388.6309998	1.171802
2390.62799978	0.92224
2392.63200021	1.823181
2394.70099998	1.35634
2396.64199996	1.354662
2398.65199995	1.644832
2400.64100003	1.165794
2402.56100011	1.481247
2404.65099978	1.873665
2406.64199996	1.873665
2408.75099993	1.52909
2410.64100003	1.492205
2412.6309998	1.669093
2414.64100003	1.523507
2416.65099978	1.163861
2418.65199995	1.428856
2420.64100003	1.48133
2422.65400004	1.433299
2424.65099978	1.338197
2426.62100005	1.558407
2428.64199996	1.491305
2430.64199996	1.510001
2432.64100003	1.863839
2434.64100003	1.378359
2436.64100003	1.724191
2438.62100005	1.809784
2440.64399981	1.884888
2442.65099978	1.336101
2444.6309998	1.399727
2446.64199996	1.221785
2448.65099978	1.04859
2450.62799978	1.557568
2452.65099978	0.940958
2454.64100003	1.032527
2456.65099978	1.215519
2458.65099978	1.175765
2460.64599991	0.947537
2462.65099978	1.543435
2464.68099999	1.33111
2466.64100003	1.673658
2468.6309998	0.739258
2470.62799978	1.531527
2472.65199995	1.16708
2474.56200004	1.468623
2476.6309998	1.046366
2478.64100003	1.539328
2480.64100003	0.644751
2482.64100003	1.781108
2484.64100003	1.781108
2486.6309998	1.783164
2488.65099978	1.192023
2490.64100003	1.769958
2492.62199998	1.783865
2494.6309998	1.304622
2496.64199996	1.102743
2498.60899997	1.772757
2500.64100003	1.104246
2502.64100003	1.201587
2504.64100003	1.34316
2506.65199995	1.040923
2508.65199995	1.260571
2510.64100003	1.399154
2512.65300012	1.204844
2514.64199996	1.175908
2516.6309998	1.550356
2518.64599991	1.332007
2520.65999985	1.652587
2522.61099982	1.095401
2524.65099978	1.279532
2526.64100003	1.651074
2528.63400006	1.606202
2530.64199996	1.160295
2532.62699986	1.240724
2534.64100003	1.365383
2536.65099978	0.328467
2538.62899995	1.401383
2540.64100003	0.847561
2542.69099998	1.647722
2544.6400001	1.035695
2546.58100009	1.034419
2548.6309998	1.276572
2550.64100003	1.215831
2552.6309998	1.168542
2554.64100003	1.365799
2556.65099978	0.940751
2558.69099998	1.589126
2560.64100003	1.350969
2562.65099978	1.515973
2564.64199996	1.242214
2566.6309998	1.207331
2568.65099978	1.61606
2570.61999989	1.340767
2572.65099978	1.476211
2574.64199996	1.36974
2576.63200021	0.461197
2578.65099978	1.290584
2580.62799978	0.994781
2582.6309998	1.00315
2584.64100003	1.511126
2586.65099978	0.965511
2588.6309998	1.167438
2590.67599988	1.015701
2592.65099978	1.213757
2594.88100004	1.183751
2596.65099978	1.163038
2598.64199996	1.288775
2600.88100004	1.588948
2602.64100003	1.45949
2604.65099978	1.197713
2606.88100004	1.197713
2608.83099985	1.260996
2610.6400001	1.034004
2612.90100002	1.034004
2614.64100003	1.034004
2616.65999985	1.034004
2618.90100002	1.342047
2620.89899993	1.342047
2622.90100002	1.342047
2624.88100004	1.179264
2626.93199992	1.174599
2628.90199995	1.541148
2630.88100004	0.646148
2632.80000019	1.444204
2634.90699983	1.372853
2636.8829999	1.792555
2638.89099979	1.031976
2640.921	1.196759
2642.87099981	1.684545
2644.88199997	1.341046
2646.921	1.161617
2648.87099981	0.440304
2650.89899993	1.45533
2652.921	1.45533
2654.89099979	0.237606
2656.84100008	0.841848
2658.93099999	1.237227
2660.88100004	1.329552
2662.89099979	1.414752
2664.921	1.514979
2666.86799979	1.379771
2668.89199972	0.789681
2670.93999982	1.499902
2672.88199997	1.205192
2674.88100004	1.294099
2676.89099979	1.842009
2678.89099979	1.842403
2680.80100012	0.501995
2682.92499995	2.015113
2684.90799975	1.655871
2686.89099979	1.237561
2688.921	1.453807
2690.88000011	2.003582
2692.89999986	2.003582
2694.92199993	2.003582
2696.89099979	1.454995
2698.89099979	2.206539
2700.921	1.125111
2702.921	1.282149
2704.80200005	1.107321
2706.96299982	1.626052
2708.88100004	2.030236
2710.90799975	1.255375
2712.921	1.255375
2714.88100004	1.255375
2716.93099999	1.255375
2718.89199972	1.255375
2720.89999986	1.471171
2722.88100004	1.353216
2724.90799975	1.148137
2726.93099999	1.421152
2728.79899979	1.374265
2730.93999982	1.454297
2732.89099979	1.219777
2734.88100004	2.300413
2736.93199992	1.180839
2738.90400004	1.968864
2740.90100002	0.083357
2742.92199993	1.697264
2744.88199997	1.849082
2746.88199997	1.163224
2748.89199972	2.059836
2750.90899992	0.830204
2752.87899995	2.637567
2754.921	0.122079
2756.89199972	1.222826
2758.93199992	0.640269
2760.921	1.121307
2762.90199995	1.217931
2764.88000011	1.965623
2766.921	1.20467
2768.88100004	1.345108
2770.90799975	1.979722
2772.93099999	1.678082
2774.88100004	1.763945
2776.82799983	1.720285
2778.92299986	1.508902
2780.88100004	1.7748
2782.88100004	1.716239
2784.90799975	1.768478
2786.90199995	1.843324
2788.89099979	1.831435
2790.91300011	1.574419
2792.90100002	0.823312
2794.88199997	1.690608
2796.921	0.412834
2798.90199995	1.828612
2800.88199997	1.650531
2802.96099997	1.536821
2804.88199997	1.942822
2806.88100004	1.831412
2808.921	2.137265
2810.88100004	1.973009
2812.90100002	1.95764
2814.93999982	1.493192
2816.88100004	2.051181
2818.89099979	1.307592
2820.90899992	1.222783
2822.89099979	1.104137
2824.88100004	1.748791
2826.93099999	1.658556
2828.89099979	1.361165
2830.89999986	0.462602
2832.90199995	1.539181
2834.90100002	1.775442
2837.13199973	1.45298
2838.96199989	1.996488
2840.90799975	1.575301
2842.88100004	1.617803
2844.89999986	1.931428
2846.87199998	1.907814
2848.89700007	1.366083
2850.93999982	1.31707
2852.89099979	1.06548
2854.89099979	0.559568
2856.921	0.903008
2858.88000011	1.958411
2860.88100004	1.909872
2863.1309998	1.527591
2865.04200006	1.370758
2867.16199994	1.980234
2869.13199973	1.831575
2871.13999987	1.73565
2873.16100001	1.67002
2875.13999987	1.964733
2877.171	1.804956
2879.171	1.831022
2881.13999987	0.923801
2883.16100001	1.75538
2885.13999987	2.113743
2887.14100003	1.558188
2889.171	1.406418
2891.13999987	1.9931
2893.171	2.178593
2895.13999987	1.580233
2897.17000008	1.256402
2899.1309998	2.110145
2901.16000009	0.012236
2903.171	1.511798
2905.14799976	2.032844
2907.13199973	0.695941
2909.14799976	2.115251
2911.16199994	2.211472
2913.1730001	1.282004
2915.16100001	1.365754
2917.16199994	1.7531
2919.16100001	1.664033
2921.171	1.849873
2923.1309998	1.795764
2925.13999987	1.658294
2927.1309998	1.72274
2929.13199973	1.90096
2931.13999987	1.095094
2933.16100001	1.589618
2935.13999987	0.18531
2937.14100003	1.277032
2939.1309998	1.22322
2941.22799993	1.3459
2943.171	1.3459
2945.13999987	1.3459
2947.1309998	1.3459
2949.16100001	1.3459
2951.1309998	1.3459
2953.1309998	1.3459
2955.13999987	1.3459
2957.16100001	1.3459
2959.1309998	1.770235
2961.16899991	1.811478
2963.14199996	1.834587
2965.16100001	1.303009
2967.12199998	1.699219
2969.13999987	0.775443
2971.12199998	1.771407
2973.17199993	1.553251
2975.13999987	1.764234
2977.16100001	1.477778
2979.171	1.858344
2981.13999987	0.35886
2983.13899994	1.826852
2985.16199994	1.595749
2987.16100001	1.657792
2989.1309998	1.367472
2991.14799976	1.758675
2993.16100001	0.511555
2995.12100005	1.126561
2997.1309998	1.759613
2999.13199973	1.53539
3001.14100003	1.810447
3003.17199993	1.899524
3005.13999987	1.744894
3007.13899994	1.748577
3009.12100005	0.809201
3011.13999987	2.10142
3013.1309998	1.531809
3015.13999987	1.191664
3017.16100001	1.389115
3019.13199973	1.541755
3021.14100003	1.075538
3023.17199993	1.954655
3025.13999987	1.810641
3027.13199973	1.490515
3029.16100001	2.055727
3031.13999987	1.670162
3033.16100001	1.643643
3035.13999987	0.017229
3037.12599993	1.596877
3039.13999987	1.849442
3041.17199993	1.586881
3043.13199973	1.830624
3045.14100003	1.451483
3047.12199998	1.319435
3049.12100005	0.023198
3051.14400005	1.321262
3053.12199998	1.275983
3055.1170001	1.500947
3057.11199999	1.442283
3059.1309998	1.483806
3061.12100005	1.378436
3063.17199993	2.002
3065.12199998	1.820311
3067.1309998	1.643122
3069.1309998	1.524648
3071.14100003	2.001388
3073.16100001	0.872068
3075.12100005	1.277775
3077.1309998	1.68747
3079.13800001	1.301798
3081.14100003	1.443553
3083.16199994	1.214646
3085.13999987	0.482446
3087.1309998	1.529003
3089.13999987	1.516009
3091.13700008	0.582159
3093.1309998	1.277871
3095.13999987	0.017907
3097.1309998	1.35465
3099.16100001	1.625981
3101.40100002	1.350311
3103.13199973	1.767194
3105.13999987	1.839558
3107.16100001	1.348608
3109.40100002	0.598598
3111.38799977	1.154811
3113.41199994	1.629519
3115.38799977	1.618269
3117.38100004	1.640723
3119.40100002	0.104836
3121.38100004	1.159663
3123.41199994	1.189243
3125.40199995	1.749366
3127.30100012	1.920811
3129.38100004	1.612451
3131.40100002	1.794685
3133.42599988	1.231261
3135.41999984	2.052333
3137.40100002	1.348607
3139.40100002	1.758934
3141.40100002	1.48943
3143.4599998	0.061339
3145.38799977	1.152394
3147.38199997	0.834114
3149.40199995	1.291195
3151.32399988	1.362652
3153.37199974	1.292822
3155.40499997	1.453635
3157.41199994	1.36217
3159.38100004	1.193722
3161.41999984	1.544963
3163.40100002	1.574979
3165.38799977	1.995948
3167.40199995	1.558963
3169.38100004	0.443013
3171.38799977	0.352276
3173.40100002	1.832616
3175.30799985	1.865591
3177.41100001	1.455068
3179.40100002	1.374928
3181.38799977	0.061715
3183.38100004	1.779718
3185.40100002	1.621331
3187.40100002	1.391211
3189.38199997	1.410993
3191.40100002	2.187572
3193.38100004	2.161714
3195.38899994	1.230447
3197.40100002	1.264361
3199.36100006	1.253275
3201.40100002	1.451951
3203.4519999	1.328289
3205.46299982	0.98527
3207.38100004	1.580917
3209.40100002	1.16685
3211.41100001	1.239959
3213.40100002	1.68585
3215.41999984	1.87753
3217.40100002	1.103936
3219.38799977	1.203758
3221.4000001	2.014388
3223.30100012	1.369201
3225.38799977	1.885889
3227.41199994	0.818919
3229.41100001	1.015511
3231.38899994	0.813424
3233.44099998	1.204388
3235.38799977	1.047662
3237.37999988	1.125493
3239.46199989	0.488907
3241.38799977	0.703113
3243.40100002	1.000482
3245.41999984	1.188198
3247.31200004	1.426818
3249.40100002	0.197103
3251.40399981	1.305817
3253.38199997	1.648456
3255.38699985	1.815611
3257.40100002	1.815611
3259.38799977	1.208767
3261.41100001	1.483237
3263.41100001	1.789707
3265.40100002	1.789707
3267.38100004	0.993492
3269.41100001	1.799092
3271.30900002	1.510535
3273.39099979	1.679991
3275.46799994	0.019989
3277.40100002	1.627488
3279.41100001	0.970509
3281.40100002	1.268292
3283.41100001	1.476333
3285.38799977	1.49604
3287.44099998	1.583207
3289.38799977	0.72078
3291.38100004	0.945827
3293.40100002	1.143851
3295.34799981	1.891244
3297.37999988	1.891244
3299.40100002	1.911862
3301.40100002	1.101045
3303.38100004	1.892405
3305.41999984	1.208683
3307.41100001	1.236463
3309.4000001	1.573274
3311.40100002	0.827227
3313.41100001	1.243596
3315.38799977	1.141689
3317.4000001	1.347058
3319.37999988	0.442246
3321.38799977	1.495959
3323.41400003	1.067995
3325.4059999	1.419948
3327.4000001	0.659945
3329.40199995	1.491021
3331.38199997	0.896663
3333.38100004	1.282788
3335.44199991	1.273975
3337.40100002	0.073646
3339.38100004	1.181217
3341.41999984	1.126955
3343.38100004	0.934097
3345.38799977	1.392152
3347.40100002	1.432074
3349.4000001	1.460952
3351.38799977	1.460952
3353.6309998	1.460952
3355.38799977	1.484257
3357.63200021	1.186366
3359.62999988	1.570885
3361.40100002	1.404875
3363.6309998	1.068476
3365.6309998	1.744152
3367.6309998	1.17691
3369.6309998	1.148837
3371.6400001	1.722294
3373.62999988	1.722294
3375.6309998	1.722294
3377.72099996	1.722294
3379.62100005	1.722294
3381.6309998	1.493733
3383.6309998	1.109826
3385.64100003	1.701297
3387.64100003	1.583546
3389.6309998	1.741037
3391.63899994	1.558321
3393.64100003	1.305154
3395.63200021	1.094925
3397.6309998	1.516008
3399.64100003	1.628477
3401.63200021	1.795897
3403.6309998	0.282793
3405.64100003	2.080996
3407.63200021	1.804785
3409.66899991	0.13227
3411.6309998	1.991512
3413.63800001	1.227144
3415.63200021	1.838674
3417.6400001	1.86091
3419.64100003	1.499617
3421.64100003	1.162427
3423.62100005	1.215113
3425.64100003	1.765468
3427.62100005	1.386401
3429.64100003	1.591711
3431.6400001	1.591711
3433.6309998	1.213098
3435.6309998	1.492139
3437.64100003	1.66112
3439.64100003	1.66112
3441.68099999	1.66112
3443.6309998	1.66112
3445.6309998	1.66112
3447.64100003	1.66112
3449.62799978	1.66112
3451.6309998	1.66112
3453.64100003	0.955823
3455.64100003	1.525824
3457.63200021	1.641698
3459.65099978	1.641698
3461.64100003	2.193727
3463.6400001	2.166825
3465.64100003	0.879684
3467.6309998	1.76169
3469.64100003	1.77153
3471.65099978	1.824215
3473.73199987	1.663356
3475.64100003	2.497756
3477.64100003	1.205873
3479.64100003	2.252755
3481.6309998	1.536174
3483.6309998	2.358893
3485.6400001	2.319731
3487.625	1.586544
3489.6309998	1.586544
3491.62100005	1.586544
3493.62999988	2.16785
3495.64100003	1.905475
3497.62999988	2.355678
3499.64100003	1.052446
3501.6309998	1.725995
3503.64100003	2.081474
3505.69999981	2.081474
3507.6309998	2.081474
3509.63200021	2.081474
3511.64100003	0.880345
3513.6309998	0.880345
3515.64199996	1.753003
3517.6309998	1.097947
3519.64100003	1.797149
3521.6309998	2.140725
3523.6309998	2.390121
3525.64199996	2.140918
3527.62999988	0.988999
3529.6309998	1.496264
3531.6309998	1.809048
3533.6309998	1.36093
3535.64100003	1.333325
3537.68099999	0.198952
3539.6309998	1.626906
3541.6309998	1.655467
3543.648	1.655467
3545.6400001	1.655467
3547.6309998	1.161889
3549.64100003	1.161889
3551.6309998	1.274672
3553.6309998	1.290289
3555.64100003	1.22121
3557.6309998	1.133458
3559.6400001	1.319149
3561.63499999	1.158117
3563.6309998	1.411721
3565.64100003	0.953291
3567.64100003	0.953291
3569.73099995	1.498793
3571.6400001	1.409816
3573.64100003	1.229022
3575.64100003	0.834132
3577.6309998	1.178599
3579.64100003	1.67032
3581.63200021	1.152677
3583.6309998	1.36226
3585.64599991	1.563951
3587.64199996	1.551854
3589.6400001	1.907211
3591.64100003	1.637005
3593.6309998	2.012252
3595.64100003	1.401222
3597.64100003	1.41817
3599.64199996	1.660013
3601.69099998	1.074215
3603.6309998	2.051126
3605.88199997	1.801727
3607.88899994	1.826411
3609.921	1.438261
3611.921	0.143204
3613.88100004	1.369652
3615.95599985	1.31226
3617.88100004	1.777696
3619.88100004	1.831065
3621.81999993	2.295511
3623.88199997	2.443934
3625.88199997	2.042141
3627.921	2.242784
3629.8829999	1.991445
3631.88499999	1.991445
3633.92199993	1.392094
3635.88100004	1.296362
3637.88100004	1.889611
3639.93999982	1.811125
3641.88100004	0.930849
3643.93099999	1.253116
3645.82799983	1.643387
3647.88100004	1.33521
3649.88100004	1.756509
3651.93000007	1.866781
3653.88000011	1.869156
3655.88100004	1.9642
3657.93099999	1.392642
3659.88100004	2.01375
3661.88000011	1.063111
3663.921	0.6908
3665.88100004	1.540483
3667.88199997	1.956704
3669.80800009	1.346236
3671.93999982	1.852547
3673.88100004	0.012544
3675.97999978	1.646615
3677.8829999	1.300624
3679.88100004	0.904543
3681.93099999	0.577492
3683.88199997	1.668105
3685.88100004	1.515576
3687.8499999	0.841767
3689.88100004	1.394752
3691.88199997	1.591605
3693.83200002	1.760766
3695.88100004	1.771731
3697.88100004	0.988561
3699.94099998	1.630691
3701.88199997	1.892155
3703.88100004	1.926979
3705.94099998	1.856839
3707.93099999	1.969819
3709.88100004	0.718564
3711.96099997	1.683297
3713.88100004	1.668188
3715.88199997	1.24952
3717.93099999	1.843266
3719.88199997	1.11688
3721.88199997	1.695989
3723.92199993	1.483185
3725.88199997	1.445278
3727.921	1.832582
3729.93199992	1.076314
3731.88000011	1.225496
3733.88000011	2.428335
3735.921	1.862402
3737.88100004	1.600047
3739.93999982	1.023294
3741.81900001	1.30942
3743.88100004	1.691866
3745.88100004	1.092036
3747.921	1.187235
3750.08200002	1.427427
3751.89199972	1.923669
3753.93099999	2.196777
3755.88199997	0.229681
3757.90299988	2.394874
3759.94799972	1.851381
3761.88199997	1.535994
3763.89499998	0.111114
3765.921	0.022304
3767.88100004	1.708646
3769.88100004	1.444066
3771.97099996	0.184416
3773.88100004	0.643962
3775.88100004	1.222303
3777.96199989	2.099789
3779.88100004	0.713109
3781.88100004	2.078722
3783.91200018	1.230054
3785.88199997	1.891885
3787.88100004	0.029555
3789.90899992	1.797375
3791.88100004	1.438854
3793.88100004	1.764503
3795.90799975	0.623628
3797.88100004	1.368292
3799.88000011	1.618983
3801.93099999	1.412093
3803.96099997	2.010014
3805.88100004	2.142447
3807.97199988	2.123195
3809.88000011	2.234425
3811.88000011	2.021386
3813.93000007	1.91483
3815.94299984	1.261145
3817.89099979	1.864534
3819.93999982	2.177845
3821.88100004	1.126338
3823.88100004	1.441479
3825.93999982	1.76262
3827.88100004	1.918105
3829.88000011	1.624895
3831.93099999	1.652698
3833.89099979	2.139211
3835.90899992	1.515271
3838.28200006	0.523043
3840.62100005	1.650297
3842.93199992	0.06782
3845.04200006	1.442063
3847.26199985	1.359183
3849.70799994	1.694014
3851.28200006	2.162331
3852.73099995	2.078748
3854.06100011	1.977425
3855.96199989	1.837953
3857.88100004	1.078827
3860.14100003	1.327794
3861.954	1.397323
3864.16199994	1.634832
3865.93999982	1.67943
3868.13800001	1.971434
3870.13999987	1.96638
3872.12999988	2.308729
3874.13199973	2.237031
3876.06799984	1.394143
3878.171	1.890457
3880.13899994	1.770012
3882.21099997	1.748136
3884.13999987	1.670013
3886.12999988	1.369666
3888.1309998	1.589881
3890.12100005	1.766925
3892.1309998	0.253472
3894.1309998	1.683447
3896.13999987	1.721545
3898.1309998	0.493974
3900.12100005	1.366477
3902.1309998	1.235178
3904.1309998	1.895777
3906.13899994	1.967708
3908.1309998	1.740728
3910.16000009	1.918371
3912.13300014	1.688273
3914.21000004	1.33859
3916.13999987	1.364499
3918.12999988	1.5832
3920.13999987	1.498842
3922.1309998	0.032053
3924.05099988	1.525327
3926.14299989	1.890537
3928.1309998	1.813596
3930.13899994	1.848868
3932.1309998	1.448532
3934.13999987	1.949162
3936.1309998	2.083825
3938.1309998	0.804648
3940.13899994	0.946946
3942.18099999	1.694057
3944.1309998	1.28682
3946.13999987	1.63779
3948.079	1.663027
3950.13999987	0.27723
3952.12100005	1.239805
3954.15099978	1.127591
3956.14299989	1.456383
3958.1309998	1.456383
3960.13999987	1.442277
3962.1309998	1.725515
3964.1309998	1.179295
3966.14100003	1.572294
3968.1309998	1.750582
3970.13999987	1.810748
3972.06200004	1.617392
3974.18099999	1.431135
3976.13999987	1.431135
3978.1309998	1.453814
3980.14799976	2.157213
3982.1309998	2.128623
3984.12999988	1.307118
3986.13999987	2.131199
3988.1309998	1.80452
3990.12100005	2.122447
3992.1309998	2.122447
3994.12999988	1.812947
3996.12199998	1.812947
3998.12999988	1.085125
4000.13999987	1.574688
4002.1309998	0.649975
4004.1309998	2.011758
4006.16100001	0.854402
4008.1309998	1.981889
4010.21999979	1.981889
4012.1309998	1.145765
4014.1309998	1.612352
4016.13899994	1.546054
4018.12999988	1.389796
4020.08000016	1.389796
4022.1309998	1.15261
4024.13199973	1.142106
4026.13999987	1.641393
4028.13199973	1.689275
4030.13999987	0.500273
4032.12999988	1.669418
4034.13999987	1.669418
4036.1309998	1.338811
4038.171	1.650634
4040.16199994	1.744332
4042.13199973	1.509563
4044.12100005	1.876625
4046.12999988	1.876625
4048.12999988	1.876625
4050.13999987	1.876625
4052.1309998	1.352878
4054.1309998	1.189004
4056.13899994	1.585677
4058.12999988	1.675677
4060.13999987	1.569523
4062.1309998	1.358992
4064.12999988	1.358992
4066.12000012	1.595227
4068.1309998	1.291433
4070.1869998	1.942182
4072.1309998	1.741508
4074.12100005	1.382056
4076.12999988	1.689482
4078.1309998	1.45005
4080.13999987	1.45005
4082.171	1.159267
4084.12100005	1.946424
4086.13999987	1.831377
4088.13199973	1.91926
4090.40100002	1.63937
4092.11899996	1.63937
4094.43099999	1.12019
4096.13999987	1.195066
4098.1309998	1.383155
4100.4599998	0.794903
4102.38100004	1.623524
4104.37099981	1.224256
4106.43099999	1.183529
4108.4000001	1.649568
4110.4000001	1.649568
4112.45099998	1.276749
4114.38899994	1.301159
4116.45000005	1.67754
4118.44099998	1.256245
4120.40100002	1.549838
4122.37999988	1.277889
4124.4599998	1.571024
4126.40100002	1.940526
4128.39099979	1.378124
4130.43099999	0.184244
4132.40100002	0.907222
4134.37999988	1.615877
4136.44099998	1.645273
4138.40100002	1.233165
4140.38799977	1.447676
4142.43099999	1.447676
4144.41100001	1.787263
4146.40199995	1.176083
4148.45099998	1.876062
4150.40100002	1.360403
4152.40100002	0.933364
4154.45099998	1.657088
4156.39899993	1.657088
4158.4000001	1.657088
4160.42799973	1.657088
4162.40100002	1.3591
4164.38799977	0.839289
4166.45000005	1.913735
4168.37199974	1.114566
4170.40100002	1.014226
4172.41100001	1.480043
4174.4000001	0.384986
4176.44099998	1.894048
4178.43099999	1.283349
4180.44000006	1.60797
4182.40100002	1.756667
4184.43099999	1.524689
4186.38799977	1.758317
4188.4000001	1.469008
4190.43000007	1.580211
4192.40100002	1.550594
4194.92499995	1.975064
4196.24099994	0.013227
4198.38100004	1.92741
4200.40100002	1.336108
4202.43200016	1.438995
4204.39099979	2.171446
4206.40100002	1.329787
4208.4519999	0.754588
4210.48199987	1.627266
4212.44099998	1.490231
4214.44099998	1.770657
4216.4059999	1.130498
4218.41100001	1.76198
4220.4599998	1.30034
4222.39099979	1.614866
4224.40199995	1.772792
4226.43099999	1.646113
4228.40100002	1.043087
4230.38100004	0.708506
4232.421	1.438686
4234.40100002	1.362788
4236.38100004	1.09738
4238.44099998	1.756927
4240.40100002	1.925678
4242.40100002	0.540954
4244.4599998	1.245071
4246.40299988	1.305946
4248.4000001	1.212466
4250.43099999	2.022692
4252.41100001	0.873252
4254.39099979	1.786085
4256.92000008	1.900288
4258.38899994	0.77795
4260.68099999	0.070848
4262.45099998	1.85499
4264.40100002	1.692589
4266.41999984	1.191062
4268.44199991	1.940469
4270.38799977	1.509104
4272.41100001	1.336509
4274.41999984	1.293195
4276.41100001	1.523813
4278.38499999	1.552675
4280.46799994	2.023936
4282.41100001	1.529937
4284.40100002	1.232108
4286.44099998	1.396071
4288.4000001	1.612085
4290.40100002	1.612085
4292.44099998	0.318496
4294.40100002	0.444991
4296.40100002	0.88845
4298.43099999	1.924179
4300.38799977	1.416608
4302.4000001	1.199984
4304.44099998	1.460477
4306.38100004	1.430931
4308.41100001	1.456473
4310.44099998	1.506196
4312.40100002	1.372415
4314.40199995	1.833461
4316.44199991	1.487941
4318.39099979	1.793262
4320.38799977	1.788157
4322.46099997	1.751534
4324.38799977	1.10392
4326.38100004	1.973534
4328.6309998	1.148582
4330.4000001	0.047561
4332.38999987	1.491434
4334.47099996	1.544411
4336.41999984	2.080054
4338.4000001	0.603413
4340.64100003	1.84773
4342.6400001	0.526419
4344.64999986	1.433266
4346.64100003	1.406269
4348.4000001	1.163506
4350.4000001	1.66553
4352.43099999	1.503955
4354.38799977	1.439224
4356.66100001	2.045085
4358.6309998	1.22768
4360.64100003	1.90143
4362.64999986	1.600385
4364.64100003	2.264133
4366.64999986	1.113451
4368.6309998	1.113451
4370.60399985	1.215566
4372.6309998	1.342693
4374.65099978	1.342693
4376.6400001	1.342693
4378.68099999	1.342693
4380.64100003	1.003594
4382.64999986	1.360637
4384.64100003	1.60128
4386.6309998	1.600362
4388.61999989	1.224305
4390.64100003	1.159244
4392.64999986	1.588698
4394.59700012	1.485183
4396.6400001	1.402178
4398.64999986	0.981067
4400.6400001	1.777618
4402.64999986	1.664865
4404.64100003	1.389297
4406.62999988	1.592424
4408.64999986	1.592424
4410.65999985	1.592424
4412.62999988	1.615572
4414.66799974	1.455856
4416.64999986	1.58061
4418.6309998	1.563025
4420.64100003	1.444949
4422.65099978	1.556575
4424.6400001	0.083248
4426.64999986	1.881786
4428.65099978	2.041443
4430.64100003	1.318417
4432.6309998	0.460506
4434.64100003	1.688404
4436.6309998	1.788265
4438.65099978	1.788265
4440.64199996	2.043656
4442.64100003	1.253714
4444.64100003	0.730591
4446.68099999	1.676982
4448.6309998	1.229999
4450.64199996	1.261381
4452.65099978	2.293733
4454.64199996	2.293733
4456.65400004	1.140046
4458.69199991	1.353691
4460.64100003	2.038554
4462.65099978	1.181134
4464.6309998	1.274061
4466.62799978	1.482073
4468.63200021	1.561074
4470.64199996	0.375516
4472.62100005	1.26732
4474.64199996	1.326486
4476.64100003	1.014831
4478.66100001	1.317311
4480.64199996	2.093823
4482.65099978	1.62322
4484.64199996	1.792038
4486.65499997	1.572841
4488.65199995	1.193173
4490.62799978	1.821932
4492.66499996	0.546245
4494.64100003	1.419298
4496.6309998	1.639847
4498.65199995	0.956092
4500.64199996	1.446016
4502.6309998	1.219075
4504.65099978	2.124462
4506.66299987	1.311141
4508.6309998	2.052359
4510.68199992	1.779622
4512.68199992	1.306744
4514.59599972	1.971136
4516.65099978	1.971136
4518.64100003	1.971136
4520.64199996	1.794631
4522.6309998	1.948457
4524.64100003	1.20567
4526.6309998	0.99072
4528.65099978	0.99072
4530.64100003	1.863137
4532.61999989	1.104889
4534.65400004	1.104889
4536.64100003	1.104889
4538.63800001	1.104889
4540.64100003	1.201915
4542.68099999	1.834318
4544.64100003	1.834318
4546.64100003	1.834318
4548.65099978	1.448704
4550.64899993	1.378995
4552.65099978	1.564488
4554.64100003	1.887023
4556.6309998	1.159482
4558.68099999	0.666708
4560.64100003	1.472735
4562.60500002	1.770831
4564.64199996	1.652692
4566.68199992	1.934853
4568.63200021	1.916196
4570.64199996	1.71646
4572.65099978	1.339552
4574.66899991	1.634903
4576.63200021	1.567607
4578.65099978	1.689095
4580.64100003	1.797576
4582.65099978	1.509737
4584.64100003	1.540008
4586.62100005	1.53709
4588.65199995	1.355111
4590.64100003	1.901486
4592.6309998	1.901486
4594.64100003	1.48945
4596.91400003	1.254306
4598.90100002	1.291796
4600.83599973	1.514927
4602.92399979	1.514927
4604.93999982	1.244301
4606.74299979	1.196746
4608.921	1.288876
4610.88399982	1.540194
4612.90100002	1.574001
4614.94799972	1.451025
4616.90100002	1.35645
4618.88199997	1.272014
4620.88199997	1.258824
4622.88100004	1.89414
4624.80900002	2.04948
4626.88000011	1.343064
4628.921	1.995672
4630.88399982	0.504196
4632.921	0.526266
4634.89999986	1.063537
4636.88100004	1.739045
4638.88100004	1.760874
4640.88199997	1.650793
4642.89999986	1.489966
4644.92199993	1.878742
4646.88100004	1.645868
4648.89099979	1.515459
4650.921	0.616134
4652.88199997	1.911534
4654.88100004	1.210353
4656.921	1.210353
4658.88100004	1.210353
4660.90400004	1.542262
4662.921	1.644075
4664.88199997	1.180177
4666.86799979	0.647411
4668.921	0.398909
4670.88100004	1.491475
4672.8210001	1.263371
4674.921	1.29717
4676.8829999	0.885821
4678.93099999	1.943038
4680.96099997	1.952098
4682.90199995	1.932732
4684.921	1.357681
4686.921	1.476433
4688.88199997	1.197667
4690.88100004	1.37302
4692.921	1.515087
4694.88100004	1.6744
4696.81900001	1.6744
4698.921	1.6744
4700.88100004	1.6744
4702.88100004	1.6744
4704.921	1.6744
4706.93099999	1.6744
4708.89099979	1.6744
4710.921	2.120271
4712.90100002	1.443577
4714.88199997	2.176334
4716.89099979	2.176334
4718.88100004	2.176334
4720.83700013	1.195978
4722.98099995	1.195978
4724.92199993	1.329148
4726.89199972	1.352483
4728.91499996	1.760065
4730.86999989	0.437052
4732.87899995	0.437052
4734.86899996	0.790252
4736.88100004	0.76489
4738.88100004	1.038114
4740.94799972	1.418893
4742.88100004	1.642822
4744.81999993	1.181979
4746.88199997	1.138753
4748.88199997	1.168905
4750.88100004	1.056978
4752.96099997	1.428522
4754.88100004	1.7542
4756.921	1.551812
4758.92199993	1.473271
4760.88100004	1.622817
4762.88199997	1.706057
4764.88499999	1.327534
4766.88100004	1.111389
4768.81299996	1.663077
4770.90699983	2.152335
4772.88100004	0.970945
4774.88000011	1.749569
4776.93899989	1.251068
4778.88899994	1.720636
4780.88100004	1.549308
4782.89099979	1.502009
4784.921	1.502009
4786.92199993	1.914744
4788.88199997	1.63939
4790.921	1.173417
4792.88100004	1.502635
4794.92199993	1.585926
4796.88499999	1.604048
4798.82200003	1.260835
4800.88199997	0.032746
4802.92199993	1.865381
4804.93999982	1.912051
4806.921	1.722271
4808.90299988	2.027614
4810.88199997	2.059284
4812.93099999	1.738785
4814.921	1.94648
4816.88100004	0.946025
4818.98099995	1.570244
4820.90799975	1.522601
4822.93099999	1.707698
4824.88000011	1.576885
4826.921	1.762417
4828.88399982	1.762417
4830.98699999	1.360456
4832.88100004	2.311933
4834.88499999	0.077491
4836.93199992	2.292103
4838.88199997	2.013631
4840.921	1.274749
4843.1309998	0.685484
4844.921	2.207394
4846.89099979	0.92995
4848.88199997	1.496141
4850.88199997	1.101443
4853.16199994	1.604366
4855.13999987	1.645275
4857.16100001	1.531134
4859.14899993	1.051613
4861.24000001	1.440964
4863.16199994	1.259315
4865.16100001	1.891477
4867.1309998	1.508841
4869.13999987	1.415858
4871.16599989	1.575749
4873.13199973	1.279409
4875.16199994	1.770675
4877.13199973	1.64338
4879.13999987	1.529286
4881.1309998	1.574265
4883.16100001	1.658468
4885.13999987	1.733087
4887.171	1.410619
4889.16100001	1.410619
4891.13999987	1.566457
4893.14299989	1.75748
4895.13999987	1.75748
4897.1309998	1.419034
4899.16100001	1.919205
4901.13999987	1.910121
4903.16100001	1.357799
4905.13899994	0.415849
4907.16100001	0.82811
4909.13999987	2.448751
4911.14699984	2.165339
4913.15099978	0.986572
4915.15099978	1.965468
4917.16100001	1.481285
4919.171	1.635788
4921.13999987	0.069114
4923.16199994	1.767145
4925.13999987	1.714723
4927.171	1.332882
4929.17199993	1.654005
4931.14899993	1.519947
4933.12000012	1.433875
4935.13999987	1.478564
4937.16100001	1.538337
4939.14100003	1.239681
4941.1309998	1.167453
4943.16499996	1.371703
4945.16199994	1.580625
4947.14100003	1.475858
4949.16100001	1.784113
4951.13999987	1.621876
4953.16199994	1.389269
4955.16100001	2.096031
4957.1309998	2.217597
4959.13999987	1.0768
4961.17199993	1.420006
4963.16100001	1.867944
4965.13999987	1.164635
4967.16199994	1.11463
4969.1309998	1.750909
4971.13999987	1.23132
4973.15099978	1.23132
4975.14100003	1.848995
4977.13199973	0.940443
4979.16299987	0.224734
4981.22199988	1.724348
4983.16199994	1.272548
4985.16199994	0.731857
4987.13199973	1.003363
4989.13899994	1.962244
4991.13999987	1.60682
4993.17199993	1.414205
4995.13999987	2.051225
4997.171	1.556942
4999.16100001	1.993861
5001.13899994	1.435262
5003.16100001	1.751605
5005.16100001	1.751605
5007.171	0.807971
5009.171	2.120212
5011.16100001	1.384203
5013.171	0.566386
5015.13999987	0.717693
5017.1309998	1.131929
5019.17999983	1.474575
5021.16100001	1.457608
5023.1309998	1.457608
5025.13999987	1.805869
5027.171	1.166847
5029.1309998	1.27784
5031.14799976	1.414853
5033.1309998	0.591448
5035.14799976	1.941099
5037.16100001	1.538109
5039.16100001	1.923495
5041.171	0.754371
5043.13999987	1.079846
5045.13999987	1.452896
5047.171	0.911669
5049.16100001	1.389469
5051.13999987	1.132606
5053.16100001	1.202588
5055.13999987	1.283474
5057.16499996	1.45121
5059.17199993	1.319884
5061.13999987	1.362646
5063.16100001	1.531814
5065.14100003	1.398719
5067.16100001	1.25113
5069.16000009	1.360921
5071.14899993	0.755051
5073.171	1.307374
5075.16100001	0.791111
5077.1309998	1.253973
5079.12100005	1.606041
5081.13999987	1.60801
5083.13300014	1.216062
5085.16100001	1.740355
5087.171	1.318868
5089.16100001	1.77319
5091.40100002	1.581631
5093.1309998	1.093097
5095.32500005	1.270817
5097.41199994	1.889678
5099.23099995	1.923509
5101.38100004	1.810821
5103.16100001	1.69146
5105.44099998	1.69146
5107.39099979	1.353579
5109.38799977	1.39534
5111.40100002	1.803476
5113.37999988	1.9474
5115.39099979	1.834288
5117.44099998	1.640756
5119.35099983	1.365402
5121.37999988	1.168401
5123.38100004	1.626438
5125.38899994	1.712749
5127.2650001	0.833293
5129.45099998	1.243052
5131.38799977	1.838626
5133.41100001	1.076409
5135.38799977	1.793446
5137.39099979	1.488355
5139.38100004	1.68061
5141.40100002	1.749905
5143.41100001	2.034683
5145.39599991	0.994467
5147.38100004	1.089935
5149.39099979	0.499537
5151.37999988	1.118148
5153.38100004	0.465464
5155.40199995	1.659633
5157.3920002	1.326551
5159.38100004	1.670128
5161.38899994	1.378059
5163.33299994	1.775014
5165.86799979	0.862015
5167.37999988	1.477367
5169.38899994	0.795821
5171.38100004	1.162232
5173.38199997	1.628831
5175.39099979	1.376297
5177.38199997	1.414868
5179.38799977	1.606468
5181.38100004	2.048075
5183.38199997	0.060676
5185.39099979	1.319682
5187.39400005	1.033046
5189.41100001	1.636652
5191.30799985	1.159951
5193.41100001	1.247471
5195.44099998	1.565174
5197.37999988	1.565174
5199.39099979	1.565174
5201.4599998	1.188602
5203.39099979	1.268395
5205.38799977	1.454515
5207.38100004	1.46632
5209.38199997	1.292422
5211.38799977	0.12925
5213.44099998	1.040226
5215.56399989	1.252525
5217.3210001	1.17933
5219.44099998	1.17933
5221.41100001	1.17933
5223.38100004	1.256101
5225.40100002	1.203212
5227.40100002	1.389887
5229.38899994	1.546003
5231.38100004	1.451359
5233.40100002	0.303997
5235.38999987	1.345706
5237.40100002	1.345706
5239.32399988	0.790697
5241.39099979	1.818953
5243.38100004	1.551699
5245.41999984	1.334107
5247.38400006	1.334107
5249.38699985	1.219018
5251.38100004	1.219018
5253.39099979	1.219018
5255.4000001	0.012811
5258.30999994	0.056387
5259.62799978	0.130459
5261.39099979	0.190397
5263.38999987	0.293229
5265.40100002	0.308382
5267.38100004	0.418244
5269.63400006	0.788792
5271.38899994	0.697235
5273.38100004	0.778775
5275.38799977	0.685152
5277.41199994	1.177384
5279.38799977	1.310708
5281.38100004	0.800456
5283.3920002	0.941977
5285.38799977	0.96176
5287.40100002	1.617536
5289.38799977	1.481149
5291.38100004	1.265371
5293.41100001	0.299172
5295.38799977	1.254431
5297.38199997	1.322494
5299.38799977	1.165657
5301.41100001	0.76885
5303.38199997	1.489903
5305.3920002	1.1981
5307.37999988	1.375419
5309.44099998	1.282298
5311.40899992	1.534114
5313.38199997	1.434901
5315.38799977	0.845406
5317.40100002	0.180116
5319.38799977	1.262078
5321.37999988	1.45885
5323.38100004	1.017014
5325.38699985	0.337697
5327.38199997	1.95326
5329.38100004	1.477837
5331.38799977	1.321395
5333.41400003	1.334
5335.38799977	1.867219
5337.40100002	1.742976
5339.37999988	1.742976
5341.4000001	0.800213
5343.6400001	1.111612
5345.64100003	1.461585
5347.8210001	1.423831
5349.64100003	1.463998
5351.62999988	1.463998
5353.64100003	1.463998
5355.64100003	1.290401
5357.6400001	0.916821
5359.6400001	1.316632
5361.6309998	1.177926
5363.6309998	1.228
5365.6400001	1.093037
5367.6309998	1.145152
5369.6400001	1.167325
5371.64199996	1.400841
5373.64100003	0.868294
5375.6400001	1.535546
5377.64100003	1.453468
5379.70799994	1.113525
5381.64100003	1.544082
5383.64100003	1.793092
5385.64100003	1.793092
5387.6309998	1.200639
5389.6309998	1.72613
5391.64100003	1.969236
5393.75099993	1.653299
5395.6400001	1.223676
5397.64100003	1.514263
5399.64199996	1.407493
5401.64399981	1.997291
5403.63300014	2.098662
5405.64100003	1.810865
5407.64100003	1.760123
5409.64100003	1.342535
5411.6309998	1.687118
5413.6309998	1.493995
5415.68099999	1.378473
5417.6309998	1.839036
5419.6400001	2.034159
5421.6309998	1.214211
5423.64100003	1.728393
5425.64299989	1.971749
5427.62999988	1.458152
5429.6400001	1.560002
5431.64100003	0.983333
5433.62999988	0.861266
5435.62999988	1.761996
5437.64100003	1.414184
5439.6309998	2.289844
5441.6400001	1.884842
5443.6400001	1.497719
5445.64100003	2.297228
5447.6400001	1.518613
5449.64899993	2.118516
5451.6400001	1.072048
5453.64399981	1.594437
5455.6309998	1.440318
5457.6400001	1.608776
5459.6400001	1.883374
5461.63200021	1.883374
5463.64999986	1.250617
5465.64100003	1.556529
5467.6309998	1.744569
5469.64199996	2.069341
5471.62999988	1.201702
5473.6400001	1.383738
5475.6400001	2.192426
5477.62999988	1.667372
5479.62999988	1.746478
5481.64100003	1.427983
5483.6400001	2.543123
5485.62999988	0.303251
5487.6309998	1.678912
5489.64100003	2.551045
5491.6309998	1.693383
5493.6400001	1.347338
5495.6400001	1.617347
5497.64100003	1.461883
5499.6400001	1.239813
5501.64999986	1.218696
5503.64100003	1.19779
5505.63200021	1.804696
5507.6309998	1.271575
5509.64100003	1.572393
5511.68099999	1.622559
5513.6309998	0.132237
5515.6400001	1.977837
5517.64100003	1.32436
5519.64100003	1.841487
5521.63800001	0.315812
5523.6400001	1.622956
5525.64100003	2.257876
5527.64100003	1.413286
5529.6400001	1.497025
5531.62999988	1.497895
5533.64100003	1.725731
5535.6309998	1.252898
5537.6309998	0.474678
5539.62999988	1.157912
5541.64100003	1.340944
5543.64100003	2.016153
5545.64100003	1.477633
5547.62999988	1.803505
5549.6400001	1.276402
5551.6400001	1.428008
5553.62999988	1.850988
5555.89999986	1.894352
5557.64100003	1.393298
5559.6309998	1.53625
5561.88000011	1.921971
5563.6400001	1.464203
5565.6400001	1.062151
5567.64999986	2.009297
5569.62999988	1.882459
5571.88000011	1.371219
5573.88000011	0.545931
5575.6309998	1.475922
5577.88000011	1.272866
5579.88100004	1.431886
5581.88000011	1.431886
5583.88999987	1.431886
5585.88000011	1.272003
5587.88000011	1.27721
5589.80100012	0.868094
5591.88000011	1.024242
5593.88000011	1.347841
5595.88000011	1.35119
5597.88100004	1.378104
5599.88000011	1.358079
5601.87099981	1.293473
