0.0	4.245236
0.699999809265	2.240714
1.01899981499	4.073308
1.28799986839	3.328397
1.79699993134	1.767574
2.24000000954	4.21322
2.62799978256	4.487666
3.11099982262	4.758638
3.53399991989	4.391024
3.97699999809	5.013466
5.92199993134	4.659843
7.91799974442	4.919647
9.91799974442	4.252508
11.9229998589	4.841691
13.9219999313	4.154138
15.9219999313	4.783737
17.9329998493	4.599853
19.9169998169	4.599853
21.9249999523	4.599853
23.9259998798	4.762
25.9219999313	5.153913
27.9179997444	4.828785
29.9249999523	4.157841
31.9179997444	4.176463
33.9149997234	4.633515
35.9249999523	3.94146
37.9189999104	4.154596
39.9200000763	2.786731
41.9249999523	0.967212
43.9189999104	0.077361
45.9259998798	0.875042
47.9289999008	4.956127
49.9269998074	0.041469
51.9239997864	0.57435
53.9259998798	0.57435
55.9269998074	3.668998
57.9279999733	4.419791
59.9129998684	4.222965
61.9200000763	3.592235
63.9319996834	0.022005
65.9189999104	0.482465
67.9339997768	0.95462
69.9339997768	3.603313
71.9189999104	3.616798
73.9539997578	0.403379
76.1669998169	4.285343
77.9609999657	4.285343
79.9299998283	3.690227
81.9269998074	3.690227
84.1779999733	3.345206
86.1779999733	3.345206
88.1639997959	0.095642
90.1679999828	0.071291
92.1679999828	0.292011
94.1729998589	0.063211
