0.0	0.109645
1.38800001144	3.527352
1.78700017929	5.685119
2.31500005722	4.944854
3.46799993515	0.041297
5.11100006104	1.684408
6.78499984741	0.056302
7.8060002327	0.016675
7.99100017548	4.093975
8.1859998703	4.615954
8.375	2.651578
9.02399992943	0.114686
11.0179998875	0.227449
13.0130000114	5.248507
15.0369999409	6.306661
17.0169999599	0.365978
19.0320000648	6.579114
21.0209999084	9.209832
23.0140001774	6.9821
25.0399999619	6.657571
27.0290000439	0.881744
29.2279999256	7.256219
31.0150001049	0.163803
33.0160000324	3.349286
35.0329999924	0.254036
37.0259997845	0.150134
39.0329999924	4.152669
41.0179998875	3.531232
43.0220000744	7.658768
45.0759999752	7.959483
47.0160000324	6.372897
49.0130000114	4.860811
51.0160000324	0.756182
53.0160000324	0.607552
55.0249998569	0.082221
57.0439999104	0.075957
59.0249998569	4.183042
61.3199999332	0.969132
63.0150001049	7.160993
65.0190000534	5.246897
67.0160000324	0.511118
69.0179998875	6.578946
71.0450000763	4.780938
73.0190000534	0.090103
75.0179998875	5.223918
77.0220000744	0.099804
79.0350000858	7.514692
81.1800000668	0.432471
83.0160000324	1.788055
85.0540001392	6.294963
87.0150001049	3.675879
89.0320000648	7.100939
91.0270001888	4.123497
93.0220000744	7.206775
95.0150001049	0.014847
97.0169999599	4.228349
99.0220000744	3.205064
101.497999907	1.784391
103.024999857	2.029063
105.01699996	1.565008
107.016000032	2.243843
109.024999857	5.568021
111.023999929	0.02741
113.270000219	4.145316
115.273999929	0.029797
117.294000149	0.434773
119.292999983	0.153077
121.035000086	0.067175
