0.0	0.029385
0.855999946594	0.060877
1.24799990654	0.112355
1.49099969864	0.324762
1.65499973297	0.366885
1.9359998703	0.538637
2.35899972916	0.302971
2.81399989128	0.419084
3.37399983406	0.40531
4.5459997654	0.518609
6.59299993515	0.583797
8.39799976349	0.846356
10.4469997883	0.140676
12.4849998951	0.076023
20.7119998932	0.238378
21.3379998207	0.019048
21.7999999523	0.235164
22.5449998379	0.342803
23.3639996052	0.022378
24.6049997807	0.187264
26.6049997807	0.439322
28.66299963	0.090155
31.4549996853	0.494072
32.6089997292	0.025918
34.6129999161	0.008935
36.6889998913	0.512112
38.5009999275	0.672485
40.5689997673	0.062142
42.6509997845	0.085519
44.4589996338	1.123869
46.5529997349	1.384725
48.4619996548	1.357149
50.6099996567	0.236082
52.8489997387	0.163348
54.5389997959	0.290222
56.6059997082	0.179726
59.2819998264	0.286861
61.6719999313	0.149758
62.879999876	1.403589
64.6079998016	0.271446
66.6779997349	0.584261
68.4679996967	0.20866
70.5279998779	0.398102
72.5689997673	0.42453
74.6439995766	1.236906
76.7409999371	1.431037
78.7089998722	1.117085
80.6319999695	0.515695
82.6679997444	1.408756
84.7389996052	0.216164
86.5339996815	0.337513
88.5920000076	0.047728
90.6569998264	0.234976
92.7329998016	0.521597
94.6859998703	0.206802
96.6059997082	0.304248
98.6729998589	1.22973
100.756999731	0.115046
102.570999622	0.488782
104.637999773	0.305567
106.686999798	0.392746
108.754999638	1.065837
110.56099987	0.437166
112.636999846	0.085851
114.715999603	1.305178
116.550999641	0.557875
118.625999689	1.400199
120.720999956	0.368697
122.549999714	0.177289
124.605999708	0.045295
126.666999817	0.015231
128.502999783	0.660996
130.570999622	1.373654
132.648999929	0.247566
134.600999832	0.557925
136.521999836	0.557925
138.597999811	0.1376
140.516999722	1.247425
142.721999884	0.202255
144.781999826	1.417386
146.573999882	0.190857
148.63599968	0.408957
150.679999828	0.796046
152.78399992	1.348353
155.110999823	1.052247
158.148999929	0.038136
159.61199975	0.553381
161.532999754	0.800308
165.324999809	0.03738
169.268999815	0.016485
171.335999966	0.363274
173.841999769	0.200653
174.812999725	0.850921
176.039999962	0.117203
177.303999901	1.411878
179.544999838	0.275385
182.455999851	0.163442
184.671999931	0.801765
187.31799984	0.132141
190.234999657	1.071975
191.166999817	0.063817
192.603999615	1.063106
194.482999802	0.014655
196.521999836	1.183144
198.484999895	0.114896
200.143999815	0.242491
202.448999882	0.003747
203.865999699	0.077756
204.828999758	0.746055
206.490999699	0.483984
209.793999672	0.769188
212.471999884	0.762587
214.071999788	0.335498
215.649999857	0.63385
218.518999815	0.037582
221.159999847	0.306476
223.171999693	0.610243
226.684999943	0.943877
227.364999771	1.023434
229.091999531	0.707346
230.159999847	0.560836
231.57199955	1.152344
232.919999838	0.315332
234.459999561	0.664111
236.063999891	1.012096
237.542999744	0.413056
240.691999674	0.204962
242.022999763	1.360756
243.613999844	0.629785
247.001999855	1.339376
249.443999529	0.311263
251.794999599	1.201956
254.491999626	1.321352
257.473999739	0.064286
260.646999598	0.261025
262.120999813	0.882251
263.848999739	0.636563
266.520999908	0.097434
268.495999813	0.176567
269.819999695	0.152539
271.230999708	0.163682
273.189999819	0.015573
274.727999926	1.104061
277.126999617	0.26566
278.005999804	0.993099
279.847999811	0.800639
281.409999847	0.222291
282.633999825	0.780532
284.700999737	1.243302
286.937999725	1.306009
289.743999958	0.093869
293.181999683	0.062008
295.413999796	0.013438
297.508999825	0.5961
299.254999638	0.974217
301.519999981	0.112134
303.413999796	0.562325
305.007999897	1.001895
307.189999819	0.30905
308.855999947	0.234178
310.825999737	0.010863
312.431999922	0.602179
314.039999962	0.08511
315.697999716	0.081022
317.691999674	0.016075
319.05499959	1.055266
320.219999552	0.09308
321.729999781	0.165664
322.895999908	1.299469
324.836999893	0.113235
326.895999908	0.137199
328.944999933	0.212915
330.764999866	0.103737
332.762999773	0.22532
334.843999624	0.018609
336.924999952	0.481868
339.01099968	0.250568
341.846999645	0.561624
344.51099968	0.11128
346.263999939	0.073378
347.801999807	0.388511
348.86199975	0.092751
350.876999855	0.072832
354.046999693	0.175948
356.485999823	0.252914
358.664999723	0.322686
361.527999878	0.134085
364.66899991	0.297605
366.024999857	0.222539
367.854999781	0.334227
369.068999767	0.265841
371.116999865	0.204334
373.462999821	0.157193
376.756999731	0.344287
379.164999723	0.181997
382.531999588	0.190782
385.053999662	0.133467
385.92599988	0.184739
387.407999992	0.281567
389.193999767	0.06898
390.490999699	0.179564
391.496999741	0.271731
392.658999681	0.231649
394.419999599	0.180979
395.419999599	0.2826
396.92299962	0.248978
398.991999865	0.016911
402.780999899	0.032578
405.648000002	0.001843
406.534999609	0.017408
410.531999588	0.001047
412.152999878	0.261462
413.217999697	0.021979
416.572999954	0.259907
419.292999744	0.121496
420.638999701	0.158414
422.016999722	0.095398
423.086999655	0.097176
423.963999748	0.279481
426.625999689	0.008634
427.533999681	0.198732
428.958999634	0.181271
431.064999819	0.007831
432.924999952	0.288172
435.616999865	0.348829
438.199999809	0.264026
439.511999846	0.502909
440.90299964	0.033466
443.167999983	0.073619
445.841999769	0.033734
451.807999849	0.226478
456.193999767	0.205611
461.774999619	0.002342
462.028999805	0.065277
466.965999842	0.015113
467.541999817	0.1899
468.292999744	0.026829
468.774999619	0.162393
469.069999695	0.209436
469.477999687	0.188994
469.918999672	0.171638
470.544999838	0.22991
471.803999662	0.188661
473.638999701	0.050884
474.97699976	0.19658
477.053999662	0.007369
483.136999846	0.04517
484.708999872	0.113617
485.765999794	0.161864
487.086999655	0.287659
492.112999916	0.186535
492.620999813	0.186535
493.146999598	0.326525
495.444999933	0.375619
496.489999771	0.431988
498.176999807	0.439135
499.121999741	0.199515
500.904999733	0.036275
505.882999659	0.129892
508.48699975	0.071329
511.566999674	0.133863
512.55499959	0.268725
514.289999723	0.230258
515.053999662	0.352123
516.595999718	0.2502
519.792999744	0.004126
520.296999931	0.023568
522.666999817	0.008565
524.504999876	0.010453
525.555999756	0.208098
527.063999891	0.402799
529.146999598	0.059305
532.424999952	0.212581
534.272999763	0.204113
535.42299962	0.092221
537.971999645	0.224909
539.421999693	0.484272
541.004999876	0.011718
543.089999676	0.373011
545.147999763	0.116899
547.33199954	0.559082
549.038999796	1.105446
551.073999882	0.940305
553.124999762	0.00285
555.15599966	0.247557
556.989999771	0.311471
560.035999537	0.322607
563.178999662	0.19877
564.917999744	0.21297
567.061999798	0.171561
570.021999836	0.248438
571.651999712	0.141124
575.190999746	0.647543
576.942999601	0.08568
578.308999777	0.293197
579.728999853	0.584385
582.189999819	0.213518
584.972999811	0.23931
586.980999947	0.91973
587.941999674	0.065209
588.622999668	0.940915
589.769999743	1.161104
591.040999889	0.012411
593.164999723	0.260772
595.23699975	1.479954
597.029999733	0.065716
599.108999729	0.110481
601.164999723	0.02989
603.230999708	0.106772
607.481999874	0.454804
613.652999878	0.147064
615.604999781	0.150638
616.480000019	0.157328
617.46999979	0.186897
618.007999897	0.284499
619.119999886	0.401838
620.353999853	0.577423
622.167999983	0.37773
623.841999769	0.099247
625.246999741	0.210797
627.09499979	0.100966
629.144999743	0.45086
631.470999718	0.092951
634.219999552	0.545785
638.621999741	0.509033
642.98699975	0.465396
644.656999826	0.089826
646.10199976	0.104715
647.836999893	0.128498
648.536000013	0.732306
649.132999897	0.71371
650.07799983	0.781523
651.181999683	0.851359
653.14599967	0.006779
655.274999619	0.147008
658.989999771	0.036296
660.136999846	0.144159
661.731999636	0.009672
663.971999645	0.174453
667.164999723	0.483183
671.589999676	0.113961
672.778999805	0.058928
673.829999685	0.71365
674.695999861	0.18448
675.467999697	0.731568
677.272999763	0.387778
679.702999592	0.064303
681.156999826	0.769109
683.131999731	1.33915
685.485999823	0.211528
687.341999769	1.201845
689.649999857	0.168603
691.472999811	0.240077
693.261999846	0.239124
695.463999987	0.18857
698.658999681	0.268463
701.730999708	0.545523
704.156999826	0.083129
705.84499979	0.07925
707.97699976	0.633113
709.109999657	0.203604
710.98699975	1.449083
712.415999889	0.508264
714.357999802	0.206837
717.529999733	0.246286
720.983999968	0.05356
722.875999689	0.137421
725.204999924	0.135352
727.174999714	0.002587
728.34499979	0.05264
730.03099966	0.087205
736.131999731	0.299081
738.734999657	0.189534
739.032999754	0.559601
739.442999601	0.783689
740.136999846	0.043742
741.059999704	0.13607
741.78399992	0.074617
743.160999775	0.024717
746.397999763	0.570827
748.316999912	0.003557
750.881999731	0.478298
752.137999773	0.253238
753.970999718	0.366613
755.309999704	0.564786
757.160999775	0.143316
759.259999752	0.073483
761.294999599	0.066788
763.537999868	0.418211
766.389999866	0.186404
769.081999779	0.196101
770.886999607	0.130491
773.319999933	0.377094
774.582999706	0.612842
775.514999628	0.946843
777.312999725	0.006978
779.42599988	0.323499
782.126999617	0.117334
783.628999949	0.134897
785.873999834	0.062964
788.370999813	0.337903
791.205999851	0.1116
792.639999866	0.011376
794.774999619	0.395282
797.114999771	0.073541
800.158999681	0.258894
801.738999605	0.402309
805.009999752	0.067896
811.078999758	0.346477
811.693999767	0.075191
813.786999702	0.051171
814.55499959	0.312959
815.723999739	0.250104
816.985999823	0.425608
818.34499979	0.060341
819.537999868	0.237459
821.008999825	0.016185
824.437999725	0.383146
826.852999926	0.180225
829.107999563	0.038069
831.109999657	0.427079
832.763999701	0.049125
836.141999722	0.00115
837.644999743	0.0315
839.996999741	0.15847
841.105999708	0.152713
842.741999865	0.302251
843.447999954	0.331224
843.994999647	0.18201
846.891999722	0.233447
850.733999729	0.056864
851.014999628	0.204496
853.167999983	0.176932
854.315999746	0.348274
855.557999849	0.319892
857.416999817	0.017952
860.076999903	0.345072
861.318999767	0.053681
864.355999708	0.025656
866.732999802	0.277876
869.506999731	0.352899
872.121999741	0.185029
874.244999886	0.030615
879.117999792	0.03621
880.070999622	0.433174
881.178999662	0.037067
882.301999807	0.572358
883.180999756	0.041468
884.258999825	0.674409
885.421999693	0.780109
887.502999783	0.158832
889.704999924	0.069562
891.40899992	0.310015
893.517999887	0.215533
895.484999895	0.629572
897.355999708	0.016149
899.415999889	0.907073
905.553999662	0.009696
907.706999779	0.024832
909.008999825	0.037218
909.747999668	0.054481
912.756999731	0.070479
913.860999823	0.167677
916.262999773	0.146532
918.544999838	0.006859
920.763999701	0.170144
922.189999819	0.013632
923.16899991	0.07596
927.892999887	0.191971
929.545999765	0.163072
929.796999931	0.16833
930.15599966	0.36244
931.293999672	0.463724
933.358999729	0.131202
935.338999748	0.471672
937.465999842	0.726618
939.51099968	0.850357
941.5849998	0.519743
943.480000019	1.270881
945.470999718	0.123132
947.56799984	1.266887
949.369999886	0.258913
951.430999756	1.365054
953.522999763	0.042466
955.381999731	0.425353
957.512999773	0.955523
959.3349998	0.021371
961.423999786	1.316449
963.531999588	0.049239
965.598999739	1.063615
967.569999695	0.237709
969.455999851	1.167468
971.487999916	0.340074
973.499999762	1.435915
975.561999798	0.450554
977.59499979	1.419576
979.42299962	1.419576
981.478999615	1.285081
983.578999758	1.182868
985.429999828	1.141105
987.485999823	0.179979
989.538999796	0.480144
991.470999718	1.322656
993.553999662	0.110495
995.636999846	0.091786
997.590999603	1.159849
999.606999636	1.165552
1001.43999982	1.405353
1003.51799989	0.121804
1005.62699962	0.038379
1007.43199992	1.31046
1009.50199986	0.85127
1011.54899979	1.018767
1013.66299963	0.699543
1015.43799973	1.296136
1017.49699974	1.300126
1019.61799979	0.113491
1021.40899992	0.825787
1023.4199996	0.212154
1025.48899984	0.1744
1027.55799985	1.276684
1029.41599989	1.264744
1031.63599968	1.254596
1033.57499981	0.919508
1035.64899993	0.085915
1037.48099995	0.510589
1039.45399976	0.310017
1041.59299994	0.07515
1043.64499974	1.368838
1045.47299981	0.077237
1047.48699975	0.526326
1049.52499986	1.349407
1051.59899974	0.036201
1053.69499969	1.412447
1055.4909997	1.380363
1059.04299974	0.07333
1059.74599981	1.41897
1061.47799969	1.2839
1063.5619998	1.322298
1065.63499975	0.023098
1067.44799995	0.068964
1071.02299976	0.01496
1073.67299986	0.864301
1077.56999969	0.437199
1080.44699979	0.744845
1083.61599994	0.030691
1086.32799983	0.725702
1087.9369998	0.374279
1089.93199968	1.424073
1091.55499959	1.189366
1093.59799981	0.184299
1094.92999983	1.07191
1096.63499975	0.206859
1098.25099969	0.035158
1099.7809999	0.19299
1101.26899981	1.097204
1102.69599986	1.350096
1104.08099985	0.104728
1105.93399978	0.204869
1107.82299972	0.070741
1109.47899961	0.139945
1111.04099989	1.289932
1112.13599992	0.114043
1113.67599964	1.295559
1115.55399966	0.688895
1117.6619997	1.295212
1119.73799968	1.087092
1121.54599977	0.180385
1123.6329999	0.628729
1125.72799993	1.178513
1127.53199959	0.521428
1129.56099987	1.463742
1131.62599969	1.304447
1133.69999957	0.783985
1135.5909996	0.029595
1137.63699985	0.311656
1139.67299986	0.016164
1141.48999977	1.312447
1143.58099985	0.009964
1145.65299988	0.168232
1148.4909997	0.59604
1150.18899989	0.131421
1151.55999994	0.224034
1153.61699986	0.152119
1157.35299993	0.193128
1158.34199977	1.404337
1160.26499987	0.047784
1161.96199965	0.67753
1165.11099982	0.001623
1166.59599972	0.238157
1167.61399984	1.367452
1169.79799986	1.253343
1171.6469996	1.43429
1173.67899966	0.026501
1176.44499993	0.161983
1178.25699973	1.18195
1179.65399981	1.142723
1181.75899982	0.719943
1183.81699991	1.137307
1186.40699983	1.265051
1188.77699995	1.402663
1190.03699994	0.00959
1191.84799981	1.433172
1193.90199971	0.191525
1196.93099976	0.594443
1201.11799979	1.41355
1203.1329999	1.1389
1204.81899977	0.159971
1206.99699974	0.011293
1208.7159996	1.41064
1209.36799979	1.282816
1210.37699986	1.421162
1213.08199978	0.039833
1214.37799978	0.034333
1216.11099982	1.260297
1217.68399954	1.166315
1219.80599976	1.273996
1221.62799954	1.353718
1223.74599981	0.066999
1225.82299972	0.138938
1227.648	1.093113
1229.7099998	1.413275
1231.78199983	0.00246
1233.82899976	0.146381
1236.66899991	0.043815
1240.67999983	0.009792
1242.44899988	0.003016
1246.62899995	0.022974
1247.75999999	0.049822
1248.78299975	0.031734
1249.90899992	0.011387
1251.23499966	0.072788
1254.40999985	0.176971
1256.69499969	0.669097
1258.6559999	0.077321
1259.6469996	0.112656
1262.24899983	0.070561
1266.19499969	0.073781
1267.00099993	0.36933
1268.07899976	0.037992
1269.48000002	0.516248
1270.52999973	0.018233
1273.91799974	0.242964
1275.90199971	0.104594
1277.08799982	0.119714
1277.97699976	0.302985
1281.09899974	0.640969
1282.54899979	0.260929
1283.64399958	0.123795
1285.67699981	0.487442
1287.69099975	0.66134
1289.74799967	0.943799
1292.68099976	0.059223
1295.11899972	0.307724
1296.68799996	0.812216
1301.86399984	0.477885
1303.04599977	0.441487
1304.38799953	0.54302
1305.4199996	0.513263
1307.17499971	0.543578
1308.55999994	0.486085
1313.07199979	0.193514
1317.46899986	0.102448
1320.42099977	0.053613
1322.84499979	0.164858
1323.41799974	0.25182
1324.21999955	0.023553
1324.71399975	0.27849
1325.39199996	0.273773
1326.69699979	0.391529
1327.91499972	0.593863
1329.7719996	0.78357
1331.94199967	0.008498
1334.23699975	0.344444
1335.89099979	0.518711
1338.10499978	0.034482
1340.92199969	0.18868
1342.19199991	0.002639
1343.94400001	0.453463
1345.72899985	0.216643
1347.76699972	0.849096
1349.80899978	1.374282
1351.8809998	0.386441
1353.91599965	0.011612
1355.70799971	0.21016
1357.74099994	0.08292
1359.76699972	0.209401
1361.80799985	0.994943
1363.88599968	1.237492
1365.92999983	1.511016
1367.74999976	0.412707
1369.80599976	0.105731
1371.87699986	1.234791
1373.75299978	0.01525
1375.86199975	0.487007
1378.33199954	0.18153
1380.28799987	0.889632
1382.47299981	0.119628
1383.95099974	1.372041
1385.82899976	0.17672
1388.99699974	0.214356
1391.49499965	1.185935
1393.7099998	0.266139
1396.56099987	0.14241
1398.38699961	0.169881
1401.08699965	0.364423
1403.70599985	0.087164
1406.83200002	0.329503
1409.33899975	0.034977
1411.51999998	0.252452
1413.1239996	0.230224
1415.68599987	0.794811
1417.17099977	0.924914
1418.59299994	0.170859
1419.72399974	0.270613
1421.83799982	0.21047
1423.18999982	1.382892
1424.42299962	1.412733
1425.58199978	0.489364
1427.01099968	0.253516
1428.19199991	0.204661
1429.96399975	0.231817
1432.03299975	1.232242
1433.86299968	0.17148
1435.90299964	0.01648
1438.00999975	1.245308
1439.83999991	1.036737
1441.89199972	0.052994
1443.9519999	1.385474
1446.03099966	1.338048
1447.85099959	0.667771
1449.91799974	0.027231
1451.99199986	0.080344
1453.88899994	0.015841
1457.45199966	0.001976
1461.42399979	0.239528
1462.98999977	1.444591
1464.61699986	0.203039
1466.10599971	1.439056
1468.10099983	1.201111
1469.0679996	0.154765
1469.97099972	0.775567
1472.04799986	1.034334
1473.87899971	1.33069
1475.9519999	0.066777
1478.17699981	0.365207
1480.26199985	0.241894
1482.70199966	0.279236
1484.65899968	0.360478
1486.47199988	0.963257
1488.48000002	0.384165
1490.84799981	0.370391
1492.93799973	0.253007
1495.02399993	1.435124
1496.61599994	1.052331
1498.15599966	1.441147
1500.13999963	0.233836
1502.08199978	0.115752
1503.90499973	1.338812
1506.0	0.123196
1508.05699992	1.396104
1509.89499974	1.348005
1511.94999981	1.333322
1514.07499981	1.297087
1515.90799975	1.297087
1517.97699976	1.389623
1520.02399993	1.111563
1522.09899974	0.968139
1523.89599991	1.377313
1525.94400001	1.408313
1527.97399974	0.317015
1530.0389998	1.263196
1532.14899993	1.400546
1533.94400001	0.070501
1536.0	1.012255
1538.07899976	1.407354
1540.14299965	1.273641
1541.93199968	0.030148
1544.00199986	0.132857
1546.02799964	0.378259
1548.10899973	0.879942
1550.15599966	1.300302
1551.99299979	0.265179
1554.07499981	0.003578
1556.16399956	0.238556
1557.98699975	1.279317
1560.05699992	1.181146
1562.12899995	1.342669
1564.00099993	0.010079
1566.07299995	0.046695
1568.16599989	0.0095
1570.0	1.314582
1572.08599973	0.412439
1574.14799976	1.42816
1575.96999979	0.009447
1578.47799969	0.06556
1580.12899995	1.17485
1582.44999981	0.59971
1584.02699971	1.337869
1586.09399986	0.851138
1588.14899993	1.40012
1590.19699979	0.121931
1592.17599988	0.44829
1594.48000002	1.380313
1596.03999996	0.15725
1598.13499975	1.264766
1600.02899981	1.252876
1602.11799979	0.032907
1604.20299959	0.277461
1605.98999977	0.200916
1607.96399975	1.138506
1610.12099981	1.053615
1612.18999982	0.031156
1613.99799967	0.176848
1616.09299994	0.242914
1618.17899966	0.771132
1619.9989996	0.061136
1622.05799985	0.283436
1624.14099979	0.136051
1626.20099974	0.261308
1628.01799989	1.316227
1630.07499981	0.552032
1632.01599979	0.556854
1634.15199995	0.047799
1636.2329998	1.293704
1638.04399967	0.011571
1640.09499979	0.142677
1642.15599966	0.0156
1646.0059998	1.056931
1647.50199986	0.086004
1648.02299976	0.056756
1650.08299971	0.164757
1652.14799976	0.012888
1654.21899962	0.719427
1657.44899988	0.726793
1658.88399959	0.971427
1660.16399956	1.101092
1662.20599985	0.036947
1664.24899983	0.053697
1666.11199999	0.016711
1669.36499977	0.144286
1671.80199981	0.055476
1674.05299973	0.088154
1675.36099982	0.047515
1678.76999974	0.240433
1679.66799974	0.12219
1682.34699965	0.618817
1683.08599973	0.083602
1684.88999987	0.048283
1686.46699977	0.49227
1688.28499985	0.10096
1692.60899973	0.160992
1694.10099983	0.042424
1695.49699974	0.014221
1696.92399955	0.458834
1698.84399962	0.037214
1700.29999971	0.670352
1702.04399967	0.29111
1704.18400002	0.733689
1708.95399976	0.050079
1714.16799998	0.056617
1716.07499981	0.300469
1717.16499972	0.352014
1717.83699989	0.380823
1718.39499974	0.379742
1719.53199959	0.26464
1720.63499975	0.396833
1723.11499977	0.486626
1726.91799974	0.602193
1727.94499993	0.671668
1729.05299973	0.913494
1730.13499975	1.206636
1732.23399973	0.924614
1734.1619997	0.109347
1736.25999975	0.165946
1738.3119998	0.622707
1740.11299992	0.885081
1742.41099977	1.318075
1744.60299969	0.176195
1747.69999957	1.09549
1750.45099974	0.999815
1752.20499992	0.733379
1754.71899962	0.217514
1756.98399997	0.808306
1758.68399954	0.321143
1760.26899981	1.208561
1762.75299978	0.115781
1765.4289999	0.243125
1767.32499981	1.330098
1769.12799978	0.003408
1770.60399961	0.057677
1771.90499973	1.111035
1773.64199972	0.613339
1775.39799976	0.287652
1777.02599978	0.998899
1778.58999968	1.363741
1780.61699986	1.160994
1782.4849999	1.248803
1784.2809999	1.322108
1786.35399985	0.306518
1788.41799974	0.090774
1790.9519999	0.020883
1792.54199982	0.011068
1794.36399961	0.090853
1796.37899971	0.239228
1799.22999978	0.454675
1800.76799989	1.336043
1803.35299993	0.010219
1806.10299969	0.787421
1809.17699981	1.105361
1812.352	1.317312
1814.85899973	0.030074
1817.70799971	0.445875
1818.91199994	0.60436
1821.40599966	0.038264
1822.49499965	0.806699
1823.5139997	1.158949
1825.42599988	0.201349
1827.4369998	1.238358
1828.92999983	0.114912
1831.31899977	0.905785
1834.16299963	0.168257
1835.05099964	0.113749
1837.63799977	0.081894
1840.44599986	0.367213
1843.72699976	1.140792
1844.4369998	0.121093
1845.09499979	0.035551
1845.72399974	0.148562
1846.57099962	0.10515
1848.55499959	0.137653
1850.60699964	0.038912
1852.49699974	0.120151
1854.49199963	0.315838
1856.55599976	0.930171
1858.59899974	0.011568
1860.37299991	0.027472
1862.45299983	0.172989
1864.36199975	0.049852
1866.46999979	1.019976
1868.52999973	0.070187
1870.648	0.851589
1872.4429996	0.29432
1874.60899973	0.16975
1876.45399976	0.679495
1879.55799985	0.056438
1880.47699976	0.941878
1882.36899972	0.374245
1884.52499986	0.897009
1886.54699969	1.096896
1888.63199997	0.977085
1890.51899981	0.880606
1892.55699992	1.106563
1894.47899961	0.24866
1896.56299973	1.183951
1898.60099983	0.043649
1900.47299981	1.223942
1902.80499983	0.267341
1904.5999999	0.01174
1906.72799993	0.505441
1908.6559999	0.67855
1910.49199963	1.412806
1912.40899992	0.136656
1914.52699971	0.080449
1916.58199978	0.434261
1918.43799973	0.364183
1920.61999965	0.540802
1922.68099976	0.174355
1924.50699973	0.011077
1926.61199975	0.223158
1928.6559999	0.062918
1930.46599984	0.012823
1932.53999972	0.140814
1934.49299979	1.200051
1936.67099977	1.218267
1938.4849999	1.450058
1940.52199984	1.306844
1942.56399965	0.53952
1944.63799977	0.56166
1946.47299981	1.028796
1948.47599959	0.21021
1950.55799985	0.247598
1952.63999987	1.193291
1954.7249999	0.553566
1956.54499984	0.168922
1958.50999975	1.23918
1960.67999983	1.238364
1962.48399973	1.442961
1964.59499979	0.286946
1966.66999984	1.206698
1968.4679997	1.229679
1970.61899972	0.240305
1972.61399984	1.423935
1974.66499972	1.238867
1976.71899962	1.283458
1978.5389998	0.551826
1980.60299969	1.315387
1982.61799979	1.278195
1995.69399977	1.418044
1995.91199994	0.111606
1996.04199982	0.289512
1996.19199991	0.531595
1996.32499981	0.531595
1996.48399973	0.556319
1996.61999965	0.556319
1998.71999979	0.764543
2000.5619998	0.764543
2002.93299985	0.764835
2004.67899966	0.010585
2006.48799992	0.090901
2008.56599975	0.008337
2010.63699985	1.302599
2012.70899987	0.315174
2014.50299978	0.008326
2016.56499982	0.05588
2018.66699982	1.131695
2020.73599982	0.818248
2022.53299975	1.26914
2024.62399983	0.316711
2026.704	0.554064
2028.90399981	0.160487
2030.53499961	0.375238
2032.6329999	0.113422
2034.7099998	1.019994
2036.52299976	0.665982
2040.56099987	0.164553
2042.83599973	0.179337
2044.4989996	0.142691
2046.84499979	0.019094
2049.58699965	0.271238
2051.06499982	0.307865
2053.27099967	0.021999
2055.90099978	0.188292
2058.55199981	0.213889
2061.76699972	0.034323
2062.95899963	0.049429
2063.8659997	0.566449
2066.02099991	0.13099
2068.33999968	0.165532
2069.65699983	0.261881
2070.7329998	0.349941
2073.14299965	0.091736
2074.78999972	0.02105
2077.14399981	0.464721
2078.44399953	0.026709
2079.76899981	0.844284
2080.60699964	0.320489
2082.68899989	0.147473
2084.75799966	0.139913
2087.64099979	0.316643
2090.02799964	0.115152
2091.39699984	0.147319
2092.71399975	0.800134
2094.65299988	0.672569
2096.72699976	0.041798
2099.40699983	0.027491
2100.75399971	0.992532
2102.62099981	0.764379
2104.73699975	1.130208
2106.80099988	0.784017
2111.29399967	0.11358
2112.90799975	0.16745
2113.81899977	0.438221
2115.14199972	0.381881
2117.42799973	0.022165
2119.84799981	0.652346
2120.8429997	0.940704
2122.80199981	0.006389
2124.86699963	0.539644
2126.6869998	0.555062
2128.76599979	1.378511
2130.82699966	0.500886
2132.62899995	0.297884
2134.72899985	0.024175
2136.80299973	0.554998
2138.85999966	1.378356
2140.68099976	0.993175
2142.74999976	1.428756
2144.82699966	0.810288
2146.90099978	0.824386
2148.70099974	0.182695
2150.69299984	1.210731
2152.88999987	0.074421
2154.70199966	0.009391
2156.76899981	0.937804
2159.09899974	0.367247
2161.00099993	1.262744
2163.19899964	0.035514
2165.50099993	0.295494
2167.34799957	1.024967
2168.97099972	1.077205
2170.65499973	0.223969
2172.73999953	0.036457
2174.70499992	0.533703
2176.85899973	0.06884
2178.66299963	0.282317
2181.50099993	0.202455
2183.45099974	0.443566
2184.85599995	0.410458
2186.91499972	1.409399
2188.72399974	0.313258
2190.78999972	0.096534
2193.7249999	0.026631
2196.22099996	0.050867
2197.54099989	0.124371
2198.9349997	0.575234
2200.84499979	0.079908
2202.90799975	0.318279
2204.72799993	1.456868
2206.76299977	0.486916
2208.81799984	1.20646
2210.88299966	1.239252
2212.69899964	1.447543
2214.75799966	0.060894
2216.75899982	0.975877
2219.16499972	0.202484
2220.72799993	0.17694
2222.78299975	1.347609
2224.86299968	0.046748
2226.9429996	0.051431
2228.75999999	0.00938
2230.79399967	0.085816
2232.87199998	1.396314
2234.9369998	0.95038
2236.7719996	1.360351
2238.84399962	0.159814
2240.88299966	1.35781
2242.97299981	1.370295
2244.7889998	1.027912
2246.83899975	0.390387
2249.01099968	0.2015
2251.38499975	0.635804
2253.98599982	0.083198
2254.87499976	1.304921
2257.39299989	0.258573
2258.82099986	1.061536
2260.88599968	0.018928
2262.93999958	0.062938
2264.83299994	0.018158
2266.85499978	0.525822
2268.89199972	1.331516
2270.96499991	0.555129
2272.77999973	0.674053
2274.82299972	0.420726
2276.88199973	1.284965
2278.95899963	0.246554
2281.01799989	0.167667
2282.81999969	1.257654
2284.87499976	0.174186
2286.92099977	0.159451
2288.9849999	0.773823
2291.03599954	1.417762
2292.8349998	0.046857
2294.88499975	0.334689
2296.93099976	0.922372
2299.01199961	1.411816
2300.83699989	0.017903
2302.92099977	0.448039
2304.98899984	0.868093
2307.06699967	0.112484
2308.89899969	1.360322
2310.94499993	1.432677
2313.02199984	0.129537
2314.83999991	0.161423
2316.90699983	0.070159
2318.97199965	1.185259
2321.06099987	0.146653
2322.87999988	0.204768
2324.94799972	1.449934
2327.04399967	1.3887
2328.86899972	1.374983
2330.91899967	0.165603
2332.95899963	0.690089
2335.03199983	0.094258
2336.84499979	1.182626
2338.93099976	0.182101
2341.00199986	0.848684
2343.06899977	0.141129
2344.95099974	0.260626
2346.97099972	1.382667
2349.05799985	1.427553
2350.92999983	1.432325
2352.94599986	0.481094
2355.01299977	0.989681
2356.83999991	0.009067
2358.92299962	1.486289
2360.97899961	0.743021
2363.0599997	1.101948
2364.88299966	1.442489
2366.97399974	1.523956
2369.03799987	0.35934
2370.84799981	1.076841
2372.9289999	0.010405
2375.00899982	1.426954
2377.07399988	0.059295
2379.46199965	0.142052
2381.89099979	0.008106
2384.45799971	0.409265
2387.44099975	0.004846
2390.09699988	0.10448
2391.46299982	0.705439
2392.86499977	0.30913
2394.2809999	0.378007
2395.91899967	0.776655
2397.54299974	0.93138
2399.24499989	0.343312
2400.94899988	0.17873
2403.02999973	0.822851
2405.01799989	0.850301
2407.99499965	0.680704
2409.0619998	0.098212
2411.06999969	1.10383
2413.45999956	0.60942
2415.56899977	0.537935
2417.04799986	1.360219
2419.15099978	1.397701
2422.1329999	0.681602
2425.20899987	0.584341
2426.7099998	0.839954
2427.80699968	0.078959
2432.14599967	0.007868
2434.46299982	0.991154
2435.04099989	0.073144
2437.68599987	0.092566
2438.80799985	1.144535
2440.5849998	0.268353
2441.45699978	0.312995
2443.02899981	0.17822
2447.19499969	0.727805
2448.24499989	0.259329
2450.29299974	0.196874
2451.07799983	1.220703
2454.06299973	0.748462
2455.9429996	0.142922
2459.08799982	0.180782
2461.32799983	1.044941
2463.63799977	0.46673
2465.57199955	0.441201
2467.22899985	0.122118
2468.30599976	0.100661
2469.32699966	0.277983
2471.09599996	1.138538
2473.02799964	0.011814
2474.9989996	0.639003
2477.0619998	0.259505
2479.14399981	0.1449
2481.07799983	0.478269
2483.0059998	1.020242
2485.0769999	0.535289
2487.19999981	0.33382
2489.32299972	0.00718
2491.50899982	0.022816
2493.12699962	1.02896
2496.02299976	0.290929
2499.29799986	0.238075
2500.16499972	0.110511
2501.3659997	0.086998
2503.85899973	0.172406
2505.44799995	0.581995
2507.19999981	0.437245
2509.25799966	0.602024
2511.04999971	0.85759
2513.12799978	0.531062
2515.25799966	0.814777
2527.80499983	0.159623
2528.71099973	0.199093
2529.61299992	0.202967
2530.36799979	0.208587
2531.24299979	0.250723
2533.41799974	0.02952
2534.83200002	0.180726
2535.41899967	0.234997
2536.04199982	0.252028
2536.56499982	0.362552
2538.16099977	0.124381
2539.48699975	0.116012
2541.23499966	0.355222
2543.10999966	0.411709
2545.46399999	0.195
2547.27399969	0.878518
2549.09499979	0.261366
2551.23399973	1.028226
2553.08599973	0.014348
2555.06599975	0.07167
2557.13499975	0.211896
2559.09199953	1.282124
2561.25499964	0.086569
2563.0769999	1.177202
2567.65799975	0.188195
2568.36299968	0.208291
2569.15699983	0.79418
2571.13699985	0.213593
2573.0769999	0.00609
2575.2889998	0.106437
2577.14599967	0.289639
2579.16399956	0.425288
2581.24000001	0.484032
2583.7719996	0.859781
2586.27599955	0.012649
2587.53199959	1.246524
2590.28999972	0.503833
2592.05299973	0.239235
2593.24399972	0.245668
2596.84199977	0.094665
2599.68299961	0.028284
2602.21899962	0.2612
2604.78499985	1.156344
2605.9349997	0.111727
2606.59399986	1.44348
2610.24699974	0.440917
2611.47399974	0.019825
2612.45799971	0.872814
2613.49199963	0.175435
2615.29699993	1.160905
2618.31699991	0.357655
2619.75199986	0.143264
2621.47199988	1.236633
2623.3429997	0.740125
2625.16299963	0.790858
2627.24299979	0.275707
2629.32799983	1.419043
2631.45099974	0.598739
2633.23399973	0.160661
2635.30299973	0.066482
2637.12499976	0.548125
2639.25899982	0.533877
2641.26199985	1.295106
2643.33699989	0.732851
2645.10399985	0.662505
2647.23699975	0.643693
2649.51199985	1.193053
2651.38599968	0.276815
2653.21099973	0.216437
2655.24099994	0.574812
2657.12599969	1.067371
2659.91199994	0.727045
2662.69899964	0.767302
2664.58199978	0.54876
2665.80199981	0.659675
2667.37099981	0.167307
2671.27199984	0.284755
2672.83200002	0.018704
2675.06299973	0.136332
2677.79399967	0.30667
2678.3119998	1.375794
2679.53799987	0.574535
2681.30099988	0.077585
2683.34199977	0.375273
2685.18999982	0.832412
2687.27499962	0.097705
2689.34099984	0.283621
2693.27599955	0.306443
2694.28299975	1.049775
2695.25199962	0.417139
2697.60399961	1.314309
2699.24899983	0.051022
2701.35499978	0.181167
2703.19399977	1.43292
2705.75599957	0.127225
2707.32099986	1.335917
2709.23199987	1.371996
2711.37299991	0.389988
2714.17499971	0.586449
2715.27599955	0.175741
2717.22699976	0.390567
2719.27799988	0.218539
2722.25799966	0.086501
2726.20099974	0.037667
2728.704	0.188458
2730.17599988	1.182456
2732.25299978	0.409019
2733.67399979	0.206326
2735.61499977	0.747789
2736.67999983	0.060625
2738.07199979	0.039361
2740.53199959	0.140695
2742.5999999	0.128643
2746.27299976	0.056015
2747.55499959	0.192653
2748.68099976	0.528856
2749.91199994	0.610156
2751.69099975	0.362636
2753.37199974	1.07346
2756.47599959	1.070622
2758.55099964	0.08443
2761.29399967	0.158518
2762.296	0.665281
2763.94499993	1.088345
2766.57399988	0.076394
2768.1619997	0.060956
2769.29799986	0.145701
2771.36299968	0.629714
2773.47899961	0.056413
2775.48799992	1.471504
2777.29399967	0.57653
2779.34899974	1.389864
2781.49299979	0.034552
2783.45099974	0.971317
2785.53799987	1.481526
2787.28799987	1.272469
2789.42999983	0.414347
2791.42799973	0.445778
2793.50899982	1.294449
2795.32799983	0.134715
2798.25099969	0.0528
2801.31599975	0.511803
2802.73699975	0.122729
2803.50099993	0.608192
2805.42699981	0.068556
2807.50499988	0.136761
2809.31799984	1.188264
2811.48999977	0.012216
2813.47899961	1.352871
2815.64599967	1.033822
2819.62399983	0.01393
2820.31499982	0.987477
2821.4989996	1.254179
2823.33599997	0.262654
2825.42099977	1.423986
2827.38599968	1.176104
2829.57099962	0.086396
2831.90099978	0.311694
2833.49299979	0.212383
2835.52199984	1.177006
2837.37099981	0.163376
2839.4369998	0.10663
2841.52199984	1.070168
2843.58799958	0.005428
2845.90999985	0.198109
2848.39699984	0.230141
2849.76299977	0.980436
2852.14999986	0.313366
2853.52899981	0.095233
2855.55399966	0.109556
2857.3579998	0.162158
2859.51799989	0.236269
2861.50799966	0.379669
2863.59200001	0.304313
2865.39899969	0.078398
2867.70299959	0.055971
2869.37999964	0.12718
2871.38499975	0.656362
2873.68299961	0.017262
2876.16299963	0.644924
2877.3809998	0.214797
2879.48799992	0.008846
2881.51899981	0.362661
2883.76499987	0.379888
2885.4829998	0.547666
2887.51699972	0.183112
2889.57099962	0.029274
2891.39499974	0.094741
2893.45299983	0.141894
2895.52699971	0.4463
2897.60499978	0.048964
2899.4349997	0.527118
2904.38799953	0.120649
2907.58999968	0.01553
2909.74699974	0.05363
2910.36099982	0.067314
2911.44799995	0.313309
2912.97299981	0.410067
2913.64999986	0.194616
2916.52799988	0.527861
2917.63499975	0.007953
2919.57099962	0.004691
2922.65899968	0.680187
2923.67299986	0.793926
2925.44699979	0.893397
2927.51999998	0.133321
2929.55399966	0.432486
2931.62399983	1.365154
2933.56799984	0.789986
2935.5059998	0.345247
2937.57799983	0.010002
2939.704	1.397141
2941.45499969	0.595189
2943.53399968	1.22397
2945.60399961	1.421798
2947.42499995	0.345208
2949.51599956	1.163847
2951.83200002	0.479604
2954.15899968	0.196307
2956.60499978	0.139932
2957.53099966	0.403768
2959.60299969	0.119669
2961.67799973	1.212586
2963.50199986	1.212915
2965.58999968	1.152111
2967.66299963	0.540699
2969.54399991	0.053011
2971.70299959	0.245025
2974.10099983	1.464315
2976.6639998	0.082048
2977.79599953	0.527194
2979.60599971	1.206184
2981.66499972	0.013844
2983.4849999	0.214592
2985.56299973	0.125755
2987.64399958	1.323449
2990.08799982	0.981469
2992.7159996	0.28307
2995.30199981	0.134701
2998.79599953	0.288484
3000.29899979	0.155098
3001.77899981	1.10752
3004.68099976	0.367377
3006.81399989	0.124077
3009.66299963	1.028752
3012.02899981	0.066539
3013.46599984	0.235117
3015.15799975	0.267689
3016.94799972	0.058579
3018.87299991	0.37741
3020.23499966	0.189845
3022.69299984	0.347872
3024.8099997	0.334667
3027.40399957	0.071601
3028.77099967	0.337711
3029.98999977	0.241846
3030.76699972	1.185646
3032.65299988	1.119057
3035.77399969	0.500884
3037.80599976	0.438645
3039.04999971	0.259031
3040.31299973	0.140761
3042.24499989	0.351416
3043.99599957	1.11409
3045.60299969	0.160685
3050.37599993	0.005419
3051.94499993	0.302833
3053.38499975	0.00597
3054.91499972	0.010521
3056.27799988	0.21492
3058.04399967	0.410815
3059.61299992	1.110839
3063.22399998	0.205786
3063.80699968	1.122464
3065.64199972	1.324444
3067.6619997	0.522582
3069.74099994	0.772945
3071.55299973	1.433361
3073.6329999	0.623753
3075.70199966	0.012334
3077.78999972	0.250417
3079.60199976	0.211932
3081.9909997	0.717456
3084.83899975	0.325235
3086.03199983	0.283135
3088.04299974	1.268462
3090.34799957	0.221678
3093.16499972	0.239553
3096.07399988	0.173754
3099.82499981	0.978358
3102.39499974	0.567149
3103.85099959	0.018679
3104.88899994	0.288262
3106.37899971	1.408077
3107.84899974	1.072635
3109.32799983	0.111963
3112.31499982	1.439089
3115.52399969	0.207316
3116.49699974	0.18135
3117.29299974	1.38592
3117.84999967	1.297984
3119.83200002	1.334417
3121.64199972	0.038526
3123.72899985	1.441879
3125.81499982	1.369072
3128.38799953	0.821705
3130.33099961	0.206309
3132.80299973	0.078923
3137.12599969	1.359497
3138.27699995	0.189194
3139.50099993	1.215898
3140.84899974	1.48411
3143.47899961	0.524104
3145.45599985	0.434299
3148.60199976	0.706247
3151.08899975	0.085291
3152.57799983	1.173122
3153.16299963	1.097082
3154.84599972	0.230592
3156.41899967	0.074483
3158.10099983	0.762831
3161.0679996	0.664628
3163.08099985	0.144386
3165.05599999	1.121489
3168.62799954	0.079496
3172.33699989	0.580513
3172.61999965	0.580513
3173.94699979	0.864836
3175.35699987	0.794093
3178.16099977	0.166431
3180.78599977	0.132906
3182.32299972	0.908289
3184.09599996	0.21504
3186.07899976	0.195993
3188.78599977	0.22565
3190.65499973	1.214206
3194.37599993	0.238844
3197.27599955	0.224094
3198.20799994	1.411719
3199.70499992	0.192198
3201.51899981	1.305262
3202.71699977	0.359347
3204.87599969	0.336557
3206.49999976	0.923338
3208.07399988	0.044421
3210.34999967	0.701824
3211.74699974	1.130595
3213.37499976	0.342277
3215.27699995	0.095985
3216.76699972	0.13983
3219.99599957	1.197924
3221.50399995	1.467793
3224.30799961	0.37692
3225.47899961	0.298633
3227.79599953	0.171386
3230.84599972	1.282952
3232.52899981	0.137504
3234.69399977	0.133213
3239.87399983	0.1517
3241.32699966	0.086708
3242.44199967	0.722449
3243.05799985	0.738436
3244.62299967	0.036877
3246.66899991	0.764967
3247.49799967	0.370963
3248.88999987	0.733739
3250.11099982	0.201093
3252.12499976	1.240886
3253.71399975	0.154999
3257.12599969	0.608974
3261.03699994	0.397224
3264.67399979	0.420595
3265.95699978	0.420596
3266.59699988	0.420599
3268.53299975	0.133987
3270.72999978	0.065133
3271.95399976	0.568694
3274.48899984	0.009766
3275.92999983	0.377684
3277.20099974	0.61075
3278.62799954	0.842426
3281.85999966	0.023525
3284.67499971	0.112987
3286.66099977	0.376028
3288.12499976	0.505286
3289.14299965	0.457373
3290.71099973	0.324483
3297.54799962	0.052986
3299.74599981	0.121953
3301.90199971	0.111784
3302.63999987	0.142694
3303.88899994	0.245127
3304.84099984	0.277869
3305.7179997	0.358253
3306.93999958	0.627729
3309.96999979	0.563465
3311.11099982	0.820302
3312.07999992	0.291643
3314.02599978	0.660126
3315.82999969	0.63884
3317.97599983	1.459908
3319.99599957	1.318462
3321.81699991	0.55072
3323.9849999	1.439548
3325.96399975	0.237246
3327.77899981	0.170046
3329.85399985	0.360878
3331.90699983	0.011064
3333.98399997	0.725495
3336.12799978	0.837846
3337.88699961	0.367034
3339.96799994	0.477474
3342.1159997	0.720024
3343.86199975	0.088829
3345.84999967	0.988033
3348.03699994	1.155222
3349.84699965	1.163166
3351.94699979	0.213913
3354.02599978	0.122645
3355.83999991	1.42922
3357.91099977	0.678232
3359.99499965	0.837164
3362.0619998	0.018327
3363.9599998	0.065443
3365.97299981	1.151316
3368.05299973	1.442104
3369.92099977	0.547363
3371.98599982	0.359171
3374.02799964	0.68712
3375.86399984	1.392274
3377.92199969	0.317615
3380.03999996	0.410897
3382.10199976	0.183545
3383.91699982	0.009038
3386.00099993	0.213258
3388.07299995	0.555771
3389.90299964	1.178359
3391.97199965	1.232715
3394.04799986	0.803098
3395.86499977	0.287429
3397.93299985	1.094596
3400.50499988	0.968334
3403.79699993	0.219407
3405.19099975	0.243944
3408.00099993	1.419139
3411.10399985	0.163983
3411.93099976	1.266304
3413.16099977	0.557481
3414.51699972	0.116
3416.17499971	0.123971
3418.01599979	0.567533
3420.00199986	1.318579
3422.0849998	0.326914
3424.00199986	0.293889
3425.95099974	0.015058
3428.03099966	0.506733
3430.11099982	1.41401
3431.94699979	1.422817
3434.03199983	0.941307
3436.1239996	1.29561
3437.9429996	0.255206
3440.01999974	0.085627
3442.10999966	1.078334
3443.92999983	0.788661
3446.01199961	1.328001
3448.1159997	0.787576
3450.15199995	0.005366
3451.95699978	0.553282
3454.03999996	0.553282
3456.01999974	0.553282
3457.9429996	0.016041
3460.50199986	0.162553
3463.8579998	0.204982
3466.01899981	1.407075
3466.48099995	0.953444
3468.05399966	1.414338
3470.21299982	1.361504
3471.9289999	0.363411
3474.0	0.011911
3476.07799983	0.473364
3478.64099979	0.314115
3480.10399985	1.211308
3482.0619998	1.22441
3484.20899987	1.037676
3485.96799994	0.239076
3488.15099978	1.389153
3490.58399987	0.793272
3492.7179997	1.606881
3494.0139997	1.395992
3496.08899975	0.181106
3498.17299986	1.409738
3499.98999977	1.409738
3502.0599997	1.311662
3504.16899991	0.577348
3505.96399975	0.166176
3508.03999996	0.179622
3510.17599988	0.109632
3512.17799973	1.216795
3514.03099966	1.002981
3516.11199999	1.470153
3518.30899978	0.079347
3520.02099991	1.210705
3522.09799981	1.191331
3524.19199991	0.55314
3525.9989996	1.44659
3528.0769999	1.418397
3530.14999986	1.418397
3532.34399986	0.399768
3535.71299982	0.175858
3537.87299991	0.718012
3539.77599978	0.962225
3540.93599987	0.254546
3542.08799982	1.072918
3544.15499973	0.613512
3546.21099973	0.782806
3548.02699971	0.796556
3550.06999969	0.182754
3552.12999988	0.237336
3554.19899964	0.603904
3556.01899981	0.070524
3558.11699986	0.52282
3560.18799973	0.456299
3562.26799965	0.224595
3564.17999959	0.224595
3566.24699974	0.077467
3568.08299971	0.569246
3570.18099976	0.055283
3572.07899976	0.416975
3574.21099973	0.174428
3576.08099985	0.904904
3578.23399973	0.46226
3580.25399971	0.249531
3582.22799969	1.191737
3584.54199982	0.624884
3588.06399989	0.85709
3589.56799984	0.899552
3591.99599957	0.155332
3593.80899978	1.343395
3594.30799961	1.448232
3597.52599978	0.190594
3600.65199971	0.574801
3601.2249999	0.859849
3603.31099963	0.031398
3606.11699986	1.388942
3608.10599971	1.206591
3609.93099976	0.111938
3613.6079998	0.104021
3614.63199997	0.921264
3615.83399987	0.246167
3618.88499975	0.888171
3621.02399993	0.329923
3622.92299962	0.269597
3624.14399981	0.088995
3625.38199973	0.762116
3627.27699995	0.068684
3628.47799969	0.032771
3631.10999966	0.572608
3632.78299975	0.555706
3635.13199973	0.366217
3637.12299967	0.626584
3638.75099969	0.020586
3642.12299967	0.007214
3642.64599967	0.995673
3644.31499982	0.181334
3646.36199975	0.100631
3648.19899964	0.933629
3650.30599976	0.946626
3653.3349998	0.08097
3654.81999969	0.182594
3656.38299966	0.944606
3658.27999997	0.78049
3660.14799976	0.297166
3668.98399997	0.118836
3670.04099989	0.152701
3670.69299984	0.689375
3671.32399964	0.729864
3671.87799978	0.294143
3672.29899979	0.716215
3674.24899983	0.039746
3683.59699988	0.023522
3685.93399978	0.190764
3687.15199995	0.203585
3688.11499977	0.193726
3689.11199999	0.151225
3689.77099967	0.19969
3691.03199983	0.296358
3693.31899977	0.230616
3694.28999972	0.472088
3695.57799983	0.186939
3696.97599983	0.503533
3698.53600001	0.241074
3700.3039999	0.760614
3702.3349998	0.610008
3705.56399965	0.407945
3706.71199989	0.799124
3708.30099988	0.534057
3710.35399985	0.759806
3712.40999985	0.348632
3714.25799966	0.795813
3716.33399987	0.094768
3718.29799986	0.343056
3720.50799966	0.619691
3722.66099977	0.434607
3724.55099964	0.256521
3726.6869998	0.699042
3728.30599976	1.246814
3730.38499975	0.55661
3732.48199987	0.146547
3734.28599977	0.248447
3736.36799979	0.098218
3738.44799995	0.040902
3740.22899985	0.29522
3742.29799986	1.423001
3744.37899971	0.713074
3746.50299978	1.177231
3748.24199986	1.08884
3750.41499972	1.215564
3752.78999972	0.205269
3754.21199965	1.322611
3756.25099969	0.19061
3758.2179997	0.379614
3760.38199973	0.394808
3762.49299979	0.220999
3765.1619997	0.318327
3767.02999973	0.278464
3768.35699987	0.120039
3772.65299988	0.004046
3774.6469996	0.491286
3775.64499974	1.10077
3776.52699971	1.007525
3778.50799966	0.545316
3780.24799991	0.84138
3782.3579998	0.400639
3784.9139998	0.336349
3788.09399986	0.382111
3789.7949996	0.544036
3791.86399984	0.197019
3794.10699964	0.467458
3795.65799975	0.02369
3797.03099966	0.010936
3798.31099963	0.027348
3800.47699976	0.165078
3802.26899981	1.394182
3804.2809999	0.224739
3806.74299979	0.296097
3808.70599985	0.860915
3811.22799969	0.108038
3815.06999969	0.139287
3816.52999973	0.111675
3817.20499992	0.258896
3818.34999967	1.155063
3820.27499962	1.268436
3822.36099982	0.544386
3824.4289999	1.425443
3826.50699973	1.337328
3828.352	0.14427
3830.46899986	0.02488
3832.46099973	1.158923
3834.29099965	1.317332
3836.35299993	0.254346
3838.45199966	0.112312
3840.47699976	1.342339
3842.45299983	1.032735
3844.31999993	1.099476
3846.37999964	0.247539
3848.55499959	0.545032
3850.52999973	0.475453
3852.34499979	0.350589
3854.39099979	0.164323
3857.07099962	0.00888
3858.30199981	1.366536
3860.37499976	0.561503
3862.54099989	1.417085
3864.49499965	0.550124
3866.55099964	1.402163
3868.36399961	0.069295
3870.43999982	0.549905
3872.48899984	1.418721
3874.52999973	1.417185
3876.32999969	0.20016
3878.49699974	0.23887
3880.44599986	0.388029
3882.52099991	0.28221
3884.34399986	0.879122
3886.48399973	0.879122
3888.46399999	1.107752
3890.50299978	0.241646
3892.36999989	0.310885
3894.46699977	1.069236
3896.69999957	0.635734
3898.32299972	1.132575
3900.38899994	1.42363
3902.4679997	1.42363
3904.53699994	1.42363
3906.45399976	1.390856
3908.60499978	0.574532
3910.49999976	0.077975
3912.56299973	0.548555
3914.44399953	0.009839
3916.48199987	0.195963
3918.55199981	0.267515
3920.63399982	0.229093
3922.45499969	0.427683
3924.52199984	0.108274
3926.53399968	1.228509
3928.40699983	1.407084
3930.49199963	0.419547
3932.54999971	1.305373
3934.63399982	1.416914
3936.45399976	1.207822
3938.51199985	0.046084
3940.58899975	0.251903
3942.49299979	0.607497
3944.50799966	1.314131
3946.58399987	0.311904
3949.17199969	0.206813
3950.54299974	1.153131
3953.10199976	0.081244
3955.24099994	1.223985
3956.68599987	0.744465
3958.46999979	0.460664
3961.10299969	1.409043
3963.29299974	0.404986
3964.45599985	0.187402
3966.55199981	0.135789
3969.26199985	0.797651
3972.6309998	0.275143
3974.79299974	0.24075
3977.45199966	1.370328
3978.54499984	1.172856
3979.00899982	1.249342
