0.0	0.029165
0.357000112534	0.426045
0.769999980927	1.062662
1.02000021935	2.464018
1.1890001297	2.464018
1.38100004196	2.464018
1.52200007439	2.464018
1.72900009155	2.464018
1.91300010681	2.464018
3.71000003815	0.321453
5.71099996567	6.670984
7.96100020409	1.059515
9.96100020409	0.206402
11.8310000896	0.695961
13.9690001011	0.492205
15.9630000591	0.354641
17.9610002041	4.254552
19.9620001316	6.20845
21.9620001316	0.719211
23.9600000381	0.321901
25.9590001106	0.029284
27.9620001316	1.374003
29.9620001316	1.378443
31.9620001316	0.712662
33.9620001316	0.458627
35.8920001984	6.64324
37.9610002041	0.465065
39.9610002041	6.602049
41.9620001316	6.751339
43.9620001316	0.109193
45.9620001316	0.69522
47.9660000801	5.805059
49.9610002041	0.338542
51.9610002041	0.478729
53.9610002041	0.629816
55.9640002251	1.345128
57.9620001316	6.427672
59.853000164	4.631491
61.9630000591	6.562431
63.9620001316	0.262333
65.9620001316	1.084848
67.9620001316	0.699034
69.9620001316	0.777131
71.9620001316	5.485897
73.9750001431	6.195456
75.9620001316	4.907946
77.9640002251	1.514156
79.9610002041	1.560603
81.9620001316	0.634555
83.8259999752	2.28264
85.9620001316	6.542313
87.9620001316	2.909035
89.9620001316	0.964704
91.9640002251	0.369152
94.0450000763	6.357997
95.9630000591	1.120151
97.9630000591	0.124842
99.9630000591	3.563974
101.962000132	2.849124
103.96600008	3.034054
105.963000059	3.259614
107.970999956	0.702549
109.962000132	6.715962
111.962000132	0.324971
113.964000225	2.378682
115.963000059	0.420244
117.963000059	6.556414
119.963000059	6.574452
121.962000132	0.174472
123.962000132	5.571782
125.964000225	0.050352
127.964000225	6.593069
129.964000225	4.665522
131.967000008	0.715195
133.963000059	5.809291
135.962000132	3.820781
137.962000132	3.820781
139.96600008	6.160937
141.967000008	0.704652
143.963000059	6.575793
145.962000132	6.775486
147.963000059	0.014309
149.963000059	0.779052
151.963000059	1.361872
153.963000059	0.261878
155.908000231	0.550979
157.965000153	6.194433
159.964000225	0.029874
161.965000153	0.597003
163.967000008	5.771414
165.967000008	3.078518
167.963000059	6.420047
169.964000225	0.786716
171.963000059	2.958336
173.963000059	3.221212
175.964000225	0.716516
177.964000225	0.512072
179.965000153	6.016166
181.963000059	0.150479
183.963000059	0.236029
185.963000059	0.677111
187.963000059	6.587028
189.96600008	6.141078
191.964000225	0.320024
193.963000059	5.790843
195.962000132	5.790843
197.963000059	5.790843
199.963000059	5.790843
201.967000008	5.790843
203.967999935	5.790843
205.963000059	0.294163
207.963000059	3.499823
209.964000225	6.260632
212.213999987	6.260632
214.213999987	0.719914
216.214999914	6.497054
218.21600008	0.02921
220.213999987	5.000188
222.218000174	6.555073
224.214999914	6.560764
226.213999987	6.560764
228.213999987	6.560764
230.213999987	0.483091
232.214999914	0.020073
234.214999914	0.014241
236.213999987	6.926726
238.213999987	6.560686
240.213999987	6.282584
242.219000101	6.345517
244.214999914	3.368823
246.214999914	6.571735
248.217000246	2.506322
250.214999914	6.581456
252.217000246	6.652748
254.213999987	1.326694
256.213000059	6.476612
258.214999914	6.376334
260.213999987	0.340142
262.214999914	4.268475
264.214999914	0.127621
266.214999914	0.553799
268.214999914	3.078825
270.217000246	6.542867
272.21600008	0.716861
274.214999914	0.423653
276.218000174	6.824407
278.214999914	0.38419
280.21600008	4.289485
282.21600008	6.806942
284.217000246	6.806942
286.213999987	6.806942
288.21600008	0.008369
290.214999914	2.684312
292.214999914	3.277524
294.21600008	3.277524
296.21600008	0.765169
298.21600008	5.438707
300.21600008	6.67689
302.214999914	0.392719
304.218000174	0.087647
306.214999914	0.014142
308.214999914	6.594666
310.21600008	0.69418
312.218000174	0.045221
314.21600008	1.793167
316.218000174	6.597864
318.214999914	0.293789
320.219000101	0.716829
322.21600008	6.637667
324.217000246	3.584113
326.214999914	3.831018
328.214999914	6.43922
330.219000101	6.43922
332.214999914	6.43922
334.214999914	6.43922
336.217000246	1.477852
338.21600008	6.560501
340.219000101	0.278719
342.219000101	1.872451
344.218000174	0.014196
346.217000246	5.625652
348.218000174	0.704695
350.21600008	1.914625
352.217000246	0.344922
354.21600008	3.52064
356.217000246	0.337463
358.21600008	6.512416
360.21600008	6.573744
362.218000174	6.576703
364.218000174	6.516234
366.219000101	0.461031
368.220000267	4.032725
370.220000267	6.439067
372.219000101	6.675997
374.219000101	0.120855
376.217000246	0.23951
378.219000101	5.767077
380.217000246	6.58597
382.221000195	5.898823
384.21600008	6.650917
386.293000221	0.143576
388.217000246	0.07938
390.21600008	6.62798
392.219000101	6.62798
394.217000246	0.896782
396.217000246	6.369291
398.21600008	2.527892
400.21600008	0.024723
402.21600008	0.014159
404.217000246	2.866794
406.218000174	2.917547
408.217000246	6.77791
410.221000195	6.444558
412.218000174	0.029854
414.217000246	6.508092
416.217000246	6.507892
418.218000174	0.386589
420.217000246	6.331365
422.218000174	6.631646
424.217000246	0.312303
426.21600008	6.68324
428.217000246	6.452028
430.217000246	0.707632
432.217000246	6.665122
434.218000174	6.380944
436.218000174	0.141288
438.21600008	0.020204
440.217000246	0.719753
442.46600008	6.682694
444.470000029	6.588459
446.467000008	6.599665
448.467000008	0.01139
450.467000008	0.277394
452.467000008	6.323237
454.470999956	6.547144
456.470000029	0.416868
458.332000256	2.280552
460.467000008	0.077699
462.468000174	6.514837
464.468000174	6.548795
466.467000008	6.441029
468.469000101	6.524766
470.469000101	6.559032
472.469000101	6.558345
474.468000174	0.008247
476.470000029	6.638249
478.471999884	6.33245
480.468000174	6.493177
482.335999966	6.226734
484.468000174	6.681044
486.470000029	6.692101
488.468000174	6.776126
490.467000008	6.617548
492.468000174	6.623728
494.468000174	6.623728
496.468000174	6.623728
498.471999884	6.623728
500.470000029	0.073928
502.468000174	6.656869
504.469000101	5.299674
506.337000132	0.717137
508.468000174	5.19545
510.468000174	0.023812
512.468000174	0.720767
514.469000101	0.179954
516.468000174	6.58025
518.469000101	0.347668
520.468000174	2.226297
522.468000174	0.180659
524.469000101	6.316984
526.470000029	0.714354
528.471999884	2.81522
530.338999987	3.2604
532.469000101	6.597441
534.469000101	6.597441
536.469000101	6.597441
538.469000101	6.597441
540.468000174	6.597441
542.468000174	6.597441
544.468000174	6.597441
546.470000029	6.597441
548.469000101	6.370419
550.468000174	6.370419
552.469000101	6.370419
554.535000086	6.370419
556.654999971	6.370419
558.471999884	6.370419
560.469000101	6.370419
562.468000174	6.370419
564.469000101	6.370419
566.517000198	6.370419
568.469000101	6.370419
570.468000174	6.370419
572.468000174	6.370419
574.469000101	6.370419
576.469000101	6.370419
578.469000101	6.370419
580.470000029	6.370419
582.469000101	0.126077
584.469000101	0.721311
586.470000029	2.334979
588.469000101	5.228391
590.469000101	5.228391
592.470000029	5.228391
594.47300005	6.613217
596.470999956	6.613217
598.477000237	6.613217
600.470999956	0.044278
602.470999956	4.715872
604.470999956	1.953935
606.470999956	1.865459
608.47300005	0.013865
610.471999884	0.200588
612.470999956	0.698078
614.470999956	4.382119
616.471999884	4.55037
618.470999956	6.307412
620.470999956	4.784952
622.470000029	0.773476
624.470000029	3.889889
626.524000168	3.889889
628.470999956	3.889889
630.470000029	0.29001
632.471999884	6.482757
634.470999956	0.164256
636.470999956	0.694162
638.471999884	0.060667
640.471999884	0.012703
642.470999956	3.964915
644.470999956	1.268941
646.476000309	6.501343
648.471999884	3.475509
650.471999884	1.84399
652.471999884	2.617984
654.47300005	4.541955
656.471999884	6.618364
658.47300005	5.819806
660.47300005	0.42974
662.47300005	0.09633
664.47300005	6.357782
666.47300005	0.174142
668.470999956	3.116852
670.471999884	6.424627
672.72300005	6.616691
674.727999926	3.273026
676.724000216	4.819457
678.725000143	6.627489
680.796000242	0.26343
682.722000122	5.400427
684.722000122	0.307471
686.941000223	0.5607
688.78399992	0.053097
690.721000195	3.85422
692.722000122	6.540102
694.722000122	6.540102
696.722000122	0.312227
698.722000122	6.19334
700.722000122	0.351976
702.722000122	6.170074
704.722000122	6.499398
706.72300005	4.583101
708.72300005	2.451279
710.726000071	3.68417
712.589000225	6.41808
714.792000055	0.095489
716.725000143	1.479852
718.724000216	0.780894
720.724000216	6.21238
722.72300005	6.507959
724.72300005	0.007658
726.722000122	6.695867
728.722000122	0.01405
730.72300005	0.173613
732.721000195	4.821996
734.722000122	2.381565
736.59100008	6.176029
738.722000122	0.014099
740.726000071	6.572338
742.72300005	6.708601
744.722000122	6.432952
746.741000175	6.432952
748.7900002	6.612194
750.725000143	3.266725
752.725000143	0.028454
754.727999926	0.059703
756.724000216	0.716478
758.724000216	0.013232
760.724000216	2.201807
762.722000122	2.89093
764.722000122	0.156076
766.721000195	0.006811
768.722000122	6.569959
770.72300005	6.569959
772.72300005	0.012284
774.72300005	0.005725
776.72300005	0.225944
778.72300005	6.640614
780.72300005	6.640614
782.786999941	6.023768
784.724000216	0.243178
786.72300005	6.803178
788.726999998	6.803178
790.72300005	6.235842
792.72300005	6.389665
794.725000143	1.080213
796.725000143	0.761629
798.725000143	0.190098
800.724000216	2.856168
802.726999998	5.479234
804.725000143	3.033809
806.750999928	6.436215
808.796000242	2.783285
810.726000071	0.144931
812.72300005	4.19637
814.722000122	4.19637
816.782999992	0.253003
818.72300005	6.267606
820.72300005	6.783776
822.724000216	6.783776
824.725000143	6.783776
826.726000071	6.783776
828.724000216	6.62445
830.72300005	6.62445
832.724000216	4.815012
834.724000216	0.160998
836.72300005	0.117334
838.725000143	6.673496
840.746000051	4.617824
842.977000237	3.255616
844.973999977	6.283363
846.977000237	0.550139
848.977000237	6.447907
850.975000143	6.572867
852.973999977	0.6984
854.975000143	1.368042
856.842999935	0.709169
858.973999977	2.895168
860.973999977	3.122672
862.973999977	0.717637
864.975000143	5.835734
866.973999977	6.386057
868.973999977	6.24882
870.97300005	6.283576
872.973999977	6.283576
874.977000237	6.283576
876.973999977	6.565732
878.973999977	0.702429
880.894999981	1.974327
882.975000143	5.997638
884.979000092	1.465875
886.975000143	0.011409
888.976000071	6.506785
890.975000143	0.714991
892.973999977	2.177859
894.973999977	0.187144
896.975000143	6.200997
898.975000143	6.200997
900.975000143	0.718909
902.973999977	6.179454
904.85800004	0.621315
906.975000143	5.563379
908.976000071	6.439057
910.977000237	6.65521
912.975000143	0.216158
914.976000071	0.695563
916.973999977	6.238561
918.975000143	6.171391
920.975000143	6.270005
922.976000071	6.270005
924.975000143	6.332368
926.975000143	6.332368
928.842999935	6.332368
930.975000143	0.094459
932.975000143	2.578865
934.976000071	2.578865
936.973999977	0.04549
938.973999977	1.019197
940.975000143	1.019197
942.975000143	2.775442
944.975000143	0.47651
947.036000252	5.83582
948.975000143	6.426343
950.976000071	0.018347
952.844000101	0.707613
954.976000071	0.333319
956.976000071	0.19546
958.973999977	0.708219
960.976000071	6.295937
962.975000143	6.853257
964.976000071	0.009404
966.975000143	6.017998
968.975000143	6.017998
970.977000237	6.017998
972.977000237	6.017998
974.977000237	6.017998
976.976000071	6.017998
978.977000237	6.017998
980.976000071	6.017998
982.976000071	6.017998
984.977000237	0.059105
986.980000257	0.710449
988.977000237	6.655019
990.976000071	0.973833
992.976000071	5.138336
994.976000071	2.605641
996.976000071	6.558465
998.976000071	6.051381
1000.91100001	6.051381
1002.98000026	0.143652
1004.97800016	0.143652
1006.97700024	6.638192
1008.98000026	2.021903
1010.97700024	6.453081
1012.98000026	1.813594
1014.97600007	6.675525
1016.97700024	0.071308
1018.98000026	0.378896
1020.97700024	0.71011
1022.97700024	0.70647
1024.97800016	0.5922
1026.97600007	2.830662
1028.97800016	2.886436
1030.97800016	1.202078
1032.97700024	0.028626
1034.97700024	0.720748
1036.97800016	0.07965
1038.97900009	0.45157
1040.97700024	2.909068
1042.98000026	0.213321
1044.97900009	6.058367
1046.97800016	0.04478
1048.97900009	3.676234
1050.97800016	0.202975
1052.97800016	6.451809
1054.97800016	0.02775
1056.97700024	6.473695
1058.97700024	6.623181
1060.97600007	0.978714
1062.97600007	0.077089
1064.97700024	0.020086
1066.97700024	0.219202
1068.97700024	0.868082
1070.97600007	6.641837
1072.97700024	6.938935
1074.97900009	1.793804
1076.97900009	0.017646
1078.97700024	5.988701
1080.97800016	6.618223
1082.97800016	6.61371
1084.97700024	3.115805
1086.98100019	6.414089
1088.98000026	0.074701
1090.97900009	6.333525
1093.22900009	4.697291
1095.22900009	1.396683
1097.23199987	0.705636
1099.23000002	6.207255
1101.23099995	0.210501
1103.22900009	6.405288
1105.22800016	0.405214
1107.22800016	6.625345
1109.22800016	6.625345
1111.09500003	6.310296
1113.22800016	6.477576
1115.23199987	6.816188
1117.23400021	0.710223
1119.22800016	6.704761
1121.22800016	6.549683
1123.22800016	1.131298
1125.22800016	6.521583
1127.22900009	6.521583
1129.23000002	6.521583
1131.23099995	6.690009
1133.22800016	0.367228
1135.09500003	6.571713
1137.23199987	0.303864
1139.22900009	1.521852
1141.23199987	0.013028
1143.22800016	5.733731
1145.22800016	6.655217
1147.22800016	6.655217
1149.22900009	6.655217
1151.22800016	6.655217
1153.22800016	6.655217
1155.22800016	6.655217
1157.22800016	6.655217
1159.0940001	6.655217
1161.23000002	6.656341
1163.23099995	6.656341
1165.22900009	0.711879
1167.23000002	2.60394
1169.22900009	0.697508
1171.22900009	0.028334
1173.22800016	2.903883
1175.22900009	6.558152
1177.22900009	0.010097
1179.23000002	0.715826
1181.22900009	6.546902
1183.09899998	6.546902
1185.22900009	0.676596
1187.23099995	6.583299
1189.22800016	6.583299
1191.22800016	0.010179
1193.22900009	2.59547
1195.23000002	6.712733
1197.22800016	0.385305
1199.23000002	0.029192
1201.22900009	0.092402
1203.23099995	2.846907
1205.22900009	6.575247
1207.10399985	0.666019
1209.23000002	0.470049
1211.23000002	0.049322
1213.22900009	0.676488
1215.23000002	0.078901
1217.23300004	3.12923
1219.23000002	0.282271
1221.23000002	2.010529
1223.23199987	2.869016
1225.23099995	0.681427
1227.23099995	2.625867
1229.23300004	5.21976
1231.22900009	0.693796
1233.23099995	1.614564
1235.23300004	0.047331
1237.23199987	3.104246
1239.23000002	4.959859
1241.23000002	6.563154
1243.23000002	6.563154
1245.23000002	6.560602
1247.23000002	0.201418
1249.23000002	1.691491
1251.23199987	6.439042
1253.23099995	6.439042
1255.23000002	0.716484
1257.23199987	6.696871
1259.23000002	1.616197
1261.23300004	2.555304
1263.23099995	6.511945
1265.23000002	6.575089
1267.23099995	6.575089
1269.23000002	6.575089
1271.23099995	6.575089
1273.23199987	0.406384
1275.23000002	6.057486
1277.23099995	6.057486
1279.23099995	0.698905
1281.23199987	0.401356
1283.25400019	0.239258
1285.23300004	6.217576
1287.23199987	6.588938
1289.23199987	0.666854
1291.45900011	0.235343
1293.31900001	0.074134
1295.23000002	2.904718
1297.23300004	2.904718
1299.23199987	6.612812
1301.23400021	0.013003
1303.23099995	6.287004
1305.23400021	6.287004
1307.23099995	0.024444
1309.23300004	4.102804
1311.23099995	6.590807
1313.23099995	6.504153
1315.23099995	0.350118
1317.23099995	1.849572
1319.23199987	6.434887
1321.23099995	0.30435
1323.23199987	0.710657
1325.23300004	6.553814
1327.23300004	2.204264
1329.23300004	0.940019
1331.23199987	0.022901
1333.23199987	0.621988
1335.23300004	6.379142
1337.23199987	6.765043
1339.23300004	0.362295
1341.23099995	2.268139
1343.48200011	0.58511
1345.48100019	6.495001
1347.48500013	0.715584
1349.48300004	6.67746
1351.48200011	6.691834
1353.48300004	0.102912
1355.48200011	3.072897
1357.48300004	6.43357
1359.48300004	0.058786
1361.48200011	6.367282
1363.48200011	6.053578
1365.48200011	6.121461
1367.48300004	0.17078
1369.48200011	0.63527
1371.48200011	6.502085
1373.48200011	0.243288
1375.48600006	0.720101
1377.48400021	0.038576
1379.48600006	3.868909
1381.48600006	6.614707
1383.48300004	0.836727
1385.48300004	0.47228
1387.48300004	3.793823
1389.48400021	6.656127
1391.48500013	2.58529
1393.48400021	0.387578
1395.48300004	5.935448
1397.48400021	3.164974
1399.48300004	0.704497
1401.48200011	0.47722
1403.48600006	6.689483
1405.48200011	6.677218
1407.48300004	6.677218
1409.48500013	0.614402
1411.48400021	0.080852
1413.48300004	2.086019
1415.48300004	3.033668
1417.48400021	6.448922
1419.48300004	6.538764
1421.48500013	0.4469
1423.48400021	0.694533
1425.48500013	0.289093
1427.48500013	0.177844
1429.48699999	2.049853
1431.48500013	0.200925
1433.48500013	6.73912
1435.48500013	4.984557
1437.48500013	4.571569
1439.48500013	0.372128
1441.48500013	0.202395
1443.48300004	6.809854
1445.48300004	1.162687
1447.48400021	3.002726
1449.48400021	6.524647
1451.48500013	0.088176
1453.48400021	0.714431
1455.48500013	2.135293
1457.48300004	6.540442
1459.48400021	6.540442
1461.48400021	6.508949
1463.48300004	0.13216
1465.48300004	6.836138
1467.48400021	6.836138
1469.48500013	0.017956
1471.48300004	1.182744
1473.48400021	3.251412
1475.48600006	3.251412
1477.48699999	4.756966
1479.48500013	3.72099
1481.48500013	0.716043
1483.48500013	0.332339
1485.48600006	0.05217
1487.48500013	0.052394
1489.48500013	1.969636
1491.48400021	0.62142
1493.48400021	4.383937
1495.48400021	0.71006
1497.48500013	0.328932
1499.48699999	6.384526
1501.48500013	6.614947
1503.48400021	0.00661
1505.48699999	0.725202
1507.48699999	0.355241
1509.48400021	6.524098
1511.48400021	6.524098
1513.48699999	6.520436
1515.48400021	6.67143
1517.48500013	0.132172
1519.48400021	0.715954
1521.48400021	6.720352
1523.48400021	6.426164
1525.48400021	6.426164
1527.48500013	0.057186
1529.48400021	0.566474
1531.48400021	6.346032
1533.48500013	6.633421
1535.48699999	6.633421
1537.49000001	0.14393
1539.48600006	0.722362
1541.48799992	6.704206
1543.48600006	6.704206
1545.51099992	2.648922
1547.48400021	4.880026
1549.48500013	2.255629
1551.48400021	6.595688
1553.48699999	6.625321
1555.48799992	6.625321
1557.48500013	6.625321
1559.48900008	6.444367
1561.48500013	1.16838
1563.48799992	0.720088
1565.48600006	0.517861
1567.48500013	0.714972
1569.48500013	0.407245
1571.48500013	6.624641
1573.73700023	6.52486
1575.74100018	4.291543
1577.73700023	2.224713
1579.73700023	0.370203
1581.60700011	1.391555
1583.73900008	0.441289
1585.73600006	4.690668
1587.73700023	0.995707
1589.73600006	4.356725
1591.73500013	0.718388
1593.79200006	6.484813
1595.74000025	6.783816
1597.73600006	0.431206
1599.73800015	3.788398
1601.73700023	6.817541
1603.73600006	0.456934
1605.60500026	0.712637
1607.73600006	0.342756
1609.73600006	0.028044
1611.73700023	6.513294
1613.73600006	0.503072
1615.73600006	6.618764
1617.73700023	6.760039
1619.73700023	0.443934
1621.73900008	0.082386
1623.73600006	0.056133
1625.73600006	3.82464
1627.78900027	5.549829
1629.60400033	6.693358
1631.73800015	0.090372
1633.73700023	3.730664
1635.73600006	6.534275
1637.73600006	6.653583
1639.73700023	0.718677
1641.73600006	3.719176
1643.74000025	6.613477
1645.73700023	1.693937
1647.73700023	0.482144
1649.73700023	0.512084
1651.73600006	1.502108
1653.73800015	0.712062
1655.73700023	3.873593
1657.73700023	0.498894
1659.74000025	6.220208
1661.78800011	0.030221
1663.74100018	6.309743
1665.73900008	0.436717
1667.7420001	3.853041
1669.73800015	3.161282
1671.73900008	0.038231
1673.73800015	0.689193
1675.73700023	6.576393
1677.73700023	6.475901
1679.74100018	1.242276
1681.73800015	6.52268
1683.73900008	6.658142
1685.73800015	1.661973
1687.73700023	0.712441
1689.73600006	1.841237
1691.73700023	1.841237
1693.73700023	1.841237
1695.78200006	1.841237
1697.73700023	1.841237
1699.73700023	1.841237
1701.73700023	1.841237
1703.73800015	1.841237
1705.73800015	0.42709
1707.74699998	5.400441
1709.73800015	5.363764
1711.75800014	4.510853
1713.73900008	5.969882
1715.73900008	5.574668
1717.73800015	6.59069
1719.73800015	0.01003
1721.79600024	0.708631
1723.99000001	6.830823
1725.98800015	0.699751
1727.99000001	2.551558
1729.99000001	0.245619
1731.98900008	0.706899
1733.99000001	0.124062
1735.98900008	6.698433
1737.98900008	6.280542
1739.99000001	2.928029
1741.99099994	0.307612
1743.98800015	2.701896
1745.98800015	6.645254
1748.01099992	0.357099
1749.98900008	5.966426
1751.98900008	0.183814
1753.99000001	5.262653
1755.98900008	0.412106
1757.98900008	4.689788
1759.99000001	4.753731
1761.98900008	3.704737
1763.99000001	0.512208
1765.99000001	1.912508
1767.98800015	0.304608
1769.99199986	2.854007
1771.99000001	6.469434
1773.99099994	1.671745
1775.98900008	6.142809
1777.99000001	4.017564
1779.99000001	1.240592
1781.99000001	0.177225
1783.99199986	2.76658
1785.98900008	0.116008
1787.99199986	0.321805
1789.9940002	5.917192
1791.99000001	0.033473
1793.98900008	2.799539
1795.99000001	2.891966
1797.99000001	0.70699
1799.99099994	6.564771
1801.99000001	4.656986
1803.99099994	6.558651
1805.9940002	5.86565
1807.99199986	0.999255
1809.98900008	6.057494
1811.99000001	0.00891
1813.99000001	0.568411
1815.98900008	0.016746
1817.99000001	0.717656
1819.99199986	0.378651
1821.99199986	3.718838
1823.99199986	6.442991
1825.99000001	0.10508
1827.99000001	0.470931
1829.99199986	0.049034
1831.99000001	0.71722
1833.99300027	5.941914
1835.98900008	6.678335
1837.99000001	5.93325
1839.98900008	6.524329
1841.9940002	0.700814
1843.99000001	0.408629
1845.99000001	6.446233
1847.99099994	0.809585
1849.99300027	0.182759
1851.99199986	6.041966
1853.99300027	0.287707
1855.99199986	5.928376
1857.99199986	1.798773
1859.9940002	0.547485
1861.98900008	2.07344
1863.9940002	2.07344
1865.99300027	0.487673
1867.99500012	0.197607
1869.99000001	6.451465
1871.99099994	0.111352
1873.9940002	3.0169
1875.99099994	0.707551
1877.99099994	0.522982
1879.99199986	0.713245
1881.99199986	2.373704
1883.99099994	0.162916
1885.99099994	6.143328
1887.9940002	6.605106
1889.99199986	6.721161
1891.99099994	0.282755
1894.2440002	6.246256
1896.33200026	6.56953
1898.2420001	4.683227
1900.2420001	0.031237
1902.24300003	4.356357
1904.2420001	1.083129
1906.24100018	0.083534
1908.10700011	0.718587
1910.2420001	0.309125
1912.2420001	5.907607
1914.24300003	6.483435
1916.2440002	6.483435
1918.2420001	2.467597
1920.2440002	0.208774
1922.24100018	6.100986
1924.24100018	0.022942
1926.24300003	0.006294
1928.2420001	0.828038
1930.24300003	0.062167
1932.10900021	2.593275
1934.2440002	0.39593
1936.24500012	0.013139
1938.24300003	4.923986
1940.2440002	0.488763
1942.24300003	2.593714
1944.2420001	2.965329
1946.24100018	6.483983
1948.24100018	6.483983
1950.24100018	6.483983
1952.24100018	6.483983
1954.24100018	6.483983
1956.10800028	6.483983
1958.24300003	6.483983
1960.2420001	6.483983
1962.2420001	6.483983
1964.24100018	6.483983
1966.2420001	6.483983
1968.2420001	6.483983
1970.2420001	6.483983
1972.2420001	6.483983
1974.24300003	6.483983
1976.2440002	6.483983
1978.24300003	6.747483
1980.11199999	0.706362
1982.2420001	3.344942
1984.2440002	6.761638
1986.2420001	0.71896
1988.24300003	0.014805
1990.24300003	6.130082
1992.2440002	3.006041
1994.24300003	2.398177
1996.2420001	6.395088
1998.2420001	6.395088
2000.2420001	6.395088
2002.24600005	6.395088
2004.10900021	6.395088
2006.24500012	6.395088
2008.24600005	0.056548
2010.24300003	6.431146
2012.2420001	5.840106
2014.2440002	6.690471
2016.24500012	2.578352
2018.24300003	0.080015
2020.24300003	2.641801
2022.24699998	2.961941
2024.2440002	5.750986
2026.24600005	4.668403
2028.2440002	0.704849
2030.24300003	1.760038
2032.24500012	3.031666
2034.27200007	0.518363
2036.2440002	6.672414
2038.24500012	0.721622
2040.24500012	0.081204
2042.24600005	0.50306
2044.2440002	6.456882
2046.2440002	5.909766
2048.2420001	0.707638
2050.24300003	1.564867
2052.2440002	1.564867
2054.2420001	6.304545
2056.2440002	6.304545
2058.24699998	6.304545
2060.24300003	6.304545
2062.24300003	6.304545
2064.24500012	6.304545
2066.24699998	6.304545
2068.2440002	6.304545
2070.2440002	6.304545
2072.24600005	6.304545
2074.2440002	6.304545
2076.24300003	6.304545
2080.80799985	0.315136
2081.65499997	0.770538
2082.3599999	0.904413
2084.24699998	1.307953
2086.2440002	1.387644
2088.2440002	0.919703
2090.2440002	2.47745
2092.2440002	2.449011
2094.2440002	2.669434
2096.2440002	2.992007
2098.24500012	3.088857
2100.24600005	3.316981
2102.24600005	3.612825
2104.49600005	4.248263
2106.49700022	4.389343
2108.49700022	5.345329
2110.49800014	5.695078
2112.49600005	2.461642
2114.49700022	5.55754
2116.49800014	6.655502
2118.49700022	6.65432
2120.49800014	6.248786
2122.49700022	3.89018
2124.27300024	0.037225
2126.49500012	5.928145
2128.49800014	0.166792
2130.49500012	0.325843
2132.49500012	3.685499
2134.49600005	0.708418
2136.49600005	2.496083
2138.49500012	1.174974
2140.49500012	6.657583
2142.49500012	1.311009
2144.49600005	2.69625
2146.49700022	2.84178
2148.49600005	0.708231
2150.49600005	5.935161
2152.49700022	0.013705
2154.49500012	6.513646
2156.49600005	0.254645
2158.49800014	1.556883
2160.49600005	0.050395
2162.49600005	6.565056
2164.49800014	2.546511
2166.49700022	0.083988
2168.49700022	3.707735
2170.49800014	1.071688
2172.49700022	0.67782
2174.49700022	0.012064
2176.49700022	3.691544
2178.49800014	0.080664
2180.50000024	0.028157
2182.50300002	6.521883
2184.49800014	2.787783
2186.49600005	4.344027
2188.49800014	4.195402
2190.49600005	0.389129
2192.50100017	0.710883
2194.49600005	6.585218
2196.50100017	0.711873
2198.49700022	6.191855
2200.49700022	0.022382
2202.49700022	0.01435
2204.49700022	0.344651
2206.49900007	4.34842
2208.49700022	5.07176
2210.49700022	5.603822
2212.49900007	5.711903
2214.49900007	0.083614
2216.49700022	2.654241
2218.49700022	6.302069
2220.49700022	3.731104
2222.49900007	0.017808
2224.50100017	3.938121
2226.49800014	0.970855
2228.49900007	2.686715
2230.50300002	0.71575
2232.49900007	6.434867
2234.49700022	0.171931
2236.49700022	0.281674
2238.49700022	0.077903
2240.49800014	0.712884
2242.49800014	0.345031
2244.50399995	6.233225
2246.50000024	0.428314
2248.49800014	4.423756
2250.49800014	0.01419
2252.49800014	0.059467
2254.49800014	0.6692
2256.50100017	0.232309
2258.49700022	3.942419
2260.49700022	6.522382
2262.49700022	0.235974
2264.49900007	0.722882
2266.49700022	6.555654
2268.49800014	6.268871
2270.50000024	1.002079
2272.49900007	4.376744
2274.75099993	2.06288
2276.74900007	6.537867
2278.75	0.71619
2280.75	0.559406
2282.62500024	0.682443
2284.78900027	0.129372
2286.74800014	5.453625
2288.74900007	6.085701
2290.75	0.951111
2292.74900007	0.706791
2294.74900007	0.011002
2296.74699998	2.066478
2298.74800014	6.413473
2300.74800014	0.042972
2302.75300026	5.2895
2304.74900007	4.89181
2306.61899996	0.714597
2308.74900007	6.203854
2310.79900002	1.625227
2312.75199986	5.230127
2314.75	4.54854
2316.75	6.719447
2318.78600001	0.048762
2320.75	0.019489
2322.74800014	6.770975
2324.74800014	0.861147
2326.74800014	3.206485
2328.74699998	0.090559
2330.65700006	3.843365
2332.74900007	0.278142
2334.74900007	0.029826
2336.74900007	3.378507
2338.74900007	2.063928
2340.74800014	0.685827
2342.74800014	6.37647
2344.79300022	6.122823
2346.74900007	0.014342
2348.75	4.393266
2350.75	0.718825
2352.78000021	0.100224
2354.62100005	0.710204
2356.75199986	4.303397
2358.75300026	3.874808
2360.75	0.010662
2362.75	0.16083
2364.75	3.301084
2366.74900007	6.605006
2368.74900007	3.978129
2370.74900007	1.840703
2372.75199986	6.361954
2374.74800014	4.57528
2376.74900007	0.215285
2378.7900002	0.714578
2380.75199986	0.403383
2382.75	0.153628
2384.75099993	2.050885
2386.75	0.22667
2388.75	4.753351
2390.75	0.415754
2392.75	6.34463
2394.75199986	6.285485
2396.75099993	0.021987
2398.75099993	0.698795
2400.75099993	0.262674
2402.74900007	5.662404
2404.75	0.330251
2406.75099993	1.745112
2408.75	6.194744
2410.75	6.611273
2412.78699994	0.704526
2414.74900007	0.989325
2416.75099993	0.038074
2418.75199986	6.395147
2420.75099993	0.301803
2422.75099993	5.814017
2424.75199986	0.371734
2426.75199986	6.853775
2428.75099993	4.258328
2430.75400019	6.234868
2432.75	2.733504
2434.75199986	0.115717
2436.75199986	2.259053
2438.75400019	5.232102
2440.75099993	6.667151
2442.75	5.899074
2445.00100017	6.514
2447.00300002	2.234156
2449.00200009	4.383773
2450.89700007	2.49834
2453.00100017	4.877234
2455.0	1.077185
2457.0	0.822938
2459.00100017	0.421144
2461.00200009	0.717316
2463.00100017	6.601869
2465.00600004	0.041848
2467.00100017	0.376759
2469.00200009	6.734756
2471.00100017	3.309038
2473.00100017	1.210009
2474.86500025	0.966207
2477.00500011	1.119077
2479.00200009	6.685785
2481.00500011	4.116884
2483.00200009	4.513822
2485.00100017	0.016445
2487.00200009	2.822495
2489.00100017	0.304276
2491.00200009	0.072719
2493.00200009	6.45687
2495.00600004	0.603717
2497.00200009	5.367481
2498.87000012	0.703727
2501.00100017	0.034349
2503.00200009	1.46125
2505.19900012	1.057808
2507.04299998	4.769416
2509.00400019	0.701487
2511.00200009	0.570307
2513.00300002	0.09602
2515.00300002	0.31942
2517.00200009	0.010235
2519.00400019	6.590014
2521.00200009	6.536246
2523.00400019	6.439042
2525.00200009	0.301028
2527.00100017	0.041056
2529.00100017	0.01412
2531.00300002	1.920681
2533.00300002	3.690603
2535.00500011	4.288058
2537.00400019	5.426756
2539.00300002	5.430385
2541.00300002	0.199414
2543.00500011	0.655819
2545.00500011	0.343706
2547.0079999	5.026147
2549.00400019	6.491345
2551.00300002	3.672693
2553.00500011	0.10448
2555.0079999	6.451899
2557.00400019	1.95962
2559.00400019	0.091173
2561.00300002	4.732347
2563.00500011	6.697005
2565.00200009	2.016
2567.00200009	0.695802
2569.00100017	6.476069
2571.00500011	6.56924
2573.00300002	4.326093
2575.00200009	6.647848
2577.00300002	6.56465
2579.00400019	5.403148
2581.00200009	0.644993
2583.00300002	0.807989
2585.00400019	5.196085
2587.00500011	0.199338
2589.00600004	1.660627
2591.00300002	3.965209
2593.00300002	5.935116
2595.00300002	5.935116
2597.00400019	0.091916
2599.00400019	5.515558
2601.00400019	0.014329
2603.00500011	0.10523
2605.00400019	0.703879
2607.00600004	6.649193
2609.00300002	6.218079
2611.00400019	0.170091
2613.00300002	0.051711
2615.25700021	0.716254
2617.25400019	6.610231
2619.25400019	6.384487
2621.25500011	2.912242
2623.25400019	1.584865
2625.25400019	0.236534
2627.25300026	6.607231
2629.25400019	0.722714
2631.25500011	6.605445
2633.25500011	6.303476
2635.25500011	0.307661
2637.25800014	0.119046
2639.25800014	0.08637
2641.25300026	4.632506
2643.25400019	6.641608
2645.25500011	0.301611
2647.25400019	0.085866
2649.25300026	0.010115
2651.25400019	0.151166
2653.25400019	0.680417
2655.25400019	0.512486
2657.25400019	6.576034
2659.25500011	4.236897
2661.25600004	2.100666
2663.25500011	0.014193
2665.25500011	0.084886
2667.25600004	6.505369
2669.25500011	0.07488
2671.25600004	4.392178
2673.25600004	1.16719
2675.25700021	5.515807
2677.25400019	0.714298
2679.25400019	0.493818
2681.25500011	0.067265
2683.25400019	2.129364
2685.25600004	2.787169
2687.25400019	6.659597
2689.25400019	6.560423
2691.25400019	6.704212
2693.25500011	0.4049
2695.25400019	0.292409
2697.25500011	0.013117
2699.25600004	5.333032
2701.25700021	4.050758
2703.25800014	1.605058
2705.25700021	1.162699
2707.25400019	6.652825
2709.25500011	6.495709
2711.25500011	0.711406
2713.25700021	0.518451
2715.25600004	4.759748
2717.25500011	0.336646
2719.25800014	2.04778
2721.25600004	5.429704
2723.25700021	0.702112
2725.25500011	1.010298
2727.25500011	6.078256
2729.26000023	0.282775
2731.25900006	5.80032
2733.25800014	1.781624
2735.25700021	6.61343
2737.26000023	6.698734
2739.25600004	0.713467
2741.25600004	2.97976
2743.26000023	0.136927
2745.25600004	0.029519
2747.25600004	6.360754
2749.25600004	0.718786
2751.25600004	1.393346
2753.25600004	0.098608
2755.25600004	6.247772
2757.25600004	0.317955
2759.26200008	6.183899
2761.25800014	6.06867
2763.25700021	0.566494
2765.25500011	4.739391
2767.25600004	0.327565
2769.25700021	6.572381
2771.25600004	0.294356
2773.25500011	3.411571
2775.25800014	0.690847
2777.25800014	0.357184
2779.25600004	0.174993
2781.25700021	0.288864
2783.26000023	2.676124
2785.25600004	4.056053
2787.25600004	0.719521
2789.25600004	5.170878
2791.25600004	0.216206
2793.25700021	5.934398
2795.25800014	0.038247
2797.25800014	6.742353
2799.25600004	2.626446
2801.25800014	6.619588
2803.25800014	6.619588
2805.25600004	5.846899
2807.25600004	6.724431
2809.25700021	0.134563
2811.25700021	0.714851
2813.25700021	0.132792
2815.25800014	6.638694
2817.25800014	0.902097
2819.25800014	5.306616
2821.25700021	0.711557
2823.25900006	0.078412
2825.25900006	0.254114
2827.25800014	0.224585
2829.25600004	0.11487
2831.25600004	6.602214
2833.26000023	0.446119
2835.25600004	0.716657
2837.25800014	0.711596
2839.25800014	1.807887
2841.25700021	5.713982
2843.25700021	6.490898
2845.50800014	1.868783
2847.50800014	1.515331
2849.37400007	0.699202
2851.50600004	4.626608
2853.50999999	6.473456
2855.50999999	6.592061
2857.50900006	1.498897
2859.50900006	2.772631
2861.51300025	6.654032
2863.50900006	6.774231
2865.50800014	4.929425
2867.50800014	2.32882
2869.50800014	5.907836
2871.50800014	0.38558
2873.375	5.989535
2875.50699997	5.989535
2877.50699997	6.723371
2879.50999999	6.744985
2881.50800014	0.093846
2883.50800014	3.322319
2885.50800014	3.322319
2887.50800014	0.402002
2889.50800014	0.231182
2891.50699997	3.612722
2893.50800014	6.231173
2895.50699997	0.46944
2897.37400007	6.34313
2899.50699997	6.324745
2901.50699997	6.324745
2903.50699997	6.324745
2905.50699997	6.324745
2907.50800014	0.70428
2909.50699997	1.240391
2911.50699997	2.341656
2913.50699997	2.341656
2915.50800014	2.934199
2917.50900006	0.723273
2919.50900006	6.671866
2921.38400006	6.822928
2923.51199985	6.676075
2925.50999999	0.237894
2927.50900006	6.380781
2929.51300025	6.380781
2931.50800014	6.380781
2933.50800014	0.368613
2935.50800014	6.607883
2937.50800014	6.607883
2939.51199985	6.607883
2941.54299998	1.473584
2943.50800014	0.159796
2945.50800014	0.707563
2947.50900006	1.293633
2949.50900006	6.396695
2951.50800014	6.396695
2953.50900006	6.396695
2955.50800014	0.699599
2957.50800014	0.166121
2959.50800014	2.979367
2961.50800014	2.979367
2963.50699997	3.338965
2965.50800014	3.338965
2967.50800014	3.338965
2969.50800014	0.707513
2971.51199985	0.486249
2973.50900006	6.595196
2975.51300025	0.738608
2977.50900006	3.093335
2979.50800014	6.003588
2981.50800014	6.583227
2983.51099992	0.111114
2985.50999999	6.587637
2987.50999999	5.81483
2989.50900006	6.382443
2991.50900006	6.382443
2993.50900006	6.382443
2995.50999999	6.382443
2997.50999999	6.382443
2999.50999999	6.382443
3001.50900006	6.382443
3003.50800014	6.382443
3005.50999999	6.382443
3007.51600027	6.349005
3009.50999999	5.854061
3011.51099992	6.222677
3013.50999999	0.71582
3015.50900006	3.250103
3017.50999999	0.703941
3019.50900006	0.397752
3021.50900006	6.230753
3023.50999999	5.892223
3025.50999999	0.010039
3027.50999999	4.750048
3029.51300025	0.147358
3031.50999999	0.120684
3033.51099992	5.049914
3035.55800009	6.364191
3037.76300001	4.45917
3039.78399992	2.726261
3041.76100016	0.72111
3043.76300001	0.269273
3045.76600003	6.335877
3047.77200031	1.039127
3049.7650001	0.10378
3051.76300001	0.014357
3053.76100016	0.013092
3055.62900019	5.237599
3057.76100016	5.495718
3059.76300001	0.21472
3061.76400018	0.027789
3063.76100016	0.235272
3065.7900002	6.589521
3067.76100016	1.787628
3069.75999999	0.165183
3071.76100016	6.250913
3073.75999999	0.095442
3075.76300001	0.701298
3077.75999999	0.019715
3079.62800026	0.712574
3081.76200008	0.351699
3083.75999999	0.360461
3085.76200008	0.698497
3087.76200008	0.238397
3090.07300019	6.155662
3091.76400018	0.127448
3093.76100016	0.537053
3095.76100016	6.234152
3097.76600003	0.085274
3099.79200006	5.861667
3101.76200008	6.488766
3103.76300001	5.042846
3105.76200008	5.927473
3107.76300001	6.567402
3109.78900027	2.135394
3111.91600013	0.133757
3113.76699996	2.299731
3115.76200008	5.265803
3117.76200008	6.536822
3119.76200008	6.495199
