0.0	1.21535
1.60400032997	0.269832
1.8060002327	0.820605
2.16799998283	1.164723
2.43400025368	0.881709
4.00800013542	0.149439
6.21000003815	1.182015
8.2040002346	1.211029
10.103000164	1.035233
11.6290001869	1.178211
13.4050002098	1.197567
16.1730003357	1.199014
16.990000248	0.05009
18.1220002174	0.044086
19.3090002537	0.21719
21.3100001812	0.005243
23.8440003395	1.059844
26.6100001335	1.18437
29.486000061	0.542724
31.2030000687	0.042285
33.0930001736	1.160918
34.7640001774	1.176154
36.5690002441	0.476027
40.3080003262	1.275752
41.0460002422	0.099323
42.6560001373	1.211618
46.9080002308	1.100226
48.4420001507	1.13018
50.2950000763	0.415494
53.2540001869	0.638763
55.6640000343	1.158877
57.481000185	1.203317
57.970000267	1.15667
58.7990000248	1.165901
61.2930002213	1.176154
63.4750001431	0.277994
65.2940001488	1.129014
67.4650001526	0.013377
69.1300001144	1.173319
70.5960001945	1.147377
71.8300001621	1.154745
72.732000351	0.325249
74.0760002136	1.156269
76.0290002823	1.0744
78.2040002346	0.384891
82.0200002193	1.168438
86.4260001183	1.162304
87.5720002651	0.151798
87.9220001698	1.205988
90.5100002289	1.031418
93.8330001831	0.876087
95.470000267	0.918192
97.6400001049	1.176991
99.5710000992	1.227172
104.247999907	1.068681
106.447999954	0.695108
107.228000164	1.102904
108.950999975	0.04243
110.7900002	0.711744
112.876000166	1.175881
114.45200038	0.91292
117.411000013	1.162495
119.545000315	0.905239
121.44900012	1.202239
122.847000122	1.15669
125.025000334	1.20366
127.633000135	1.155494
129.13499999	1.141618
129.541000128	1.175369
130.467000008	0.044198
132.746000051	1.212045
135.62100029	1.061871
138.508000374	0.386165
140.827000141	1.135091
143.250000238	1.167322
144.97200036	0.968169
146.375999928	1.209593
147.413000107	0.94584
148.159000158	1.152653
148.90500021	1.149297
149.619000196	0.150212
150.453000307	0.182628
151.029000282	1.118571
153.128000021	1.101168
155.123000145	1.107802
157.114000082	1.211444
159.11500001	1.191879
161.197000265	1.125031
163.11500001	0.558222
165.118000269	0.108876
167.128000021	1.100591
169.120000124	1.226497
171.116000175	1.193785
173.11500001	0.493507
175.117000103	1.265666
177.116000175	0.814854
179.127000093	1.081845
181.118000269	1.13676
183.118000269	0.655458
185.125000238	1.065768
187.118000269	1.186295
189.127000093	0.183248
191.12100029	0.739998
193.12100029	1.043691
195.120000124	1.225767
197.125000238	1.200278
199.12100029	1.232841
201.124000311	1.218177
203.120000124	1.18669
205.129000187	0.240958
207.123000145	1.195618
209.12100029	1.221507
211.126000166	1.197103
213.147000074	0.404651
215.135999918	1.263437
217.124000311	1.047954
219.12100029	1.242271
221.124000311	0.60409
223.120000124	1.11193
225.11500001	1.217011
227.125000238	0.167364
229.130000114	0.037037
231.118000269	0.081913
233.124000311	1.227203
235.116000175	1.199613
237.125000238	1.179239
239.124000311	1.078361
241.117000103	0.821649
243.119000196	0.62004
245.108000278	0.0042
247.128000021	1.15595
249.125000238	1.185795
251.117000103	1.1953
252.985000134	1.162883
255.659000158	0.93848
258.493000269	1.18551
260.322000265	0.142214
262.477000237	1.15878
264.535000086	0.21969
266.647000074	0.317741
269.524000168	0.217402
272.029000282	0.577075
274.538000107	0.277855
276.142000198	1.24083
277.649000168	1.177089
279.198000193	0.296933
281.490000248	0.392041
284.178000212	0.760686
285.335999966	1.171848
287.103000164	1.226306
289.787000179	1.221492
292.187000036	0.032272
294.578999996	0.721592
296.75600028	0.004328
298.625000238	0.164699
300.825000286	0.256644
302.826000214	0.152805
304.582000256	1.156933
306.642000198	1.139331
308.205000162	1.206179
309.895999908	1.187957
311.649000168	0.940491
313.555000067	0.336405
315.072000027	0.115123
317.146000147	1.103683
318.917000294	1.134329
320.777000189	1.170162
