0.0	0.09157
0.3109998703	0.473792
0.376999855042	1.571051
0.49399971962	2.004601
0.55999994278	2.488281
0.682999849319	2.257485
1.01399993896	1.172514
1.26399993896	2.263071
1.53899979591	3.104662
3.5459997654	2.464482
5.53799986839	4.750617
7.8039996624	1.800418
9.79200005531	4.80719
11.8039996624	4.710485
13.8019998074	0.098189
15.8019998074	6.217819
17.7939999104	1.67308
19.7839999199	4.406535
21.7920000553	0.914397
23.8019998074	3.787541
25.7969999313	1.571149
27.7889997959	0.187291
29.8039996624	0.7133
31.7969999313	0.835194
33.78799963	3.27993
35.7959997654	4.806188
37.7979998589	2.636716
39.790999651	1.992113
41.8089997768	1.534164
43.7869997025	2.893428
45.9299998283	3.749576
47.7920000553	5.167105
49.7920000553	1.857601
51.7939999104	3.664342
53.7899997234	1.372119
55.7869997025	4.208834
57.8009998798	4.223898
59.7959997654	4.119188
61.7979998589	3.756405
63.7849998474	1.186612
65.8099997044	3.049731
67.7939999104	0.031501
69.7939999104	0.142477
72.4149997234	2.622222
74.0160000324	1.902945
75.7920000553	1.003767
77.7920000553	0.065736
79.8039996624	0.689225
81.7869997025	3.726318
83.8109998703	2.929321
85.7949998379	3.39392
87.7979998589	1.428284
89.790999651	5.587059
91.7949998379	1.910297
93.8139998913	1.285919
95.7920000553	4.695201
97.8029997349	1.694259
99.7929999828	2.25506
101.79399991	2.229597
103.785999775	1.598073
105.785999775	0.987482
107.78399992	2.262068
109.788999796	3.632535
111.796999931	2.006117
113.802999735	1.588384
115.796999931	2.511019
117.786999702	4.57998
119.79399991	5.859439
121.795999765	0.155835
123.79399991	0.518763
125.796999931	0.425989
127.798999786	0.339984
129.786999702	1.19529
131.792000055	3.579042
133.785999775	2.051297
135.796999931	1.047071
137.789999723	0.225175
139.798999786	5.793374
141.792000055	0.499884
143.78799963	6.215631
145.789999723	4.506447
147.789999723	2.642263
149.81799984	0.041385
151.790999651	2.771688
153.788999796	1.589872
155.802999735	6.600374
157.78799963	0.567544
159.797999859	1.25491
161.790999651	1.549345
163.803999662	0.941629
165.789999723	0.684885
167.794999838	2.753651
169.789999723	0.262252
171.78399992	0.776628
173.801999807	1.252893
175.763999701	0.056562
177.794999838	0.563679
179.792999983	3.612585
181.824999809	6.307728
183.792999983	0.287203
185.79399991	0.577883
187.798999786	0.048445
189.78799963	0.661051
191.802999735	0.454527
193.816999912	0.160996
195.792000055	0.022838
197.794999838	3.09637
199.79399991	0.10173
201.795999765	0.84469
203.792999983	0.322906
205.78399992	0.1055
207.788999796	0.046166
209.79399991	0.021278
211.788999796	3.319163
213.785999775	1.482742
215.805999756	5.507391
217.792000055	0.070881
219.789999723	0.39983
221.803999662	0.917327
223.80099988	0.783218
226.355999708	0.164886
227.789999723	0.299606
229.786999702	0.475167
231.795999765	2.288609
233.785999775	0.423167
235.79399991	4.042249
237.785999775	0.007724
239.792000055	0.588498
241.786999702	0.016259
243.795999765	0.978077
245.785999775	0.09285
247.795999765	0.019741
249.813999891	2.280636
251.785999775	1.173025
253.797999859	5.410038
255.79399991	3.036155
257.792999983	3.352698
259.795999765	3.010791
261.79399991	1.550038
263.795999765	0.38597
265.788999796	0.060773
267.794999838	0.827828
269.80099988	0.824172
271.784999847	0.212747
273.798999786	0.025805
275.78799963	3.338053
277.785999775	0.349983
279.795999765	1.926274
281.790999651	1.932174
283.797999859	2.379136
285.794999838	2.753837
288.197999716	0.525695
290.061999798	0.084717
292.614999771	0.065953
295.643999577	0.001584
296.165999889	1.401968
298.049999714	3.602075
299.806999683	2.740618
302.050999641	0.805814
304.27099967	0.003249
305.872999907	0.17667
308.163999796	0.51654
309.813999891	1.263876
312.189999819	3.715665
314.038999796	4.392105
316.186999798	5.651593
318.044999838	0.012143
320.170999765	2.158599
322.043999672	0.013066
324.182999849	0.128207
326.046999693	0.537604
328.189999819	4.287796
330.045999765	3.034083
332.184000015	0.088005
333.862999678	2.983681
336.190999746	3.056113
338.218999863	0.137569
340.173999786	0.40099
342.049999714	0.370752
344.064999819	1.399439
346.037999868	0.450914
348.17999959	1.118528
349.953999758	0.27763
352.169999838	3.088202
354.044999838	2.126409
356.181999922	2.896606
357.899999619	0.029706
360.17999959	0.096626
362.681999922	0.005796
365.230999708	1.252013
368.477999926	1.565828
370.358999729	0.963139
371.581999779	0.038059
373.978999853	1.299487
375.447999954	0.807969
376.701999903	0.547962
378.181999922	0.128728
380.080999851	1.983812
381.883999586	2.398626
384.088000059	0.417579
386.039999962	0.337395
388.182999849	0.207768
389.913999796	0.872559
392.057999849	2.575824
394.038999796	0.064817
396.040999889	0.083617
398.144999981	1.981116
400.038999796	0.050663
402.037999868	0.551457
404.036999941	3.203948
406.046999693	1.358632
408.036999941	0.170835
410.035999775	1.611644
412.039999962	1.606366
414.043999672	1.286084
416.06099987	2.7026
418.037999868	0.712153
420.03399992	2.141127
422.06099987	0.47965
424.048999786	1.835512
426.135999918	0.036048
428.506999731	1.144009
431.140999794	0.193602
433.879999876	0.615031
435.750999689	0.123236
437.312000036	1.832428
440.312000036	0.008884
442.926999807	0.206808
444.579999685	1.25856
446.244999886	2.337146
447.63599968	0.022169
448.217999935	0.616186
450.043999672	2.629638
452.184999943	0.838825
454.064999819	0.190033
456.188999891	0.022761
458.067999601	0.238909
460.4599998	0.154637
462.725999832	0.520937
465.116999865	0.445259
466.857999802	0.310934
468.18599987	0.83225
470.035999775	0.799783
472.138999701	2.792903
474.052999973	0.147814
476.566999674	0.024711
478.766999722	0.012227
480.195999622	2.38767
482.045999765	2.668494
484.189999819	0.093872
486.054999828	1.701684
488.18599987	0.852001
490.053999901	2.60748
492.040999889	0.002009
494.062999725	1.18552
496.044999838	2.787137
498.120999813	0.452849
500.080999851	1.522786
502.037999868	0.269288
504.045999765	0.026256
506.035999775	0.002444
508.037999868	3.125343
510.051999807	2.056445
512.040999889	0.823682
514.037999868	1.308771
516.299999714	0.689268
518.07799983	0.421408
520.996999979	0.11329
523.741999865	0.044401
524.373999834	2.557964
526.034999847	1.025918
528.135999918	0.092272
530.046999693	3.011865
532.204999924	5.115113
534.056999922	2.643231
536.106999874	4.3948
538.159999847	0.366555
541.321999788	0.264716
544.294999838	0.003103
546.906999826	0.009799
549.19299984	0.135106
550.821999788	2.009933
551.549999714	4.451349
552.292999983	0.400047
554.298999786	3.378134
556.298999786	2.138637
558.299999714	0.462227
560.30099988	0.086466
562.288999796	3.676333
564.307999611	2.182417
566.284999847	0.534894
568.284999847	0.429441
570.357999802	3.114679
572.291999578	0.801363
574.309999704	0.741624
576.337999821	0.093914
578.39199996	1.988068
580.357999802	0.910107
582.296999931	1.805425
584.285999775	3.244572
586.288999796	0.027569
588.227999687	0.219619
590.125	0.191407
592.814999819	0.058734
595.926999807	0.274134
598.363999605	0.075994
599.667999744	1.947353
602.693999767	0.010658
604.000999928	0.772472
605.349999905	0.835836
606.780999899	0.111491
608.291999578	0.029693
610.296999931	2.396469
612.290999651	0.633025
614.286999702	2.652723
616.292999983	0.089842
618.289999723	0.084595
620.285999775	0.401133
622.125999928	0.47454
624.296999931	0.023661
626.297999859	0.441642
628.292999983	2.785653
630.121999741	0.071358
632.290999651	0.223186
634.287999868	0.114398
636.259999752	0.448375
638.305999756	0.521663
640.296999931	0.609502
642.298999786	3.872034
644.290999651	0.451416
646.296999931	1.854362
648.288999796	0.005004
650.288999796	2.254838
652.424999952	0.719377
654.290999651	1.695985
656.289999723	1.677114
658.284999847	1.110122
660.299999714	1.126164
662.301999807	0.623733
664.291999578	0.235746
666.371999741	0.126912
669.312000036	0.089436
671.400999784	0.313193
673.271999836	2.739163
674.928999901	0.077299
676.299999714	0.825839
678.302999735	3.462603
680.292999983	0.31571
682.29399991	0.805581
684.289999723	2.426198
686.287999868	3.893981
688.286999702	5.039621
690.294999838	1.032723
692.634999752	0.019381
694.706999779	0.80538
696.301999807	2.93573
698.315999746	0.269202
700.30099988	1.545275
702.302999735	0.140525
704.297999859	0.937361
706.289999723	0.014119
708.292999983	0.125284
710.316999912	0.02493
712.299999714	1.716302
714.298999786	0.351367
716.296000004	0.062292
