0.0	3.97563
0.424999713898	0.104717
0.713999986649	0.097101
0.973999738693	0.059823
1.1899998188	4.142964
1.43099999428	0.123905
1.62499976158	5.069201
1.8109998703	4.645646
2.05599999428	0.262598
4.32599973679	1.119981
6.13999986649	0.096993
8.21899986267	4.952375
10.2859997749	5.231204
12.3599998951	5.098533
14.1739997864	5.098533
16.2489998341	5.098533
18.3339998722	5.098533
20.138999939	5.098533
22.2299997807	5.098533
24.3150000572	5.098533
26.1380000114	5.098533
28.2029998302	5.098533
30.2879998684	5.098533
32.0939998627	0.022615
35.3910000324	0.201311
36.9349999428	0.540061
38.3499996662	0.473726
40.1809997559	0.528741
42.2509999275	1.043751
44.3319997787	1.641082
46.4059996605	1.795663
48.2249999046	2.72754
50.3150000572	0.018472
52.3759999275	3.529933
54.1959998608	2.058891
56.2660000324	3.162043
58.3649997711	0.063203
60.2209997177	1.122213
62.2999999523	0.973892
64.3839998245	4.811652
66.1899998188	0.116776
68.2909998894	4.108108
70.1949999332	4.469905
72.5549998283	1.541677
74.3809998035	4.975149
76.2009997368	4.241437
78.2649998665	6.354453
80.3229999542	6.643063
82.379999876	4.776345
84.2029998302	4.662905
86.260999918	5.065965
88.3099997044	6.312165
90.379999876	6.312165
92.1899998188	2.912222
94.6180000305	5.884636
96.3399999142	0.711704
98.4100000858	0.740933
100.229999781	6.093599
102.308999777	6.093599
104.349999666	4.544033
106.177999973	5.738821
108.244999886	5.149236
110.320999861	4.139465
112.389999866	5.475615
114.197999716	5.782287
116.267999887	5.782287
118.204999924	5.782287
120.450000048	5.782287
