0.0	0.058817
1.21399998665	1.604111
1.48399972916	0.024777
2.03899979591	0.00807
5.53099989891	0.004698
5.84899997711	3.560047
7.39799976349	0.003543
9.62400007248	0.325888
9.87299990654	4.195701
10.8080000877	0.022829
11.3719997406	0.028643
12.0	0.287809
13.6009998322	0.434159
15.2359998226	0.015272
17.5490000248	0.407616
21.5549998283	0.318814
22.8919997215	0.577264
26.5369999409	1.986308
28.3719997406	0.008332
29.1749997139	1.447642
29.6129999161	3.27162
30.4839997292	1.924139
33.1809999943	0.0096
33.882999897	0.304888
38.4349997044	0.07981
48.5989997387	0.000286
51.259999752	0.034148
54.9959998131	0.074174
55.1119999886	1.701367
55.3650000095	0.05341
55.6410000324	1.436486
56.393999815	0.495388
57.125	0.009605
57.743999958	0.923626
58.9469997883	0.003762
60.9789998531	0.002838
62.4859998226	0.012127
63.3929998875	0.412582
64.1699998379	0.275978
65.0209999084	0.352177
67.8189997673	2.234561
80.0339999199	0.013735
80.9659998417	0.277619
81.8359997272	0.219858
82.9219999313	2.564186
85.5929999352	0.023577
86.2369999886	0.023933
86.8399999142	2.317696
87.9600000381	0.111074
90.0809998512	1.062381
93.1729998589	1.83728
97.7209999561	0.475206
99.8709998131	0.002007
101.218999863	0.061213
101.754999876	1.353306
104.277999878	0.06371
106.774999857	0.601253
108.744999886	0.006372
109.813999891	0.002485
115.706999779	0.02487
118.433999777	0.010893
118.914999723	1.24394
119.809999943	1.473751
120.544999838	1.838293
121.189999819	1.790846
121.869999886	3.282973
126.625999928	0.605063
128.368000031	0.130258
129.55099988	0.945451
130.149999857	0.061853
130.626999855	0.027427
131.056999922	4.261553
131.457000017	2.696872
132.683999777	0.01355
134.848999977	4.049475
136.904999971	2.414161
138.677999973	0.01267
140.690999746	1.980612
142.72699976	1.980612
144.680999994	0.004771
147.526999712	0.563663
148.965999842	1.25005
150.667999744	2.155112
160.312000036	0.029166
161.68599987	0.0184
163.795999765	0.261798
165.994999886	0.006283
168.761999846	0.038065
169.433999777	1.80973
171.798999786	0.026067
175.022999763	0.099382
177.995999813	0.033195
178.976999998	1.828547
179.746999741	2.23314
180.933999777	1.329703
188.929999828	0.055442
189.265999794	0.112415
189.906999826	0.27834
191.752000093	0.435618
192.476999998	0.020316
194.894999743	0.113924
196.923999786	0.011653
198.47300005	0.796514
199.14199996	0.016409
199.790999889	1.550321
200.236999989	2.540906
201.407999992	0.021977
202.007999897	0.033613
202.680999994	0.100117
205.693999767	0.053879
213.375999928	0.002755
214.110999823	1.839428
215.253000021	0.25825
215.974999905	0.009999
217.490999699	0.961203
218.440999985	1.8929
220.424999952	0.00569
221.693999767	0.069366
223.100999832	0.475415
226.708999872	0.048805
231.180999994	0.085116
234.780999899	0.053715
237.992000103	0.038281
240.315999746	0.098296
241.876999855	0.530407
245.036999941	0.087725
247.542999744	1.122494
249.609999895	0.02287
250.152999878	1.89748
251.466999769	1.094661
252.022999763	2.298573
253.072000027	3.433473
254.325000048	0.519548
254.883999825	2.41034
256.536000013	0.735804
257.458999872	0.021703
258.670999765	3.462675
260.68599987	0.36133
262.687999964	0.791442
264.671999931	1.442567
266.749999762	0.064691
269.249999762	0.029478
270.681999922	2.619552
272.707999706	0.787711
274.669999838	0.028975
276.672999859	0.900593
278.675999641	0.227917
280.686999798	0.072189
282.687999964	0.027355
284.749999762	1.067436
286.678999901	2.018331
288.670999765	1.109223
293.108999968	0.092814
295.777999878	0.024753
296.904000044	1.845821
302.30099988	0.040263
302.937000036	0.551824
303.720999956	1.143181
304.259999752	1.475784
304.940999985	1.796451
307.070999861	1.873475
308.683999777	3.093635
311.278999805	0.183017
312.671999931	1.516054
314.667999744	2.276895
316.677000046	1.821606
318.670999765	2.344893
321.224999905	0.205999
322.890999794	2.563315
324.665999889	1.18925
326.672999859	3.914306
328.687999964	4.28666
333.825000048	2.192878
335.250999928	3.065352
336.305999756	2.94456
337.600999832	0.804677
339.496000051	0.17164
341.866999865	0.005353
343.329999924	0.01579
344.691999674	1.258483
346.674999714	0.014388
348.681999922	0.010282
350.66899991	2.186547
352.670999765	0.007497
354.724999905	1.256258
359.749999762	0.057035
362.005999804	1.50669
365.005999804	0.49766
370.984999895	0.163257
373.816999912	0.004169
375.129999876	0.179905
378.976999998	0.224608
381.771999836	0.10397
385.901000023	0.026095
387.888000011	0.546539
390.971999645	0.001862
391.111999989	1.466083
391.806999922	0.219422
392.921000004	0.39282
393.214999914	1.878
394.227999687	0.004531
394.562999725	1.851779
395.065999985	3.083846
397.424000025	0.468039
401.694999695	0.020142
403.672999859	0.42838
405.306999922	2.110521
405.960999966	2.656652
406.804999828	1.16637
413.718999863	0.01817
421.81099987	0.025731
423.314999819	0.018958
423.809000015	0.201816
424.634999752	0.655873
425.597999811	0.077902
426.736999989	0.29541
427.534999847	0.286382
429.650999784	0.059642
430.841999769	0.069007
433.356999874	0.361046
434.898999691	0.127614
437.507999659	0.056584
439.121000051	0.326911
441.000999928	0.37088
442.182999849	0.054074
444.133999825	0.031746
446.46999979	0.023883
447.811999798	0.476092
449.407999992	0.01633
450.451999664	0.022692
451.529000044	0.410073
453.114999771	0.326861
456.249999762	0.006262
463.626999855	0.0734
467.039999962	0.210182
468.013999939	0.033657
470.677000046	0.445706
475.24000001	0.724855
476.055999994	0.029238
477.60800004	0.308053
479.325000048	0.012125
480.816999912	0.69165
482.867999792	0.011768
484.337999821	0.00799
487.186999798	0.003457
488.104000092	0.218642
488.605000019	0.780771
490.091999769	0.013664
491.135999918	1.247141
492.125	0.006437
492.666999817	0.8064
493.532999992	0.514953
495.825000048	0.031083
498.648999929	0.012141
505.637999773	0.019865
507.498999834	0.316048
511.75999999	0.006728
513.000999928	0.012205
514.602999926	0.024871
518.065000057	0.046876
520.330999851	0.008698
520.939999819	0.027827
521.176000118	1.665348
522.688999891	0.008918
524.867999792	0.061501
525.141000032	1.286887
527.016000032	0.152976
531.458999872	0.004058
532.198999882	0.498861
536.115999699	0.171201
539.453999758	0.01861
540.753000021	0.00536
541.481999874	0.056663
542.011999846	0.052775
542.966999769	0.370247
544.250999928	0.614795
546.035999775	0.118601
547.228999853	0.698884
548.18599987	1.385341
548.992000103	0.026291
549.933999777	0.736457
553.626999855	0.013941
557.354999781	0.029114
563.86500001	0.001366
704.470999718	0.028024
