0.0	3.876556
0.050999879837	4.029839
0.100000143051	3.58755
0.147000074387	3.173338
0.205000162125	3.869013
0.278000116348	3.804132
0.369000196457	4.086337
0.469000101089	3.598214
1.35500001907	3.868419
3.35899996758	3.685103
5.36500000954	3.463336
7.37200021744	3.886367
9.35700011253	3.761057
11.364000082	3.687213
13.364000082	3.703934
15.370000124	3.803361
17.356000185	3.786363
19.3599998951	4.390537
21.3580000401	3.956032
23.364000082	3.814553
25.375	4.044321
27.3680000305	3.8099
29.3599998951	3.442147
31.356000185	3.786868
33.3789999485	3.698651
35.3669998646	1.727606
37.364000082	3.915391
39.3599998951	3.604582
41.3570001125	3.752645
43.3710000515	3.254669
45.3690001965	3.742776
47.3650000095	3.262644
49.364000082	3.631293
51.3690001965	3.764057
53.370000124	3.708924
55.3720002174	3.939755
57.370000124	2.820529
59.356000185	3.990161
61.3680000305	2.473096
63.3680000305	3.624577
65.364000082	3.882394
67.364000082	3.758581
69.373000145	4.106328
71.3710000515	3.768626
73.375	3.560028
75.3619999886	3.804668
77.3580000401	2.385187
79.364000082	3.238048
81.3659999371	3.549432
83.3669998646	3.736723
85.3650000095	3.743589
87.3669998646	3.665578
89.617000103	3.503719
91.620000124	3.361473
93.6180000305	3.258047
95.6100001335	4.178629
97.3720002174	4.036566
99.370000124	1.42557
101.606999874	3.377544
103.61500001	3.521418
105.401000023	3.436849
107.611000061	2.875063
109.610000134	3.550433
111.607999802	3.962957
113.61500001	3.605552
115.618999958	1.970133
117.615999937	3.359141
119.61500001	3.122555
121.618999958	3.72504
123.620000124	3.8417
125.607999802	3.857223
127.615999937	3.743421
129.61500001	3.831685
131.610000134	3.819709
133.613000154	3.219061
135.61500001	1.549514
137.621000051	3.413042
139.61500001	3.534841
141.61500001	3.141045
143.606999874	3.073785
145.618000031	1.36798
147.618999958	3.426756
149.620000124	3.432443
151.618000031	3.574113
153.431999922	0.558456
155.607999802	1.907167
157.618999958	3.967249
159.610000134	3.429827
161.618999958	3.823683
163.618999958	3.55989
165.627000093	3.787616
167.618999958	3.876262
169.61500001	3.959071
171.615999937	3.523486
173.605999947	3.95521
175.679999828	2.621064
177.605999947	3.359024
179.70600009	0.76272
181.607999802	2.980336
183.606999874	3.644533
185.615999937	3.740392
187.615999937	3.293332
189.615999937	3.5976
191.609000206	2.593501
193.61500001	3.825456
195.61500001	2.487223
197.61500001	3.722028
199.61500001	3.788675
201.625999928	4.018053
203.631999969	3.767486
205.61500001	0.791488
207.610000134	3.362505
209.617000103	3.782663
211.620000124	4.159939
213.609000206	3.75885
215.615999937	1.67519
217.61500001	3.757659
219.61500001	4.041997
221.610000134	3.530972
223.61500001	3.902039
225.610000134	1.751299
227.61500001	3.400026
229.610000134	3.805337
231.620000124	3.369601
233.618000031	3.522012
235.615999937	2.436988
237.620000124	3.12295
239.61500001	3.312535
241.61500001	3.826441
243.615999937	3.761411
245.615999937	3.530468
247.615999937	3.610438
249.605999947	2.757624
251.618999958	1.52038
253.61500001	4.091967
255.615999937	3.349776
257.61500001	2.883855
259.625	3.775048
261.618000031	3.424594
263.61500001	2.904436
265.615999937	3.868174
267.61500001	3.270195
269.617000103	3.372178
271.607999802	0.226981
273.606999874	3.713169
275.607999802	4.194993
277.615999937	3.509459
279.607999802	3.510097
281.610000134	4.055555
283.615999937	0.259878
285.620000124	3.163544
287.606999874	3.71352
289.606999874	3.780727
291.621000051	3.865567
293.621000051	3.834704
295.611000061	3.89645
297.621999979	2.655269
299.611000061	3.783223
301.617000103	3.859265
303.61500001	3.983991
305.617000103	3.21441
307.611000061	2.934319
309.615999937	3.749244
311.607999802	2.186083
313.615999937	4.062193
315.615999937	3.977159
317.615999937	3.713536
319.615999937	3.670886
321.615999937	3.361215
323.61500001	3.620281
325.628000259	3.719745
327.615999937	3.565658
329.61500001	3.417647
331.611000061	2.832822
333.611000061	3.399534
335.607999802	3.484209
337.611000061	3.681412
339.61500001	3.88191
341.871000051	2.808866
343.621999979	3.561883
345.86500001	2.410673
347.860000134	3.961151
349.860000134	3.846925
351.865999937	3.840809
353.860000134	3.641975
355.868000269	3.829675
357.857000113	3.911133
359.653000116	3.528507
361.86500001	3.287131
363.865999937	3.767386
365.858999968	3.320823
367.869000196	3.991797
369.858999968	1.536842
371.857000113	3.744741
373.865999937	3.877988
375.868000269	3.466561
377.86500001	3.530241
379.860000134	3.369378
381.865999937	3.738198
383.654000044	3.392617
385.868000269	3.561709
387.868000269	3.899697
389.866999865	3.616845
391.865999937	3.422147
393.865999937	3.058659
395.865999937	3.720648
397.870000124	3.720648
399.875	3.982752
401.866999865	3.94062
403.871999979	2.851721
405.855999947	3.965894
407.869000196	3.655601
409.868000269	3.504764
411.860000134	3.677738
413.870000124	3.017152
415.865999937	3.684729
417.900000095	3.8372
419.870000124	3.484675
421.869000196	4.037646
423.865999937	3.930164
425.861999989	3.431587
427.868000269	3.507367
429.871999979	3.879695
431.865999937	4.019454
433.866999865	3.903314
435.865999937	3.809928
437.869000196	2.804373
439.868000269	3.86333
441.870000124	2.737671
443.875	3.394844
445.866999865	3.641791
447.869000196	3.657904
449.865999937	3.412864
451.866999865	3.81651
453.868000269	3.878739
455.865999937	2.502211
457.866999865	3.126065
459.861999989	3.891639
461.865999937	4.082626
463.861999989	3.905969
465.874000072	3.894446
467.865999937	3.870322
469.869000196	3.98786
471.874000072	3.889367
473.858999968	3.726616
475.868000269	1.328627
477.866999865	3.567937
479.871999979	3.750561
481.871999979	3.253199
483.865999937	3.692696
485.865999937	3.838737
487.866999865	3.446286
489.866999865	3.924203
491.865999937	3.634326
493.855999947	3.739961
495.881999969	3.914209
497.870000124	3.220277
499.870000124	3.744209
501.869000196	3.691878
503.865999937	3.907787
505.85800004	3.732527
507.866999865	3.766122
509.865999937	3.657314
511.866999865	3.67463
513.865999937	4.136367
515.865999937	3.961125
517.873000145	4.023298
519.858999968	3.586301
521.85800004	2.549439
523.882999897	3.524186
525.866999865	3.196832
527.865999937	3.737626
529.870000124	3.669714
531.868000269	4.051312
533.865999937	3.674894
535.869000196	3.70354
537.868000269	4.008786
539.858999968	3.863314
541.861999989	2.924163
543.860000134	0.396279
545.871000051	3.863937
547.871999979	4.06483
549.866999865	3.622489
551.858999968	4.210728
553.858999968	2.987859
555.861000061	3.434853
557.865999937	3.847775
559.861999989	2.771928
561.873000145	3.187237
563.866999865	3.483638
565.861000061	3.720485
567.85800004	2.923573
569.858999968	3.512059
571.860000134	2.769197
573.865999937	0.548592
575.866999865	4.000487
577.871000051	3.608836
579.861999989	3.394839
581.861999989	1.809629
583.861999989	3.950112
585.866999865	3.529818
587.865999937	1.504555
589.869000196	3.726753
591.871000051	4.079433
593.868000269	2.714855
596.117000103	3.683148
597.870000124	3.561747
600.117000103	2.619841
602.127000093	2.115719
604.117000103	3.938421
606.124000072	2.743365
608.118999958	3.848857
610.116000175	2.851461
612.118999958	4.341586
614.111000061	3.678611
616.140000105	3.938734
618.117000103	3.804029
620.110000134	3.599127
622.117000103	4.010393
624.117000103	3.492544
626.119999886	2.501131
628.119999886	0.787819
630.121999979	3.473478
632.117000103	3.686868
634.125999928	2.745737
636.110000134	3.429737
638.117000103	3.617132
640.121000051	3.188353
642.122999907	3.722674
644.106999874	3.591635
646.118999958	2.47229
648.121999979	3.259275
650.106999874	3.819989
652.124000072	3.670801
654.122999907	2.668882
656.111000061	3.553097
658.119999886	3.309214
660.124000072	3.877017
662.121999979	2.796561
664.118000031	3.813854
666.127000093	4.022296
668.119999886	3.634184
670.117000103	3.517703
672.118000031	3.41167
674.116000175	3.686435
676.111000061	4.295465
678.121999979	3.567845
680.127000093	3.880914
682.117000103	3.767985
684.119999886	3.932012
686.111999989	3.977993
688.122999907	1.847785
690.117000103	2.841595
692.111999989	3.791572
694.108000278	3.827884
696.124000072	2.544662
698.128000021	2.303081
700.116000175	3.34266
702.110000134	4.123608
704.117000103	3.670233
706.117000103	3.983441
708.116000175	3.8847
710.119999886	3.910913
712.117000103	3.879915
714.109000206	3.735209
716.110000134	3.88143
718.121000051	3.615352
720.121999979	3.760947
722.109000206	3.760267
724.108000278	3.84325
726.138999939	2.141618
728.118000031	3.212225
730.121000051	3.967391
732.129000187	4.06097
734.119999886	3.868242
736.111999989	3.873947
738.113000154	1.616344
740.124000072	3.430947
742.119999886	3.634799
744.108000278	2.638077
746.111999989	3.624852
748.117000103	1.971128
750.119999886	3.536536
752.119999886	4.055555
754.121999979	3.639082
756.117000103	3.925458
758.118999958	1.763401
760.121999979	3.975493
762.118999958	1.312326
764.117000103	3.147003
766.117000103	3.859243
768.118999958	3.728602
770.140000105	3.918856
772.119999886	0.491185
774.108000278	2.990737
776.119999886	3.624859
778.111999989	2.448842
780.129000187	3.79782
782.113000154	3.334399
784.111999989	3.936763
786.121999979	3.962456
788.121999979	3.626893
790.111999989	2.598343
792.111999989	3.703147
794.109000206	3.891291
796.113000154	4.046812
798.114000082	3.00005
800.113000154	3.839497
802.122999907	3.588373
804.121000051	3.681252
806.124000072	3.61292
808.118000031	0.983568
810.121000051	4.012934
812.109000206	2.425407
814.111000061	3.87428
816.117000103	3.73186
818.109000206	1.837023
820.110000134	3.787691
822.129000187	3.721751
824.109000206	3.162965
826.119999886	3.752279
828.118999958	3.78571
830.118000031	4.022274
832.121000051	3.74652
834.121000051	3.488716
836.138999939	3.766122
838.110000134	1.029228
840.117000103	1.449953
842.119999886	2.107249
844.121000051	3.915708
846.118999958	3.250705
848.127000093	3.603262
850.375	3.631338
852.375	3.706838
854.14800024	3.544282
856.361999989	3.905739
858.372000217	3.735261
860.368000031	4.070409
862.361000061	3.805339
864.368000031	3.899572
866.368000031	3.788927
868.366999865	2.552606
870.375999928	3.43772
872.366999865	0.984656
874.366999865	1.145483
876.370000124	3.660088
878.371000051	4.170196
880.369000196	3.920966
882.369000196	3.732672
884.361999989	2.591961
886.361999989	1.170982
888.373000145	4.044707
890.361000061	3.740341
892.361999989	3.983508
894.362999916	3.90978
896.381000042	3.751486
898.373000145	1.887746
900.362999916	4.02738
902.358999968	1.953229
904.361999989	2.840309
906.362999916	3.800814
908.368000031	0.197586
910.361000061	3.553521
912.368000031	3.994163
914.361000061	3.489158
916.358999968	3.821989
918.370000124	1.669106
920.368000031	3.167303
922.369000196	4.135977
924.368000031	3.537185
926.368000031	4.068212
928.368000031	3.754118
930.370000124	2.574388
932.370000124	3.773274
934.361999989	2.991373
936.368000031	3.765042
938.362999916	3.897348
940.362999916	3.798065
942.359999895	3.765781
944.369000196	3.751939
946.368000031	2.924724
948.368000031	1.62048
950.368000031	3.754285
952.359999895	3.543966
954.362999916	3.941307
956.362999916	3.980445
958.369000196	3.522212
960.375	3.946799
962.368000031	3.641783
964.361999989	3.876535
966.359999895	4.123725
968.364000082	3.344161
970.368000031	3.601782
972.368000031	3.537212
974.372000217	3.674415
976.369000196	3.859912
978.368000031	3.594583
980.368000031	3.314126
982.374000072	3.761593
984.368000031	3.966313
986.381000042	3.623089
988.359999895	3.844297
990.372000217	3.422223
992.366999865	3.422223
994.368000031	3.579106
996.362999916	1.896185
998.361000061	3.941
1000.375	3.815331
1002.36800003	3.763015
1004.36800003	3.622529
1006.36100006	3.390129
1008.36800003	3.20007
1010.36800003	3.670227
1012.36800003	3.40198
1014.36800003	3.42435
1016.37100005	3.909825
1018.36800003	3.854785
1020.36400008	3.398582
1022.36100006	3.72601
1024.37899995	3.14752
1026.35899997	4.082598
1028.37100005	3.713262
1030.37100005	0.193117
1032.3599999	3.864887
1034.37000012	3.810749
1036.36699986	4.017169
1038.36199999	3.427404
1040.37100005	3.440991
1042.37800002	2.150731
1044.3690002	3.30804
1046.37200022	3.776947
1048.36800003	3.776947
1050.36199999	3.4675
1052.36800003	4.022038
1054.36800003	4.022038
1056.37100005	0.576429
1058.37000012	3.741322
1060.375	3.713097
1062.37400007	3.707095
1064.37599993	2.517052
1066.37899995	3.493658
1068.375	3.958289
1070.35899997	2.722864
1072.3690002	3.947215
1074.36299992	3.627973
1076.36800003	3.540415
1078.36199999	1.547429
1080.36800003	3.748765
1082.37000012	4.189736
1084.36299992	3.731541
1086.36299992	3.942749
1088.37400007	3.736924
1090.375	3.714
1092.37100005	3.641489
1094.61400008	3.823657
1096.61200023	2.919351
1098.60900021	3.383622
1100.61300015	3.822323
1102.62100005	3.340578
1104.62199998	2.438158
1106.62299991	3.776467
1108.40100002	3.596916
1110.62199998	3.956333
1112.62199998	3.755144
1114.61899996	3.728779
1116.62100005	3.254569
1118.61899996	3.213028
1120.62399983	3.372953
1122.61100006	3.5953
1124.62399983	3.692765
1126.61800003	3.73373
1128.61899996	3.303454
1130.61899996	3.605735
1132.61899996	3.581807
1134.62000012	3.830106
1136.61800003	3.929789
1138.62000012	3.690752
1140.62199998	3.691741
1142.62299991	3.486705
1144.62000012	3.622556
1146.62399983	2.728268
1148.61400008	3.798324
1150.61899996	3.71517
1152.61400008	2.639462
1154.61400008	4.313923
1156.61899996	2.496139
1158.62199998	2.846907
1160.60900021	3.792442
1162.62199998	1.943721
1164.61899996	3.922388
1166.62000012	3.767255
1168.62399983	3.817959
1170.61899996	3.881544
1172.61899996	3.766481
1174.60900021	3.561353
1176.61400008	2.981161
1178.61899996	3.559384
1180.60900021	2.745193
1182.61400008	3.62489
1184.61899996	3.63701
1186.61899996	3.189165
1188.64400005	3.408404
1190.61899996	3.778242
1192.62199998	2.752985
1194.62000012	3.73245
1196.60900021	3.501991
1198.62399983	3.698499
1200.62299991	2.349155
1202.625	3.763567
1204.61899996	3.858136
1206.62399983	3.334887
1208.62299991	3.619283
1210.61400008	3.613284
1212.61899996	3.596624
1214.62199998	3.539003
1216.62399983	3.13514
1218.61400008	3.647394
1220.625	3.969421
1222.61400008	3.377945
1224.62000012	3.94747
1226.61899996	3.728989
1228.62000012	2.575542
1230.61500001	3.462261
1232.61899996	3.719945
1234.62399983	3.997566
1236.62900019	3.787471
1238.62399983	3.517038
1240.62399983	1.81035
1242.61500001	3.696911
1244.61899996	2.610596
1246.61899996	3.561496
1248.62599993	3.360688
1250.62000012	3.568837
1252.63899994	3.870029
1254.61899996	3.547163
1256.625	3.539937
1258.61300015	4.197278
1260.625	3.719745
1262.61899996	4.102403
1264.61200023	3.823748
1266.61400008	3.654152
1268.62199998	3.722353
1270.62399983	3.518552
1272.62399983	3.9711
1274.61000013	3.986753
1276.61300015	3.785547
1278.62299991	3.505402
1280.61300015	1.544105
1282.62100005	3.375596
1284.62000012	3.863783
1286.62100005	3.735607
1288.61899996	3.705383
1290.61899996	3.667092
1292.62000012	3.87419
1294.61400008	3.57478
1296.61899996	3.514867
1298.64199996	3.514867
1300.61500001	3.596059
1302.62599993	3.745476
1304.62000012	3.995356
1306.61899996	3.907661
1308.61899996	3.613704
1310.62199998	3.611798
1312.61200023	3.531775
1314.61500001	3.117383
1316.60900021	3.864372
1318.61899996	3.708541
1320.61500001	3.072991
1322.61400008	3.47619
1324.62199998	3.776702
1326.61400008	3.740768
1328.62399983	3.887527
1330.61400008	2.557877
1332.62000012	3.436086
1334.625	3.672296
1336.61300015	3.551548
1338.86000013	4.001512
1340.61899996	4.277224
1342.86199999	3.345406
1344.86299992	4.081252
1346.86800027	3.627955
1348.87000012	3.342634
1350.625	3.904248
1352.86399984	2.133956
1354.8690002	4.102083
1356.87000012	3.733529
1358.88100004	2.633142
1360.8690002	3.824934
1362.8690002	3.862241
1364.87199998	3.777629
1366.87000012	3.904885
1368.8690002	3.843318
1370.87199998	2.315643
1372.87199998	2.090293
1374.87400007	3.960868
1376.87400007	3.960868
1378.87400007	3.623118
1380.86100006	2.910373
1382.8690002	4.054751
1384.8690002	3.327574
1386.87000012	4.153044
1388.87100005	3.628933
1390.875	4.524481
1392.875	3.154133
1394.87600017	3.846604
1396.875	3.746998
1398.875	3.16447
1400.87100005	3.931208
1402.8690002	3.393877
1404.8690002	3.748796
1406.87400007	3.351698
1408.88100004	4.253902
1410.86500001	3.867891
1412.87800002	3.276347
1414.87700009	3.827127
1416.86800027	3.810085
1418.86800027	4.150848
1420.87800002	3.7376
1422.87000012	3.959274
1424.87199998	3.799039
1426.87199998	3.950644
1428.86500001	4.129887
1430.87000012	3.846964
1432.87000012	3.588135
1434.86299992	3.611698
1436.86399984	3.867549
1438.87400007	3.948872
1440.86399984	3.739095
1442.86199999	3.818529
1444.87000012	3.602142
1446.87000012	3.937722
1448.86399984	3.737656
1450.86500001	4.21809
1452.86199999	2.827022
1454.87000012	4.060835
1456.87000012	3.795362
1458.87199998	3.739179
1460.8690002	1.563743
1462.87000012	4.05446
1464.87300014	3.46635
1466.86599994	2.915818
1468.88100004	2.895258
1470.87100005	2.563973
1472.86500001	3.936101
1474.86399984	3.580026
1476.875	3.221061
1478.87000012	3.745448
1480.87199998	3.378269
1482.87600017	0.374858
1484.86100006	3.877189
1486.87300014	3.725109
1488.87700009	4.010182
1490.875	3.647264
1492.87000012	3.470469
1494.87000012	3.642295
1496.87199998	1.590537
1498.87300014	3.82664
1500.875	0.813521
1502.87199998	3.519768
1504.87999988	3.069882
1506.87000012	3.603971
1508.87000012	3.853449
1510.87199998	3.209672
1512.87000012	3.761001
1514.87000012	3.824158
1516.86399984	2.888093
1518.87100005	3.244591
1520.86500001	4.514383
1522.87199998	4.079188
1524.87000012	3.89185
1526.86199999	2.455686
1528.86299992	3.626904
1530.86599994	3.329455
1532.87000012	3.823782
1534.87700009	3.433349
1536.87000012	2.351587
1538.8690002	3.406861
1540.87100005	3.718692
1542.87000012	3.616171
1544.87400007	3.913603
1546.86299992	3.749571
1548.86100006	3.725872
1550.875	3.690899
1552.87000012	3.609266
1554.86299992	3.943814
1556.87199998	3.593794
1558.87000012	3.793885
1560.88199997	2.996268
1562.87300014	3.803558
1564.875	3.384155
1566.87000012	3.70946
1568.87000012	3.757376
1570.86399984	3.613861
1572.86500001	3.652556
1574.87600017	3.490398
1576.86199999	3.786725
1578.875	3.760568
1580.87000012	3.877178
1582.86100006	4.018406
1584.86500001	3.504452
1586.87000012	4.044769
1588.87000012	3.761704
1590.87100005	3.663947
1593.12299991	2.979467
1594.875	3.54998
1597.13100004	3.738946
1599.12599993	3.478841
1601.11999989	0.22241
1602.90600014	2.438971
1605.11400008	3.490503
1607.12400007	3.766648
1609.12400007	2.473318
1611.11300015	3.930164
1613.11300015	3.725586
1615.11999989	3.933312
1617.11999989	3.906685
1619.11999989	3.254408
1621.11500001	3.842371
1623.11999989	3.916153
1625.11400008	3.745857
1627.11199999	3.751498
1629.11500001	3.853536
1631.11600018	3.807386
1633.11500001	4.814849
1635.11100006	3.777195
1637.11600018	2.174236
1639.11199999	3.65707
1641.12700009	3.66872
1643.1170001	3.765704
1645.1170001	3.745894
1647.13000011	3.66429
1649.12400007	3.910551
1651.12199998	3.479172
1653.12400007	2.798333
1655.13499999	3.865483
1657.12800002	3.922622
1659.13100004	3.727478
1661.11199999	1.95889
1663.11999989	3.744589
1665.12400007	3.705186
1667.12599993	3.405183
1669.11800003	3.53036
1671.11500001	3.930164
1673.11300015	4.134571
1675.11600018	3.573426
1677.11300015	3.630182
1679.12199998	4.006776
1681.12199998	4.154684
1683.12199998	3.847628
1685.11300015	3.782383
1687.11400008	3.794934
1689.11999989	3.762455
1691.12400007	3.840014
1693.12400007	3.388126
1695.12700009	3.608708
1697.12400007	3.993038
1699.11999989	3.989676
1701.11600018	3.23647
1703.12400007	3.846619
1705.11300015	3.553272
1707.11500001	3.825745
1709.11500001	3.758581
1711.12400007	3.234574
1713.12400007	3.736273
1715.12299991	3.801509
1717.12400007	3.271875
1719.12299991	3.296951
1721.125	3.710629
1723.11100006	1.927269
1725.11300015	3.601603
1727.11600018	3.771681
1729.11199999	3.350819
1731.12100005	0.59426
1733.11600018	2.81748
1735.11600018	3.638197
1737.11500001	3.533535
1739.11199999	3.654038
1741.11199999	0.227923
1743.12400007	4.139275
1745.12199998	3.28944
1747.11999989	3.776268
1749.12599993	2.170509
1751.12400007	0.429554
1753.12100005	3.645443
1755.12100005	3.881915
1757.12599993	3.428777
1759.11999989	3.121806
1761.12100005	3.806249
1763.1170001	4.544848
1765.12400007	0.088073
1767.12400007	4.191249
1769.12400007	3.793723
1771.11400008	4.141256
1773.14800024	3.626968
1775.11300015	3.416643
1777.12400007	4.035772
1779.11999989	3.942689
1781.11999989	3.987709
1783.12599993	0.559677
1785.11600018	3.863689
1787.12700009	3.675057
1789.11500001	3.879896
1791.12100005	3.71215
1793.12100005	3.967391
1795.12400007	2.785008
1797.12700009	4.057316
1799.13100004	3.897001
1801.11300015	3.821383
1803.12599993	3.843689
1805.13100004	3.542184
1807.12100005	1.737548
1809.12100005	3.81758
1811.12700009	3.366598
1813.11600018	3.735404
1815.11199999	3.321201
1817.12299991	3.922574
1819.11400008	3.52657
1821.12700009	3.118283
1823.12599993	3.831674
1825.12299991	3.460371
1827.11600018	3.865233
1829.12100005	1.76005
1831.12100005	3.742194
1833.1170001	4.190111
1835.1170001	3.867839
1837.11300015	3.722432
1839.13100004	3.627028
1841.12199998	3.836759
1843.12800002	3.70339
1845.36299992	3.75341
1847.12199998	3.40247
1849.36599994	3.653044
1851.38100004	3.612809
1853.37599993	3.811047
1855.37599993	2.079436
1857.37800002	3.168482
1859.37599993	3.651161
1861.37200022	3.967391
1863.37400007	3.75664
1865.37800002	4.011894
1867.37400007	3.050027
1869.37200022	3.917287
1871.37700009	3.797943
1873.37200022	4.117136
1875.36500001	3.685317
1877.36400008	2.652708
1879.37200022	3.340221
1881.41000009	3.972237
1883.37100005	3.955646
1885.37100005	3.614242
1887.37100005	0.606891
1889.37200022	3.621379
1891.36699986	2.992039
1893.37100005	3.919908
1895.37100005	3.172744
1897.36699986	3.755696
1899.37200022	3.307343
1901.37700009	3.846829
1903.37200022	3.449654
1905.36500001	3.62542
1907.37599993	2.823675
1909.37200022	3.561432
1911.37200022	3.452792
1913.37100005	3.816877
1915.37300014	3.864114
1917.37200022	3.905309
1919.36699986	3.900836
1921.375	4.019019
1923.37700009	3.57224
1925.36699986	3.559973
1927.37200022	3.837127
1929.36599994	0.101225
1931.38399982	3.869363
1933.37200022	0.073715
1935.36599994	3.876213
1937.36800003	3.732913
1939.37400007	3.686092
1941.375	3.719916
1943.38100004	3.829576
1945.375	3.823306
1947.37599993	3.868148
1949.36599994	3.503719
1951.36400008	3.926993
1953.3829999	4.202164
1955.36500001	3.791351
1957.37300014	3.544672
1959.37700009	3.604651
1961.36199999	4.039883
1963.37400007	3.907325
1965.36599994	3.835334
1967.36699986	3.804254
1969.37100005	3.566194
1971.375	3.794041
1973.38100004	3.046744
1975.37599993	2.72765
1977.36199999	2.904027
1979.36400008	3.785589
1981.37200022	2.706209
1983.36699986	3.704201
1985.37200022	2.923579
1987.37200022	3.902189
1989.37800002	3.826403
1991.37100005	3.409426
1993.37200022	3.656791
1995.37200022	3.736263
1997.38100004	3.67573
1999.37700009	3.639105
2001.37200022	2.944104
2003.37800002	4.00326
2005.37400007	4.009392
2007.37200022	3.863001
2009.37200022	3.437076
2011.36699986	4.059192
2013.37100005	3.72076
2015.37800002	3.509223
2017.37800002	0.57119
2019.37200022	4.122888
2021.37200022	3.709479
2023.37200022	4.046242
2025.37200022	3.726157
2027.37700009	3.957831
2029.37200022	3.478056
2031.37200022	4.032664
2033.37400007	3.810644
2035.37200022	2.210379
2037.375	3.299873
2039.36500001	3.959961
2041.3829999	3.581262
2043.37400007	3.849759
2045.36599994	3.982904
2047.37599993	3.889443
2049.36599994	3.346459
2051.37300014	3.482705
2053.375	3.973239
2055.37800002	3.598829
2057.37200022	3.627417
2059.37800002	3.162373
2061.37800002	3.780825
2063.36500001	3.405838
2065.38100004	3.665783
2067.37599993	3.774969
2069.37200022	3.564988
2071.37200022	4.170894
2073.36800003	3.327951
2075.37200022	3.623278
2077.37200022	3.649695
2079.37200022	2.569103
2081.37200022	3.302802
2083.36699986	2.748694
2085.37599993	3.601034
2087.375	3.976395
2089.375	3.63494
2091.37400007	3.821489
2093.38199997	3.418314
2095.37800002	3.669199
2097.40299988	3.630675
2099.38399982	3.723223
2101.62599993	3.043983
2103.61599994	3.473984
2105.61800003	3.905732
2107.62199998	3.748573
2109.62399983	3.334475
2111.61800003	4.005197
2113.62399983	3.55538
2115.62599993	3.587223
2117.61800003	3.647298
2119.62700009	3.893549
2121.40199995	3.883361
2123.62199998	3.82056
2125.61300015	3.67735
2127.61300015	3.589937
2129.61599994	3.49343
2131.63000011	3.437783
2133.61500001	1.5256
2135.61500001	3.728487
2137.62199998	3.272052
2139.61800003	2.657019
2141.62599993	3.384635
2143.62199998	1.789179
2145.62700009	2.649384
2147.62299991	3.721187
2149.63600016	3.577235
2151.62399983	2.535625
2153.62299991	3.832775
2155.63199997	3.580794
2157.61500001	3.434486
2159.62900019	1.66721
2161.648	3.828671
2163.62299991	1.387537
2165.62399983	3.300367
2167.62199998	3.300367
2169.61599994	4.116971
2171.61599994	3.116227
2173.62299991	3.524526
2175.62399983	3.852649
2177.62599993	3.796087
2179.6170001	3.951998
2181.62599993	0.035286
2183.6170001	3.192885
2185.62299991	2.339475
2187.62299991	3.71414
2189.62299991	3.805717
2191.62299991	3.814466
2193.62700009	3.930525
2195.63000011	4.043022
2197.625	3.80489
2199.62299991	4.343746
2201.62199998	3.655982
2203.62199998	3.840841
2205.62199998	3.888619
2207.62199998	3.827782
2209.62199998	3.796759
2211.62299991	3.997345
2213.62900019	2.581859
2215.62399983	3.866367
2217.61599994	3.586655
2219.62299991	3.719356
2221.61599994	3.607212
2223.61300015	3.646353
2225.6170001	2.86808
2227.62199998	3.586206
2229.63100004	3.833755
2231.61599994	3.858059
2233.61300015	2.408843
2235.61500001	2.482993
2237.61599994	3.814308
2239.62299991	4.115367
2241.62299991	3.843369
2243.62299991	3.817861
2245.62700009	3.939939
2247.62800026	4.041181
2249.62800026	2.800251
2251.61899996	3.377284
2253.62299991	3.534813
2255.61300015	3.148423
2257.61400008	3.937275
2259.62700009	2.598408
2261.61500001	3.790238
2263.61800003	3.682379
2265.61400008	2.495726
2267.6170001	3.158883
2269.61400008	3.823295
2271.62800026	3.696742
2273.61500001	1.557635
2275.63400006	3.63999
2277.62299991	3.652609
2279.61599994	2.98904
2281.62599993	3.81937
2283.63300014	2.26708
2285.62399983	3.990888
2287.62299991	3.976559
2289.62399983	3.832423
2291.62399983	3.004219
2293.62299991	3.809642
2295.61899996	3.78595
2297.61599994	3.463562
2299.62800026	3.626077
2301.61899996	3.17893
2303.63100004	3.500315
2305.62299991	3.751376
2307.62800026	3.932568
2309.61500001	2.611806
2311.62399983	3.823166
2313.62700009	3.767498
2315.61800003	3.707253
2317.62199998	3.829764
2319.62299991	3.624279
2321.61400008	3.750267
2323.62199998	3.743973
2325.625	3.905301
2327.61800003	3.599342
2329.62599993	3.70111
2331.61500001	2.978495
2333.61500001	3.710497
2335.61500001	3.752279
2337.62299991	3.211143
2339.61599994	4.043387
2341.62299991	3.144055
2343.62900019	1.537748
2345.62299991	3.520238
2347.62900019	3.880914
2349.87800002	3.896103
2351.65100002	3.531391
2353.87300014	3.958056
2355.87300014	3.928622
2357.86800027	3.780876
2359.8690002	3.729333
2361.86699986	3.942165
2363.8920002	2.434996
2365.86699986	3.916459
2367.87600017	3.744095
2369.86599994	3.917337
2371.86599994	4.009987
2373.86800027	0.366111
2375.86399984	3.713437
2377.87400007	3.803769
2379.87400007	3.605208
2381.87600017	3.877289
2383.87300014	3.815826
2385.87400007	2.201182
2387.87700009	3.918128
2389.87999988	3.9162
2391.8690002	2.8755
2393.875	4.0
2395.87300014	3.617649
2397.8690002	3.792207
2399.86699986	3.342417
2401.87600017	3.721114
2403.87700009	3.847542
2405.87300014	3.784998
2407.86800027	3.884208
2409.87400007	3.613861
2411.87400007	1.479449
2413.87400007	3.782839
2415.875	3.789158
2417.87300014	3.897086
2419.87800002	3.768992
2421.87300014	3.868015
2423.87300014	2.513327
2425.86399984	2.535487
2427.87800002	3.840711
2429.86500001	3.758581
2431.88100004	3.809701
2433.87600017	3.471891
2435.87700009	3.552869
2437.87800002	2.937872
2439.87600017	3.678126
2441.87400007	3.905663
2443.875	3.571946
2445.87400007	3.804526
2447.86699986	3.794482
2449.86599994	1.169946
2451.86699986	4.016377
2453.87899995	3.422083
2455.88400006	3.806972
2457.87600017	3.032191
2459.87999988	3.718861
2461.87400007	2.55233
2463.87000012	3.654645
2465.87400007	2.626499
2467.86699986	3.341656
2469.87800002	3.727461
2471.87000012	3.883978
2473.86599994	3.680035
2475.875	3.716302
2477.87400007	3.556638
2479.87000012	2.140864
2481.87400007	3.521466
2483.87400007	3.714337
2485.86699986	3.516432
2487.86800027	1.232667
2489.86699986	3.575834
2491.86699986	3.794751
2493.86800027	1.943726
2495.87000012	3.238618
2497.87800002	3.733484
2499.87899995	3.748217
2501.87400007	3.965236
2503.88600016	3.780886
2505.87899995	3.908097
2507.87999988	3.546589
2509.87899995	4.011211
2511.87400007	3.825698
2513.86800027	1.945987
2515.86800027	3.576408
2517.87400007	3.713325
2519.86599994	3.760385
2521.88199997	3.956639
2523.86699986	3.648371
2525.86800027	4.015173
2527.87600017	3.296283
2529.87600017	4.263119
2531.88100004	3.121164
2533.87800002	3.715012
2535.87700009	2.746839
2537.86599994	3.644078
2539.87300014	3.752279
2541.86399984	3.880076
2543.86399984	3.93895
2545.87800002	1.907457
2547.87600017	2.46758
2549.86500001	1.713017
2551.87400007	3.833296
2553.87000012	1.568091
2555.87899995	3.684888
2557.87000012	3.758312
2559.86800027	3.229247
2561.87400007	3.513717
2563.87400007	3.551899
2565.86800027	3.785238
2567.87000012	2.20672
2569.87400007	3.49416
2571.87000012	4.008414
2573.87600017	3.687195
2575.86599994	1.6488
2577.875	3.618484
2579.87400007	3.95323
2581.87400007	2.841071
2583.87400007	4.065234
2585.87400007	3.692102
2587.87800002	3.42136
2589.87800002	4.013166
2591.87999988	2.488047
2593.875	3.772096
2595.87899995	3.79755
2597.87600017	3.974697
2600.12400007	4.295296
2602.12400007	3.758415
2604.11600018	3.355199
2606.12100005	3.889041
2608.12599993	2.78134
2610.11800003	1.948537
2612.11800003	3.830814
2614.12800002	3.665856
2616.12400007	3.781435
2618.11800003	3.47978
2620.12400007	3.121267
2622.11899996	3.647394
2624.11600018	3.66935
2626.11500001	3.842105
2628.12700009	3.259056
2630.12400007	3.899241
2632.12599993	3.839101
2634.12599993	3.799609
2636.12400007	3.790238
2638.13000011	3.908642
2640.12800002	3.582333
2642.13100004	3.749357
2644.11600018	3.867819
2646.12800002	3.205972
2648.11600018	3.837285
2650.1170001	4.24948
2652.12400007	3.877621
2654.12599993	3.419046
2656.125	3.890955
2658.12400007	3.852242
2660.11899996	3.276933
2662.12700009	3.430662
2664.18600011	4.371802
2666.12100005	1.731029
2668.13300014	0.227308
2670.12400007	2.84433
2672.12800002	3.663082
2674.12800002	3.600834
2676.11899996	3.589524
2678.12400007	4.411814
2680.12199998	3.912964
2682.12400007	3.951053
2684.11999989	0.916825
2686.12100005	3.836989
2688.12599993	3.686602
2690.12900019	2.790316
2692.13200021	3.809026
2694.12700009	3.52617
2696.12599993	3.713612
2698.12800002	4.750542
2700.125	3.776688
2702.11999989	3.851968
2704.11800003	3.699636
2706.12900019	3.643308
2708.12800002	3.757263
2710.11899996	4.01844
2712.11800003	3.596354
2714.11999989	3.638062
2716.12400007	3.957338
2718.12400007	3.572177
2720.12700009	3.359034
2722.1170001	0.599039
2724.1170001	3.634423
2726.12800002	4.147334
2728.12800002	3.148703
2730.12900019	3.867259
2732.11899996	3.580425
2734.14399981	4.091091
2736.12900019	2.160146
2738.11500001	3.718243
2740.11500001	3.871085
2742.15499997	3.846964
2744.1170001	3.653044
2746.11500001	2.306598
2748.11800003	3.654984
2750.13100004	3.667695
2752.12900019	2.822991
2754.13599992	3.848679
2756.12900019	3.499241
2758.13100004	3.355993
2760.12800002	3.918506
2762.12800002	3.426634
2764.12299991	3.152852
2766.125	2.267332
2768.125	0.006253
2770.12599993	3.795107
2772.125	3.728832
2774.11899996	3.60528
2776.11800003	3.921217
2778.12700009	3.886424
2780.12900019	3.475638
2782.13400006	4.062608
2784.12900019	3.613173
2786.13000011	3.743234
2788.11800003	3.838556
2790.125	3.878337
2792.13000011	3.109967
2794.11500001	3.541969
2796.11500001	3.767803
2798.125	2.686256
2800.11899996	4.179446
2802.11999989	3.89573
2804.11800003	3.267681
2806.125	3.678693
2808.12599993	3.345833
2810.11800003	3.929034
2812.125	3.794102
2814.11999989	0.296521
2816.125	3.522599
2818.125	3.663355
2820.11500001	3.798632
2822.13000011	3.874391
2824.11800003	3.944976
2826.12900019	2.162488
2828.13499999	3.394033
2830.11800003	3.684006
2832.125	2.805824
