0.0	4.435363
0.371999979019	0.315043
0.707000017166	0.662261
1.45399975777	0.122212
1.86599993706	4.233602
2.48799991608	2.558649
3.132999897	4.252944
3.93399977684	0.097656
4.62299990654	3.917725
5.70499992371	2.989265
6.62700009346	0.685001
7.90299987793	3.330257
9.89100003242	0.552307
11.8910000324	0.976714
13.8949999809	7.192534
15.8929998875	7.248847
17.8900001049	2.123366
19.8919999599	3.01144
21.8919999599	0.008139
23.8929998875	8.40456
25.8900001049	7.145875
27.8929998875	0.33345
29.893999815	1.394325
31.8949999809	8.890878
33.8910000324	1.493276
35.8929998875	8.654489
37.8949999809	7.199045
39.8910000324	0.396563
41.8910000324	2.179422
43.8929998875	1.193813
45.8999998569	4.255541
47.8919999599	4.297674
49.8900001049	0.443361
51.8919999599	2.824457
53.8910000324	4.132708
55.9089999199	4.132708
57.8929998875	7.369524
59.8929998875	1.332274
61.8999998569	2.042666
63.8910000324	0.180542
65.8910000324	0.15664
67.8929998875	8.775084
69.8910000324	2.649673
71.8910000324	4.281734
73.8929998875	0.437345
75.8919999599	6.838116
77.896999836	0.598728
79.893999815	0.00669
81.8910000324	4.072375
84.1429998875	8.72508
86.140999794	8.72508
88.140999794	8.72508
90.1429998875	4.164505
92.1489999294	3.728337
94.1480000019	8.522884
96.1399998665	8.522884
97.8900001049	8.522884
100.139999866	8.522884
102.140999794	8.522884
104.141999722	8.522884
106.140999794	8.522884
108.146000147	8.522884
110.141999722	0.159356
112.888000011	0.501232
114.28399992	0.613387
116.138999939	0.91719
118.138999939	1.270345
120.141999722	1.352847
122.138999939	1.220442
124.139999866	1.412913
126.154000044	1.484573
128.144999743	1.980298
130.140999794	1.80003
132.143999815	2.450386
134.141999722	2.498164
136.143999815	3.143231
138.143999815	2.003554
140.146000147	4.174698
142.140999794	2.253833
144.144999743	2.270613
146.151000023	0.421385
148.141999722	4.683596
150.148000002	4.735318
152.139999866	1.098452
154.140999794	6.291324
156.139999866	6.291324
158.143999815	6.291324
160.144999743	0.532688
162.148999929	5.055877
164.141999722	0.670628
166.140999794	0.669838
168.140999794	0.111663
170.140999794	1.301625
172.142999887	6.244058
174.143999815	0.424738
176.141999722	0.00694
178.143999815	1.34832
180.141999722	7.676423
182.144999743	8.198213
184.139999866	0.440533
186.141999722	4.804087
188.138999939	8.568336
190.140999794	3.4404
192.142999887	4.122395
194.141999722	8.494548
196.141999722	3.368081
198.141999722	3.451615
200.140999794	0.007125
202.141999722	0.00679
204.142999887	0.047875
206.142999887	3.988077
208.141999722	8.014438
210.143999815	3.599362
212.139999866	3.086083
214.141999722	0.852226
216.140999794	0.545248
218.141999722	1.268097
220.139999866	4.073503
222.146000147	1.320923
224.142999887	4.228137
226.142999887	4.401569
228.143999815	4.401569
230.140999794	0.006885
232.140999794	3.520468
234.140999794	4.183471
236.143999815	3.360224
238.15199995	3.384325
240.143999815	0.373403
242.141999722	0.00784
244.148000002	4.082504
246.144999743	0.440967
248.142999887	1.643006
250.141999722	2.583027
252.143999815	8.877833
254.140999794	2.935371
256.143999815	0.449189
258.141999722	2.555203
260.143999815	0.188703
262.140999794	5.015212
264.142999887	0.351803
266.149999857	4.055025
268.146000147	4.055025
270.142999887	4.113353
272.141999722	0.710661
274.142999887	5.175219
276.146000147	0.383382
278.151000023	1.073632
280.143999815	3.524471
282.142999887	3.524471
284.142999887	8.73002
286.144999743	8.258203
288.140999794	0.038676
290.148999929	2.545336
292.140999794	1.407959
294.142999887	8.545848
296.143999815	8.545848
298.141999722	8.545848
300.141999722	8.545848
302.141999722	8.545848
304.141999722	8.545848
306.144999743	0.104961
308.141999722	0.097343
310.379999876	0.819011
312.141999722	0.950789
314.141999722	1.177492
316.139999866	0.168456
318.142999887	0.352432
320.142999887	1.664892
322.139999866	1.856157
324.142999887	0.956664
326.146000147	3.066685
328.139999866	2.386801
330.143999815	0.342565
332.144999743	0.864629
334.394999981	0.751694
336.392999887	1.12775
338.392999887	3.494387
340.397999763	0.662356
342.391000032	0.457387
344.398999929	3.778153
346.392999887	0.132273
348.392999887	4.004798
350.39199996	3.965646
352.391000032	0.23302
354.394000053	4.428812
356.345999956	1.608582
358.391000032	0.187714
360.389999866	2.485372
362.392999887	0.348897
364.39199996	0.926674
366.391000032	6.797456
368.392999887	8.101648
370.388999939	8.327905
372.397999763	8.327905
374.392999887	8.327905
376.399999857	1.243994
378.39199996	1.339292
380.33100009	1.390538
382.389999866	4.131323
384.39199996	4.131323
386.392999887	4.131323
388.39199996	4.131323
390.391000032	4.131323
392.394999981	4.131323
394.39199996	0.558258
396.40199995	3.851977
398.399999857	3.732315
400.396999836	0.442312
402.396999836	8.568242
404.338999987	7.268639
406.395999908	0.473612
408.402999878	4.308495
410.392999887	0.007566
412.392999887	0.629599
414.392999887	2.049376
416.394000053	1.891757
418.391000032	0.006962
420.391000032	0.007912
422.39199996	3.944892
424.394000053	3.944892
426.392999887	3.944892
428.341999769	3.944892
430.391000032	5.468146
432.39199996	0.065739
434.39199996	0.008008
436.399999857	2.539806
438.394000053	0.129631
440.392999887	0.006928
442.395999908	0.040368
444.39199996	0.007939
446.392999887	1.956012
448.391000032	8.570455
450.39199996	3.306421
452.341999769	0.444855
454.397999763	0.240963
456.394000053	2.676359
458.394999981	2.691738
460.39199996	2.444416
462.389999866	6.081904
464.391000032	2.584892
466.39199996	3.287159
468.407000065	0.007844
470.39199996	1.943356
472.392999887	0.43324
474.395999908	0.519316
476.335000038	0.449363
478.394999981	1.655342
480.391000032	1.33935
482.392999887	0.405651
484.394000053	0.492055
486.391000032	1.114799
488.397999763	1.673442
490.394999981	2.423
492.394000053	0.02457
494.392999887	0.357329
496.39199996	0.593325
498.388999939	0.006618
500.332000017	4.31471
502.39199996	4.31471
504.39199996	4.31471
506.398999929	0.344284
508.389999866	5.452731
510.39199996	7.650771
512.392999887	0.109364
514.39199996	0.002538
516.391000032	0.109877
518.39199996	0.122505
520.392999887	0.35354
522.392999887	0.298167
524.343999863	0.436684
526.394000053	1.969655
528.391000032	1.336321
530.392999887	4.841238
532.391000032	7.782566
534.394000053	4.656036
536.39199996	0.592215
538.389999866	3.013193
540.39199996	8.685039
542.392999887	4.925722
544.389999866	4.925722
546.392999887	4.925722
548.39199996	4.925722
550.392999887	0.006756
552.394000053	3.159487
554.394000053	3.964517
556.398999929	0.909009
558.394999981	8.754054
560.392999887	0.187319
562.389999866	0.584854
564.389999866	1.545298
566.394000053	0.145629
568.39199996	1.056526
570.392999887	2.531842
572.39199996	0.511722
574.391000032	4.185078
576.391000032	3.905285
578.64199996	3.905285
580.639999866	3.905285
582.394000053	3.905285
584.640999794	3.905285
586.640999794	1.146486
588.643999815	0.193152
590.640999794	0.252615
592.64199996	0.614513
594.642999887	0.019642
596.642999887	0.773254
598.64199996	0.240422
600.640999794	4.059426
602.640999794	6.75581
604.648000002	6.75581
606.645999908	2.228472
608.643999815	8.924716
610.640999794	3.955397
612.640999794	2.851849
614.642999887	1.662914
616.644999743	1.80847
618.639999866	1.07317
620.639999866	3.817248
622.642999887	0.006812
624.645999908	0.935671
626.647000074	6.943278
628.642999887	4.15221
630.64199996	0.813505
632.643999815	0.788705
634.640999794	5.581623
636.643999815	0.226449
638.640999794	1.833333
640.644999743	0.474127
642.643999815	1.30949
644.64199996	0.438421
646.640999794	0.314186
648.640999794	1.869647
650.64199996	4.665335
652.642999887	4.50202
654.644999743	2.56317
656.644999743	0.375212
658.647000074	0.006718
660.640999794	3.325906
662.64199996	3.325906
664.644999743	0.397645
666.640999794	0.080537
668.644999743	3.016224
670.64199996	4.083995
672.643999815	2.191789
674.647000074	4.249063
676.64199996	0.006848
678.642999887	8.527902
680.643999815	3.271353
682.64199996	2.68512
684.644999743	8.481788
686.643999815	0.008222
688.653999805	1.039316
690.644999743	0.047974
692.64199996	0.440444
694.640999794	0.102796
696.652999878	3.675408
698.64199996	1.681101
700.639999866	0.008066
702.642999887	0.945165
704.640999794	0.596978
706.585999966	0.44294
708.643999815	0.970402
710.642999887	0.041194
712.643999815	0.61693
714.64199996	0.458701
716.65199995	5.805193
718.640999794	0.09526
720.645999908	2.657912
722.647000074	0.007742
724.643999815	5.132928
726.648999929	0.065694
728.642999887	3.428366
730.64199996	2.051069
732.64199996	0.302452
734.64199996	7.169793
736.643999815	0.34456
738.644999743	3.694185
740.64199996	2.627034
742.650000095	0.746667
744.643999815	4.502273
746.64199996	2.402757
748.64199996	2.402757
750.647000074	0.676118
752.64199996	1.957685
754.64199996	0.251403
756.639999866	3.547744
758.640999794	4.383951
760.643999815	1.671756
762.639999866	0.047419
764.643999815	0.446293
766.639999866	7.884683
768.639999866	0.016068
770.639999866	8.094761
772.643999815	0.006843
774.640999794	4.107559
776.640999794	4.107559
778.639999866	4.107559
780.639999866	4.107559
782.64199996	4.107559
784.64199996	4.107559
786.642999887	1.116121
788.642999887	1.079583
790.64199996	1.253898
792.639999866	1.835233
794.640999794	2.139325
796.640999794	2.402114
798.64199996	2.054204
800.648000002	2.948843
802.642999887	0.218891
804.643999815	3.908396
806.640999794	4.656472
808.647000074	4.656472
810.639999866	4.656472
812.638999939	4.656472
814.642999887	4.656472
816.644999743	4.656472
818.64199996	4.656472
820.642999887	4.656472
822.640999794	4.656472
824.64199996	4.656472
826.64199996	4.656472
828.642999887	4.656472
830.64199996	4.656472
832.644999743	4.656472
834.89199996	4.656472
836.896999836	0.143167
838.694999933	0.232998
840.898000002	0.389575
842.891000032	0.612647
844.891000032	1.133511
846.894999981	1.310291
848.892999887	1.754396
850.871999979	0.375604
852.896999836	2.212459
854.894999981	1.528949
856.89199996	2.346243
858.89199996	1.109923
860.892999887	3.33636
862.89199996	3.77111
864.89199996	4.362814
866.904999971	4.085532
868.892999887	4.643255
870.893999815	5.456044
872.890000105	4.832222
874.846999884	0.435991
876.890000105	6.021252
878.89199996	4.07821
880.890000105	0.894862
882.892999887	7.231431
884.894999981	7.085595
886.898000002	7.085595
888.89199996	7.085595
890.891000032	0.008016
892.898999929	2.136706
894.892999887	0.007972
896.890000105	7.196007
898.89199996	8.129936
900.893999815	8.546172
902.898000002	0.161964
904.89199996	3.933492
906.892999887	0.147883
908.892999887	1.959858
910.891000032	4.017488
912.892999887	4.46933
914.89199996	0.264295
916.89199996	8.83413
918.898000002	7.375524
920.89199996	2.89322
922.83100009	1.459857
924.89199996	4.064313
926.890000105	1.274059
928.890000105	3.875948
930.890000105	1.909291
932.89199996	3.869727
934.89199996	0.681977
936.893999815	7.368804
938.890000105	0.007804
940.893999815	3.367353
942.89199996	3.612212
944.89199996	0.006969
946.832999945	5.80062
948.896999836	0.04694
950.89199996	1.024735
952.892999887	0.514845
954.89199996	2.991535
956.890000105	1.240205
958.89199996	4.044182
960.890000105	0.047871
962.890000105	8.651546
964.890000105	8.651546
966.89199996	2.606862
968.896999836	4.071303
970.834000111	4.852237
972.898999929	1.728324
974.891000032	3.957881
976.891000032	3.395755
978.890000105	3.147065
980.898000002	6.588368
982.894999981	0.161821
984.892999887	4.726244
986.890000105	5.357379
988.890000105	4.406554
990.890000105	3.721246
992.890000105	0.667367
994.832999945	0.878367
996.891000032	2.078317
998.891000032	2.759588
1000.89299989	2.958584
1002.89299989	2.958584
1004.89199996	2.958584
1006.89100003	2.958584
1008.8900001	2.958584
1010.90399981	2.958584
1012.89199996	0.444801
1014.89599991	1.345766
1016.898	1.410281
1018.85100007	2.892969
1020.88899994	2.892969
1022.89299989	2.892969
1024.8900001	0.641583
1026.89999986	1.15981
1028.89199996	1.15981
1030.89999986	1.259232
1032.89199996	3.003051
1034.8900001	3.302388
1036.89399981	3.302388
1038.89100003	3.436359
1040.898	3.465692
1042.85000014	4.010154
1044.89100003	4.123333
1046.89299989	4.375605
1048.90299988	0.701248
1050.89199996	1.491599
1052.8900001	2.168622
1054.88899994	2.168622
1056.89399981	2.168622
1058.8900001	0.576926
1060.89199996	1.932917
1062.89599991	2.085446
1064.89999986	2.085446
1066.89100003	2.085446
1068.89199996	4.252424
1070.89599991	2.167465
1072.89299989	0.570133
1074.89399981	1.839058
1076.89399981	2.204605
1078.8900001	2.204605
1080.89100003	2.204605
1082.88899994	2.204605
1084.89399981	0.294497
1087.14099979	2.962622
1088.89100003	2.731548
1091.14399981	2.731548
1093.13999987	2.526675
1095.148	2.526675
1097.14299989	2.526675
1099.14099979	2.672028
1101.14199972	3.138653
1103.14999986	3.138653
1105.10199976	3.138653
1107.13999987	3.138653
1109.14399981	0.514071
1111.14199972	2.649821
1113.14399981	0.170167
1115.14399981	0.542327
1117.14499974	2.436184
1119.14499974	3.120328
1121.14099979	2.295848
1123.14600015	4.421304
1125.148	4.393563
1127.14399981	1.33858
1129.09000015	4.552117
1131.14899993	4.58637
1133.14700007	5.46083
1135.14499974	3.527644
1137.14399981	0.09675
1139.14999986	0.428465
1141.13999987	6.120801
1143.14700007	6.120801
1145.14299989	6.449968
1147.14299989	0.954929
1149.14199972	0.55251
1151.14999986	6.681455
1153.07999992	5.761234
1155.14299989	0.447866
1157.13999987	4.639985
1159.14199972	0.281354
1161.14099979	2.913636
1163.14199972	3.364987
1165.14700007	3.747166
1167.14399981	3.204351
1169.14299989	0.332854
1171.14099979	2.231541
1173.14199972	2.620251
1175.14199972	4.041113
1177.10199976	0.428063
1179.14700007	2.512736
1181.148	3.672455
1183.15199995	1.807567
1185.14600015	3.080676
1187.14499974	0.439171
1189.14099979	1.401392
1191.14299989	3.161885
1193.14399981	8.741801
1195.14299989	0.088645
1197.14499974	3.930286
1199.14999986	3.930286
1201.08899975	0.682094
1203.14299989	3.565633
1205.14099979	8.676664
1207.14299989	0.01205
1209.14299989	4.993686
1211.14199972	1.888654
1213.14099979	1.936313
1215.15199995	4.434232
1217.13899994	2.878386
1219.14299989	3.723331
1221.14600015	0.073081
1223.14199972	2.887789
1225.08799982	0.437026
1227.14299989	5.931425
1229.14099979	0.052257
1231.14199972	2.059734
1233.14700007	0.006536
1235.14199972	0.143359
1237.52599978	0.015859
1239.14299989	0.080815
1241.13999987	3.335314
1243.13999987	4.241882
1245.14299989	4.241882
1247.14299989	4.241882
1249.08599973	3.292752
1251.14399981	1.384907
1253.14099979	1.183745
1255.14399981	3.569012
1257.13899994	6.821508
1259.14399981	3.553573
1261.14499974	0.006713
1263.14199972	2.1525
1265.14399981	0.117556
1267.14600015	2.016893
1269.14999986	8.534439
1271.14199972	2.400888
1273.14399981	5.205791
1275.14199972	0.811364
1277.14299989	2.122815
1279.14499974	0.61167
1281.14299989	0.673987
1283.14199972	1.422123
1285.13999987	0.040083
1287.14899993	7.105768
1289.14399981	0.489756
1291.14499974	0.08222
1293.14399981	0.040877
1295.14999986	0.428371
1297.14299989	2.712552
1299.14299989	5.554541
1301.14199972	1.342116
1303.14299989	0.438236
1305.36299992	0.311152
1307.47099996	0.130841
1309.47599983	0.032784
1311.78199983	0.123517
1314.03699994	0.204798
1315.73000002	0.064753
1317.7190001	1.703273
1319.42199969	5.848793
1321.14399981	0.439224
1323.14399981	0.970914
1325.14600015	0.889404
1327.15199995	1.224539
1329.14299989	0.604106
1331.14399981	0.577187
1333.14899993	0.042114
1335.14299989	0.006832
1337.39199996	0.138612
1339.39199996	1.718841
1341.39499998	0.007723
1343.39400005	0.115202
1345.39299989	0.444796
1347.39599991	0.006839
1349.39599991	1.080128
1351.14399981	1.226695
1353.39299989	0.441971
1355.39100003	2.900925
1357.39699984	7.350348
1359.39799976	1.290015
1361.39299989	8.095522
1363.38999987	7.516028
1365.39499998	7.516028
1367.39199996	7.516028
1369.25299978	0.065322
1371.39100003	7.888447
1373.39199996	7.888447
1375.39799976	7.888447
1377.39699984	2.848231
1379.39699984	0.837621
1381.39999986	0.350393
1383.39199996	0.421063
1385.39100003	0.494763
1387.39799976	1.915612
1389.39100003	3.977649
1391.38999987	0.006825
1393.26399994	0.24037
1395.39199996	1.105374
1397.39199996	1.276162
1399.39299989	0.007837
1401.38999987	1.244642
1403.39199996	0.596873
1405.39299989	1.671163
1407.39100003	1.703843
1409.39299989	0.669443
1411.39299989	2.300868
1413.38999987	0.081365
1415.39299989	0.970635
1417.39599991	1.234869
1419.39799976	3.121393
1421.39199996	3.184194
1423.39199996	8.425147
1425.39199996	0.028
1427.39400005	5.731638
1429.39199996	3.955807
1431.38999987	2.873585
1433.39100003	2.973425
1435.38999987	8.562821
1437.39100003	8.562821
1439.39100003	1.241405
1441.26600003	0.01622
1443.39699984	7.902204
1445.39400005	0.533496
1447.40299988	0.00816
1449.39199996	3.112229
1451.39400005	0.040453
1453.39199996	0.138371
1455.39100003	4.014374
1457.39699984	0.056348
1459.39100003	1.773506
1461.39400005	0.007706
1463.39799976	1.470039
1465.39199996	2.998856
1467.39999986	8.357277
1469.39100003	8.65031
1471.39400005	0.006681
1473.38999987	2.417548
1475.39299989	2.488492
1477.39199996	4.154644
1479.38999987	8.85775
1481.39499998	8.491066
1483.38999987	1.054829
1485.39199996	4.257265
1487.39100003	2.51279
1489.39100003	0.45139
1491.39400005	2.865518
1493.39199996	0.837739
1495.39100003	8.802758
1497.39299989	8.800838
1499.39199996	8.472434
1501.39499998	8.48769
1503.39100003	8.022571
1505.39199996	0.799178
1507.39499998	3.475832
1509.39199996	0.206258
1511.39199996	3.121028
1513.39100003	5.912397
1515.39599991	0.147411
1517.39299989	5.272368
1519.39199996	5.272368
1521.39299989	1.899164
1523.39199996	0.415401
1525.39199996	3.431948
1527.39199996	8.226713
1529.39199996	8.18033
1531.39400005	8.137788
1533.39199996	0.447385
1535.38999987	2.067356
1537.38899994	0.394219
1539.39100003	8.285239
1541.39199996	8.45392
1543.39199996	8.45392
1545.39799976	7.025417
1547.39599991	7.652262
1549.38899994	4.998488
1551.39100003	7.087753
1553.39100003	0.049212
1555.39100003	0.611533
1557.38999987	3.250276
1559.39299989	3.250276
1561.39199996	6.768298
1563.39400005	6.768298
1565.39400005	8.852971
1567.39599991	0.007641
1569.39100003	3.555296
1571.39299989	3.991842
1573.39199996	0.027108
1575.39100003	8.630354
1577.39199996	8.064075
1579.39199996	4.681946
1581.64099979	4.681946
1583.39299989	4.681946
1585.39599991	0.447921
1587.39100003	3.40205
1589.64299989	4.535366
1591.64299989	6.260018
1593.64599991	0.06517
1595.53299975	0.016423
1597.64399981	0.006998
1599.57999992	2.869841
1601.64099979	4.091221
1603.63999987	4.091221
1605.64199996	8.474755
1607.64199996	2.629633
1609.64199996	2.270654
1611.63999987	0.007327
1613.64499974	1.13876
1615.64700007	7.979383
1617.64299989	4.406797
1619.64399981	4.810618
1621.648	0.153958
1623.57999992	1.167141
1625.64700007	3.515472
1627.64099979	0.725214
1629.64199996	5.823098
1631.648	8.790908
1633.64299989	8.790908
1635.64199996	8.790908
1637.63999987	2.171841
1639.64199996	5.626031
1641.64399981	4.431336
1643.64099979	0.446464
1645.6559999	3.166752
1647.58299994	4.804242
1649.64299989	4.804242
1651.63999987	1.570132
1653.64599991	5.95752
1655.64499974	1.113151
1657.64499974	2.223045
1659.64700007	1.125524
1661.64399981	4.055176
1663.64399981	1.02789
1665.63999987	0.034019
1667.64099979	0.146503
1669.63999987	5.488933
1671.59599996	1.973809
1673.64599991	0.232096
1675.63999987	0.024659
1677.63999987	0.015781
1679.64299989	3.102987
1681.64700007	2.923323
1683.64399981	2.549683
1685.64299989	0.374152
1687.64299989	0.00765
1689.64499974	0.331229
1691.64199996	2.116631
1693.64299989	1.33651
1695.59100008	0.437732
1697.65199995	0.072622
1699.57500005	0.056903
1701.64399981	1.497889
1703.63999987	0.029369
1705.64299989	0.287305
1707.64299989	2.577697
1709.65299988	0.081627
1711.64700007	1.142631
1713.64399981	1.218956
1715.64399981	0.016085
1717.64700007	3.147528
1719.64299989	0.735507
1721.59699988	0.975329
1723.64299989	2.229464
1725.546	0.002426
1727.64499974	0.700229
1729.64599991	1.387563
1731.64299989	0.873902
1733.64099979	0.450117
1735.64599991	0.007862
1737.64499974	1.663253
1739.64299989	0.441202
1741.64399981	3.100009
1743.58699989	0.44473
1745.64899993	0.188497
1747.6500001	2.450833
1749.64499974	3.813106
1751.64299989	0.006994
1753.78399992	0.03274
1755.63999987	0.374847
1757.6500001	3.981346
1759.64099979	7.392607
1761.64499974	0.056332
1763.64499974	4.048589
1765.65100002	1.979451
1767.64299989	2.792954
1769.64700007	0.057311
1771.64399981	2.372512
1773.64299989	0.670058
1775.64499974	3.885698
1777.64499974	3.416621
1779.64099979	8.789507
1781.64499974	7.889393
1783.64599991	0.719873
1785.64399981	4.822107
