0.0	0.299531
1.14200019836	0.420732
1.63399982452	0.213757
2.43000006676	0.427994
3.15499997139	0.519073
3.9889998436	0.555319
5.43700003624	0.008822
7.57899999619	0.824729
9.26899981499	1.240122
10.5789999962	1.463081
12.0629999638	0.120422
12.8849999905	1.85479
13.5829999447	2.086795
14.3389999866	1.936513
14.9519999027	2.392912
16.5429999828	2.67489
18.5420000553	2.825334
20.5409998894	2.883664
22.5369999409	3.207368
24.5480000973	3.759436
26.5439999104	3.782497
28.4790000916	4.375028
30.5390000343	5.466134
32.5409998894	2.581655
34.5429999828	2.939485
36.5369999409	2.939485
38.5439999104	1.592409
40.5459997654	0.258215
42.5459997654	6.520571
44.5409998894	6.372968
46.5379998684	6.723649
48.5420000553	6.689773
50.5439999104	5.560842
52.5439999104	5.550634
54.5429999828	2.754543
56.5420000553	1.663269
58.5439999104	0.045145
60.5399999619	1.505992
62.5449998379	8.114167
64.5420000553	1.196804
66.5449998379	1.378532
68.5439999104	0.068913
70.5420000553	2.388068
72.5409998894	1.103824
74.5399999619	4.557485
76.5429999828	9.094478
78.5390000343	9.319477
80.5409998894	0.776711
82.5379998684	2.284423
84.5439999104	0.007013
86.5510001183	0.142818
88.5439999104	8.22964
90.5429999828	7.554597
92.5470001698	0.411808
94.5399999619	6.571454
96.5429999828	2.329147
98.5439999104	2.424268
100.545999765	4.943035
102.542999983	0.153152
104.542999983	3.233858
106.540999889	0.472647
108.537999868	3.714569
