0.0	4.675613
0.396999835968	4.475718
0.634999752045	4.787281
0.822999715805	4.787281
2.03999996185	4.068948
3.06299972534	5.212648
4.30999970436	1.398549
4.72699975967	0.071277
4.93499970436	4.209896
5.1099998951	4.209896
5.81799983978	3.126223
7.57999968529	3.95745
9.58699965477	3.776951
11.5829997063	3.776951
13.5779998302	2.568575
15.5769999027	4.089167
17.5709996223	3.960693
19.5849997997	3.626766
21.5799996853	4.531821
23.5749998093	1.259893
25.5849997997	0.097083
27.5749998093	0.062882
29.5839998722	0.015303
31.5829997063	0.597208
33.5879995823	0.389421
35.5769999027	0.425098
37.5789997578	0.068513
39.8269996643	0.019729
41.8320000172	0.044077
44.1069996357	1.322047
45.8320000172	0.038516
47.8389997482	0.008562
49.5869996548	4.896053
51.8359997272	3.933487
53.8389997482	0.019245
55.8359997272	0.218162
57.6799998283	0.846448
59.8269996643	0.116537
61.8249998093	0.165749
63.8349997997	3.746421
65.8279995918	2.95645
68.3219997883	3.646288
69.8259997368	0.803351
71.8479998112	4.216872
73.8320000172	3.88425
75.8249998093	4.676761
77.8359997272	5.046458
79.8329999447	5.181377
81.6739997864	0.892609
83.8379998207	0.30818
86.0619997978	0.015715
87.8359997272	0.038711
89.7769999504	2.113227
91.8079998493	0.036894
93.8359997272	0.093007
95.8249998093	0.171216
97.8349997997	0.196873
99.8449997902	0.013486
101.852999926	0.799245
103.830999851	2.959157
105.826999664	0.740711
107.828999758	0.0574
109.828999758	0.758779
111.832999945	0.274879
113.827999592	0.441892
115.836999893	0.90977
117.832000017	0.050457
119.837999821	0.273581
121.832999945	0.356482
123.838999748	0.011879
125.828999758	0.960981
127.823999882	1.703529
129.836999893	0.045495
131.8349998	0.037405
133.828999758	0.00944
135.828999758	3.586567
137.833999872	0.026339
139.839999914	0.837653
141.825999737	4.51045
143.821999788	4.897052
145.839999914	1.661672
147.833999872	0.115103
149.830999851	4.54655
151.822999716	5.595377
153.827999592	1.870702
155.823999882	4.911065
157.832000017	1.163037
159.822999716	2.524918
161.830999851	4.758896
163.837999821	4.305767
165.828999758	0.015468
167.830999851	5.336892
169.837999821	0.01894
171.835999727	4.612083
173.833999872	0.015416
175.826999664	4.285264
177.832000017	1.942915
179.824999809	0.012584
181.836999893	1.056561
183.833999872	0.019024
185.837999821	0.564938
187.826999664	4.220165
189.832000017	0.194912
191.836999893	0.019277
193.832000017	3.872378
195.826999664	0.010158
197.840999842	4.936261
199.824999809	0.051637
201.8349998	0.009435
203.848999977	1.698688
205.845999718	0.186179
207.838999748	0.017429
209.827999592	0.096055
211.836999893	3.520009
213.871999979	0.046046
215.837999821	0.012891
217.827999592	0.019301
219.833999872	3.865991
221.841999769	0.018924
223.833999872	0.16542
225.837999821	0.008788
227.847999811	0.015155
229.826999664	2.941895
231.840999842	1.032611
