0.0	0.059111
0.15299987793	0.451825
0.322000026703	0.056994
0.416999816895	0.721318
0.881999969482	0.240978
1.0	1.994295
1.22300004959	0.157141
1.41599988937	4.021911
2.38499975204	4.457382
3.22300004959	0.3782
5.72799992561	0.038049
7.73000001907	1.16242
9.79299998283	0.046768
11.7380001545	0.090811
13.7319998741	0.030867
15.7309999466	1.937421
17.739000082	0.030075
19.7369997501	0.267051
21.7400000095	0.090688
23.7289998531	0.509187
25.7309999466	0.044936
27.7349998951	1.206086
29.7400000095	4.199448
31.7339997292	5.16175
33.7259998322	4.150249
35.7359998226	5.014322
37.7319998741	3.113794
39.746999979	5.347298
41.7349998951	4.425141
43.7279999256	0.038507
45.7300000191	0.060151
47.7380001545	0.275206
49.7380001545	6.179578
51.7329998016	1.147437
53.7329998016	0.141785
55.7339997292	2.774615
57.7339997292	0.012623
59.7349998951	0.00962
61.7279999256	0.479585
63.7359998226	1.641258
65.739000082	0.088887
67.7259998322	0.023255
69.7380001545	0.238168
71.7369997501	5.086772
73.7369997501	4.227727
75.7339997292	1.271756
77.7449998856	4.670488
79.7839999199	0.006865
81.7329998016	0.183033
83.7349998951	0.339899
85.7409999371	1.001947
87.7319998741	0.008993
89.7269999981	1.801752
91.7369997501	6.176741
93.7369997501	0.259232
95.7339997292	0.132668
97.7369997501	0.568443
99.9339997768	1.214495
101.730000019	0.100912
103.728999853	5.080458
105.73699975	0.064592
107.73699975	4.61463
109.743999958	5.771622
111.740999937	0.244001
113.73699975	1.276081
115.756000042	1.500214
117.743999958	0.680417
119.74000001	0.117267
121.743000031	0.043007
123.730999947	1.250408
125.731999874	0.505869
127.728999853	1.151931
129.726999998	1.666427
131.731999874	5.402809
133.731999874	0.196116
135.740999937	0.298172
137.732999802	0.134563
139.74000001	0.107327
141.735999823	1.443258
143.743999958	0.030321
145.733999729	0.29202
148.296000004	1.08117
149.740999937	0.061763
151.732999802	0.042405
153.730000019	1.137261
155.728999853	1.373139
157.738000154	6.146383
159.732999802	2.09144
161.730999947	5.117797
163.743999958	5.323119
165.74000001	5.750261
167.733999729	2.984346
169.738000154	5.347217
171.739000082	1.170536
173.740999937	0.049902
175.741999865	0.081351
177.73699975	0.089537
179.730000019	4.926276
181.743000031	1.032372
183.730999947	6.261717
185.743999958	1.311341
187.732999802	0.05669
189.732999802	0.090363
191.73699975	0.16143
193.734999895	0.05897
195.732999802	0.064942
197.731999874	0.932275
199.786999941	0.004866
201.741999865	0.11489
203.749999762	0.333257
205.741999865	0.004478
208.086999893	0.146043
209.731999874	0.154445
211.740999937	0.021968
213.741999865	0.907847
215.744999886	0.081942
217.741999865	0.311845
219.747999907	3.266869
221.743000031	0.079522
223.734999895	1.204259
225.74000001	0.157186
227.734999895	0.180399
229.746000051	0.008279
231.732999802	0.018756
233.734999895	1.271897
235.993999958	0.065536
237.746000051	5.375294
239.741999865	6.3117
241.986000061	0.061976
243.984999895	0.145899
246.287999868	3.805449
247.993999958	1.266361
249.983999968	0.010857
251.999000072	0.968534
253.991999865	0.004405
255.996999979	6.420386
257.990999937	0.03989
259.992999792	6.53894
261.871999979	0.019973
263.986999989	3.826821
265.996000051	1.660693
267.997999907	0.330629
269.983999968	0.392199
271.994999886	1.324121
273.996000051	1.834292
275.984999895	0.021579
277.990999937	6.342856
279.991999865	0.45053
281.996000051	1.527421
283.987999916	2.29819
285.807999849	2.865613
287.991999865	6.309188
289.990999937	5.745085
291.992999792	1.313422
293.986999989	5.827644
295.984999895	6.055174
298.000999928	0.103975
299.999000072	2.952964
301.991999865	3.544294
303.988999844	0.489807
305.996999979	0.127317
307.992999792	0.020862
309.989999771	2.361868
311.993999958	0.32615
313.990999937	0.054771
315.996000051	5.961442
317.996000051	1.191
319.992999792	2.295564
321.996999979	2.797931
324.047999859	0.077891
325.990999937	0.004284
327.993999958	0.739284
329.993999958	3.061786
331.987999916	2.666718
334.040999889	0.508403
336.0	0.782568
337.986999989	5.651533
339.994999886	1.202834
341.994999886	0.605258
343.991999865	1.267941
345.990999937	0.124433
347.994999886	6.702794
349.994999886	0.275225
351.996999979	0.179869
353.996000051	1.230274
355.994999886	0.744108
357.999000072	1.258029
360.29399991	0.208852
361.990999937	0.17755
364.044999838	1.379843
366.0	0.321353
368.0	0.03066
369.997999907	0.241601
371.997999907	0.153474
373.990999937	1.952997
375.991999865	2.966872
377.997999907	1.210869
379.990999937	0.112562
381.996000051	1.286694
383.996999979	1.766801
386.003000021	0.338183
387.991999865	0.061564
390.000999928	0.023281
391.993999958	1.292638
393.987999916	0.124666
396.002000093	5.122237
397.996000051	0.028622
399.994999886	3.183959
401.999000072	0.022196
403.992999792	3.345562
406.000999928	5.584212
407.989999771	6.414438
410.000999928	0.198466
411.987999916	1.083846
413.989999771	4.851337
415.991999865	3.989071
417.989999771	4.878011
420.003000021	0.30331
421.997999907	4.567382
423.999000072	4.055667
426.003000021	5.555317
427.988999844	6.014777
430.302999973	4.59519
432.052000046	1.535831
433.992999792	0.304351
436.0	5.496065
437.990999937	0.112361
440.002000093	1.217583
441.996000051	4.233273
444.555999994	3.877717
446.002000093	0.030416
448.002000093	0.951837
450.002000093	5.664843
452.000999928	0.510214
454.116999865	0.187344
455.990999937	0.17708
457.991999865	0.015909
460.0	6.760541
461.996999979	5.318405
464.003000021	1.310271
465.997999907	1.680047
467.996000051	0.146878
470.003999949	6.471598
472.003000021	3.159361
474.002000093	1.320267
475.991999865	1.561225
477.990999937	0.019073
479.989999771	2.62266
482.003000021	1.762054
484.0	4.587238
486.002000093	1.558044
488.003999949	5.416178
490.243000031	4.073671
492.559999943	0.018078
494.003999949	0.00811
496.25399971	0.442093
498.245999813	0.18453
500.245999813	2.940269
502.25	1.234738
504.243999958	0.030836
506.258000135	0.299843
508.245999813	0.709397
510.244999886	0.004294
512.240999937	6.499003
514.479000092	5.915241
516.251999855	1.277659
518.250999928	2.065367
520.250999928	5.366686
522.260999918	5.152617
524.252999783	1.147183
526.256000042	4.732501
528.258000135	5.639008
530.252999783	2.400671
532.252999783	0.069175
534.245999813	5.029458
536.556999922	3.853446
538.252999783	6.542195
540.251999855	0.123355
542.255000114	5.679113
544.258000135	4.255914
546.246999979	0.280225
548.256000042	0.12547
550.252999783	0.098339
552.248999834	1.385762
554.246999979	5.079645
556.256000042	5.653223
558.246999979	3.359163
560.246999979	6.034538
562.250999928	5.882186
564.247999907	6.584546
566.248999834	0.931957
568.251999855	1.990809
570.258000135	5.156255
572.243999958	1.97432
574.245999813	1.245598
576.246999979	0.268741
578.535000086	0.252283
580.25	0.017478
582.246999979	0.020925
584.243999958	1.30884
586.244999886	3.116631
588.250999928	6.132062
590.248999834	3.643353
592.247999907	0.241569
594.258000135	0.60444
596.255000114	0.050051
598.246999979	0.069358
600.256000042	0.18707
602.248999834	0.020265
604.25399971	0.664812
606.256000042	5.325745
608.255000114	1.321201
610.252999783	6.374258
612.259000063	5.989096
614.256999969	0.766544
616.252999783	2.675929
618.259000063	3.435937
620.25999999	0.093203
622.25399971	1.301355
624.255000114	0.061784
626.25999999	2.489628
628.251999855	5.424604
630.256000042	0.577075
632.309999704	1.307945
634.258000135	5.698446
636.255000114	5.913591
638.259000063	5.985294
640.250999928	5.778494
642.25999999	1.638842
644.25399971	0.554759
646.263000011	0.021571
648.258000135	0.020854
650.250999928	0.057536
652.258000135	0.270085
654.25399971	0.114743
656.252999783	1.294793
658.252999783	0.019912
660.251999855	0.246854
662.251999855	4.521158
664.25999999	6.375545
666.258000135	0.037724
668.258000135	0.805292
670.252999783	1.194851
672.256999969	0.03798
674.25999999	0.268597
676.252999783	0.879018
678.263999939	0.615073
680.258000135	0.13758
682.25999999	0.06145
684.25999999	5.329468
686.290999889	0.193218
688.260999918	0.190442
690.25999999	1.29028
692.252999783	5.978356
694.25999999	3.902588
696.263999939	0.12652
698.261999846	3.043163
700.256000042	6.249411
702.256999969	5.465426
704.256000042	1.298953
706.263999939	0.107972
708.25999999	0.003579
710.25	5.518423
712.259000063	6.359727
714.251999855	5.079123
716.305999994	6.198272
718.258000135	5.174722
720.250999928	6.157402
722.259000063	0.080464
724.25	5.972412
726.247999907	4.244871
728.259000063	6.30143
730.56099987	0.204976
732.251999855	1.551279
734.263000011	0.227656
736.263999939	2.153677
738.256000042	0.067581
740.5	0.025419
742.501999855	1.811021
744.261999846	0.234962
746.500999928	2.757192
748.515000105	0.096294
750.515000105	0.164124
752.500999928	1.292555
754.512999773	0.310311
756.388000011	0.043873
758.501999855	2.266113
760.509999752	5.612367
762.509999752	6.457487
764.510999918	6.457487
766.509999752	4.867719
768.504999876	5.636921
770.503999949	5.636921
772.508999825	6.304486
774.504999876	0.090812
776.506999969	0.118647
778.506999969	1.423063
780.325999737	1.686481
782.507999897	4.631169
784.514000177	0.245465
786.510999918	5.27469
788.508999825	6.354949
790.514000177	6.007333
792.512999773	6.052939
794.511999846	0.051759
796.514000177	6.016777
798.501999855	6.423189
800.51699996	0.220467
802.512999773	4.615789
804.510999918	0.155038
806.515000105	1.152642
809.660999775	0.009774
810.581999779	0.007247
812.506999969	0.191676
814.51699996	3.718413
816.504999876	0.117958
818.812000036	4.319292
821.064999819	0.32474
822.517999887	0.498548
824.507999897	2.074424
826.504999876	2.074424
828.503000021	4.25996
830.525999784	1.354834
832.515000105	0.097519
834.516000032	5.839144
836.818000078	4.894103
838.508999825	0.237593
840.508999825	0.062061
842.572999954	2.9637
844.515000105	5.853326
846.515000105	4.44219
848.517999887	6.115285
851.066999912	0.024208
852.509999752	1.299857
854.510999918	6.232455
856.509999752	5.862624
858.514000177	1.282829
860.51699996	1.282829
862.519000053	1.218658
864.504999876	1.993329
866.507999897	0.075676
868.508999825	1.48042
870.511999846	6.034086
872.563999891	5.68463
874.519000053	0.024001
876.508999825	1.218864
878.523999929	5.450968
881.06799984	5.603242
882.514000177	5.691148
884.510999918	0.010959
886.514000177	6.034136
888.509999752	0.028776
890.511999846	1.585731
892.523000002	4.750977
894.506000042	4.750977
896.510999918	0.026209
898.520999908	0.038617
900.510999918	0.087168
902.820999861	0.121036
904.508999825	0.564264
906.517999887	1.265623
908.511999846	0.03137
910.727999926	1.949606
912.51699996	0.085168
914.531999826	0.163892
916.520999908	5.700573
918.516000032	2.270272
920.506999969	4.57553
922.512999773	0.528265
924.510999918	1.286385
926.512999773	0.030792
928.510999918	0.231364
930.508999825	1.000228
932.516000032	0.214913
934.512999773	1.290554
936.517999887	0.109151
938.508999825	6.125184
940.520999908	0.122411
942.517999887	3.190903
944.510999918	0.241402
946.881999969	0.016061
948.517999887	1.284163
950.519999981	1.76318
952.511999846	6.241132
954.510999918	3.284219
956.511999846	6.670963
958.511999846	1.232786
960.516000032	1.910572
962.523000002	0.319119
964.508999825	0.819542
966.517999887	0.031507
968.519000053	0.205724
970.51699996	0.09258
972.515000105	0.074257
974.519999981	0.399842
976.519999981	1.257647
978.508999825	0.083397
980.515000105	0.017546
982.508999825	1.2991
984.523999929	0.390979
986.519999981	0.511699
988.713999987	0.096976
990.519000053	0.017863
992.769999981	1.146847
994.763000011	2.918243
996.763000011	4.832883
998.764999866	1.90047
1000.76099992	2.240478
1002.76200008	0.689066
1004.77199984	0.262947
1006.77199984	5.411345
1008.76300001	0.385349
1010.58699989	2.458914
1012.77399969	1.136752
1014.76599979	0.661138
1016.76200008	0.030239
1018.77099991	5.617405
1020.67199993	0.015727
1022.77199984	0.054054
1024.77600002	0.189336
1026.77099991	0.202316
1028.77099991	0.647265
1031.07599998	1.052369
1032.77299976	5.730495
1034.59200001	4.909018
1036.76499987	2.744074
1038.76399994	5.261188
1040.77099991	0.221983
1042.78299999	2.264745
1044.7750001	4.819349
1046.76799989	5.235363
1049.31500006	3.764424
1050.76399994	6.093506
1052.76899981	0.398369
1054.76799989	0.596724
1056.77399969	0.589651
1058.72799993	0.059434
1060.77099991	0.062601
1062.77099991	0.210786
1064.76200008	0.018741
1066.76399994	0.53953
1068.93899989	2.394931
1070.76899981	0.061826
1072.77399969	5.72579
1074.76899981	1.82954
1076.7750001	0.328504
1078.76399994	4.393259
1080.7750001	1.89458
1082.7809999	1.298197
1084.76499987	0.139994
1086.76599979	0.085712
1088.77900004	1.285952
1090.7750001	0.007955
1092.7750001	1.170827
1094.78199983	0.045374
1096.7750001	0.830533
1098.77299976	4.314093
1100.82299995	0.618473
1102.76799989	0.183673
1104.81500006	4.965912
1106.76699996	1.331432
1108.76399994	4.993913
1110.7750001	0.02776
1112.77199984	1.231802
1114.77699995	0.080884
1116.78299999	1.261626
1118.77099991	0.967666
1120.77800012	4.601803
1122.77399969	3.498894
1124.77199984	3.926919
1126.77099991	0.123527
1129.2809999	0.154073
1132.43999982	0.005626
1135.12700009	0.831861
1136.02799988	0.119871
1136.77399969	0.131059
1138.7809999	0.617662
1140.7750001	1.284286
1143.32399988	0.146285
1144.77099991	3.758465
1146.76799989	1.002198
1148.76899981	0.538833
1150.7750001	0.121103
1152.77600002	0.035968
1154.76899981	0.057136
1156.77999997	0.106367
1158.83100009	0.030714
1160.76899981	1.47237
1162.77600002	0.018744
1165.13699985	0.00224
1167.04599977	0.082704
1168.77199984	1.484455
1170.77699995	2.678829
1172.77199984	0.008499
1174.77399969	0.110734
1176.77099991	0.354166
1178.77900004	0.049823
1180.76799989	0.403936
1182.82199979	0.216639
1184.77600002	0.070444
1186.7750001	5.472592
1188.77099991	4.958779
1190.77699995	0.005335
1192.76999998	0.156946
1194.77900004	4.068849
1196.77699995	0.022478
1198.77699995	0.207342
1200.76999998	0.024442
1202.87999988	0.231038
1204.77099991	6.117391
1206.77699995	5.487317
1208.77800012	0.038722
1210.7809999	0.391049
1212.77299976	0.035781
1214.77999997	0.004519
1216.77399969	0.12274
1218.77800012	2.895621
1220.7809999	0.132825
1222.77900004	0.225152
1224.76999998	0.041294
1226.77900004	3.616466
1228.76799989	0.017302
1230.76899981	0.44028
1232.77800012	0.134002
1234.78299999	0.091447
1236.78199983	0.023166
1239.03699994	0.184697
1240.77399969	6.124446
1242.77800012	5.250328
1244.78399992	0.184607
1247.01999998	1.096155
1249.01900005	0.030799
1250.78600001	1.271568
1253.02899981	0.147622
1255.02199984	0.021401
1257.02199984	6.059965
1259.02600002	0.755167
1261.02499986	1.268582
1263.01999998	0.234002
1265.02699995	0.183543
1267.03299975	0.68613
1269.0849998	6.507466
1271.02099991	1.191995
1273.02999973	6.793707
1275.02699995	1.257361
1277.02799988	6.060147
1279.02699995	6.123282
1281.02399993	6.531232
1283.02099991	0.217816
1285.02799988	5.278735
1287.0309999	0.09181
1289.02699995	4.76164
1291.023	0.534483
1293.02600002	0.426873
1295.08799982	0.090756
1297.02600002	0.338575
1298.83699989	0.061895
1301.02899981	1.430054
1303.02600002	0.166801
1305.079	5.366215
1307.03299975	3.3008
1309.02399993	1.308456
1311.023	0.387679
1313.03400016	0.112687
1315.02899981	0.154141
1317.02499986	0.493314
1319.03199983	0.023135
1321.03400016	0.03498
1323.03500009	1.278112
1325.0309999	5.839635
1327.04499984	0.004563
1329.02899981	3.848352
1331.03500009	2.331081
1333.02899981	1.300215
1335.03600001	2.149722
1337.03299975	0.953183
1339.03199983	0.217869
1341.03199983	2.714739
1343.03699994	0.032074
1345.02799988	0.157361
1347.0309999	1.274522
1349.03500009	0.012483
1351.023	0.654006
1353.03199983	0.058472
1355.03400016	0.04072
1357.02499986	1.296834
1359.03299975	0.240016
1361.02699995	0.418955
1363.02999973	0.02143
1365.21599984	0.163943
1367.03600001	0.053784
1369.03600001	0.201698
1371.02899981	1.320202
1373.03699994	0.042427
1375.02799988	0.061128
1377.03299975	0.09112
1379.03400016	3.230748
1381.32899976	0.085886
1383.03799987	0.09908
1385.02899981	0.176924
1387.02699995	1.0917
1389.03400016	0.909967
1391.02799988	1.310913
1393.0309999	5.482965
1394.93499994	0.030068
1397.04099989	0.017129
1399.02999973	0.114909
1401.02799988	0.244802
1403.0309999	0.046591
1405.03500009	1.121007
1407.0309999	0.089044
1409.03999996	0.261539
1411.03900003	0.113815
1413.03500009	0.080841
1415.02899981	0.030433
1417.03199983	0.022417
1419.03299975	0.139219
1421.03699994	1.01202
1423.03299975	0.843057
1425.04099989	0.039094
1427.03199983	0.062138
1429.03799987	1.629233
1431.03999996	0.091748
1433.03900003	0.462446
1435.03400016	0.934834
1437.03900003	0.430261
1439.03400016	0.03004
1441.02999973	0.030187
1443.03600001	0.212657
1445.03400016	0.337856
1447.03299975	0.021239
1449.02999973	0.180323
1451.03500009	1.972106
1453.03500009	1.688628
1455.03999996	5.810539
1457.03900003	0.073284
1459.03600001	0.369888
1461.03400016	0.124989
1463.26999974	3.51481
1465.03900003	0.117238
1467.02999973	0.059263
1469.0309999	0.024347
1471.33999991	0.076102
1473.03600001	0.234459
1475.02999973	5.765008
1477.03400016	1.238624
1479.03600001	0.004347
1481.02899981	0.157418
1483.04299998	0.027164
1485.03999996	0.023417
1487.03299975	1.298239
1489.03999996	5.070161
1491.38399982	5.692383
1493.03299975	5.796738
1495.58299994	0.020489
1497.27999997	0.048841
1499.29099989	2.420876
1501.28599977	3.522708
1503.28699994	1.847751
1505.09599996	1.222966
1507.2889998	0.093392
1509.27799988	0.342685
1511.2889998	0.007655
1513.29199982	0.150451
1515.28599977	0.08743
1517.29099989	1.926933
1519.29199982	0.10279
1521.29299998	2.374659
1523.29199982	0.061569
1525.29299998	1.307788
1527.28499985	5.895749
1529.0999999	1.759716
1531.28599977	5.131423
1533.28399992	0.11935
1535.28499985	1.215795
1537.28299999	1.716091
1539.28999996	0.019977
1541.2809999	2.131198
1543.28499985	1.161561
1545.29399991	0.513138
1547.296	0.726287
1549.28399992	0.029396
1551.27900004	0.055663
1553.10800004	1.242533
1555.56399989	6.501384
1557.28200006	6.507505
1559.29299998	0.299811
1561.29299998	0.612847
1563.28399992	1.291059
1565.29099989	0.057061
1567.28599977	0.422191
1569.28699994	0.210064
1571.29500008	5.198989
1573.28399992	0.004492
1575.28599977	0.315565
1577.17299986	0.037193
1579.2889998	0.030813
1581.28999996	0.227037
1583.28999996	5.473362
1585.29199982	0.317009
1587.2889998	0.025506
1589.28499985	0.003794
1591.29500008	0.055033
