0.0	0.263004
0.59299993515	0.607639
0.771999835968	0.607639
1.05200004578	0.607639
1.33699989319	0.442061
2.25600004196	0.451584
2.93099999428	0.644669
4.45599985123	0.251223
8.08999991417	0.297407
12.5429999828	0.115203
16.4649999142	0.073918
20.260999918	0.088775
21.263999939	0.307621
22.4919998646	0.497333
23.1319999695	0.67609
23.8710000515	0.417733
25.1349999905	0.515608
25.8300001621	0.481152
27.0979998112	0.458173
27.7859997749	0.770208
28.7649998665	0.617292
30.010999918	0.701863
31.0350000858	0.493717
31.7740001678	0.479752
34.0399999619	0.288489
35.7449998856	0.509595
37.75	0.754168
39.7550001144	0.735551
42.8380000591	0.395386
45.0759999752	0.871705
47.1229999065	0.906095
48.3110001087	0.776509
51.7239999771	0.010175
61.2409999371	0.237109
66.8759999275	0.108295
68.75	0.147492
69.4879999161	0.445932
70.7100000381	0.295164
71.3429999352	0.284453
72.8680000305	0.032306
74.2349998951	0.419224
74.9619998932	0.61129
75.4099998474	0.640545
76.3660001755	0.677369
77.9790000916	0.642211
79.6429998875	0.445655
85.0429999828	0.066106
90.268999815	0.171048
92.6019997597	0.022685
94.6029999256	0.080323
96.368999958	0.248107
96.6940000057	0.557235
97.1649999619	0.447092
97.4440000057	0.701217
98.3900001049	0.643332
100.471999884	0.295516
101.34499979	0.388775
102.520999908	0.551727
103.838000059	0.406956
109.379999876	0.270273
112.306999922	0.283909
115.004999876	0.16901
117.345999718	0.124553
119.154999971	0.084276
119.792999983	0.206651
120.276000023	0.179538
122.523999929	0.331629
128.911000013	0.086202
132.479000092	0.322807
135.743999958	0.048388
136.99399972	0.183952
137.888000011	0.312859
138.849999905	0.234891
139.580999851	0.391572
140.57799983	0.260571
141.729999781	0.666411
143.196999788	0.078943
145.032999754	0.007606
149.459000111	0.321818
151.384999752	0.51963
154.464999914	0.462199
