0.0	0.024215
0.529999732971	2.638053
0.615999937057	7.957989
1.19699978828	7.957989
1.81299996376	0.059954
1.97099971771	8.764066
2.0689997673	8.985097
2.70799970627	0.265508
3.05199956894	0.063966
4.04799985886	0.272903
5.6709997654	9.81522
7.90899991989	0.421675
9.91299986839	1.855875
11.915999651	0.796355
13.9149997234	7.950798
15.9119999409	7.950798
17.9229996204	1.774526
19.907999754	0.129223
21.9479997158	0.155451
23.7339997292	6.325741
25.9149997234	7.076952
27.9139997959	0.037779
29.9029996395	0.028633
31.915999651	0.043441
34.1029996872	3.275378
38.0639998913	0.035775
40.3049998283	0.12736
42.2539997101	0.005302
43.2749996185	0.029265
43.9649999142	0.038214
45.9289999008	5.389915
47.7049999237	3.203241
49.9229996204	1.75382
51.8199996948	2.47702
53.9149997234	0.146807
55.8359997272	0.023051
57.901999712	0.084108
59.9269998074	0.188383
61.9059998989	0.433399
63.9099998474	0.037176
65.9039998055	0.01808
67.9139997959	2.101434
69.9009997845	0.520313
71.9089999199	2.052238
73.9119999409	3.02447
75.9029996395	3.02447
77.907999754	3.02447
79.9069998264	3.02447
81.9069998264	3.02447
83.9099998474	11.600808
85.9139997959	4.951557
87.9109997749	11.111942
89.9049999714	0.597454
91.9049999714	7.430282
93.898999691	9.48698
95.9099998474	1.253747
97.915999651	4.144313
99.9109997749	0.176192
101.927999973	0.108633
103.915999651	1.608443
106.139999628	0.701695
108.164999962	2.025146
109.909999847	1.260412
111.912999868	0.250709
113.921999693	0.033551
115.903999805	3.225692
117.930999756	4.856565
119.901999712	1.08578
121.926999807	5.112748
123.961999893	5.998476
125.917999744	0.046315
127.912999868	0.149787
129.870999813	0.135603
131.90899992	0.178703
133.871999979	3.61926
135.911999941	0.087115
137.94299984	0.126802
139.947999716	4.627575
141.90899992	4.222791
143.92599988	4.343777
145.903999805	4.965912
147.924999952	0.012136
149.90899992	2.233983
151.909999847	0.051556
153.898999691	0.43694
155.914999723	0.021531
157.90899992	0.078712
159.909999847	0.0264
161.909999847	5.21912
163.955999613	4.108637
165.911999941	1.388462
167.967999935	2.722855
169.911999941	2.603254
171.95299983	1.537978
173.92299962	3.375802
175.937999725	4.571087
177.93599987	3.407234
179.901999712	0.017331
181.929999828	3.923338
183.90899992	6.128555
185.919999838	6.656208
187.906999826	3.911275
189.909999847	0.032857
191.929999828	1.856046
193.914999723	0.018835
195.903999805	0.378336
197.917999744	0.010561
201.116999865	0.080148
204.51699996	0.132219
207.322999716	0.095055
208.872999907	0.052142
210.816999912	0.039426
211.790999651	0.19514
212.819999695	0.030839
214.906999826	0.893786
215.928999901	1.285167
217.906999826	0.150604
219.906999826	0.036924
221.90299964	5.282958
223.911999941	0.060002
225.913999796	0.033057
228.013999701	8.64853
229.92299962	0.785021
231.912999868	5.0937
233.923999548	0.13191
236.375999928	0.026072
241.582999706	0.01811
246.013999701	2.414874
246.489999771	0.271262
247.428999901	1.639645
250.77699995	0.846733
252.995999575	1.662272
255.478999615	0.002765
256.901999712	0.494455
257.815999985	1.870706
258.213999748	4.223491
259.460999966	0.562173
260.949999809	0.356367
262.419999599	2.935416
264.16899991	0.032236
266.176999807	1.643829
268.153999805	0.297092
270.177999735	0.666438
272.17599988	0.017296
274.165999889	0.105751
276.190999746	4.012783
278.176999807	3.377371
280.170999765	2.892585
282.169999838	5.460013
284.153999805	1.589351
286.172999859	0.073477
287.998999834	1.059652
290.163999557	0.016402
292.159999847	3.892035
294.16299963	1.893376
296.16899991	0.043479
298.167999983	0.15469
300.166999817	0.056486
302.190999746	0.198394
304.172999859	0.013794
306.167999983	0.393896
308.223999977	0.035517
310.167999983	0.004977
312.160999775	1.161848
314.161999702	0.679858
316.156999826	0.034718
318.210999727	4.096997
320.169999838	2.992064
322.178999662	0.002006
324.16899991	0.228503
326.166999817	4.559781
328.055999994	4.580358
332.653999805	0.040446
336.413999796	1.171044
337.467999697	0.02422
338.572999954	1.599561
338.960999966	2.551511
340.251999617	0.451686
342.158999681	2.817467
344.200999737	3.935775
346.161999702	0.029924
348.178999662	0.863075
350.926999807	0.072761
353.198999643	0.025877
355.675999641	0.010678
360.802999735	1.148915
363.648999929	0.045344
366.54799962	0.230353
368.790999651	0.502289
370.478999615	0.104303
372.829999685	0.037529
376.540999889	3.199666
377.294999838	3.4503
378.207999945	0.028602
378.866999626	0.019763
379.867999554	0.133392
381.580999851	0.01321
383.526999712	0.003348
384.406999826	0.586608
385.49399972	3.279531
386.172999859	6.806296
388.15199995	0.00451
390.184000015	0.064512
392.165999889	7.893539
394.159999847	0.334876
398.325999737	0.073465
399.023999929	0.054468
400.152999878	2.182468
402.166999817	1.560674
404.2099998	1.013108
406.215999842	5.392627
408.189999819	1.607639
410.153999805	3.534883
