0.0	0.020723
0.286999940872	0.202214
0.578000068665	0.352075
0.729000091553	0.3671
0.986000061035	0.348444
1.19199991226	0.486273
1.44600009918	0.537354
2.15699982643	0.019704
2.77900004387	0.020517
3.81900000572	9.78924
4.79800009727	0.468564
6.79800009727	2.910038
8.79699993134	0.020492
10.7999999523	0.570977
12.7959997654	0.121234
14.8209998608	0.872709
16.8029999733	1.449144
19.6819999218	0.244216
22.3350000381	0.004022
23.0099999905	0.003989
24.7999999523	0.941097
27.0499999523	0.325292
29.0449998379	0.934508
31.0499999523	4.422246
33.0439999104	0.507543
35.0460000038	0.469589
37.0449998379	1.616751
39.0490000248	0.039329
41.0460000038	0.202789
43.0439999104	0.167696
45.0519998074	0.003667
47.0499999523	0.263191
49.0490000248	0.908543
51.0449998379	0.135479
53.0469999313	0.240594
55.0490000248	0.851526
57.0490000248	0.65227
59.0479998589	5.756217
61.0929999352	3.111165
63.0469999313	0.949802
65.0620000362	4.876438
66.9389998913	4.116714
69.0469999313	0.040681
71.0479998589	2.159458
73.0550000668	0.821803
75.0499999523	6.85221
77.0499999523	0.098188
79.0469999313	0.367414
81.0469999313	3.812241
83.0469999313	0.074104
85.0460000038	0.349659
87.0509998798	0.08102
89.0469999313	0.659335
91.0490000248	2.34774
93.0479998589	0.080759
95.0439999104	1.170949
97.0519998074	0.672595
99.0469999313	4.172032
101.04399991	0.082209
103.046000004	0.7999
105.345000029	0.240558
107.049000025	0.763045
109.046999931	0.362105
111.049000025	0.996858
113.095999956	0.00391
115.046999931	0.511003
117.047999859	0.040562
119.305000067	0.061772
121.052999735	0.940587
123.051999807	0.00385
125.001000166	0.895193
127.09800005	3.294793
129.051999807	0.533008
131.044999838	0.832802
133.094000101	0.927874
135.15199995	0.923763
137.131999969	5.546833
139.049000025	4.241078
141.049999952	5.344478
143.046999931	0.31006
145.100999832	0.310762
147.049999952	0.10065
149.049999952	0.31623
151.111000061	0.003817
153.047999859	0.039088
155.049999952	0.93617
157.051999807	0.255469
159.05099988	0.111523
161.046999931	0.019417
163.051999807	0.751279
165.355000019	0.058668
167.243999958	1.769102
169.046000004	1.00055
171.049000025	0.003914
173.047999859	0.179888
175.366999865	0.057233
177.046999931	2.468
179.046999931	0.00398
181.046999931	0.093702
183.23699975	0.500221
185.049000025	3.791664
187.053999901	1.703458
189.046000004	0.092214
191.854000092	3.291317
193.055999994	0.012759
195.047999859	0.382594
197.028999805	0.890658
199.049000025	1.652968
201.049000025	1.652968
203.049999952	0.038945
205.047999859	0.956836
207.046000004	0.537536
209.047999859	0.571484
211.044999838	0.080054
213.049000025	0.013066
215.053999901	0.040262
217.051999807	0.44504
219.186000109	1.98262
221.290999889	5.931715
223.046000004	0.162772
225.103999853	0.080488
227.046999931	0.547869
229.04399991	5.221251
231.046999931	3.702147
233.055999994	0.081073
235.046000004	0.825355
237.29700017	0.020599
239.295999765	0.576531
241.295999765	0.100293
243.298000097	0.076059
245.309999943	0.851301
247.295999765	0.271946
249.295999765	4.092651
251.294999838	2.523369
253.299999952	0.041117
255.294999838	0.281606
257.299000025	0.003813
259.292999744	0.218242
261.295999765	0.081341
263.29399991	2.235691
265.299000025	2.346681
267.29399991	0.197911
269.295999765	0.73702
271.298000097	0.202983
273.292999744	2.092544
275.292999744	0.837628
277.29399991	7.104418
279.298000097	0.161247
281.298000097	5.762481
283.335000038	6.401414
285.294999838	1.287794
287.298000097	0.287566
289.29700017	1.002243
291.29700017	0.58744
