0.0	0.289802
0.0799999237061	1.698919
0.128000020981	1.698919
0.213000059128	2.250663
0.362999916077	4.011728
0.608000040054	1.083853
0.960000038147	0.290868
1.30100011826	3.648859
1.71600031853	1.298204
3.26900005341	3.767914
5.26900005341	1.328744
7.27300024033	2.796934
9.27700018883	1.539215
11.2820000648	0.510781
13.2750000954	0.211525
15.2820000648	0.226514
17.2699999809	0.411932
19.2829999924	0.884591
21.2740001678	0.502272
23.2750000954	3.285006
25.2709999084	3.666339
27.2810001373	4.088456
29.2799999714	1.328744
31.2730002403	0.720302
33.271999836	1.205102
35.2750000954	2.543946
37.2699999809	0.497016
39.2740001678	2.880872
41.2760002613	0.501873
43.2770001888	1.38484
45.2690000534	3.076999
47.2740001678	3.825279
49.2829999924	0.555304
51.2860000134	3.537538
53.2799999714	0.920353
55.2799999714	4.023179
57.2810001373	1.855051
59.2740001678	0.376676
61.2810001373	2.333151
63.2860000134	0.036908
65.2709999084	3.841588
67.2820000648	1.381461
69.2899999619	3.721193
71.2730002403	0.368547
73.2810001373	3.776482
75.2709999084	0.638239
77.2709999084	1.368464
79.2750000954	1.662627
81.2680001259	1.378517
83.2840001583	0.498051
85.271999836	0.570667
87.2760002613	0.152136
89.5210001469	0.418022
91.2750000954	3.398718
93.2760002613	0.488431
95.2810001373	2.233098
97.5210001469	3.621744
99.5220000744	0.15722
101.524000168	1.108105
103.519999981	1.360364
105.526000023	0.075052
107.375	0.0373
109.523000002	0.444805
111.529000044	0.149169
113.530999899	0.734155
115.519999981	0.322224
117.5400002	2.851107
119.34100008	3.796617
121.527999878	0.518231
123.533000231	3.093397
125.54399991	0.772865
127.519999981	0.206498
129.524000168	1.32791
131.523000002	0.557294
133.532000303	0.377208
135.525000095	3.754059
137.518000126	2.381609
139.535000086	1.38872
141.523000002	0.465396
143.340000153	3.48127
145.526000023	3.673574
147.524000168	0.237823
149.519000053	0.031927
151.532000303	0.564412
153.529999971	1.196335
155.545000076	1.422693
157.553000212	2.77199
159.526000023	0.274155
161.522000074	2.856701
163.519000053	1.425464
165.522000074	0.111794
167.523000002	1.387257
169.519000053	0.370492
171.519000053	3.937544
173.527999878	0.952015
175.519999981	0.283678
177.527999878	3.478442
179.533000231	0.408517
181.519999981	0.724001
183.52699995	0.662582
