0.0	0.051496
1.09100008011	1.404711
1.37900018692	1.404711
1.64599990845	1.404711
1.79400014877	1.404711
1.9319999218	2.198184
2.05599999428	2.198184
2.22099995613	2.198184
4.0720000267	2.198184
6.06900000572	2.206007
8.07100009918	2.504164
9.97500014305	2.451393
12.0720000267	2.704397
14.0750000477	2.597412
16.0680000782	0.021317
18.0729999542	2.65668
20.0699999332	1.634509
22.0740001202	2.641834
24.0699999332	2.75882
26.0699999332	1.837048
28.0680000782	2.268137
30.0710000992	2.382714
32.0710000992	3.174835
34.0729999542	2.649206
36.0710000992	2.895665
38.2039999962	0.065654
40.0120000839	1.623972
42.0690000057	3.006104
44.0820002556	2.052611
46.0680000782	2.044411
48.0690000057	1.68006
50.0680000782	2.466791
52.0690000057	2.999894
54.0699999332	2.603363
56.0710000992	2.246422
58.0480000973	0.03758
60.0690000057	1.832209
62.0789999962	0.407581
64.0710000992	2.20571
66.0809998512	2.344624
68.0740001202	3.264174
70.0710000992	2.136495
72.0690000057	2.980224
74.0670001507	2.415925
76.0699999332	2.21281
78.0690000057	1.300243
80.0699999332	1.001443
83.3929998875	1.094846
84.2929999828	1.146834
86.0750000477	1.559601
88.0670001507	1.25003
90.0680000782	1.427163
92.0660002232	1.983854
94.0690000057	2.305079
96.0680000782	1.738061
98.0650000572	2.322286
100.066000223	0.007325
102.066000223	1.031425
104.076999903	2.631021
106.069000006	1.088211
108.067000151	2.649203
110.067000151	2.73788
112.072000027	0.256923
114.069000006	3.131533
116.069000006	0.28062
118.07400012	0.613919
120.071000099	1.553536
122.069000006	0.310477
124.07400012	0.012334
126.068000078	1.64253
128.066000223	1.775708
130.067000151	1.791822
132.068000078	1.791822
134.068000078	1.635466
136.080999851	2.06981
138.065000057	2.235303
140.068000078	2.377642
142.07400012	2.437887
144.066000223	1.516039
146.065000057	1.516039
148.068000078	1.778361
150.069999933	2.420116
152.31799984	2.781586
154.079999924	0.926606
156.069999933	2.464588
158.072000027	2.972986
160.065000057	0.025118
162.315000057	2.101457
164.315999985	2.03094
166.315999985	0.925266
168.184000015	1.17066
170.31799984	2.653941
172.31799984	2.822921
174.316999912	0.011888
176.316999912	2.581366
178.316999912	2.417854
180.316999912	2.489103
182.316999912	1.574204
184.316999912	1.851502
186.315999985	0.0076
188.322000265	0.835308
190.315000057	1.589688
192.165999889	0.93058
194.315999985	1.350342
196.315999985	0.015021
198.315999985	2.023892
200.315999985	2.517478
202.31799984	1.614579
204.315000057	1.886868
206.315999985	2.572177
208.315000057	2.168456
210.315999985	2.657917
212.319000006	2.453405
214.316999912	2.673051
216.16899991	2.727024
218.316999912	2.804527
220.315999985	2.506601
222.315999985	3.025916
224.31799984	2.31665
226.319000006	1.908102
228.316999912	2.801092
230.149999857	1.884532
233.037999868	1.245814
234.933999777	1.955819
236.874000072	1.71449
238.232000113	1.695765
240.190999985	1.312495
242.315999985	1.242615
244.634000063	1.278707
247.56400013	1.251124
249.832999945	0.026054
251.738000154	0.818084
253.388999939	2.969824
255.357999802	0.84487
256.203000069	2.572642
258.315999985	2.421104
260.31799984	2.544694
262.316999912	2.076305
264.176000118	2.53058
266.315000057	2.187251
268.31799984	0.986476
270.315999985	0.00907
272.316999912	2.315555
274.319000006	1.202921
276.31400013	1.139549
278.31400013	1.169512
280.315999985	2.957709
282.315000057	0.006635
284.315999985	1.252359
286.315000057	1.376161
288.315999985	1.610235
290.31799984	1.263184
292.315999985	1.981823
294.316999912	0.49032
296.315999985	1.15918
298.315999985	0.771997
300.315999985	1.582385
302.410000086	2.693046
304.319999933	0.002475
306.31799984	1.833299
309.056999922	0.050783
312.275000095	1.561756
312.848999977	1.71868
316.322000265	0.004307
318.078999996	1.258212
318.752000093	1.764691
320.319000006	1.640032
322.328000069	2.357823
324.316999912	2.78465
326.315000057	2.781694
328.315999985	2.529175
330.316999912	0.076357
332.319999933	0.026381
334.315000057	0.722851
336.315999985	2.037286
338.315999985	0.47398
340.315000057	2.625977
342.31799984	0.020139
344.316999912	2.223849
347.191999912	2.142832
349.305000067	2.317765
350.315999985	2.299084
352.315999985	1.642442
355.197000027	0.013202
358.602000237	1.733104
360.162000179	1.844177
361.180000067	1.714444
362.523999929	2.689787
364.315000057	0.850924
366.315000057	1.937559
368.312999964	0.951474
370.31400013	2.631379
372.31400013	2.644721
374.315000057	1.615649
376.315000057	1.713842
378.315000057	2.604438
380.31400013	1.9191
382.315000057	2.357084
384.31400013	1.747138
386.31400013	2.562308
388.312999964	2.932127
390.31400013	2.425268
392.315000057	2.425268
394.31400013	2.425268
396.315000057	2.425268
398.31400013	1.668208
400.31400013	2.247032
402.31400013	1.569147
404.56400013	1.612035
406.312999964	2.313099
408.312999964	1.451928
410.312999964	0.009045
412.31400013	2.30431
414.31400013	1.090852
416.565999985	2.281197
418.565000057	1.623578
420.565000057	0.015094
422.565000057	0.012202
424.56400013	1.502112
426.56400013	1.502112
428.563000202	1.96537
430.565999985	2.389341
432.563000202	2.229112
434.565000057	1.940158
436.565999985	1.988432
438.56400013	0.507689
440.567000151	1.858924
442.569000006	2.527202
444.562000036	2.526998
446.570000172	0.008769
448.580999851	1.752491
450.569000006	2.548373
452.565000057	2.181265
454.563000202	0.012084
456.563000202	2.176813
458.563000202	2.352268
460.563000202	2.289936
462.563000202	1.969532
464.565000057	2.401915
466.563000202	1.543057
468.562000036	2.541028
470.562000036	1.96885
472.56400013	1.891371
474.563000202	2.566491
476.563000202	2.560945
478.565999985	0.016875
480.554000139	1.523658
482.568000078	2.343501
484.571000099	2.504838
486.397000074	2.39735
488.567000151	2.498463
490.567000151	2.498463
492.567000151	2.306951
494.567000151	1.908463
497.549999952	0.006829
499.197999954	1.60766
501.056999922	2.097121
502.569000006	2.283379
504.556999922	2.352078
506.570000172	0.814109
508.571000099	1.895223
510.570000172	3.004304
512.567000151	2.743733
514.569000006	2.601742
516.573999882	2.52418
518.572000027	2.61866
520.569000006	2.007687
522.569000006	2.603524
524.567000151	0.884294
526.567000151	2.75907
528.568000078	2.972296
530.568000078	2.122389
532.569000006	2.644051
534.571000099	1.999287
536.60800004	1.205399
538.501999855	1.643038
540.572000027	0.758122
542.568000078	2.067309
544.568000078	2.646087
546.569000006	0.020743
548.604000092	2.143892
550.504999876	0.009768
554.009000063	1.270133
556.342000008	1.186546
557.523999929	1.442243
558.684999943	1.968816
560.568000078	2.702968
562.568000078	2.024471
564.573999882	2.453503
566.513000011	0.671352
568.575999975	2.823724
570.570000172	0.016838
572.571000099	1.410904
574.571000099	0.016285
576.570000172	1.395304
578.571000099	0.022042
580.578000069	2.504976
582.570000172	2.830171
584.572000027	2.923444
586.571000099	0.899823
588.570000172	2.668334
590.572999954	1.190768
592.572000027	1.637006
594.571000099	2.540126
596.571000099	2.483681
598.572000027	0.104153
601.256000042	0.010429
603.25999999	2.572617
604.946000099	0.021419
606.927000046	0.525992
608.571000099	2.617883
610.575999975	2.409746
612.570000172	2.698749
614.548000097	0.865878
616.572000027	0.010676
618.572000027	2.649828
620.625	1.827858
622.570000172	2.419095
624.572000027	2.848697
626.571000099	2.517985
628.572999954	2.797002
630.580999851	2.567503
632.569000006	2.234225
634.570000172	2.506111
636.570000172	2.606006
638.570000172	3.061571
640.570000172	2.419993
642.569000006	2.586457
644.570000172	2.462159
646.572000027	3.313719
648.571000099	2.682738
650.571000099	2.590151
652.569000006	1.903074
654.572000027	2.244538
656.569000006	2.457452
658.569000006	1.003895
660.570000172	2.032092
662.572999954	0.009203
664.570000172	2.542837
666.572999954	2.695916
668.570000172	0.179581
670.571000099	2.54229
672.569000006	0.91929
674.572000027	2.792322
676.572000027	2.418466
678.820999861	0.781517
680.821999788	1.34099
682.823000193	2.548608
684.821999788	1.685981
686.680000067	2.078748
688.820999861	0.969696
690.819999933	2.022266
692.821999788	2.425919
694.825000048	2.184755
696.821999788	1.925934
698.605000019	1.307983
700.820999861	2.391867
702.823000193	0.99268
704.820999861	2.87093
706.820999861	2.099235
708.82400012	2.683527
710.677999973	0.933821
712.827000141	2.765675
714.820999861	0.695831
716.821999788	2.144042
718.820999861	1.631587
720.821999788	1.796006
722.821999788	1.428764
724.821999788	1.918752
726.823000193	2.511782
728.823000193	2.804378
730.82400012	0.86897
732.821999788	2.589207
734.684999943	2.140568
736.82400012	2.702801
738.821999788	1.71517
740.820999861	2.137817
742.820999861	1.714003
745.147000074	0.196554
748.586000204	0.326172
750.69900012	1.225888
752.156000137	1.125465
753.447999954	1.488215
754.871000051	1.098516
756.821999788	1.074842
758.719000101	1.079158
760.732000113	0.960292
762.820999861	1.672498
764.821999788	2.417945
766.823000193	2.601263
768.820999861	2.673224
770.823000193	0.694758
772.82400012	2.39433
774.823000193	2.087015
776.825000048	1.663551
779.009000063	1.153364
780.820999861	2.546013
782.819999933	2.375052
784.809000015	0.01469
786.957000017	0.009784
788.821999788	2.404792
790.821999788	2.224543
792.823000193	2.964324
794.820999861	3.002865
796.780999899	2.50569
798.820999861	0.004947
800.821999788	0.921019
802.820999861	1.091336
804.819999933	0.0179
806.823000193	2.42469
808.820999861	1.66623
810.825000048	0.01021
812.82400012	2.465396
814.779999971	1.707384
816.823000193	0.936775
819.011000156	1.176298
821.652999878	1.952145
823.120000124	1.720515
824.819999933	2.488954
826.821999788	0.914929
828.82400012	2.411943
830.827000141	2.403214
832.940999985	2.253399
835.480999947	0.255148
838.549999952	1.601305
839.760999918	0.207879
841.373999834	2.177275
843.144000053	2.57338
844.884000063	2.747975
846.828000069	1.336821
848.819999933	2.591765
850.819999933	2.154715
852.820999861	2.865195
854.823000193	2.700309
857.400000095	0.298339
859.405999899	2.537503
860.820999861	2.26726
862.825000048	1.208025
864.820999861	2.012396
866.819999933	2.208491
868.820999861	0.934101
870.819999933	0.035623
872.820999861	2.79527
874.819000006	2.608471
876.820999861	2.50986
878.819999933	0.926833
880.820999861	2.882847
882.819999933	3.205783
884.819999933	2.587889
886.820999861	2.21124
888.820999861	2.819109
890.819999933	0.878141
892.819999933	2.557434
894.82400012	2.616505
896.820999861	1.469304
898.82400012	1.702387
900.823000193	2.400158
902.815999985	0.01181
904.820999861	2.54443
906.820999861	2.584234
908.821999788	2.309085
910.820999861	0.006996
912.819999933	2.840096
914.828999996	2.765568
916.819999933	2.625062
919.075000048	2.880528
920.828999996	2.102393
922.820999861	2.129825
924.819999933	2.367081
926.819999933	2.946256
928.821999788	2.519317
931.069999933	1.793292
932.820999861	2.352719
934.821999788	2.476542
937.072000027	2.719919
939.07400012	0.644867
941.071000099	2.869612
943.072000027	2.594357
945.072000027	2.639118
947.07400012	2.202819
949.31400013	2.605403
951.669999838	0.102252
954.411999941	0.629285
956.735000134	2.132519
958.866000175	2.922513
960.428999901	0.006465
961.072999954	2.638959
963.072999954	2.344393
965.071000099	2.304464
967.069999933	2.855147
968.959000111	0.01481
971.079999924	2.303634
973.069999933	0.009793
975.069000006	0.937316
977.069999933	3.007492
979.072999954	2.535839
981.071000099	3.187954
983.072999954	2.672036
985.071000099	2.14428
987.069999933	2.441164
989.069999933	2.298055
991.069000006	0.789396
993.07400012	1.902315
995.07400012	2.481548
997.071000099	0.015215
999.07400012	1.373942
1001.454	2.702816
1002.91700006	2.481191
1005.0769999	1.998486
1007.07299995	2.862726
1009.06999993	1.950253
1011.0710001	2.642304
1013.06900001	2.646544
1015.06900001	2.22986
1017.07999992	2.186783
1019.07799983	2.246629
1021.08700013	0.93203
1023.0710001	2.451605
1025.07299995	2.804693
1027.07299995	2.849995
1029.07200003	2.41011
1031.07200003	3.233275
1033.07200003	0.042782
1034.93500018	0.264861
1037.78700018	1.710721
1039.30199981	1.363295
1042.31900001	1.447302
1044.24699998	1.195643
1045.92499995	0.035181
1047.34600019	1.907522
1049.30900002	2.398428
1051.0710001	2.094809
1053.06800008	2.506457
1055.06800008	2.125364
1057.079	2.173082
1059.08200026	2.734344
1061.08099985	1.676049
1063.079	2.449922
1065.07299995	3.116497
1067.08300018	2.343391
1069.06900001	2.612531
1071.0710001	0.02065
1073.06999993	2.675424
1075.06800008	2.590628
1077.06900001	1.880236
1079.06900001	2.568519
1081.06900001	3.129463
1083.0710001	2.795227
1085.07200003	3.10738
1087.0710001	2.42078
1089.06900001	2.723408
1091.06999993	0.004441
1093.0710001	2.87524
1095.06900001	2.218936
1097.06800008	0.008386
1099.07400012	2.093213
1101.06999993	2.174943
1103.07200003	2.650511
1105.07200003	2.136014
1107.07400012	2.654643
1109.07400012	2.356579
1111.07299995	2.821722
1113.07500005	2.102852
1115.07500005	2.091122
1117.0769999	0.511237
1119.16499996	0.007179
1121.11199999	3.177368
1123.07599998	1.958621
1125.30299997	2.826314
1127.07400012	2.837214
1129.07599998	0.96129
1131.07400012	0.637971
1133.07500005	2.391489
1135.07299995	2.617449
1137.0769999	3.012107
1139.07299995	0.30915
1141.079	3.097437
1143.07200003	0.438012
1145.07400012	2.541093
1147.07299995	0.092917
1149.07500005	2.317438
1151.07799983	1.897498
1153.07400012	2.577137
1155.07599998	1.688404
1157.07500005	2.908619
1159.07299995	1.495007
1161.07400012	2.744688
1163.07500005	2.66169
1165.07299995	0.424929
1167.0769999	0.946787
1169.07400012	2.209843
1171.204	2.660577
1173.07400012	2.139894
1175.08500004	2.608747
1177.0769999	2.183129
1179.08700013	2.98988
1181.07500005	2.893304
1183.07599998	0.011315
1185.07599998	2.578521
1187.07599998	2.354442
1189.07299995	1.097346
1191.07400012	0.849194
1193.329	2.621568
1195.33100009	2.531867
1197.32300019	2.468322
1199.29399991	0.006845
1201.43299985	2.689585
1203.40799999	0.010337
1205.39700007	2.20986
1207.32599998	2.337835
1209.76499987	1.450155
1212.18099999	0.154746
1213.61399984	2.478439
1215.53699994	2.379401
1217.32700014	2.964963
1219.33200002	3.26169
1221.50999999	1.542248
1223.41000009	1.024784
1225.32800007	2.726436
1227.329	2.664983
1229.12300014	0.023653
1231.329	0.021947
1233.80700016	0.022246
1235.81800008	1.458481
1237.32500005	2.65898
1239.33000016	2.315345
1241.32500005	2.505785
1243.32800007	2.837284
1245.32599998	2.455066
1247.32700014	2.410904
1249.329	2.279978
1251.32500005	2.713425
1253.32700014	1.997093
1255.32700014	0.015187
1257.32500005	2.53844
1259.32599998	2.5093
1261.33100009	2.704159
1263.32599998	2.704159
1265.32500005	2.704159
1267.33000016	2.704159
1269.32700014	2.443619
1271.32599998	2.551406
1273.32400012	2.551406
1275.32500005	2.713811
1277.32500005	2.570716
1279.32400012	2.436172
1281.32500005	2.259845
1283.32500005	2.30136
1285.32500005	1.969618
1287.32500005	2.435184
1289.32500005	2.670363
1291.32500005	2.167904
1293.32599998	3.044321
1295.32500005	2.14136
1297.32599998	2.313448
1299.32400012	2.25858
1301.32700014	2.209821
1303.32400012	2.390729
1305.32500005	2.390729
1307.32500005	2.561741
1309.32599998	2.098971
1311.32500005	2.10957
1313.32500005	2.834878
1315.32400012	1.923582
1317.32800007	1.811523
1319.32700014	3.126613
1321.32599998	2.194534
1323.32500005	2.437595
1325.32599998	0.839756
1327.32500005	2.642146
1329.32400012	2.642146
1331.32400012	2.642146
1333.32500005	1.878537
1335.32500005	2.911252
1337.32599998	2.613998
1339.32700014	1.953676
1341.32400012	2.237433
1343.32300019	1.690612
1345.33200002	0.688957
1347.32500005	1.845166
1349.32599998	0.850173
1351.33200002	2.689929
1353.32500005	2.476291
1355.32400012	2.476291
1357.32500005	2.476291
1359.32599998	1.296741
1361.32500005	2.368804
1363.32500005	2.396605
1365.32400012	0.385394
1367.32500005	1.764442
1369.32400012	1.764442
1371.32500005	2.544118
1373.32800007	2.800499
1375.32500005	0.471166
1377.32500005	2.756773
1379.32599998	0.073767
1381.32500005	0.209434
1383.33299994	3.161102
1385.5769999	2.739314
1387.76300001	2.064064
1390.74000001	2.601455
1393.65900016	2.448008
1394.00300002	2.637391
1395.32400012	2.565215
1397.32300019	0.833674
1399.32400012	2.492354
1401.32500005	2.45268
1403.32700014	2.547236
1405.32599998	2.576884
1407.32500005	2.470549
1409.32599998	2.791248
1411.32500005	2.661961
1413.32800007	2.928849
1415.32700014	2.862461
1417.32599998	2.966667
1419.32599998	0.014649
1421.32700014	0.844001
1423.32500005	0.018328
1425.32599998	2.325934
1427.32500005	2.447026
1429.32500005	2.109987
1431.32400012	2.084969
1433.32500005	1.948927
1435.32599998	2.531203
1437.32700014	2.683344
1439.32400012	2.716757
1441.32500005	2.186107
1443.33399987	1.621815
1445.57399988	3.163341
1447.32500005	0.012878
1449.32500005	2.622842
1451.32500005	2.653261
1453.57500005	2.093891
1455.57399988	2.710577
1457.57500005	2.76372
1459.43400025	1.960237
1461.57500005	2.230409
1463.57500005	2.522043
1465.57399988	2.200508
1467.57599998	2.72442
1469.57500005	2.210828
1471.579	2.539608
1473.49600005	2.450871
1475.57500005	2.201222
1477.57599998	2.643412
1479.57500005	0.864955
1481.57800007	2.679856
1483.43099999	2.11942
1485.57299995	2.810776
1487.57500005	1.536617
1489.57999992	1.70479
1491.57299995	1.997336
1493.57599998	2.577288
1495.57399988	2.811928
1497.57399988	2.450061
1499.57500005	2.440705
1501.57500005	2.658405
1503.57800007	2.294853
1505.57800007	2.374823
1507.54099989	0.025828
1509.57399988	2.421284
1511.5769999	2.592476
1513.57500005	2.905274
1515.57500005	0.320124
1517.5769999	2.487354
1519.579	2.487354
1521.57399988	2.487354
1523.57399988	2.487354
1525.57299995	2.487354
1527.57399988	2.487354
1529.57599998	2.487354
1531.43900013	2.163113
1533.57500005	2.489425
1535.57599998	2.119179
1537.57500005	2.11407
1539.57599998	1.711656
1541.579	2.594928
1543.57399988	1.524677
1545.57999992	2.893245
1547.58800006	2.934898
1549.57399988	2.639125
1551.57500005	0.963989
1553.57500005	0.00654
1555.44300008	2.862175
1557.579	2.596714
1559.57999992	2.67865
1561.57599998	0.026314
1563.57399988	1.541216
1565.57800007	2.867396
1567.57500005	0.023121
1569.57999992	0.193589
1571.57399988	1.103217
1573.5860002	2.132761
1575.58199978	2.581386
1577.57500005	2.04871
1579.57500005	2.015614
1581.5769999	2.476112
1583.57299995	2.559173
1585.57399988	1.918979
1587.57299995	2.58135
1589.57599998	1.65107
1591.57299995	0.406096
1593.57299995	2.195044
1595.57399988	0.074729
1597.57500005	2.706301
1599.57399988	2.862377
1601.58099985	0.234076
1603.579	2.169164
1605.57399988	2.4511
1607.58199978	2.857528
1609.57399988	3.004511
1611.57299995	1.717824
1613.57399988	0.818449
1615.57500005	2.128234
1617.57200003	1.881016
1619.57500005	2.926926
1621.57399988	2.096609
1623.57500005	2.991115
1625.57399988	2.548288
1627.57599998	2.387009
1629.57599998	2.329862
1631.57599998	1.026932
1633.579	0.922688
1635.57500005	2.680694
1637.579	2.739646
1639.57800007	0.006052
1641.57399988	2.587829
1643.57500005	2.33285
1645.57399988	1.880895
1647.57800007	1.8321
1649.5769999	2.186666
1651.57399988	0.00994
1653.57299995	1.94116
1655.57200003	1.94116
1657.57399988	1.935278
1659.57299995	1.776811
1661.57299995	1.776811
1663.57299995	1.956841
1665.57399988	2.268683
1667.57299995	2.135812
1669.57200003	2.417311
1671.57200003	2.417311
1673.57299995	2.417311
1675.57399988	2.411084
1677.57299995	1.695878
1679.57599998	2.677606
1681.57500005	1.997141
1683.58099985	2.551031
1685.57299995	2.238347
1687.57399988	2.483772
1689.58099985	0.085439
1691.57200003	2.009429
1693.57299995	2.345398
1695.57399988	0.905041
1697.57500005	2.62423
1699.57599998	2.336391
1701.57599998	2.336391
1703.57599998	2.336391
1705.57500005	2.873556
1707.57200003	2.438987
1709.82300019	2.686347
1711.82199979	2.869072
1713.82500005	2.888132
1715.82099986	2.326807
1717.82199979	2.562045
1719.82099986	2.816319
1721.82300019	1.985554
1723.82099986	2.055905
1725.82400012	3.029494
1727.82099986	2.151231
1729.82300019	0.061534
1731.82500005	2.32859
1733.82199979	2.32859
1735.82400012	2.669198
1737.82099986	0.011746
1739.82199979	2.141938
1741.82199979	2.48607
1743.82500005	0.900233
1745.82400012	0.900233
1747.82099986	1.795344
1749.82300019	2.473249
1751.82400012	2.43566
1753.82300019	0.019226
1755.82199979	2.305237
1757.82300019	2.156129
1759.82300019	2.868604
1761.82600021	2.631137
1763.82700014	2.412619
1765.82500005	2.889456
1767.83200002	0.013723
1769.9230001	1.656616
1772.27900004	0.020428
1773.90400004	2.600105
1775.82400012	2.751532
1777.82500005	2.666139
1779.82300019	0.388423
1782.52599978	2.655764
1784.53500009	2.732498
1786.29399991	2.164156
1787.66999984	2.378293
1789.82300019	1.419815
1791.82300019	2.08254
1793.82400012	1.845026
1795.82099986	2.781928
1797.82099986	2.622684
1799.82199979	2.066803
1801.82300019	2.066803
1803.82099986	2.457346
1805.82199979	2.401765
1807.82700014	1.879958
1809.82199979	2.259813
1811.82199979	2.114886
1813.81999993	1.933529
1815.82999992	2.803458
1817.82199979	0.254188
1819.82099986	2.072057
1821.82099986	2.036706
1823.82099986	2.036706
1825.82099986	1.436125
1827.82099986	0.891234
1829.82199979	0.933996
1831.82199979	2.868589
1833.82300019	2.279576
1835.82300019	2.259643
1837.82099986	1.816549
1839.82099986	2.408741
1841.82400012	2.479801
1843.82199979	1.890305
1845.82199979	2.219729
1847.82099986	2.705348
1849.82199979	0.393124
1851.81999993	2.163083
1853.82500005	2.654191
1855.82199979	2.929206
1857.81999993	2.157944
1859.82099986	2.341517
1861.82099986	1.825586
1863.82700014	1.825586
1865.82300019	2.601452
1867.81999993	1.830359
1869.81999993	1.830359
1871.82600021	1.830359
1873.82199979	2.548956
1875.82700014	2.441203
1877.81999993	1.941049
1879.81999993	1.882536
1881.82600021	2.116317
1883.82500005	0.023546
1885.81999993	0.587263
1887.82400012	0.995533
1889.81999993	1.131655
1891.82099986	1.151985
1893.82400012	0.9834
1899.50900006	0.540971
1899.72899985	1.122538
1900.29100013	1.081263
1901.82400012	1.00442
1903.81999993	1.506813
1905.81900001	2.118249
1907.82099986	2.420943
1909.82099986	2.159985
1911.81999993	2.138713
1913.81999993	2.123942
1915.82099986	2.593349
1917.81999993	2.271871
1919.81900001	2.271871
1921.82099986	2.271871
1923.81900001	2.482762
1925.82199979	2.135364
1927.93399978	2.637421
1929.81900001	2.637421
1931.81900001	1.723044
1933.81900001	2.45617
1935.81900001	2.028372
1937.81999993	2.526418
1939.82099986	2.605783
1941.82099986	2.549017
1943.81999993	0.802731
1946.06999993	2.63391
1948.06999993	2.679493
1949.82099986	1.811422
1951.82099986	2.807159
1953.82199979	2.586052
1955.81999993	2.041768
1957.81800008	1.964992
1959.81999993	3.166483
1961.82099986	1.329236
1964.07200003	1.647019
1966.0710001	2.302567
1968.0710001	3.165311
1969.86899996	2.595525
1971.84500003	2.121404
1974.421	2.640301
1976.08099985	2.55759
1977.9230001	2.504306
1980.07400012	2.526446
1982.51400018	0.024532
1984.52800012	2.259207
1985.98099995	1.180969
1988.0710001	2.464228
1990.07200003	2.465172
1992.06999993	2.465172
1994.07299995	2.465172
1996.06999993	2.465172
1998.07200003	2.465172
2000.06900001	2.465172
2001.93900013	2.465172
2004.06999993	2.465172
2006.06999993	1.819676
2008.079	2.084989
2010.07200003	2.502475
2012.07299995	2.895153
2014.06999993	0.010282
2016.06999993	2.720765
2018.07299995	0.188218
2020.0710001	2.319081
2022.07200003	0.008541
2024.0710001	2.859703
2025.9230001	0.946495
2028.07200003	2.474203
2030.0710001	1.777197
2032.727	0.015258
2035.36599994	1.069655
2036.46799994	1.764906
2038.06999993	2.337627
2040.0710001	1.219498
2042.06999993	2.440723
2044.06999993	0.511447
2046.0710001	2.969061
2048.06999993	2.601434
2049.9230001	0.917627
2052.06900001	1.082185
2054.07200003	2.353231
2056.06999993	0.571979
2058.07299995	2.542165
2060.06800008	0.655473
2062.07200003	2.220204
2064.06900001	2.468562
2066.0710001	2.295201
2068.07200003	2.263397
2070.18400002	1.891745
2072.0710001	1.686093
2074.06999993	2.902307
2076.07599998	2.824578
2078.06999993	2.5636
2080.07500005	0.01514
2082.07299995	3.020027
2084.07500005	2.825854
2086.06999993	2.5001
2088.079	1.797641
2090.07200003	2.457224
2092.06999993	1.719537
2094.06900001	2.554826
2096.06900001	3.244507
2097.95300007	2.159637
2100.07299995	2.476512
2102.06999993	2.368292
2104.07200003	3.021918
2106.07500005	2.278009
2108.07400012	2.134222
2110.06999993	2.033239
2112.06900001	1.64303
2114.07400012	2.347221
2116.0710001	0.007542
2118.0710001	1.435756
2120.0710001	1.870545
2122.06999993	2.244265
2124.07200003	2.133537
2126.07599998	2.195471
2128.06800008	2.359656
2130.06700015	1.391275
2132.06900001	2.470051
2134.06700015	2.265464
2136.06999993	2.766276
2138.06800008	2.89209
2140.0710001	2.669291
2142.06999993	0.016121
2144.06900001	2.554918
2146.0710001	1.056196
2148.06900001	2.924337
2150.0710001	1.034848
2152.07500005	0.918977
2154.0710001	2.476767
2156.07200003	2.053884
2158.0710001	0.461268
2160.07500005	3.012949
2162.06900001	0.009977
2164.09899998	2.974293
2166.0710001	3.250382
2168.0710001	0.017031
2170.07299995	2.549444
2172.06800008	1.562524
2174.06700015	2.015592
2176.0710001	0.289174
2178.06900001	1.278138
2180.06900001	1.714413
2182.07400012	1.357759
2184.06800008	0.0162
2186.06900001	1.9786
2188.07200003	2.474508
2190.06900001	1.961059
2192.06900001	0.006914
2194.06800008	0.912821
2196.06999993	0.856044
2198.06900001	2.830864
2200.0710001	0.56637
2202.58300018	0.034062
2205.33599997	0.439669
2206.51300001	0.051771
2208.08200026	2.160281
2210.0710001	2.238652
2212.06800008	0.269761
2214.0710001	0.880622
2216.07299995	2.785084
2218.07299995	0.818185
2220.31900001	2.299485
2222.31799984	0.828223
2224.31999993	0.694494
2226.31999993	2.255187
2228.31999993	1.059665
2230.32300019	3.207932
2232.17500019	3.235151
2234.31999993	1.363137
2236.32099986	3.052823
2238.29900002	0.045016
2240.37900019	3.144638
2242.26900005	2.643133
2244.32500005	3.146651
2246.32099986	2.590774
2248.32400012	1.220656
2250.32400012	1.243986
2252.91400003	0.007852
2254.875	0.862161
2256.2980001	2.68754
2258.11799979	0.845326
2260.32099986	0.038974
2262.31799984	2.646997
2264.31999993	2.432083
2266.32099986	1.976325
2268.32800007	1.126799
2270.44099998	0.968789
2272.32200027	1.933863
2274.31999993	3.106956
2276.31999993	0.021755
2278.31999993	0.028059
2280.17299986	1.22374
2282.329	0.009678
2284.31999993	1.168714
2286.32500005	2.645751
2288.32099986	2.104131
2290.32700014	1.650268
2292.32300019	2.640363
2294.32200027	0.077856
2296.32099986	2.31406
2298.32200027	2.651047
2300.31999993	2.320838
2302.31999993	0.393862
2304.16799998	2.816895
2306.32400012	0.874388
2308.35400009	2.662583
2311.62199998	0.518515
2313.01300001	2.782451
2314.17900014	0.329205
2316.32700014	2.342827
2318.73200011	2.153898
2320.78900003	0.556654
2322.81699991	1.077257
2325.00399995	2.343133
2326.85899997	0.009693
2329.38800001	0.050424
2331.55200005	0.016279
2333.85800004	0.233658
2336.29699993	3.031691
2338.13699985	3.379399
2339.62300014	0.604204
2341.07400012	2.035666
2342.36300015	3.521233
2344.31999993	3.966076
2346.31999993	1.864574
2348.32200027	1.011447
2350.32099986	1.715655
2352.51200008	0.026129
2354.88400006	0.241226
2357.25300002	1.980875
2359.30400014	0.445461
2360.39100003	1.980962
