0.0	4.546593
0.182000160217	1.833327
0.361000299454	1.833327
0.652000188828	0.497312
1.73100018501	2.289434
2.72900032997	2.118429
3.38700008392	3.446453
4.01800012589	0.233216
4.44700026512	2.491889
5.03300023079	3.710252
5.47800016403	4.253145
7.3140001297	4.691286
9.29800033569	5.178698
11.3159999847	1.911511
13.3159999847	0.232766
15.3070001602	0.136422
17.3090000153	0.029279
19.3470001221	0.007498
21.3120000362	0.811085
23.3120000362	0.120109
25.3070001602	1.181921
27.3060002327	0.638309
29.3100001812	10.967393
31.5610003471	0.804415
33.5569999218	1.081584
35.4079999924	0.810538
37.5670001507	3.948676
39.5540001392	0.194408
41.5600001812	0.85875
43.5600001812	14.195019
45.5569999218	0.473358
47.5600001812	0.015438
49.5580003262	0.077499
51.5530002117	0.05283
53.5610003471	0.253663
55.5520000458	0.65435
57.5530002117	0.099378
59.4030001163	0.823108
61.5610003471	0.122647
63.5630002022	2.969856
65.5569999218	0.831641
67.5559999943	0.154003
69.5630002022	0.605143
71.5580003262	1.008244
73.5600001812	0.154781
75.5590002537	0.015427
77.6650002003	0.054192
80.1089999676	0.505818
82.4740002155	0.191974
84.5160000324	0.413413
85.7650001049	0.088127
87.5530002117	0.046964
89.5569999218	2.152945
91.5610003471	0.007266
93.5580003262	0.812309
95.5540001392	7.823538
97.5640001297	0.13627
99.5569999218	0.047309
101.558000326	0.109712
103.555000067	0.127404
105.569000244	0.205091
107.568000078	0.096221
109.561000347	0.026348
111.551000118	0.110722
