0.0	0.011401
0.493000030518	2.252172
1.16000008583	3.194748
1.71100020409	1.573905
2.44700026512	0.602148
3.89400029182	0.537402
5.15200018883	2.676453
6.47800016403	0.959427
7.47500014305	1.288146
7.74000000954	1.936843
7.95600008965	1.312806
8.32899999619	0.078195
9.81599998474	1.144479
11.8150000572	1.13236
13.8140001297	0.96994
15.8180000782	1.214119
19.0450000763	0.565111
20.7090001106	1.528241
21.8420000076	0.063893
23.9449999332	1.370954
25.8370001316	1.197965
27.8259999752	1.212757
29.8170001507	0.221441
31.8339998722	0.296217
34.0430002213	0.800229
35.8099999428	0.053958
37.8300001621	2.458688
39.8339998722	0.347912
41.7929999828	0.302131
43.881000042	0.12357
45.8200001717	2.135052
47.8289999962	2.230262
49.8370001316	2.163009
51.8190002441	2.052827
53.8230001926	1.532013
57.2739999294	0.38576
58.8360002041	2.525315
60.2550001144	0.070468
61.8200001717	0.025194
63.8280000687	3.052837
65.8220002651	1.102661
67.8289999962	0.204682
69.8470001221	0.072579
71.8310000896	0.373558
73.8150000572	0.175161
75.8320000172	0.815609
77.8190002441	0.55891
79.8210000992	0.086265
81.8270001411	3.683213
83.8460001945	0.399893
85.8190002441	0.444928
87.8180000782	1.264672
89.8390002251	0.723196
91.8180000782	3.494141
93.8259999752	0.368217
95.8270001411	0.011398
97.8270001411	0.306038
99.8360002041	0.003903
101.825000048	2.016729
103.818000078	1.997395
105.818000078	2.655616
107.825000048	2.967644
109.828999996	1.899918
111.84100008	3.196502
113.823000193	1.151937
115.82400012	0.047836
117.857000113	1.612307
119.812000036	2.949678
121.825000048	0.290446
123.815999985	0.73837
125.823000193	1.745471
127.828000069	0.011321
130.295000076	2.018358
131.817000151	0.125622
133.828000069	0.673748
135.827000141	0.223356
137.827000141	0.681553
139.828000069	0.07192
141.819000244	0.044868
143.821000099	0.021811
145.838000298	2.164969
