0.0	0.020243
0.387000083923	0.361296
0.573000192642	0.549593
0.842000246048	0.590965
1.16500020027	0.918104
1.79300022125	0.215943
2.51000022888	1.247237
3.74800038338	0.95463
5.77500009537	0.960596
7.86800026894	0.987466
9.69800019264	0.759384
10.7690002918	0.200222
11.365000248	0.492942
12.2400000095	1.08336
14.2570002079	1.348412
16.2690002918	0.050435
18.2470002174	0.837578
20.2490003109	1.784258
22.470000267	1.705617
25.3640003204	0.510013
27.8280003071	1.532408
29.2380001545	1.151064
30.9580001831	1.53675
32.2890002728	0.239078
34.2730002403	1.185216
36.3190002441	1.433863
38.2590000629	0.802487
40.5540001392	0.036128
43.0340001583	1.27811
45.7110002041	0.78089
47.9680001736	1.122936
50.0240001678	1.219866
52.2770001888	0.10496
53.1930003166	1.249806
54.857000351	1.387342
56.6830000877	1.539594
58.7710001469	1.322638
60.5690002441	1.780952
62.3890001774	1.319717
64.4590001106	1.811845
66.2640001774	1.131404
68.2670001984	1.150626
70.2880001068	1.841132
72.2680003643	1.482684
74.2640001774	0.052986
76.2630002499	1.086175
78.5540001392	1.7975
81.473000288	0.713807
84.3790001869	1.068831
86.8090002537	0.326919
89.4639999866	0.454457
91.2990000248	0.954433
92.9830000401	1.328084
93.9480004311	0.625025
95.1420001984	1.272264
97.0160000324	1.556235
99.209000349	1.529146
101.501000166	0.45464
103.60400033	1.588994
106.360000134	0.491169
108.863000154	1.278884
110.076000452	1.807104
111.538000107	1.59394
112.68200016	1.150811
114.507000208	0.798035
116.293000221	0.814622
118.514000177	1.247606
120.455000162	0.376267
122.508000374	1.638132
124.498000145	0.723389
126.532000303	1.54906
128.51300025	0.97614
130.51300025	1.644333
132.567000151	1.40648
134.518000126	1.52529
136.524000406	1.074162
138.526000261	0.418276
140.550000191	0.235978
142.785000324	0.510539
144.510000229	1.172522
146.507000208	0.723861
148.519000053	0.651256
150.595000029	1.19218
152.532000303	1.390391
154.518000126	1.36003
156.508000374	0.365351
158.52300024	0.689638
160.517000198	1.46869
162.507000208	2.067358
164.527000189	0.953657
166.39800024	0.230278
168.509000301	0.564951
170.72900033	0.002896
172.420000315	0.058675
174.532000303	0.219807
176.359000206	0.028956
178.55700016	1.057961
180.564000368	0.279856
182.534000158	1.368772
184.455000162	0.705183
186.544000149	0.557906
189.03000021	0.69197
191.344000101	1.287139
193.724000216	0.70888
196.183000088	0.104668
197.752000093	1.555483
198.555000067	1.276106
200.842000246	0.823908
202.988000393	1.241727
204.964000225	0.825331
206.517000198	1.414563
208.533000231	0.174157
210.55700016	1.045165
212.529000282	0.190348
214.526000261	0.447822
216.48900032	0.732503
218.517000198	1.739487
220.522000313	1.1084
222.918000221	0.627322
224.572000265	0.832524
226.724000216	0.907824
229.605000257	0.287635
232.088000059	1.047511
233.438000202	1.379719
235.457000256	1.697494
237.054000139	1.419949
238.507000208	1.183804
240.552000046	1.547187
242.573000193	1.428229
244.52300024	1.493436
246.52300024	0.096249
248.502000093	0.365234
250.504000187	0.015285
252.505000353	0.065868
254.52300024	1.467176
256.69900012	0.408013
258.51300025	0.164857
260.508000374	1.402265
262.538000107	1.349155
265.104000092	1.100898
267.133000374	0.673801
268.503000259	0.816523
270.512000084	0.740959
272.503000259	1.065078
274.517000198	0.746471
276.518000126	1.588404
278.527000189	1.307442
280.517000198	1.705558
282.488000154	0.001934
284.51300025	0.056101
286.512000084	1.058559
288.498000145	1.43191
290.527000189	1.146482
292.55700016	1.039647
294.542000294	0.877041
296.623000145	0.077398
298.517000198	1.269762
300.567000151	1.127661
302.536000013	0.153982
304.517000198	1.33741
306.507000208	0.330547
308.516000271	0.890116
310.502000093	0.857816
312.51300025	0.788295
314.533000231	0.871042
317.058000088	0.696144
319.9150002	0.047104
323.217000246	0.911381
325.169000387	1.151111
327.072000027	0.91633
329.324000359	1.193386
330.961000204	1.259618
332.42800045	1.655088
333.514000177	1.230203
334.959000111	1.393517
336.518000126	1.635409
338.517000198	1.364168
340.762000322	1.953936
342.747000217	1.195727
344.757000208	1.236555
346.762000322	1.309318
348.76300025	1.121953
350.767000198	1.545738
352.762000322	1.000536
354.758000135	1.533909
356.84400034	0.441643
358.839000225	1.235025
361.350000143	0.001962
364.384000063	0.505256
366.257000208	0.697382
367.722000122	1.152374
369.109000206	0.785202
371.353000164	1.07914
372.650000095	1.366493
374.793000221	1.176337
376.768000126	1.115864
378.753000259	1.389546
380.758000135	1.47599
382.782000303	1.230246
384.76300025	1.47567
386.77300024	0.997339
388.748000383	1.48457
390.584000111	1.502058
392.749000311	1.112011
394.72300005	1.44871
396.999000072	1.296053
399.131000042	1.542692
401.727000237	0.454356
404.038000107	0.956743
405.334000111	1.579604
406.762000322	0.942959
408.758000135	0.566764
410.762000322	1.285637
412.798000097	0.543899
414.76300025	0.813006
416.668000221	0.732416
418.757000208	1.160572
420.754000187	1.717217
422.758000135	1.093784
424.72900033	1.557425
427.864000082	1.504897
430.546000242	1.091652
432.225000381	0.248861
434.24600029	1.409106
436.178000212	1.419856
437.19900012	1.257137
439.073000193	1.012722
440.772000313	1.517558
442.753000259	0.761179
444.863000154	1.160615
446.769000292	1.463637
449.083000183	1.528182
450.768000126	1.294572
452.757000208	0.014069
454.768000126	1.908998
456.987000227	0.588822
458.748000383	1.175674
460.798000097	1.250947
462.762000322	1.387647
464.758000135	1.382725
466.772000313	1.67144
468.787000179	0.657135
470.823000193	1.08744
472.907000065	0.613485
474.772000313	0.298185
476.80700016	1.548474
478.77300024	1.068874
480.762000322	1.587746
482.772000313	0.83395
484.762000322	0.949778
486.806000233	1.520766
488.762000322	0.833677
490.754000187	1.465816
492.767000198	1.082399
494.787000179	1.443651
496.796000242	1.367141
498.762000322	0.123493
500.757000208	0.19007
502.762000322	0.904181
504.754000187	0.956189
506.758000135	0.633963
509.072000027	0.278209
510.84800005	1.555653
512.784000158	0.640559
514.762000322	1.793977
516.754000187	0.315924
518.803000212	1.326633
520.76300025	1.081198
522.934000254	0.778117
524.799000025	1.169016
527.580000401	0.832483
529.998000145	0.956815
532.957000256	0.480114
534.213000298	0.832433
535.298000097	1.627426
537.189000368	1.34421
540.232000113	0.00786
542.613000154	0.045744
544.459000111	0.637176
546.348000288	0.659181
547.418000221	1.089223
549.287000179	1.436225
550.76300025	1.497397
552.749000311	0.605363
554.933000326	0.83651
556.767000198	0.677698
558.76300025	1.047512
560.788000345	0.718408
563.607000113	0.809297
566.248000145	0.682615
568.534000158	1.10479
570.532000303	0.349711
571.693000317	0.137193
573.795000076	0.572011
575.04700017	0.980365
576.767000198	0.861079
578.892000437	0.332845
580.841000319	1.505904
584.329000235	0.591067
586.702000141	0.113973
589.675000191	0.317234
592.21200037	0.639833
594.488000154	1.327249
596.191000223	0.00626
597.225000381	1.140749
598.693000317	1.402013
600.184000015	1.271018
602.768000126	1.466232
604.733000278	0.575187
606.122000217	0.166282
607.103000164	1.751744
609.018000126	0.357901
611.005000353	0.166612
613.01300025	0.127513
614.953000307	0.486372
617.029000282	0.53387
619.096000195	0.742765
621.430000305	0.963935
623.726000309	0.116876
626.215000153	0.385641
630.13800025	1.434722
632.334000111	1.279494
633.194000244	0.608611
634.564000368	0.080129
635.60800004	0.444004
637.361000299	1.014406
640.42800045	0.502974
642.394000292	1.900382
644.054000139	0.610897
646.69900012	0.159366
648.173000336	1.259202
649.84800005	0.649961
651.702000141	0.727884
653.017000198	0.887483
655.012000322	0.671726
657.014000177	0.850544
659.014000177	0.879889
661.465000153	0.357615
664.379000187	0.787856
666.618000269	0.588133
668.299000025	0.246138
669.986000299	0.181052
672.02300024	1.238142
674.309000254	0.645939
676.524000406	0.172291
678.045000315	1.667206
679.869000196	1.619879
681.669000387	0.97928
683.52300024	0.504584
684.927999973	0.046208
686.863000154	1.115451
689.007000208	1.299351
691.028000355	1.447054
693.017000198	0.041379
695.003000259	0.902833
697.01300025	0.303321
699.549000263	0.058986
701.551000118	0.907491
703.200000048	0.337256
705.979000092	0.861904
708.903000116	0.310862
711.294000149	0.026579
713.305000305	1.648465
715.805000305	0.543325
717.787000179	0.08978
719.296000004	0.669506
720.853000164	0.076474
722.300000429	1.23196
724.468000412	1.463998
726.135000229	0.890779
727.270000219	1.663701
729.007000208	1.503056
731.002000093	0.558242
733.037000179	1.15034
735.008000135	0.592048
737.017000198	1.583428
739.019000053	0.446989
741.342000246	0.728135
744.259000063	0.50849
747.985000372	0.671537
749.714000225	0.384905
751.324000359	1.702684
752.48300004	0.823774
753.869000196	0.421508
755.886000156	1.170643
757.908000231	0.269656
759.14800024	1.026632
761.011000156	0.874424
763.032000065	0.519433
765.017000198	1.445418
767.017000198	1.00675
769.003000259	0.489649
771.01300025	0.773995
773.019000053	0.039495
774.990000248	1.137717
777.01300025	1.550188
779.063000202	1.129614
780.959000111	1.392856
783.730000257	0.454911
787.01300025	0.998215
788.338000298	1.19062
790.798000097	1.370907
791.459000111	0.993134
793.033000231	0.679841
795.024000168	0.181525
797.015000105	1.455372
799.460000277	1.034527
802.953000307	0.767033
805.403000116	1.040399
807.140000343	1.007383
807.933000326	1.056063
809.879000187	0.382599
811.880000114	0.6765
814.496000051	1.55369
816.609000206	0.532333
818.634000301	0.999614
820.302000284	0.665887
822.338000298	0.825666
824.578000307	0.415176
826.864000082	1.035432
828.59100008	1.07398
830.021000385	1.602484
831.75600028	1.402033
833.36400032	0.61934
835.008000135	1.348045
837.088000059	1.119192
839.42800045	0.715055
842.098000288	1.234648
843.602000237	1.495782
845.018000126	1.384462
847.259000063	1.72851
849.27300024	1.086097
851.277000189	1.36913
853.264000177	1.32998
855.215000153	1.547056
858.069000244	0.699871
860.802000284	0.942611
861.764000416	0.953773
864.830000162	0.608189
866.516000271	0.724819
869.019000053	0.200272
870.919000149	0.708665
872.20600009	0.873053
874.778000116	0.871089
878.069000244	0.273234
880.768000126	0.211642
882.859000206	1.517735
885.48300004	1.036499
887.084000349	1.120156
888.65500021	0.741904
890.453000307	1.11592
891.789000273	0.382325
892.728000164	1.190552
893.509000301	1.596857
895.278000116	1.857203
897.269000292	1.232816
899.545000315	0.557449
902.4150002	1.040493
904.645000219	1.315357
906.764000416	0.174358
908.473000288	1.490165
909.997000217	1.04262
912.318000317	1.129899
914.522000313	0.62724
917.514000177	1.163503
919.569000244	1.27419
921.399000168	1.065977
923.228000402	0.135048
924.219000101	1.395585
925.98900032	0.596691
928.079000235	1.500554
931.070000172	0.634382
932.75600028	0.805214
935.059000254	0.173667
937.175000191	0.906225
939.813000202	1.01169
941.414000273	1.472127
943.459000111	0.517588
944.862000227	0.315336
946.468000412	0.953348
948.698000193	0.896543
950.128000021	0.56008
951.82400012	1.818745
953.620000362	0.092655
955.794000149	1.26048
957.488000154	0.319063
959.202000141	0.311729
961.253000259	1.549598
963.26300025	0.686989
965.173000336	0.821221
967.322000265	0.102369
969.268000364	0.882653
971.262000322	0.029587
973.259000063	0.821257
975.277000189	0.559085
977.267000198	0.040243
979.294000149	1.052964
981.276000261	1.230514
983.268000364	1.568978
985.255000114	0.013493
987.298000097	0.051369
989.267000198	0.680178
991.253000259	0.181267
993.272000074	0.551368
995.272000074	1.009833
997.271000147	0.828958
999.252000332	1.300523
1001.27600026	1.229368
1003.26100016	1.3152
1005.27700019	0.870011
1007.28700018	1.073312
1009.26300025	1.296393
1011.2670002	0.803275
1013.2670002	1.447437
1015.27100015	1.197838
1017.30300021	1.438194
1019.28800011	1.275821
1021.26300025	1.34254
1023.25300026	1.292689
1025.2980001	1.38533
1027.30800033	1.194999
1029.2670002	1.56368
1031.32200027	0.752281
1033.25700021	1.372274
1035.26300025	1.654316
1037.2670002	1.360496
1039.26800036	1.129093
1041.28800011	1.146865
1043.25800014	0.998462
1045.28800011	1.317545
1047.25400019	0.022195
1049.2670002	0.484887
1051.28700018	0.868564
1053.29300022	1.681209
1055.26400018	0.021972
1057.28300023	1.210718
1059.25500011	0.669478
1061.26800036	0.888687
1063.28900027	0.416835
1065.38500023	0.035151
1067.48500037	0.820433
1069.26800036	0.735407
1071.28700018	1.015311
1073.352	0.532252
1075.30500031	0.459279
1077.33900023	0.809371
1079.26900029	1.471569
1081.4460001	0.250368
1083.41300035	1.494613
1085.28300023	0.626523
1087.28800011	0.697066
1089.29200029	1.15855
1091.27300024	0.334102
1093.52300024	0.0271
1095.51300025	0.834825
1097.52400041	0.026396
1099.35800028	1.512912
1101.51800013	1.472747
1103.50300026	1.507548
1105.60300016	1.409441
1107.5170002	1.220031
1109.55200005	1.148409
1111.51300025	1.263287
1113.50700021	0.262236
1115.53800011	0.9241
1117.52300024	0.008621
1119.52400041	1.026119
1121.51300025	0.117407
1123.59000015	0.939678
1125.55400014	0.253844
1127.52800012	0.204454
1129.69300032	0.144851
1131.81900024	0.388568
1134.01800013	1.268856
1136.33599997	1.061911
1142.13300037	0.02233
1144.46700025	0.002853
1146.24400043	0.116747
1148.36300015	0.839902
1149.56900024	0.191662
1150.80800009	0.447236
1152.08000016	1.29333
1152.81200027	0.892542
1153.70300007	1.070696
1155.51800013	1.44894
1157.51300025	0.587358
1159.50400019	0.921626
1161.80000019	1.235453
1164.7820003	0.033336
1167.39900017	0.745274
1169.39900017	0.777274
1171.85900021	0.066942
1173.96000004	0.1725
1176.65400028	1.15005
1178.40300012	0.413538
1179.96900034	1.444929
1181.5880003	0.852942
1182.34000039	0.916755
1183.52700019	1.221182
1185.52200031	0.754256
1187.50200009	0.499903
1189.51400018	0.845097
1191.50200009	0.880498
1193.51300025	1.291846
1195.51200008	1.336741
1197.52200031	1.352311
1199.50800037	0.786454
1201.52800012	1.278642
1203.52200031	1.059663
1205.51800013	0.964241
1207.52100039	0.828147
1209.50800037	0.828147
1211.51200008	0.552052
1213.5170002	0.602933
1215.51200008	1.442741
1217.53100014	0.866394
1219.58700013	1.22666
1221.5170002	0.974534
1223.51200008	0.818869
1225.5320003	1.23279
1227.51200008	1.00664
1229.56200027	0.932113
1231.51200008	1.058651
1233.51100016	1.7642
1235.50700021	1.160615
1237.54600024	1.547889
1239.51800013	1.319161
1241.52700019	1.752599
1243.51200008	0.957728
1245.51600027	0.762077
1247.51200008	0.522346
1249.63700032	0.515163
1251.51300025	0.578679
1253.54700017	0.672233
1255.52700019	1.30171
1257.52200031	0.5668
1259.55100012	0.688674
1261.54600024	0.547933
1263.55700016	0.908265
1265.54100037	0.812056
1267.52200031	0.621624
1269.5170002	0.773519
1271.52200031	0.469403
1273.52200031	0.641965
1275.52100039	0.846602
1277.52200031	0.946609
1279.53100014	1.428095
1281.50700021	0.579035
1283.5320003	1.40353
1285.52600026	0.605434
1287.52200031	1.411902
1289.63199997	1.343067
1291.52100039	1.015731
1293.52800012	1.679043
1295.50800037	1.113019
1297.5170002	1.164196
1299.52600026	1.195351
1301.58300018	1.504817
1303.53300023	0.724528
1305.55600023	1.191455
1307.5170002	0.476232
1309.50700021	1.823314
1311.53900003	1.735004
1313.5320003	0.966646
1315.53800011	1.339199
1317.59200001	1.678102
1319.52300024	1.402484
1321.55400014	1.252526
1323.61400032	1.45837
1325.53900003	0.305807
1327.53100014	1.668556
1329.52300024	1.153407
1331.51300025	0.297078
1333.52400041	0.158211
1335.94400001	0.916113
1338.34300017	0.153891
1339.53900003	0.819277
1341.54200029	2.026946
1343.7820003	1.778732
1345.77700019	1.534518
1347.81800032	1.522289
1349.75200009	0.018578
1351.81200027	1.889426
1353.8380003	0.9247
1355.98900032	1.342912
1357.72200012	0.556788
1359.80800009	1.028074
1361.68500018	1.464039
1364.20400023	1.25291
1366.30000043	0.634651
1368.67800021	1.874195
1371.42700005	0.026376
1372.36000013	1.65336
1374.10800028	1.384286
1375.57599998	0.52008
1377.76900029	0.352281
1379.84000015	0.034661
1381.75700021	0.041398
1383.7820003	1.820495
1385.79700017	0.228595
1387.7130003	0.604674
1389.77200031	1.260512
1391.79900002	0.362668
1393.80900025	1.677852
1396.57300019	0.185011
1399.65900016	1.428591
1401.32300019	1.108186
1402.84300017	0.105625
1405.51400018	0.934966
1406.36400032	1.268399
1407.84800005	1.522036
1409.81800032	0.208618
1411.78900027	1.122607
1413.72400022	1.189633
1415.80900025	1.199865
1417.79300022	1.565914
1419.79900002	2.013601
1421.89600015	0.508803
1424.59000015	1.148216
1428.34000039	0.032668
1430.81200027	1.386904
1431.73200035	0.616194
1432.36200023	1.443239
1433.81700039	1.0777
1435.68200016	0.881772
1437.78800035	1.144078
1439.88500023	1.68324
1441.90900016	0.00965
1444.82400012	0.461007
1446.98100019	0.15731
1450.0480001	0.104409
1452.02900028	1.300259
1453.82500029	1.372007
1456.0630002	0.621872
1457.17900014	1.026203
1458.49300027	0.383764
1460.84900022	0.039184
1463.73900008	0.157547
1465.83000016	0.382741
1468.0	1.156174
1470.22300005	0.028442
1471.78800035	1.829007
1473.35000014	0.824052
1474.25400019	0.111807
1476.87700033	0.673896
1480.52600026	0.959816
1482.35900021	0.044083
1484.44800019	0.015723
1486.14800024	0.872073
1487.83900023	0.116377
1489.648	0.559076
1491.16100025	0.340091
1497.89300036	0.165517
1500.64300013	0.08587
1502.87300038	0.105631
1505.28900027	0.443984
1507.43300033	0.079635
1509.12900019	0.473529
1512.16300011	0.99763
1513.8670001	0.236423
1514.61400032	0.886205
1515.98800039	0.1935
1517.77400017	1.43905
1520.03400016	1.395735
1521.67800021	1.044879
1523.64300013	0.624037
1525.03400016	0.706473
1526.62500024	0.604128
1528.68300009	1.090772
1531.71800017	0.015979
1533.85700035	0.474749
1535.79300022	0.024616
1538.66400003	0.322066
1540.71800017	0.742398
1542.45900011	0.169216
1544.78300023	0.524366
1546.71800017	0.423458
1547.7980001	0.755908
1548.85900021	0.98882
1550.69800019	0.807487
1552.38200021	0.791875
1553.39300036	1.412258
1553.99900007	0.881301
1554.59300017	1.654974
1555.8670001	1.138687
1557.76200032	0.771332
1559.77200031	1.743676
1561.77300024	0.932552
1563.76800013	1.215019
1566.31800032	0.714398
1568.72300005	1.507449
1570.29700017	0.82978
1572.32400036	0.853573
1574.23400021	1.449074
1576.10500026	0.400799
1577.75900006	0.576035
1581.20800018	0.515033
1583.17600012	1.05495
1584.17800021	1.168891
1585.91300035	1.268039
1587.77700019	0.01746
1590.02300024	1.506425
1592.01900005	1.020969
1594.76500034	1.394219
1598.02200031	0.911106
1601.4380002	1.060364
1603.24300003	0.175386
1605.20200014	1.477832
1606.84900022	1.11336
1608.56900024	0.332798
1610.4940002	0.582771
1611.99800014	1.702169
1613.07800031	1.495533
1614.09600019	1.473054
1618.21800017	1.113852
1619.60700011	0.777099
1620.5630002	0.243023
1621.97700024	1.109816
1624.04300022	1.002555
1626.02300024	0.244092
1627.84400034	0.784184
1630.3380003	0.069894
1632.66200018	0.805391
1635.52800012	0.992627
1638.11300015	0.650746
1639.6500001	0.373359
1641.84800005	0.503768
1644.2980001	0.298356
1647.0630002	0.758675
1650.96800017	0.870837
1652.85700035	1.046039
1654.98300004	1.064002
1656.31000018	0.871419
1657.89900017	0.507644
1659.77800012	0.63058
1661.10100031	1.673003
1661.90900016	0.891909
1663.24800014	0.909483
1664.61400032	0.521549
1666.45300031	0.600134
1668.03300023	1.190809
1670.01800013	1.235322
1672.15600038	1.034848
1674.68000007	0.034381
1677.61400032	1.094123
1679.44400024	0.603311
1681.26300025	1.440257
1682.82800031	1.273433
1684.61300015	0.815547
1686.01800013	1.114126
1688.01300025	0.015493
1689.93000031	0.821434
1692.08200026	0.60472
1694.05800009	1.808353
1696.32100034	1.233363
1698.27900004	0.775567
1700.41700029	0.232274
1702.02300024	0.088576
1704.03300023	1.689302
1706.10900021	1.049448
1708.96800017	1.537757
1711.69900012	0.747367
1713.20500016	0.956463
1715.07900023	1.519663
1716.77300024	0.65572
1718.16300011	0.936675
1719.91800022	0.612341
1722.01800013	1.019658
1724.02800035	1.698238
1726.02800035	0.566534
1728.0170002	1.323763
1730.06700015	1.488916
1732.02300024	1.683703
1734.00700021	0.507069
1736.0170002	0.008303
1738.02300024	0.528646
1739.93400025	0.116179
1742.03800011	1.798653
1744.02200031	1.380795
1746.00800014	1.379675
1748.0170002	1.069045
1750.02200031	1.275355
1752.02700019	1.556931
1754.07200003	1.531987
1756.02300024	1.405864
1758.02200031	1.387656
1760.04300022	1.33072
1762.0170002	1.698017
1764.02800035	1.828664
1766.05800009	1.592971
1768.02800035	1.493943
1770.02800035	1.249312
1772.0480001	1.29627
1774.02200031	1.351118
1776.03800011	1.414185
1778.03200006	0.673609
1780.05700016	1.595896
1782.21800017	1.332236
1784.02300024	0.627258
1786.0170002	0.967267
1788.02200031	1.397536
1790.03700018	1.853116
1792.0630002	1.725588
1794.04200029	1.286049
1796.0170002	0.605938
1798.03200006	1.054708
1800.03700018	1.465922
1802.03700018	1.568235
1804.02700019	1.241745
1806.03200006	1.413203
1808.01800013	1.796045
1810.03800011	1.612182
1812.08300018	0.324901
1814.09300017	0.09903
1816.05300021	1.397473
1818.06200027	1.751479
1820.03700018	1.161351
1822.0480001	1.378701
1824.56000018	0.021733
1826.91900015	1.859062
1828.59300017	2.044601
1830.03300023	2.061062
1832.02300024	1.655429
1834.04700017	0.702419
1836.02900028	1.718068
1838.02900028	1.629817
1840.03300023	0.020027
1842.02300024	0.223072
1844.03800011	1.306058
1846.20300007	1.292099
1848.26900029	1.489711
1850.20800018	0.515414
1852.29100013	1.413372
1854.29200029	0.005407
1856.27700019	1.406041
1858.31200004	1.591135
1860.27300024	0.021194
1862.26800036	0.572707
1864.27300024	1.763054
1866.06400013	1.090106
1868.27700019	0.116437
1870.28300023	0.732215
1872.28800011	1.104946
1874.27900004	1.338804
1876.18400002	0.683635
1878.59800029	1.665976
1880.84800005	0.664147
1882.92000008	0.184508
1884.62700009	0.891503
1887.10500026	0.205051
1889.71500015	1.074263
1891.37300038	1.184145
1892.95700026	1.586808
1896.05300021	0.584847
1897.48000002	0.73738
1900.60100031	0.253097
1902.94300008	1.4573
1904.52800012	0.086243
1906.10800028	0.004164
1907.99500012	0.136107
1910.24300003	1.693016
1913.05300021	0.064009
1914.68900037	0.216212
1915.95300031	1.587762
1917.11300015	1.149745
1918.34800029	0.661104
1920.15100002	1.419573
1922.2750001	0.750884
1924.67900014	0.547073
1926.39900017	0.261641
1928.14900017	0.450457
1931.33700037	0.012484
1934.67500019	0.821863
1936.19800019	1.549282
1937.07300019	1.199087
1938.98300004	1.35777
1940.51000023	1.424713
1942.37800026	0.243976
1944.28800011	0.569588
1946.30300021	1.376296
1948.26300025	1.328668
1950.28800011	0.273052
1952.35300016	0.111942
1954.30900025	0.338162
1956.2110002	0.560338
1958.27900004	0.082938
1960.28900027	0.849952
1962.50800037	1.339713
1964.34200025	0.339943
1966.27800012	0.025486
1968.27300024	0.094203
1970.27800012	0.240531
1973.29200029	0.012203
1975.38900018	1.05432
1977.8760004	1.017868
1979.90500021	0.400522
1981.67300034	1.649772
1983.38300014	1.727389
1985.85100007	0.661041
1987.61400032	0.928596
1990.42400002	0.227558
1993.25900006	0.757635
1995.25400019	1.080164
1997.24800014	1.155619
1999.37700033	1.053833
1999.99700022	1.450981
2000.76800013	0.122001
2002.27700019	1.123643
2004.2670002	0.787054
2006.26800036	1.12045
2008.2820003	0.617959
2010.2820003	1.106718
2012.2670002	1.042815
2014.25800014	0.883813
2016.69300032	0.36346
2018.27200007	1.604782
2020.2670002	1.101955
2022.28800011	1.725419
2024.27700019	1.583303
2026.2820003	1.352423
2028.27700019	1.75536
2030.26100016	0.054974
2032.2820003	0.093679
2034.2820003	1.207326
2036.27700019	1.207326
2038.2820003	1.232289
2040.2670002	0.011106
2042.28300023	1.085684
2044.28300023	1.142265
2046.2980001	1.356953
2048.29300022	0.530357
2050.30900025	0.679682
2052.53700018	1.518162
2054.26100016	0.929751
2056.27700019	1.250193
2058.30300021	1.335191
2060.33200026	1.855409
2062.35700035	1.533296
2064.30700016	1.637582
2066.31100011	1.364598
2068.29100013	0.769419
2070.296	1.38303
2072.30200028	1.705232
2074.28600025	1.391562
2076.352	0.94689
2078.31600022	1.897428
2080.30200028	1.203947
2082.31400013	0.882776
2084.2670002	1.081762
2086.27600026	1.32679
2088.27200007	1.566079
2090.29100013	1.008043
2092.30700016	1.225655
2094.26100016	1.22469
2096.54100037	1.810808
2098.52600026	1.603752
2100.5320003	1.035258
2102.52700019	1.51841
2104.54200029	1.565007
2106.52800012	1.15414
2108.5170002	1.306737
2110.52700019	1.385781
2112.39800024	1.404967
2114.6400001	1.404967
2116.5320003	1.071752
