0.0	0.05761
1.84300017357	0.694917
2.42900013924	0.789306
2.73600006104	1.183777
2.95600008965	1.284822
3.03900003433	1.284822
3.1890001297	1.43631
3.3060002327	1.43631
3.39599990845	1.43631
5.11299991608	1.395705
7.09800004959	0.6763
9.09999990463	0.6763
10.9600000381	2.200202
13.0999999046	2.288452
15.0989999771	1.775319
17.0999999046	2.875763
19.0999999046	3.765977
21.1100001335	4.286056
23.1020002365	1.819007
25.0989999771	0.146832
27.1210000515	4.147944
29.106000185	0.683144
31.1080000401	0.152327
33.1100001335	0.33646
35.1040000916	0.866031
37.1020002365	0.141226
39.1020002365	0.968624
41.103000164	3.565371
43.114000082	3.681311
45.103000164	3.458318
47.1020002365	0.105231
49.1159999371	1.019567
51.1050000191	3.028637
53.1040000916	4.455573
55.1150000095	4.378515
57.1050000191	5.237545
59.111000061	2.625786
61.1050000191	5.952699
63.1020002365	5.772485
65.1150000095	5.772485
67.1129999161	5.772485
69.111000061	1.047996
71.1050000191	1.835714
73.114000082	6.946689
75.1080000401	6.17806
77.1080000401	6.17806
79.1129999161	6.824667
81.1129999161	6.824667
83.1100001335	4.781257
85.1100001335	6.837588
87.1050000191	6.837588
89.114000082	0.576923
91.1040000916	5.536654
93.1159999371	0.061708
95.1129999161	6.014183
97.1080000401	7.37263
99.1070001125	8.178695
101.111000061	8.178695
103.107000113	9.10564
105.103000164	8.39721
107.101000309	8.39721
109.101000309	6.594436
