0.0	0.014552
4.71000003815	0.299041
5.03299999237	0.436906
5.62600016594	0.423476
7.32099986076	0.31256
12.6940000057	0.086225
16.1410002708	0.270922
16.4260001183	0.296583
16.6130001545	0.340415
17.1740000248	0.248747
17.8599998951	0.414052
18.6420001984	0.311916
20.8069999218	0.343142
22.3340001106	0.356135
23.2869999409	0.626028
24.1440000534	0.75607
25.0140001774	1.04987
25.6489999294	1.197406
26.5170001984	1.295
28.614000082	1.350948
30.6660001278	1.350671
32.6879999638	0.928624
34.6800000668	1.117814
36.6549999714	1.117814
38.6559998989	1.547779
40.6579999924	1.799501
42.6630001068	2.151697
44.6559998989	0.874139
46.6630001068	0.430731
48.6630001068	0.63224
50.6549999714	1.781526
52.5730001926	1.150958
54.6549999714	1.120386
56.6559998989	0.922599
58.6559998989	0.71065
60.6559998989	1.492324
62.6559998989	0.014189
64.6569998264	1.375483
66.6549999714	1.248987
68.6559998989	1.676296
70.6549999714	0.639133
72.6549999714	1.46693
74.6620001793	1.549744
76.6450002193	2.106902
78.6549999714	2.453629
80.6549999714	0.368459
82.6559998989	1.439263
84.6559998989	0.728126
86.6549999714	1.751254
88.6549999714	1.772054
90.6620001793	1.89287
92.6549999714	1.528106
94.6549999714	2.400858
96.6559998989	0.276618
98.6559998989	0.522139
100.656999826	0.719324
102.655999899	0.465217
104.664000034	2.150928
106.671000004	2.765689
108.654999971	0.228232
