0.0	0.042701
0.322000026703	0.778331
0.590000152588	0.012193
1.05300021172	0.761088
1.54699993134	0.596411
2.22799992561	0.81496
3.2990000248	0.741885
4.75500011444	0.097521
6.19099998474	0.74839
7.67599987984	0.679195
9.74699997902	0.43436
12.0520000458	0.920302
15.2539999485	0.678788
17.4179999828	0.907397
19.6530001163	0.003138
22.0350000858	0.668723
25.251999855	0.83034
26.7709999084	0.077806
28.1909999847	0.731877
30.6480000019	0.475674
32.9580001831	0.737819
35.2809998989	0.262106
36.5970001221	0.622262
37.8680000305	1.009696
38.4569997787	0.486277
39.3289997578	0.681995
40.0409998894	0.925403
40.875	0.213685
41.6050000191	1.159369
44.2999999523	0.142652
45.9929997921	0.200908
48.9549999237	0.030547
50.507999897	0.630336
52.3039999008	1.051254
56.239000082	0.759617
59.5700001717	1.38792
60.2799999714	0.016172
63.6749999523	1.354132
65.2479999065	1.319298
66.5449998379	1.595222
68.4539999962	1.196349
72.0119998455	1.595211
74.989000082	0.491671
77.3599998951	0.097841
79.7810001373	1.160536
81.2550001144	0.455068
82.8660001755	0.401456
88.4500000477	0.703296
89.0590000153	0.448537
89.7230000496	0.863737
91.0069999695	0.977462
92.1900000572	1.504083
93.1519999504	1.610507
94.0940001011	1.500295
95.5780000687	1.146424
97.242000103	1.293833
99.0160000324	0.305081
100.163000107	1.287348
102.19299984	1.180626
104.33100009	1.466924
106.822000027	0.066611
109.286999941	0.710246
111.719000101	1.427548
111.881999969	1.2071
114.298000097	1.36933
116.299000025	1.30577
118.299000025	1.400393
120.309000015	1.330403
122.301000118	1.306814
124.301000118	0.060928
126.303999901	1.450402
128.218000174	1.412156
129.789999962	1.200467
132.299000025	1.40707
133.878999949	0.833615
135.594000101	0.437017
138.319999933	0.730348
139.802000046	1.637417
141.787999868	1.360752
144.299999952	0.894177
146.299000025	1.281522
147.861000061	1.196753
150.302000046	0.421061
152.383999825	1.414359
154.226999998	1.379253
156.299999952	1.456197
158.302999973	0.397909
160.301000118	0.029228
161.703000069	0.398056
164.037000179	0.002867
166.131999969	1.131976
170.024999857	0.161193
173.746999979	1.401994
176.170000076	1.341394
178.398999929	0.016112
179.663000107	0.860991
180.565999985	1.659738
181.15199995	1.174874
182.621999979	0.896922
184.415999889	0.024707
185.667000055	1.515965
188.299000025	0.89058
190.301000118	1.485393
191.663000107	1.422329
194.957000017	0.237878
197.994999886	1.116764
200.837000132	1.272544
202.575000048	0.912492
203.818000078	1.298949
204.654000044	0.825602
206.375999928	0.534707
208.263999939	0.485698
210.082999945	1.275368
211.93599987	0.290147
214.379999876	1.444242
216.618999958	1.258456
218.215999842	1.283754
220.18200016	1.293741
222.367000103	0.038181
224.282000065	1.17005
226.197999954	1.333607
228.027999878	1.383486
230.351000071	0.162136
232.539999962	1.112884
235.203999996	0.498637
238.131000042	0.161384
241.075000048	1.348016
244.678999901	0.018654
247.535000086	0.501084
248.066999912	0.767744
249.483999968	0.018002
251.49000001	0.523278
253.770999908	1.454844
256.774000168	1.499565
260.101000071	1.362603
263.266000032	1.388778
265.455999851	1.460956
266.375999928	1.198637
267.363999844	1.283256
268.378000021	1.368209
269.292000055	1.466446
270.315000057	0.977701
271.065999985	1.016367
272.302000046	1.411189
274.306999922	1.346624
275.789000034	1.298881
278.299999952	1.525227
280.299999952	0.862944
282.301000118	1.477516
284.302000046	0.659298
286.302999973	1.313578
288.301000118	1.509488
290.31400013	1.509488
292.319999933	1.364528
294.299999952	1.252021
295.842999935	1.554723
298.301000118	1.536624
354.303999901	0.962109
