0.0	1.227743
0.219000101089	1.207012
0.378000020981	1.207012
0.552000045776	1.207012
0.75200009346	1.207012
1.01900005341	1.266325
1.27600002289	1.259035
1.63800001144	1.270304
2.20000004768	0.798144
3.68200016022	1.275879
5.50200009346	1.257734
7.57800006866	1.249425
9.66300010681	1.134522
11.4630000591	1.2513
13.5420000553	1.2513
15.603000164	1.286629
17.6820001602	1.232196
19.5020000935	1.163513
21.5820000172	0.793025
23.5750000477	1.263049
25.4820001125	1.263049
27.5620000362	1.26257
29.6330001354	1.260021
31.7170000076	1.268557
33.5910000801	1.271867
36.1860001087	1.204776
38.1119999886	0.528194
41.1040000916	0.878666
43.4359998703	1.201723
45.3370001316	1.275086
46.9169998169	0.47529
48.8199999332	1.260835
50.0570001602	1.23593
51.7309999466	1.20598
53.5520000458	1.260977
55.6319999695	0.098597
57.7130000591	1.254525
59.5160000324	1.194129
61.5940001011	1.086822
63.6620001793	1.264922
65.4830000401	1.238817
67.5620000362	1.263578
69.6430001259	1.300893
71.6270000935	0.744461
73.5310001373	0.91531
75.6119999886	1.251257
77.6929998398	1.184665
79.5120000839	0.019729
81.5910000801	1.199351
83.6620001793	1.255268
85.7430000305	1.255419
87.5620000362	0.246108
89.6330001354	1.068835
91.7119998932	1.109341
93.5889999866	1.069602
95.6119999886	0.449006
97.6929998398	1.207802
99.7720000744	1.240998
102.017000198	1.267561
104.123000145	1.281815
105.595000029	1.260151
107.572000027	0.685618
109.652999878	1.113783
111.730999947	1.281605
113.822000027	1.254629
115.641000271	1.27789
117.722000122	0.915162
119.540999889	1.18927
121.622000217	1.291236
123.702000141	1.239987
126.003999949	0.950414
127.866000175	0.00932
129.681000233	1.156957
131.766000032	1.311186
133.580999851	1.177593
135.663000107	0.110289
137.73300004	1.252023
139.812000036	1.143295
141.634000063	1.287092
143.586000204	0.577112
145.793000221	1.233754
147.611999989	0.008734
149.69299984	1.271218
151.773000002	0.098891
153.993000269	0.901363
155.673000097	0.964711
157.752000093	0.886166
159.83100009	1.231368
161.655999899	1.258747
163.730999947	0.755107
165.812999964	1.189194
167.631000042	0.866692
169.711999893	0.12832
171.792000055	0.845659
173.611999989	0.725513
175.69299984	0.908872
177.771000147	1.266355
179.851999998	0.716388
181.671000004	0.043181
183.752000093	0.063223
185.833000183	1.194434
187.646000147	1.285911
189.73300004	0.041935
191.694000006	0.258254
193.883000135	1.240276
195.795000076	0.90063
198.73300004	0.809122
201.549000025	0.688066
203.482000113	1.198677
205.058000088	0.257713
206.25999999	1.260595
207.65199995	1.263611
209.730999947	1.200068
211.812000036	1.268433
213.633000135	0.968788
215.624000072	0.473792
217.836999893	0.739108
220.444999933	0.183313
221.752000093	1.119166
223.774000168	0.040763
226.493000031	0.466762
229.177000284	0.490778
230.932999849	1.295603
232.185000181	1.236825
233.650000095	0.020484
235.73300004	1.225721
237.756999969	0.957486
240.137000084	0.764873
241.711999893	0.890571
243.793000221	1.089911
245.871000051	0.233248
247.694999933	0.511591
249.702000141	1.171087
251.884000063	0.940968
253.93599987	1.260459
255.75	1.060677
257.83100009	0.80862
259.911000013	1.252442
261.730999947	1.264528
263.723999977	0.58808
265.90500021	1.230785
267.721000195	0.374509
269.802000046	0.818061
271.879999876	1.266302
273.961000204	0.767282
275.782000065	0.863932
277.865000248	0.013726
279.942000151	1.289366
281.764999866	0.021894
283.842000008	1.260386
285.923000097	0.906069
287.742000103	1.254115
289.820999861	1.260468
291.901000023	1.266734
293.982000113	1.217662
295.802000046	1.262451
297.879999876	0.152298
299.961000204	1.103887
301.771000147	0.298029
303.851999998	1.195901
305.930000067	0.665711
307.742000103	0.401219
309.822000027	0.554212
311.89199996	1.228927
313.971999884	0.017418
315.792000055	1.05431
317.871000051	0.375415
319.871999979	0.043616
322.562999964	0.363527
325.225000143	0.105966
327.460999966	0.662939
329.710999966	1.262558
331.559999943	1.253652
332.070000172	1.090914
334.26699996	1.295974
336.590000153	1.38936
338.546000004	0.362876
340.480000019	1.224035
343.394000053	0.677985
345.086000204	0.244897
346.338999987	1.082618
348.356999874	0.00912
350.203999996	1.27323
351.852999926	1.280809
353.963000059	1.273204
356.041000128	0.656553
357.860999823	1.268636
359.930000067	0.474097
362.010000229	1.185184
363.83100009	1.275331
365.901000023	0.325949
367.980999947	1.301247
370.06099987	0.74907
373.355999947	0.403243
375.497000217	1.007037
377.868999958	1.137246
380.620999813	0.438811
383.419000149	1.279956
383.793000221	1.117493
384.45600009	1.263864
385.921000242	1.19945
388.002000093	1.208787
390.08100009	1.280629
391.900000095	0.253555
393.980999947	1.254485
396.058000088	0.009749
397.886000156	0.235525
399.960000038	1.05837
402.041000128	0.160248
403.859999895	0.914139
405.940999985	1.254452
408.019999981	1.098644
410.099999905	1.232311
411.92200017	1.159744
414.0	1.292413
416.082000017	1.224016
417.900000095	1.298922
419.979000092	1.271788
421.972999811	1.234113
423.88100028	1.262349
425.960000038	1.239801
428.031000137	1.169635
430.110000134	1.293599
431.930999994	1.263416
434.010000229	1.257016
436.090000153	1.260841
437.910000086	1.2583
439.99000001	1.198655
442.078000069	1.264455
443.891000032	1.266441
445.879999876	1.287281
448.050000191	1.254557
450.12100029	1.261446
451.940999985	1.224313
454.009000063	1.162849
456.090000153	1.143006
458.170000076	1.107771
459.992000103	1.252918
462.071000099	1.273368
463.891000032	1.262579
465.970999956	1.262579
468.104000092	1.262579
470.032000065	1.262579
471.93599987	1.239209
474.020999908	1.27407
476.099999905	1.257856
478.180000067	1.263692
479.99000001	1.238206
482.071000099	1.235359
484.139999866	1.259914
485.961000204	1.087907
488.039999962	1.185734
490.12100029	0.008214
491.940000057	1.261269
493.930000067	1.269487
496.099999905	1.260669
497.926000118	1.122213
500.0	1.267491
502.08100009	1.272749
504.266000032	1.147343
506.287999868	1.28405
508.059000015	1.25919
510.139999866	0.91892
512.220999956	1.13164
514.039999962	1.277045
516.12100029	1.248959
517.943000078	1.270858
520.020999908	1.26346
522.100999832	0.253157
524.139999866	0.41701
526.071000099	1.269115
528.079999924	1.223954
530.163000107	1.24147
531.980000019	0.89255
534.06099987	0.013729
536.141000032	0.839615
537.961000204	1.117639
540.039999962	1.265533
542.046999931	0.846997
544.19900012	1.158216
546.033000231	1.208403
548.659000158	0.187654
550.219000101	1.309783
552.164000034	0.689366
554.263999939	1.170942
556.151000023	0.938621
558.230000019	0.192072
560.049000263	0.851632
562.130000114	1.272885
564.220000029	0.402216
566.039000034	1.267567
568.169000149	1.191047
570.19900012	0.352679
572.036999941	0.09335
574.100999832	1.271636
576.180000067	0.488315
578.25999999	0.027232
580.079999924	0.011994
582.161000252	0.142552
584.24000001	0.105501
586.06099987	1.188869
588.139999866	1.256426
590.526000023	0.529896
592.203000069	1.314949
594.225000143	1.014486
597.643000126	0.610257
598.742000103	0.02558
600.090000153	1.247798
602.170000076	0.012577
604.251000166	0.01217
606.823999882	0.554313
609.648000002	0.717738
612.886000156	0.44502
614.915999889	0.178482
617.13499999	1.08919
619.478000164	0.534876
621.969000101	0.277233
623.515000105	0.227707
625.636999846	0.142681
627.538000107	0.844404
628.527999878	1.301165
629.554000139	1.141642
630.886000156	1.208282
632.523999929	1.05646
634.779000044	0.028857
637.450999975	0.900755
639.332000017	0.491013
640.967000008	0.979943
642.555000067	0.027444
644.460000038	0.971931
646.694000006	0.01605
648.191999912	0.659857
650.305000067	0.02648
652.11500001	1.049518
654.187000036	1.080992
656.259000063	0.025512
658.339999914	1.229394
660.979000092	0.466426
662.19900012	1.154662
664.319999933	1.265556
666.170000076	1.284327
668.220000029	0.593975
670.399000168	0.110616
672.119999886	0.340076
674.19900012	0.002543
676.2900002	0.426065
678.370000124	1.304052
680.889000177	1.318389
683.904000044	0.069875
686.963999987	0.318035
689.369000196	1.222905
691.988999844	0.078285
693.969000101	1.235717
695.915999889	0.20666
697.714000225	1.189552
699.394999981	1.270284
701.089000225	0.027362
702.690000057	1.292539
703.998000145	1.179359
705.322999954	1.278821
707.108999968	1.246947
708.961000204	1.072404
710.338999987	1.265808
712.161000252	1.171873
714.239000082	1.274847
716.319999933	1.169025
718.17599988	1.30747
720.220000029	0.257643
722.30099988	1.272515
724.378000021	0.947397
726.354000092	1.270122
728.191999912	0.817641
730.364000082	0.204887
732.180000067	1.271828
734.25999999	1.265352
736.342999935	0.464528
738.730000019	0.172965
740.914000034	0.897423
743.418000221	1.043979
745.070000172	1.281308
746.220000029	0.293441
748.299000025	0.99043
750.370000124	1.275955
752.188999891	1.23839
754.25999999	0.258785
756.338000059	1.256576
758.420000076	0.587515
760.516000032	0.086688
763.512000084	0.4603
765.555999994	0.268703
767.062000036	0.196634
768.306000233	1.330281
770.370000124	0.236948
772.188999891	0.894899
774.278000116	1.174778
776.350000143	1.001089
778.428999901	1.205758
780.251000166	0.621797
782.329000235	0.916461
784.410000086	1.285053
786.362000227	0.445397
790.308000088	0.004159
793.308000088	0.931066
796.703999996	0.448591
798.43900013	0.834418
799.681000233	1.234633
800.854000092	0.013004
802.164000034	1.087332
803.892999887	0.043601
805.911999941	0.019028
807.782000065	0.643019
808.774000168	1.252354
810.595999956	0.716969
813.73300004	0.620299
815.587000132	0.566577
817.378000021	0.444824
819.49000001	0.208679
821.70600009	0.979838
825.220999956	0.006397
826.995000124	1.041022
827.683000088	0.796218
828.302000046	1.217149
830.400000095	0.46819
832.479000092	0.593214
834.663000107	1.260859
838.049000263	0.022326
842.015000105	0.859264
844.113000154	0.200195
845.835999966	0.089627
846.796000004	0.874368
848.362000227	0.864571
849.993000269	1.309768
851.946000099	1.285721
853.556999922	1.141709
854.631000042	1.040069
856.358999968	0.644381
858.482000113	1.279796
860.559000015	0.69144
862.339999914	0.013236
864.42200017	0.010921
866.500999928	0.178355
868.311000109	0.885471
870.390000105	1.248747
872.763000011	0.106264
875.371999979	1.061734
877.387000084	1.249546
879.735000134	1.263854
880.986999989	0.413625
882.39199996	1.213875
884.430999994	1.206647
886.876999855	0.020015
889.624000072	1.264213
891.274000168	0.908505
892.324999809	1.253109
894.569000244	1.25523
896.388999939	0.257283
898.467999935	1.264969
900.809000254	0.533894
903.289000273	0.797858
905.833000183	1.327012
907.252000093	0.381809
908.611000061	0.975339
910.431999922	1.203602
912.519999981	0.053311
914.579999924	0.712201
916.724999905	0.798029
918.467999935	1.208393
920.549000025	1.145547
922.368000031	1.277299
924.44900012	1.252863
926.535000086	0.131549
928.348999977	1.022482
930.430000067	1.111564
932.942000151	0.827473
935.964999914	0.965885
937.200000048	0.72383
938.49000001	1.277741
940.481000185	0.938585
942.388999939	1.238717
944.460999966	1.239507
946.540999889	1.304218
948.618000031	1.172233
950.440000057	1.171716
952.458000183	0.823096
954.710999966	1.097421
957.125	0.326775
959.666000128	0.029251
960.494000196	0.401522
962.379999876	0.042165
965.465000153	0.382839
967.145000219	0.731221
968.619999886	1.099445
970.43900013	1.221251
972.519999981	0.007737
974.598999977	0.962704
976.782000065	0.261098
978.499000072	0.021829
980.578999996	0.40955
982.659000158	0.548588
984.969000101	0.310363
986.803999901	0.545424
988.751000166	0.043688
990.478000164	0.257049
992.635999918	0.089533
994.932999849	0.701943
998.215000153	0.883711
1000.898	1.269071
1003.71500015	0.855231
1005.85800004	0.852177
1007.40799999	0.855231
1008.97000003	0.841875
1010.9380002	1.17468
1012.86200023	0.638462
1016.37299991	0.767534
1018.64300013	0.778985
1020.32299995	0.778996
1021.73800015	1.266304
1022.18600011	1.20967
1023.12800002	1.260988
1024.71300006	1.273391
1026.44200015	0.020051
1028.66799998	0.589983
1030.46600008	0.017972
1032.56800008	1.211351
1035.6730001	0.010228
1038.84700012	0.726069
1041.64600015	1.089775
1043.93400002	0.935024
1046.24799991	1.280817
1048.23099995	0.911159
1050.16600013	0.58553
1051.59100008	0.873783
1054.12400007	1.02282
1056.69400001	1.141921
1058.69900012	1.168533
1059.23699999	1.197453
1060.98699999	0.050533
1062.14899993	1.279296
1063.88100028	0.741435
1065.43900013	1.26183
1067.35599995	1.076777
1069.34299994	1.264592
1071.53200006	1.339225
1073.06700015	1.22771
1074.56299996	0.120001
1077.48600006	1.174061
1079.76499987	1.265807
1080.60500002	1.267074
1082.73700023	1.278869
1084.56100011	1.278375
1086.63899994	1.224439
1088.74099994	1.242674
1091.13499999	1.269184
1093.47500014	1.269942
1094.80100012	0.632007
1096.51699996	0.012351
1098.59800005	1.283486
1100.67900014	0.107677
1102.75500011	1.262781
1104.58399987	0.013239
1106.65900016	0.98579
1108.75400019	0.964989
1110.79699993	0.817156
1112.61800003	1.056759
1114.69700027	1.120457
1116.796	1.189969
1118.59699988	1.267143
1120.67800021	0.761425
1122.75699997	0.157613
1124.57800007	1.060766
1126.65700006	1.228894
1128.73400021	1.228894
1130.81900001	1.250481
1132.55400014	1.262125
1134.71700001	1.095371
1136.7980001	1.308316
1138.61899996	1.058687
1140.68600011	0.538407
1142.76900029	1.255972
1144.58800006	0.12247
1146.66899991	1.174442
1148.74699998	1.287947
1150.56900024	1.276776
1152.65700006	0.243873
1154.73800015	0.200675
1156.81900001	1.292979
1158.63800001	1.190428
1160.7190001	1.273616
1162.7980001	0.040979
1164.61800003	1.215979
1166.70000005	1.355897
1168.76799989	0.711404
1170.58800006	1.305688
1172.66899991	0.08843
1174.74699998	1.29134
1176.82800007	0.022757
1178.64700007	0.178599
1180.71800017	1.200158
1182.79699993	1.176709
1184.63300014	1.257887
1186.69700027	0.353146
1188.77800012	1.27495
1190.85899997	0.483164
1192.67800021	1.176012
1194.75900006	1.125625
1196.83800006	1.223192
1198.65700006	1.261496
1200.73800015	1.268072
1202.81900001	1.243729
1204.63899994	0.696137
1206.71800017	0.379311
1208.79699993	0.065193
1210.87800002	1.27047
1212.69099998	0.012601
1214.76200008	0.281036
1216.83699989	1.168311
1218.83300018	0.855896
1220.74399996	0.334302
1222.81800008	0.16215
1224.9000001	0.012767
1226.71800017	1.112142
1228.79699993	1.112142
1230.87599993	0.691397
1232.69700027	0.568285
1234.77800012	1.08882
1236.85899997	0.513911
1238.67800021	1.231852
1240.75900006	0.009284
1242.75400019	0.473837
1244.91800022	1.169713
1246.73300004	0.029928
1248.81800008	0.019231
1250.89900017	0.034775
1253.01300001	0.522178
1255.70200014	0.468037
1258.72300005	0.419359
1261.24799991	0.668988
1262.40200019	0.117338
1262.95500016	0.959653
1264.71800017	0.931001
1267.25	0.067279
1268.82800007	0.079346
1271.19099998	0.382509
1273.18300009	0.628074
1275.5480001	0.013732
1276.69800019	0.832113
1278.97099996	1.230028
1280.78799987	0.372348
1282.86800003	0.224032
1284.9460001	1.27112
1286.76799989	1.262942
1288.84900022	1.235657
1290.84100008	1.234759
1292.74699998	0.449282
1294.82800007	1.259866
1296.99800014	1.01313
1300.27800012	0.009376
1302.92000008	0.59671
1304.70300007	1.25503
1306.20499992	0.109706
1307.58700013	0.719969
1309.01100016	0.449212
1311.01999998	0.243971
1312.76699996	0.749896
1314.76900029	0.463497
1316.9610002	0.080961
1319.37800002	0.126019
1321.76699996	0.628695
1324.31599998	1.115156
1327.05999994	1.021135
1328.46300006	0.493425
1329.25100017	1.251763
1330.95800018	1.160114
1332.77700019	0.127681
1334.85800004	0.139222
1336.86200023	1.235967
1339.39499998	0.833008
1341.77800012	0.610362
1344.43300009	0.686045
1346.47500014	1.259469
1348.14700007	1.101799
1350.32299995	0.613122
1352.11199999	0.050019
1353.53400016	0.067508
1354.80299997	1.242508
1356.9460001	1.258228
1359.02699995	1.257701
1360.84700012	1.26166
1362.80900025	1.261917
1364.84700012	1.064657
1366.82700014	1.265
1368.90700006	1.211293
1370.98600006	1.301291
1372.80800009	1.268101
1374.88700008	0.737396
1376.96799994	0.406395
1379.046	1.262841
1380.8670001	0.873215
1382.9460001	1.192267
1385.02699995	1.259884
1386.90799999	1.267265
1388.92499995	1.257166
1390.99800014	0.759168
1392.81700015	1.265948
1395.06900001	1.003649
1397.19700003	1.102627
1399.046	1.110015
1400.8670001	1.262473
1402.94799995	1.247376
1405.0170002	1.222918
1406.83599997	1.251317
1408.91699982	1.054067
1410.91100001	1.251679
1413.0769999	0.529449
1415.22000003	1.095663
1416.98000002	1.257908
1419.05800009	1.156485
1420.87699986	0.007369
1422.95700002	1.242146
1425.03999996	1.297692
1426.87400007	1.254907
1429.0079999	1.243422
1431.0170002	1.330789
1432.91400003	1.261428
1434.91699982	1.258148
1437.73099995	0.671277
1440.19700003	0.135623
1441.22099996	1.210217
1442.90100002	1.360611
1445.43900013	1.278437
1447.83899999	0.692203
1449.83100009	1.188656
1453.75900006	0.525083
1456.53900003	0.657176
1457.89599991	0.657164
1459.56600022	0.436974
1461.55599999	0.933406
1463.49000001	1.252039
1465.14899993	1.274583
1467.17400002	1.288737
1469.0	1.268929
1470.523	1.21629
1472.69299984	0.010811
1474.84700012	0.578498
1476.91199994	0.179475
1478.07300019	0.261253
1479.11100006	0.747753
1480.89700007	0.097446
1483.03100014	0.654384
1484.95099998	1.151287
1487.41100001	0.186435
1490.22300005	0.952303
1492.52600002	0.115946
1495.00399995	0.860858
1498.53900003	0.362412
1501.0079999	1.045601
1503.91499996	0.074325
1505.61999989	0.782684
1507.3210001	0.470075
1509.81999993	0.003849
1511.87999988	1.158878
1513.602	0.010338
1514.56200004	1.025923
1515.73400021	0.846347
1517.79400015	0.243964
1520.63100004	0.008195
1522.48200011	0.240342
1524.02899981	0.785283
1525.32200003	0.759267
1527.51600003	0.029494
1528.7420001	0.436336
1530.88700008	0.475045
1532.80499983	0.633342
1535.18099999	0.072214
1537.67199993	0.0073
1539.62300014	0.622691
1541.15100002	0.648296
1543.02799988	0.625083
1544.48200011	0.863147
1545.96399999	0.507157
1547.3809998	0.431398
1550.03100014	0.028917
1554.05900002	0.159674
1556.68700004	0.239946
1559.18600011	0.046505
1560.08900023	0.34062
1561.02699995	0.853001
1561.76699996	1.065758
1562.99600005	0.959411
1565.02899981	0.014486
1567.17599988	0.118834
1569.65100002	0.065118
1572.35100007	0.012111
1574.58899999	0.007462
1576.46399999	0.00493
1577.62899995	0.210273
1579.23600006	0.48041
1581.30900002	0.006281
1583.35699987	0.398489
1585.68900013	0.011495
1587.16600013	0.167643
1589.56800008	0.046165
1591.35500002	0.027305
1593.13700008	0.021847
1595.2190001	0.009056
1597.296	0.634242
1599.11599994	0.378024
1601.19700003	1.195082
1603.05100012	0.02125
1605.0769999	0.297731
1607.1559999	1.249455
1609.23699999	0.012998
1611.06800008	0.848112
1613.14600015	0.020656
1615.18500018	0.006705
1617.24000001	0.256121
1620.04200006	0.250905
1621.20499992	0.783247
1623.28699994	1.268265
1625.10700011	0.037645
1627.17599988	0.482754
1629.25500011	0.022089
1631.33599997	1.259617
1633.14600015	1.147003
1635.22600007	1.149254
1637.30500007	1.213687
1639.12700009	1.254558
1641.11999989	1.258285
1643.28600001	1.264833
1645.10300016	1.260547
1647.18600011	0.010496
1649.26699996	1.268316
1651.0860002	0.35327
1653.15499997	1.265966
1655.23500013	1.266957
1657.3130002	1.222951
1659.13599992	0.397243
1661.21700025	1.117825
1663.29700017	1.212043
1665.11500001	1.16451
1667.1960001	0.314989
1669.27600002	1.236931
1671.09599996	1.149606
1673.18000007	1.252444
1675.25600004	0.02432
1677.33599997	1.184786
1679.15499997	0.702776
1681.23600006	1.277127
1683.31599998	1.237413
1685.13599992	1.245841
1687.21700025	1.021526
1689.57400012	1.119549
1691.11500001	0.361896
1693.23600006	0.855154
1695.37299991	0.949213
1697.35699987	1.18794
1699.17599988	0.276277
1701.26899981	1.061006
1703.38800001	1.205373
1705.18200016	1.11057
1707.28799987	0.69672
1709.1559999	0.166335
1711.13899994	0.422766
1713.1559999	0.463636
1715.29500008	1.051306
1717.37599993	0.846167
1719.19499993	0.846167
1721.27600002	1.213734
1723.36800003	1.157778
1725.17599988	1.226195
1727.3130002	0.325771
1729.44799995	0.096377
1731.59200001	0.975868
1734.12900019	0.975868
1735.52100015	0.975868
1737.68200016	0.064974
1739.47800016	0.004807
1742.57400012	0.382798
1743.3900001	0.649432
1745.43599987	0.334834
1747.25400019	0.022484
1749.33599997	1.152404
1751.41800022	1.257796
1753.23600006	0.050377
1755.31599998	1.299865
1757.39499998	1.256651
1759.21700025	1.21293
1761.21000004	1.26793
1763.44400001	1.263942
1765.23400021	0.003526
1767.27600002	1.136053
1769.34500027	0.011649
1771.42500019	1.277899
1773.24499989	0.725768
1775.31599998	1.25879
1777.39499998	0.820916
1779.41599989	1.260054
1781.23900008	1.22858
1783.19400001	0.031376
1785.454	1.235563
1787.27600002	1.273141
1789.35699987	1.064593
1791.43499994	1.273716
1793.25800014	0.027274
1795.33500004	0.364525
1797.42600012	0.01399
1799.23600006	1.136034
1801.30500007	1.186568
1803.38500023	0.816264
1805.46600008	0.118628
1807.28200006	0.099806
1809.27900004	1.252554
1811.44499993	1.25289
1813.26399994	0.33807
1815.34500027	0.174568
1817.42500019	0.303999
1819.24499989	0.258626
1821.32499981	0.216092
1823.43199992	0.041232
1825.52200007	0.17604
1827.31400013	0.663137
1829.39499998	0.230375
1831.47500014	0.400422
1833.29500008	0.206014
1835.37599993	1.262195
1837.45500016	0.225187
1839.27600002	1.275246
1841.35400009	0.01622
1843.43499994	1.264462
1845.51600003	0.089106
1847.33500004	0.532229
1849.41599989	1.266916
1851.49500012	1.278001
1853.31800008	0.026539
1855.38500023	0.142939
1857.46600008	0.554091
1859.53600001	0.16379
1861.35599995	0.564378
1863.43499994	1.259568
1865.51400018	0.12573
1867.33500004	1.234081
1869.41499996	1.123084
1871.4940002	1.123084
1873.57599998	1.286285
1875.39400005	0.821013
1877.47500014	0.095203
1879.29500008	0.040243
1881.36600018	0.714737
1883.44400001	0.026882
1885.52600002	1.194625
1887.54200006	0.790563
1889.8440001	0.011958
1892.41800022	1.267895
1894.36100006	1.13532
1896.42600012	1.327003
1899.19800019	1.262491
1900.96499991	1.063479
1902.36800003	0.587194
1903.94899988	0.267154
1905.52499986	0.021532
1907.60600019	0.701715
1909.81100011	0.313095
1911.9380002	0.332408
1913.71600008	0.034736
1915.47800016	1.347751
1917.47600007	0.580656
1919.55500007	1.0381
1921.39400005	0.010309
1923.46500015	1.226785
1925.54399991	1.258581
1927.62500024	0.017763
1929.44400001	0.316035
1931.52499986	0.291928
1933.59599996	0.325145
1935.41599989	0.264117
1937.4940002	1.251482
1939.57500005	0.742859
1941.39400005	0.645205
1943.46500015	0.041065
1945.546	1.034939
1947.62400007	1.300799
1949.44499993	1.283823
1951.52499986	1.268918
1953.59599996	1.291115
1955.41499996	0.282091
1957.4940002	1.262477
1959.57500005	0.539215
1961.39400005	1.273465
1963.47500014	1.261648
1965.55200005	0.17648
1967.54900002	0.474579
1969.46500015	1.261231
1971.54399991	0.63915
1973.62400007	1.269203
1975.44499993	0.513484
1977.52399993	1.252078
1979.60300016	1.245635
1981.6650002	0.780281
1983.96799994	1.260298
1986.33299994	0.078221
1987.72300005	1.263638
1989.46500015	1.261757
1991.54500008	1.090959
1993.62400007	0.700052
1995.61299992	0.406926
1997.52499986	1.241904
1999.60500002	0.033224
2001.42400002	0.990896
2003.50500011	1.25687
2005.58399987	1.279098
2007.66400003	1.165803
2009.48399997	1.145233
2011.56499982	1.224502
2013.64400005	1.092653
2015.46500015	1.249216
2017.54299998	0.016261
2019.62400007	1.249534
2021.70300007	1.274985
2023.52399993	0.232471
2025.60500002	0.476716
2027.68400002	1.196182
2029.50500011	1.274552
2031.58399987	1.20184
2033.66400003	1.228854
2035.48399997	0.524805
2037.56499982	1.222268
2039.55800009	0.474793
2041.72399998	1.249747
2043.53299999	1.254578
2045.61400008	1.254578
2047.69499993	1.28684
2049.51400018	1.109976
2051.60300016	1.264584
2053.6730001	1.163672
2055.73500013	1.299471
2057.55400014	0.72828
2059.63800001	1.281414
2061.71400023	1.241869
2063.53299999	1.157085
2065.61400008	1.140547
2067.69400001	1.238637
2069.51400018	1.232152
2071.59300017	1.264464
2073.6730001	1.25424
2075.49500012	1.259127
2077.57400012	1.243753
2079.6559999	1.279559
2081.73300004	1.231028
2083.55400014	1.086507
2085.63400006	1.281324
2087.62800002	0.728849
2090.17000008	0.948878
2091.92000008	1.094382
2094.11899996	1.234813
2096.38500023	0.483447
2098.17800021	1.054469
2099.63100004	1.260977
2101.73500013	1.2036
2103.55500007	1.277785
2105.63300014	1.156633
2107.71400023	1.268272
2109.53500009	1.269041
2111.61400008	1.293619
2113.68300009	1.25518
2115.76399994	1.25518
2117.58500028	1.260116
2119.66300011	1.280691
2121.74399996	0.835964
2123.56399989	0.835964
2125.64400005	1.155159
2127.7249999	1.278546
2129.54399991	1.175128
2131.62400007	1.244156
2133.704	1.269969
2135.6960001	1.270794
2137.60400009	1.270794
2139.68799996	1.270794
2141.76300001	0.01397
2143.57299995	1.265873
2145.65400004	1.287295
2147.73500013	0.021799
2149.81299996	1.102126
2151.63300014	1.042878
2153.71400023	0.02061
2155.78399992	0.482528
2157.60700011	1.271875
2159.59699988	1.164039
2161.76300001	1.23671
2163.83400011	1.19781
2165.65299988	1.247021
2167.73400021	1.255483
2169.81299996	1.294036
2171.63400006	0.066801
2173.71300006	1.07316
2175.79400015	1.190383
2177.87300014	1.076396
2179.69400001	1.224178
2181.773	1.260763
2183.85299993	1.197938
2185.6730001	1.255643
2187.75600004	1.250009
2189.82500029	1.227315
2191.64400005	1.258679
2193.727	1.251438
2195.8039999	1.207235
2197.62300014	1.222761
2199.704	0.477526
2201.76699996	0.010434
2203.86300015	1.274822
2205.68499994	1.269407
2207.75	1.280398
2209.84500003	0.703953
2211.66600013	1.237771
2213.74399996	0.365914
2215.82500029	1.231077
2217.76600003	0.608814
2219.72300005	0.062046
2221.8039999	1.157095
2223.88499999	1.090585
2225.704	1.262556
2227.78399992	0.08047
2230.02799988	1.262575
2231.75	1.278752
2233.76300001	1.276711
2235.8440001	1.242155
2237.66300011	0.587229
2239.74399996	1.164141
2241.82500029	0.013216
2243.90400004	0.024714
2245.72300005	1.268638
2247.8039999	1.019342
2250.2190001	1.203808
2252.42400002	0.155515
2254.13700008	1.243063
2256.35899997	0.479449
2258.49700022	0.154135
2260.17900014	0.883927
2262.22099996	0.698136
2263.73500013	1.358018
2265.94400001	0.348843
2268.352	0.010783
2270.70899987	0.92867
2273.15100002	0.063629
2274.69400001	0.025466
2275.79699993	0.021755
2277.94300008	0.029001
2279.76300001	0.326698
2281.83999991	1.053972
2284.13899994	1.259336
2286.00100017	1.085832
2287.81299996	0.317491
2289.898	1.260292
2291.71300006	0.554504
2293.79400015	0.892735
2295.87400007	1.373295
2297.9519999	1.212909
2299.77800012	0.55059
2301.85299993	0.037065
2303.75200009	1.108239
2305.75300026	1.118409
2307.83400011	1.301597
2310.28299999	1.104651
2311.73400021	1.17539
2313.81299996	0.65783
2315.89400005	0.701339
2318.08299994	0.899436
2320.66400003	0.902182
2322.60800004	0.886041
2324.02600002	0.885806
2325.773	0.986313
2327.8440001	1.063987
2329.90899992	1.075301
2331.98200011	0.33061
2333.82399988	0.187023
2335.89499998	0.551998
2337.97400022	1.209217
2339.79400015	0.948737
2341.84500003	1.004687
2343.95300007	0.133452
2345.773	1.06973
2347.85299993	1.110251
2349.93400002	0.160873
2352.01200008	0.461701
2353.83300018	0.839053
2355.91300011	0.008889
2357.99300027	0.693316
2359.96399999	0.50973
2362.35400009	0.696135
2364.65800023	0.424996
2366.55800009	1.252123
2368.86899996	0.488197
2370.30299997	0.02103
2372.38400006	0.222921
2373.95700002	1.352816
2375.91199994	1.271579
2377.99300027	1.095138
2379.81200004	0.009196
2381.89299989	1.291273
2383.97400022	1.259996
2386.63400006	0.989173
2388.63999987	0.009582
2390.25500011	1.222878
2392.20700002	0.41539
2394.704	0.377258
2396.43300009	1.183683
2397.954	1.206266
2399.83300018	1.394785
2401.91499996	1.264458
2403.99300027	0.020324
2406.07400012	0.294364
2407.89299989	1.035702
2409.81700015	0.027448
2412.05400014	0.780695
2413.87300014	1.131623
2415.94300008	0.954281
2418.023	0.091564
2420.10300016	0.010973
2422.43499994	1.260049
2423.99800014	0.921086
2426.08299994	1.273829
2427.90200019	0.884256
2429.98300004	0.010512
2432.06299996	1.209177
2433.88300014	1.262493
2435.96200013	1.247074
2438.04200006	0.256488
2440.53600001	0.446856
2442.95700002	0.01951
2444.91199994	0.679884
2446.28799987	1.222509
2447.92200017	1.275452
2449.9920001	1.257906
2452.07300019	0.985713
2453.89199996	1.127654
2455.99800014	1.273087
2458.11800003	1.258221
2460.16799998	0.905366
2462.95900011	0.710371
2465.51800013	0.027852
2467.99099994	0.705436
2470.67499995	0.010411
2472.01300001	1.312148
2473.53999996	1.123966
2475.17199993	1.266283
2476.9610002	0.285704
2478.37999988	1.225079
2480.10099983	0.010137
2481.9230001	1.25649
2484.01000023	0.371656
2485.97000003	0.954107
2488.15699983	0.937011
2489.98300004	0.971072
2493.17599988	1.205906
2495.91800022	0.930799
2499.35599995	1.275466
2501.64600015	1.293523
2502.60300016	1.256134
2503.4920001	1.05335
2504.30900002	1.241751
2506.11300015	1.252549
2507.93299985	1.256368
2510.01300001	1.127152
2512.09200001	1.101694
2514.16300011	0.040082
2515.98200011	1.048124
2518.06299996	1.250232
2520.14300013	0.34509
2522.50899982	0.083082
2524.51800013	0.858501
2525.97000003	0.53496
2528.204	1.106377
2530.02200007	0.85016
2532.10300016	1.154142
2534.09500003	0.974027
2536.00399995	1.184472
2538.08200002	1.143471
2540.32600021	0.377297
2542.89100003	0.680947
2545.05400014	0.857398
2546.87999988	1.266954
2548.83300018	1.243673
2550.87800002	1.265902
2552.0860002	0.709282
2554.18400002	1.151752
2556.00100017	0.731863
2558.08200002	0.835735
2560.16300011	0.015323
2562.38500023	0.032379
2564.20600009	1.194256
2566.9519999	0.351257
2568.14899993	0.701785
2570.03699994	0.850975
2572.12600017	0.162017
2574.19499993	1.050001
2576.01400018	1.019279
2578.12700009	0.401255
2580.06600022	0.997053
2582.29400015	0.145749
2584.07300019	1.181349
2586.15300012	1.143379
2588.19499993	0.055435
2590.36800003	0.087569
2592.88400006	0.409096
2594.41299987	1.059728
2596.03200006	1.256002
2598.11300015	0.670736
2600.49000001	0.047691
2603.9690001	0.188576
2606.70099998	1.015971
2608.29900002	1.272656
2609.546	0.019222
2611.66200018	0.593795
2613.55000019	1.26657
2615.16700006	0.954793
2616.91000009	1.106616
2618.40100026	1.259503
2620.90700006	0.013958
2622.90700006	0.490834
2624.70500016	0.76568
2626.5999999	0.635756
2628.20200014	1.202388
2630.64700007	0.856637
2633.829	0.032583
2636.44200015	0.755997
2637.84100008	0.324727
2638.87800002	1.249434
2640.15499997	1.262188
2642.31200004	1.306644
2644.12200022	1.257092
2646.20300007	0.637907
2648.95900011	0.041142
2652.01900005	0.282842
2654.72799993	1.187657
2658.38300014	1.038261
2660.21800017	0.818214
2662.61000013	0.333522
2663.83999991	1.126256
2665.5940001	0.017821
2668.07400012	1.09993
2669.78699994	0.028484
2671.125	0.906825
2672.59599996	0.151056
2673.34299994	0.250992
2675.03600001	0.008563
2676.33299994	0.596251
2678.16200018	0.482926
2680.23500013	0.086383
2682.3210001	0.8095
2684.13100004	1.265289
2686.21199989	1.236192
2688.17000008	0.728912
2692.35800004	1.257536
2693.63199997	0.095154
2694.24699998	1.08826
2696.18600011	0.958579
2698.77999997	0.258486
2702.37000012	0.960737
2704.3900001	0.906533
2705.17199993	0.945403
2706.22099996	0.349272
2708.31100011	0.945228
2710.39300013	0.948373
2712.21099997	0.946813
2714.29200006	1.226607
2716.37999988	0.013984
2718.20200014	1.238456
2720.28299999	1.208926
2722.36100006	1.262476
2724.18099999	0.027392
2726.26200008	1.263141
2728.33999991	1.266673
2730.16200018	0.020132
2732.24000001	1.302326
2734.3210001	0.174094
2736.14100003	1.12832
2738.22099996	1.259891
2740.30200005	1.068739
2742.3809998	1.224536
2744.19000006	0.61373
2746.27100015	0.513924
2748.352	0.849721
2750.25200009	0.019149
2752.25600004	0.243426
2754.33400011	0.023578
2756.41100001	0.419882
2758.23000002	0.179464
2760.31100011	0.430537
2762.39199996	0.054863
2764.22500014	0.979044
2766.2900002	0.012403
2768.37999988	0.570573
2770.20200014	1.118599
2772.26699996	1.264156
2774.352	1.256504
2776.43000007	1.097
2778.25200009	1.112149
2780.33100009	0.764432
2782.59300017	0.023224
2784.23000002	0.826796
2786.31100011	1.178635
2788.30500007	1.111571
2790.47000003	1.25613
2792.2900002	1.285065
2794.37100005	1.296851
2796.44000006	1.068905
2798.26099992	1.259291
2800.34200001	1.250121
2802.421	1.26623
2804.24699998	1.262558
2806.31100011	1.276314
2808.39100003	1.25095
2810.47000003	1.258689
2812.29200006	1.248053
2814.37000012	1.268971
2816.45099998	1.266972
2818.27100015	1.295992
2820.33000016	1.137303
2822.41000009	1.263297
2824.23199987	1.277816
2826.31100011	0.158379
2828.39100003	1.25261
2830.47199988	1.169856
2832.2900002	1.290913
2834.37299991	1.278049
2836.36500001	1.245854
2838.53100014	1.144545
2840.36100006	1.278143
2842.44400001	0.995069
2844.51300025	0.896324
2846.33200002	0.508416
2848.42400002	1.134372
2850.47000003	1.280056
2852.296	1.23283
2854.37000012	0.97667
2856.49300003	1.031849
2858.53100014	0.011991
2860.35100007	0.120826
2862.43199992	1.032901
2864.51100016	1.251219
2866.33200002	0.824012
2868.41100001	1.253877
2870.49099994	1.285596
2872.31100011	0.640171
2874.39199996	0.860996
2876.47199988	0.490044
2878.45600009	0.475085
2880.3599999	1.264216
2882.44200015	0.391525
2884.43400002	1.235393
2886.34099984	0.015953
2888.41100001	0.017725
2891.05900002	1.186736
2893.03100014	0.221786
2894.64900017	1.265616
2896.33899999	1.251507
2898.54099989	1.271645
2900.54200006	1.266197
2902.43099999	1.251102
2904.51000023	1.1644
2906.33000016	1.28691
2908.32600021	1.209426
2910.49000001	1.265295
2912.5710001	1.177435
2914.39100003	0.932469
2916.47099996	1.261894
2918.55000019	1.289359
2920.37100005	0.236544
2922.45099998	0.008554
2924.523	0.466384
2926.34099984	1.312624
2928.42200017	1.263958
2930.50099993	1.285161
2932.4940002	1.041417
2934.40100026	1.279558
2936.48100019	1.20466
2938.55999994	1.235352
2940.3809998	1.302712
2942.46600008	1.289562
2944.54099989	1.230082
2946.62099981	1.46818
2948.44100022	1.272813
2950.52100015	1.152772
2952.5999999	1.316414
2954.43099999	1.280517
2956.53100014	1.144471
2958.59100008	1.255477
2960.57800007	0.700839
2962.48699999	0.376522
2965.76600003	0.009308
2967.75500011	0.150678
2969.20499992	0.023913
2971.00200009	0.011081
2972.83899999	0.163379
2976.37199998	0.036518
2977.74899983	0.832367
2979.60100007	1.111014
2980.43599987	1.297053
2982.52200007	0.016549
2984.59100008	1.310296
2986.41000009	0.370053
2988.49000001	1.276043
2990.5710001	0.406582
2992.875	1.047006
2994.47099996	0.173639
2996.55000019	0.737694
2998.62099981	1.187085
3000.44100022	0.01325
3002.52100015	1.223771
3004.51600003	1.260487
3006.671	0.025205
3008.49099994	1.226936
3010.56900024	1.291536
3012.6500001	1.100337
3014.47199988	0.728548
3016.55000019	0.192365
3018.63100004	0.403345
3020.71000004	1.110537
3022.53100014	1.247388
3024.60900021	1.383204
3026.43099999	0.010194
3028.51300025	0.588414
3030.58099985	0.160801
3032.66000009	1.259929
3034.51000023	1.315969
3036.59100008	0.828672
3038.66899991	1.25598
3040.49500012	1.249662
3043.00499988	0.010915
3045.25400019	0.83809
3047.58299994	0.137638
3049.79699993	0.878575
3050.81800008	1.020664
3052.5860002	1.107374
3054.51900005	1.248449
3056.5999999	1.278377
3058.68100023	1.264382
3060.51600003	1.28344
3062.55200005	0.013972
3064.5999999	0.062836
3066.86800003	1.102166
3068.93900013	1.30482
3070.63100004	1.262528
3072.63800001	0.331874
3075.55900002	0.654134
3077.78600001	1.242525
3080.16799998	1.224139
3080.50899982	1.265108
3082.59000015	1.265108
3084.67000008	0.466316
3086.75	0.53872
3088.56900024	1.243416
3090.63999987	1.273948
3092.72000003	0.468604
3094.54099989	1.266737
3096.60900021	1.26609
3098.69000006	1.17382
3100.76900029	0.482566
3102.59000015	1.008089
3104.67000008	0.452405
3106.74799991	0.126156
3108.56900024	1.290218
3110.64900017	1.24599
3112.73000002	1.207917
3114.72399998	1.27114
3116.63100004	1.227727
3118.71000004	0.773158
3120.77999997	1.061976
3122.5999999	0.049875
3124.68000007	0.482566
3126.76100016	1.274309
3128.57999992	1.264722
3130.65900016	0.416742
3132.73900008	0.38565
3134.55000019	1.291554
3136.63300014	0.009845
3138.69900012	1.286452
3140.77900004	1.076091
3142.59899998	1.221937
3144.68000007	1.288477
3146.76100016	1.262622
3148.57999992	1.282962
3150.66100001	1.208968
3152.73900008	0.220764
3154.81999993	1.28338
3156.63899994	1.329211
3158.72000003	1.315892
3160.80200005	0.013052
3162.62700009	1.182893
3164.69900012	1.240121
3166.77999997	1.147693
3168.59899998	0.01946
3170.68000007	0.050346
3172.76399994	0.477862
3174.58099985	1.26766
3176.66000009	1.276664
3178.73900008	1.251014
3180.81999993	1.14119
3182.63599992	0.041149
3184.72000003	0.071725
3186.71199989	0.473669
3188.61999989	1.266888
3190.69900012	0.013975
3192.77999997	0.012991
3194.86400008	0.178988
3196.62600017	1.213595
3198.75900006	1.113023
3200.88400006	1.35138
3203.46300006	1.233209
3205.70899987	1.253315
3206.74500012	1.277247
3208.63999987	1.260485
3210.72000003	1.263888
3212.79900002	1.137957
3214.87899995	1.303209
3216.69900012	1.267055
3218.77999997	0.516618
3220.8599999	1.077483
3222.67800021	1.258672
3224.74899983	1.03319
3226.81999993	0.164264
3228.89900017	0.345626
3231.148	1.273656
3232.90899992	1.091813
3234.83100009	0.109158
3236.75999999	0.218733
3238.77900004	1.264802
3240.8599999	0.009932
3242.93900013	1.030242
3244.77200007	0.533511
3246.83899999	1.11475
3248.98000002	0.165535
3250.90600014	1.102388
3252.81999993	0.212135
3254.75600004	0.013966
3256.82600021	0.503372
3258.79900002	1.197972
3260.87999988	0.444909
3262.69099998	1.040524
3264.77900004	0.341347
3266.8599999	0.234502
3268.68000007	1.099169
3270.75999999	1.089481
3272.81800008	1.114187
3274.83500004	1.243497
3276.74600005	1.270002
3278.81999993	1.259842
3280.89900017	1.271047
3282.97700024	0.742086
3284.78900003	1.288143
3286.87000012	1.263095
3288.95000005	1.264021
3290.72300005	0.31167
3292.84600019	1.239144
3294.92900014	1.236906
3296.75	1.246552
3298.829	0.024228
3300.91100001	1.216739
3302.81700015	1.258582
3304.81000018	0.148332
3307.52799988	0.002797
3309.93400002	1.366096
3312.78299999	1.26177
3314.77800012	0.590573
3315.66300011	1.261527
3318.10400009	0.474668
3320.46099997	0.859212
3321.13400006	1.253563
3322.84600019	0.365763
3324.96499991	0.021673
3327.04299998	0.269637
3328.97900009	0.820153
3330.80200005	1.269974
3332.87899995	0.00976
3334.96300006	0.979377
3336.77900004	1.240292
3338.86200023	0.609094
3340.93900013	0.665096
3343.01900005	0.248541
3344.78699994	1.258913
3346.91900015	1.25278
3348.99800014	1.283415
3350.81900001	1.227696
3352.9000001	0.803167
3354.97900009	0.774351
3356.79999995	0.884044
3358.86899996	1.194345
3360.95000005	1.246338
3362.99900007	1.278666
3364.81999993	1.082275
3366.89900017	1.248941
3368.97800016	1.296311
3370.79900002	0.109952
3372.87800002	0.048909
3374.9610002	0.474839
3376.78399992	0.023861
3378.76200008	1.089669
3380.92799997	0.922333
3383.0079999	0.633048
3384.82800007	0.633048
3386.90899992	1.272665
3388.98799992	1.222172
3390.81999993	0.236418
3392.89900017	1.261008
3394.97800016	1.283184
3396.79999995	1.268557
3398.87800002	1.233805
3400.95900011	1.173999
3402.9519999	1.229329
3404.85899997	0.010106
3406.93900013	1.265857
3409.01900005	1.10871
3410.83800006	1.258306
3412.91800022	1.258306
3414.99900007	1.258306
3417.07800007	1.23008
3418.89900017	1.273503
3420.97800016	1.263368
3423.05900002	1.255374
3424.87899995	1.287582
3426.8599999	1.260134
3429.02799988	0.274399
3431.10899997	1.262975
3432.92799997	1.240517
3435.00699997	1.279423
3437.09000015	1.206465
3438.90899992	1.275278
3440.98799992	1.109563
3443.06900001	1.274018
3444.88800001	1.274018
3446.97199988	1.263668
3449.04900026	1.265203
3451.12700009	1.235417
3452.94899988	1.236686
3455.02799988	1.254175
3457.10899997	1.275765
3458.95500016	1.268065
3461.00900006	1.268065
3463.08800006	0.811494
3464.90899992	0.089694
3466.90300012	1.269784
3469.05900002	0.932288
3470.87800002	1.280865
3472.95800018	1.191515
3475.03000021	1.117045
3477.16900015	1.252018
3478.92799997	0.240437
3481.00900006	1.269301
3483.079	1.293937
3484.88800001	0.508295
3486.96399999	0.103826
3489.0480001	1.29193
3491.12800002	0.02413
3492.94899988	0.871575
3495.03100014	0.013227
3497.10800004	1.162404
3498.92799997	0.951543
3501.0079999	0.587692
3503.08900023	0.0135
3505.17000008	0.685836
3506.98799992	0.846057
3509.89499998	1.039468
3511.86899996	1.222249
3513.57599998	1.151848
3514.90500021	1.261343
3517.12100029	1.266252
3518.94799995	1.274921
3521.01800013	0.314231
3523.09500003	0.035263
3526.4940002	0.002168
3529.30500007	0.068697
3532.09200001	1.029851
3534.898	1.223878
3537.26899981	0.676666
3539.20300007	1.246296
3541.34500027	1.273163
3543.34899998	1.056235
3545.01400018	0.897577
3546.69700027	0.683768
3548.579	1.279862
3550.96000004	1.268407
3554.4849999	0.033243
3557.26899981	0.05183
3560.38800001	0.228214
3561.72399998	0.097982
3562.94899988	1.021405
3563.43099999	1.134137
3564.27200007	1.088858
3565.48900008	0.361485
3566.80299997	0.272804
3568.204	1.166298
3569.37800002	1.346956
3571.19300008	0.836519
3573.01200008	1.079107
3575.0999999	0.174279
3577.16700006	1.090783
3579.24900007	0.024069
3581.24399996	1.286435
3583.14700007	1.275402
3585.11100006	1.039921
3587.0480001	1.267212
3589.12900019	0.280691
3591.20799994	1.266578
3593.02699995	1.258236
3595.10800004	0.779059
3597.18899989	1.196959
3599.26600003	1.094904
3601.08900023	1.205687
3603.16700006	1.137071
3605.24799991	0.876602
3607.06900001	1.190405
3609.148	0.62023
3611.22899985	0.020376
3613.0480001	1.276815
3615.12900019	0.061461
3617.12300014	0.786032
3619.27699995	0.038465
3621.09800005	1.238382
3623.17900014	1.275838
3625.26099992	1.158847
3627.45099998	0.223581
3629.84100008	1.033243
3631.61000013	1.131146
3633.05800009	1.189059
3635.13899994	1.269177
3637.21700025	1.236385
3639.2980001	0.471685
3641.11699986	0.55938
3643.19900012	0.010287
3645.27800012	0.068531
3647.09800005	1.155879
3649.16799998	0.673812
3651.24799991	0.328109
3653.32900023	1.04253
3655.148	1.136319
3657.1420002	0.482627
3659.13499999	0.457282
3661.13000011	0.390681
3663.17700028	1.048248
3665.45900011	0.107404
3668.45299983	0.913733
3670.32499981	0.259677
3672.35599995	0.528325
3673.24900007	1.260303
3675.16700006	1.285874
3677.24900007	0.685897
3679.32900023	1.297366
3681.148	0.45698
3683.227	1.160402
3685.30700016	0.289766
3687.148	1.282183
3689.23400021	0.097797
3691.10800004	1.147855
3693.34600019	0.774232
3695.18099999	1.246695
3697.25800014	0.079774
3699.33800006	0.823061
3701.22000003	0.74724
3703.23800015	0.020014
3705.23099995	0.760334
3707.26600003	0.0087
3709.2190001	0.006351
3711.2980001	0.263624
3713.46500015	0.920449
3715.19700003	1.032103
3717.27800012	0.273731
3719.35699987	1.239407
3721.17599988	1.268576
3723.25700021	0.129979
3725.33599997	0.013935
3727.15699983	0.010763
3729.24100018	1.118032
3731.31699991	1.270639
3733.398	1.289729
3735.18200016	1.20727
3737.29700017	0.01648
3739.37800002	1.240705
3741.19800019	1.244245
3743.27800012	1.05619
3745.35699987	1.089252
3747.17599988	0.586532
3749.24699998	0.131008
3751.32800007	1.259875
3753.31599998	1.265901
3755.22600007	1.207857
3757.30700016	1.261613
3759.21700025	0.787844
3761.56100011	0.304355
3763.28799987	0.856191
3765.3670001	0.042733
3767.18600011	0.195658
3769.26699996	1.281618
3771.34800005	1.098181
3774.05999994	0.411731
3776.44400001	0.972499
3778.51400018	1.398761
3781.19499993	0.92103
3782.99300027	1.258098
3784.19000006	1.256153
3785.45600009	1.2355
3787.20700002	1.252931
3789.29200006	1.137168
3791.3690002	1.254596
3793.45600009	1.118124
3795.27600002	1.152792
3797.35699987	1.272967
3799.43700004	0.253837
3801.25700021	1.298547
3803.33800006	1.249909
3805.41599989	0.399718
3807.23800015	0.026777
3809.31699991	1.177954
3811.39699984	0.220833
3813.21700025	0.564406
3815.29700017	1.231963
3817.37599993	0.736209
3819.45700026	0.653945
3821.27600002	1.209135
3823.37800002	1.258758
3825.46799994	0.486304
3827.50600004	1.302115
3829.32700014	0.793317
3831.40700006	1.261129
3833.48699999	1.262807
3835.30299997	1.275314
3837.38800001	1.063403
3839.35599995	1.144449
3841.28600001	0.610036
3843.40600014	0.114778
3846.16600013	0.396249
3849.51900005	0.008281
3851.39199996	1.132209
3853.76799989	0.316038
3855.77200007	1.13784
3857.38899994	1.045559
3859.17900014	1.222282
3860.70200014	1.21056
3862.18400002	1.269464
3863.68499994	0.429696
3865.46799994	0.400142
3867.55000019	0.010127
3869.35699987	1.002271
3871.88600016	0.900619
3874.63699985	0.605001
3876.60900021	0.749217
3877.86500025	1.259293
3879.49700022	1.306417
3881.31599998	0.009797
3883.39699984	1.288919
3885.477	0.351031
3887.55800009	1.034352
3889.32800007	1.302976
3891.35500002	0.753574
3893.53700018	1.186218
3895.35599995	1.404899
3897.35000014	1.18401
3899.51800013	0.274077
3901.33800006	0.042835
3903.41599989	0.0766
3905.50099993	0.00874
3907.58800006	1.286739
3910.35899997	0.478465
3913.21800017	1.164213
3915.72200012	1.268735
3916.75800014	1.106649
3917.75100017	1.262897
3920.17800021	0.002873
3921.37199998	1.359901
3923.3670001	1.397309
3925.4460001	0.022804
3927.52699995	0.122579
3929.59599996	0.952679
3931.41700029	1.17878
3933.49600005	1.249501
3935.49000001	0.595194
3937.39599991	1.262726
3939.47600007	1.268767
3941.55699992	1.268767
3943.3670001	1.279965
3945.4460001	1.261873
3947.52600002	1.264482
3949.59500003	1.137054
3951.41700029	1.258186
3953.49500012	1.259362
3955.58899999	1.245669
3957.40700006	1.187433
3959.48600006	1.204514
3961.59500003	1.217649
3963.38600016	1.254953
3965.46600008	1.266252
3967.54299998	1.280731
3969.62600017	1.25289
3971.44499993	1.266872
3973.52600002	1.236098
3975.61000013	1.268665
3977.42600012	1.212985
3979.50699997	1.257459
3981.5860002	1.034756
3983.40799999	1.201849
3985.48600006	1.089552
3987.56600022	1.276191
3989.64700007	1.269276
3991.46399999	1.212402
3993.54500008	1.287219
3995.62600017	1.262462
3997.44499993	1.073028
3999.52600002	1.274687
4001.60700011	1.157802
4003.42600012	1.330912
4005.50500011	1.140951
4007.50099993	1.19999
4009.66600013	1.054757
4011.4849999	1.160496
4013.56600022	1.238985
4015.64600015	1.25136
4017.46700001	1.288062
4019.54500008	1.252732
4021.62600017	1.159153
4023.44499993	1.202406
4025.52600002	1.272568
4027.59699988	1.18159
4029.67699981	1.101081
4031.49500012	1.282493
4033.57599998	1.333136
4035.65499997	0.2006
4037.47600007	1.097549
4039.55599999	1.268376
4041.63599992	1.25255
4043.71600008	1.257856
4045.53600001	0.313198
4047.81800008	0.630372
4049.68499994	0.404941
4051.69000006	1.2559
4053.56100011	1.259391
4055.53500009	1.245771
4057.70600009	1.254498
4059.58899999	1.232778
4061.60700011	1.309407
4063.68499994	0.250202
4065.50600004	1.141913
4067.58500028	0.05293
4069.67900014	0.008691
4071.49500012	1.278556
4073.57599998	0.020323
4075.6559999	0.205705
4077.74500012	0.114238
4079.56600022	1.267808
4081.64600015	0.316045
4083.71600008	1.257179
4085.53500009	0.513553
4087.61599994	1.173424
4089.69499993	1.057621
4091.7750001	1.259986
4093.59599996	1.210864
4095.67800021	1.220167
4097.49800014	1.240392
4099.5860002	0.206003
4101.66600013	1.262379
4103.65800023	1.12792
4105.56600022	1.240727
4107.64499998	0.962027
4109.72600007	0.027379
4111.54699993	0.010032
4113.62600017	0.474236
4115.68499994	1.268194
4117.76600003	1.265567
4119.5860002	1.302067
4121.97800016	1.237297
4124.24100018	0.822814
4126.61400008	0.907297
4128.70300007	1.253509
4129.68000007	1.135091
4131.85100007	1.272456
4133.52100015	1.270061
4135.6960001	1.184175
4137.77200007	1.108728
4139.59800005	1.268235
4141.67599988	1.180071
4143.75600004	1.230939
4145.56600022	1.174442
4147.64700007	1.137723
4149.77000022	1.314597
4151.80600023	0.584552
4153.62899995	1.293943
4155.70099998	0.534714
4157.77600002	1.338862
4160.38600016	0.395126
4163.27300024	0.922826
4166.8670001	0.095614
4169.49500012	0.260968
4171.92600012	1.243359
4172.852	0.301954
4173.45500016	1.126911
4175.12200022	1.265547
4176.85599995	1.241526
4178.5	1.269752
4179.61599994	1.258243
4181.6960001	1.204224
4183.7750001	0.809533
4185.62400007	0.010936
4187.67599988	1.013431
4189.82700014	1.313952
4191.82399988	1.292631
4193.64600015	1.146395
4195.7249999	0.477734
4197.81000018	0.003077
4199.62700009	0.46011
4201.69700027	1.291727
4203.7750001	1.156572
4205.85899997	1.262412
4207.67499995	1.100534
4209.75200009	0.010964
4211.82399988	1.17485
4213.90500021	1.251617
4215.71700001	1.268819
4217.796	0.016107
4219.61500001	0.409715
4221.6960001	1.250318
4223.69000006	1.275377
4225.85500002	1.281836
4227.66799998	0.627853
4229.73400021	1.274428
4231.81500006	0.009424
4233.89499998	1.218217
4235.71500015	1.270035
4237.79500008	1.100896
4239.87400007	1.260633
4241.6960001	1.300971
4244.00499988	0.492882
4246.13599992	1.260275
4247.78699994	1.279287
4249.76699996	0.386156
4251.84500003	1.230627
4253.92400002	1.271816
4255.74799991	0.793449
4257.82399988	0.013932
4259.90500021	1.252533
4261.7249999	0.009683
4263.79500008	1.203179
4265.85100007	1.08056
4267.67400002	1.233905
4269.75500011	0.032509
4271.83500004	1.247008
4273.91499996	0.684737
4275.73500013	1.243473
4277.81500006	1.243473
4279.90400004	1.300779
4281.72399998	1.144541
4283.8039999	1.144541
4285.88499999	1.259717
4287.96399999	0.137694
4289.78500009	0.63014
4291.86400008	0.63014
4293.94300008	0.323636
4295.76600003	1.283473
4297.84500003	1.243439
4299.91400003	1.254475
4301.73500013	1.303513
4303.8039999	1.265636
4305.85400009	1.108665
4307.93499994	1.25505
4309.75400019	1.088391
4311.83500004	1.266654
4313.91900015	1.188047
4315.9940002	1.213175
4317.81599998	1.242543
4319.89400005	1.261705
4321.97500014	1.261705
4323.79500008	1.242544
4325.87599993	1.287068
4327.954	1.25185
4329.77400017	0.121852
4331.85400009	1.254276
4333.92499995	1.230127
4336.00399995	1.259206
4337.82500029	1.256814
4339.90400004	0.020413
4341.98500013	1.178352
4343.80200005	0.833372
4345.88800001	1.271288
4347.96499991	1.272267
4349.78500009	1.263026
4351.86500025	1.263026
4353.94400001	0.902407
4356.02899981	1.155474
4357.84800005	1.164475
4359.92499995	0.666093
4362.00399995	1.094134
4363.82299995	1.0742
4365.90400004	0.016445
4367.98799992	1.094987
4369.80499983	1.280801
4371.88499999	1.020684
4373.96499991	1.258924
4375.78500009	0.106561
4377.86400008	1.258837
4379.94400001	1.27056
4381.94700003	1.261181
4383.85400009	1.261181
4385.93599987	0.335343
4388.53299999	0.094357
4390.04299998	0.076227
4392.68600011	1.277177
4393.98500013	0.150605
4396.07599998	0.053368
4397.90500021	0.396802
4399.98500013	0.010189
4402.06299996	0.405261
4403.88499999	0.165379
4405.96499991	0.041264
4408.04499984	0.017733
4409.86400008	0.453138
4411.94500017	1.023758
4414.0250001	1.272972
4415.84500003	0.150844
4417.92499995	0.806345
4420.00600004	0.416649
4422.08200002	1.144287
4423.90400004	1.253906
4425.98500013	1.115577
4428.06399989	1.27068
4429.88499999	1.151512
4431.85400009	1.356236
4433.98300004	1.270943
4436.40200019	1.034849
4438.0769999	0.892457
4440.01300001	1.264751
4442.0940001	1.188183
4443.91499996	1.214569
4445.98399997	0.042035
4448.06299996	1.145681
4449.88400006	1.256594
4451.96499991	1.103334
4453.95700002	1.246496
4455.86300015	1.11238
4457.94500017	0.011653
4459.99800014	1.320019
4461.90200019	0.642662
4463.92499995	0.51414
4466.00399995	0.802062
4468.41400003	0.627934
4470.28200006	0.49445
4471.98600006	0.013777
4474.06299996	0.39669
4476.14400005	0.041051
4477.96399999	0.093266
4480.04399991	1.000035
4482.125	0.027424
4484.05800009	0.836681
4486.14899993	0.030424
4488.61899996	0.94765
4490.85599995	0.628109
4492.27300024	0.895862
4494.08399987	0.40891
4496.16300011	1.084838
4497.98399997	0.472377
4500.06099987	1.150196
4502.05700016	0.483627
4503.96499991	1.24745
4506.04399991	1.302371
4508.125	0.014372
4509.94400001	1.253246
4512.0250001	1.30316
4514.0940001	0.347344
4515.91300011	0.242899
4518.0079999	0.538214
4520.10300016	0.870585
4522.15300012	0.672893
4523.97400022	0.833535
4525.99900007	1.252269
4528.13400006	0.160765
4530.00900006	1.25692
4532.03400016	0.013226
4534.11500001	1.227719
4536.10700011	0.806706
4540.84500003	0.45489
4546.6420002	0.156627
4547.52600002	0.474369
4548.19900012	0.655743
4549.44400001	0.603453
4550.52200007	0.86371
4551.77100015	1.231279
4552.55200005	1.247821
4554.11400008	0.021828
4556.19300008	1.311642
4558.01300001	1.234907
4560.09299994	1.199336
4562.17499995	1.286986
4563.9940002	1.283493
4566.07400012	1.269256
4568.15300012	0.010461
4570.22799993	1.27266
4572.05299997	1.173608
4574.03999996	1.190059
4576.20499992	1.242297
4578.02399993	0.037217
4580.10500026	1.277838
4581.96700001	1.292463
4584.00300002	1.214926
4586.08299994	1.239288
4588.16400003	1.274026
4590.24300003	1.275641
4592.06299996	1.218364
4594.14600015	0.802622
4596.22399998	1.248427
4598.04299998	0.577851
4600.12400007	1.2935
4602.102	0.068643
4604.02399993	1.071151
4606.10300016	1.265751
4608.18899989	1.251209
4610.26099992	0.503501
4612.49000001	1.084497
4614.44499993	1.264108
4616.50300002	1.268358
4618.61599994	1.252723
4620.68700004	1.254646
4622.81999993	1.271318
4625.0150001	0.007253
4627.20300007	1.252916
4629.58099985	1.278469
4631.60400009	1.231334
4633.62600017	1.2531
4635.55000019	1.013987
4637.87899995	0.309322
4639.92700005	1.270842
4642.57599998	0.653122
4644.94899988	1.266678
4647.22899985	0.677434
4649.67400002	1.129295
4652.24300003	1.130683
4653.67599988	1.138706
4655.06600022	1.26838
4656.0860002	1.250286
4657.48300004	1.204439
4658.73199987	1.261562
4660.18300009	1.202352
4662.2650001	0.02705
4665.53400016	0.494575
4666.89199996	1.254783
4669.12900019	1.109234
4670.98799992	1.274637
4672.74899983	0.666966
4674.3130002	1.259045
4676.148	1.245807
4678.12400007	1.277838
4680.20300007	1.238831
4682.28299999	0.143696
4684.36500001	1.21798
4686.48100019	1.267895
4688.26399994	1.271904
4690.34200001	1.211789
4692.16400003	1.25606
4694.24300003	1.250073
4696.32299995	1.261344
4698.14300013	1.258418
4700.22399998	1.280145
4702.30500007	1.264537
4704.38300014	0.475733
4706.20200014	0.369817
4708.28299999	1.279673
4710.352	1.043146
4712.17299986	1.254826
4714.25200009	0.602979
4716.33299994	1.099811
4718.15199995	0.541949
4720.23300028	0.010749
4722.31400013	0.068484
4724.39199996	0.030066
4726.21400023	1.214081
4728.29200006	0.482221
4730.37299991	0.482221
4732.19199991	1.278223
4734.27300024	1.248663
4736.352	1.233119
4738.17299986	1.261277
4740.25400019	1.261277
4742.32299995	1.261277
4744.1420002	1.261277
4746.22300005	1.261277
4748.29999995	1.261277
4750.38300014	1.261277
4752.3900001	1.297707
4755.03800011	0.127816
4757.05400014	0.473373
4759.77000022	1.272706
4760.37400007	1.308955
4762.34200001	0.039169
4764.4230001	1.143859
4766.24699998	0.815692
4768.31900001	1.243725
4770.44400001	1.260413
4772.77100015	0.067368
4775.57800007	0.064832
4777.15300012	0.565694
4778.66899991	0.530355
4781.102	0.134377
4783.34500027	0.00952
4785.55500007	0.675438
4786.50600004	0.47328
4788.35599995	1.205668
4790.43300009	1.209248
4792.25400019	1.338006
4794.33299994	0.018012
4796.41400003	1.207078
4798.45800018	1.228575
4800.60500002	1.254634
4802.39199996	0.01235
4804.38600016	1.269996
4806.29500008	1.268139
4808.37299991	0.208871
4810.454	0.279661
4812.27400017	0.339144
4814.352	0.996257
4816.43599987	1.277287
4818.25200009	0.888061
4820.33299994	1.260915
4822.81800008	0.490181
4824.23300028	1.254772
4826.31699991	0.480774
4828.37299991	0.766857
4830.47300029	0.79373
4832.29200006	1.26998
4834.69400001	0.200892
4836.43199992	1.273422
4838.51300025	1.280771
4840.30600023	1.153635
4842.41299987	1.123146
4844.4920001	1.231831
4846.38500023	1.191631
4848.38800001	0.997608
4850.47199988	1.264298
4852.29200006	0.512891
4854.37299991	1.23256
4856.45299983	1.283416
4858.53299999	1.313042
4860.352	1.261435
4862.43199992	0.047762
4864.51400018	0.853367
4866.33299994	1.261611
4868.41400003	0.244681
4870.87599993	0.01522
4874.22200012	0.177072
4876.77900004	0.356993
4879.546	0.042293
4881.86400008	0.063993
4884.05100012	0.038422
4886.48399997	0.510785
4889.0150001	0.11169
4891.3210001	0.905688
4893.50600004	1.175388
4895.06700015	1.173703
4896.36300015	1.273101
4897.80800009	1.184444
4898.97299981	0.477525
4900.0480001	1.263517
4901.67699981	0.657186
4904.57700014	0.043814
4907.1329999	0.928915
4909.51300025	0.112595
4912.00699997	1.020033
4913.102	1.294448
4915.03400016	0.013798
4916.50500011	0.012583
4917.59699988	1.069918
4918.80700016	0.364354
4920.64900017	0.549986
4922.46300006	1.249354
4924.52100015	0.395266
4926.35899997	0.251379
4928.44100022	1.247452
4930.52200007	1.132851
4932.60100007	0.568449
4934.42200017	1.272374
4936.50200009	1.31111
4938.58099985	1.285294
4940.40300012	1.303996
4942.48200011	1.258806
4944.56200004	1.247532
4946.63199997	1.263872
4948.36400008	1.281307
4950.53200006	1.149606
4952.88300014	0.849748
4955.92000008	0.86679
4958.50200009	0.86583
4961.11699986	1.047879
4963.59599996	0.491336
4965.88800001	0.298524
4968.37899995	0.490481
4971.05400014	0.055453
4972.66400003	0.839588
4973.92600012	0.918471
4974.66899991	1.040178
4975.52499986	1.016359
4976.39199996	1.257894
4978.38600016	0.800651
4980.43199992	1.218473
4982.51000023	1.293347
4984.59100008	0.806992
4986.41199994	1.116385
4988.50300002	1.099019
4990.58099985	1.257941
4992.66200018	1.290137
4994.48200011	1.142508
4996.4849999	1.255087
4998.64100027	1.267697
5000.46300006	0.011255
5002.54699993	0.502764
5004.62099981	0.746694
5006.62300014	0.952624
5008.52499986	1.272524
5010.602	1.248155
5012.68499994	0.655584
5014.50099993	0.303466
5016.51200008	1.182267
5018.66200018	1.090123
5020.48100019	0.833824
5022.56200004	1.156242
5024.63999987	1.271081
5026.46200013	1.254096
5028.54500008	1.096431
5030.62200022	1.247988
5032.70300007	1.261231
5034.48900008	1.279226
5036.48300004	1.259442
5039.84100008	1.066029
5042.91400003	0.302283
5044.52100015	1.096797
5045.85400009	0.578443
5048.70000005	0.009312
5050.18300009	0.72033
5051.97299981	1.053817
5055.01900005	0.004929
5056.90100002	1.246399
5058.33599997	1.209144
5059.47900009	1.25974
5060.60100007	1.090193
5062.5710001	1.288408
5064.65199995	1.227471
5066.73099995	1.120833
5068.46500015	1.271536
5070.63100004	1.234044
5072.71199989	1.254764
5074.53100014	0.370474
5076.69199991	0.016081
5079.32800007	1.383923
5081.11199999	0.556869
5082.59100008	0.036504
5084.49600005	0.98624
5086.57200003	1.183693
5089.41400003	1.254339
5091.56200004	0.674381
5093.00200009	1.2962
5095.18899989	0.539999
5096.73400021	1.247441
5098.55900002	0.462329
5100.51200008	0.416111
5102.61899996	0.487251
5104.67199993	0.041141
5106.75200009	0.465566
5108.57200003	0.52574
5110.65199995	0.022613
5112.73099995	0.938416
5114.55400014	0.759736
5116.57400012	0.013263
5118.71099997	0.96904
5120.55599999	0.016718
5122.61199999	0.28871
5124.83800006	0.471696
5126.92200017	0.521116
5129.16300011	1.032938
5131.023	1.25554
5132.75200009	0.821671
5134.5710001	0.228277
5136.65199995	1.233947
5138.73400021	1.318032
5140.55000019	1.251113
5142.62300014	0.281561
5144.69199991	0.047671
5146.76100016	0.131117
5148.58200002	0.512383
5150.66100001	0.220193
5152.7420001	1.276161
5154.72399998	0.973525
5156.63000011	0.530909
5158.70099998	1.056859
5160.78200006	0.486606
5163.17400002	0.830632
5165.05000019	1.209345
5166.72600007	0.283913
5168.81000018	1.236564
5170.63199997	1.084177
5172.71099997	1.273027
5174.68700004	1.303949
5176.85100007	1.264711
5178.67000008	1.246109
5180.75100017	0.735899
5182.83100009	0.978228
5184.77999997	0.00835
5186.81299996	0.338714
5188.60900021	0.010158
5190.64700007	0.753809
5192.80600023	0.020967
5194.69000006	0.148147
5196.59699988	0.049528
5198.72399998	0.27984
5201.04100013	0.16996
5202.77700019	0.064878
5204.66000009	0.020685
5206.73500013	0.063874
5208.82200003	0.115626
5210.63899994	1.24503
5212.72100019	0.011449
5214.8039999	0.308887
5216.65299988	0.720017
5218.70000005	0.506203
5220.7809999	0.468312
5222.85800004	0.026442
5224.68100023	0.77584
5226.75999999	0.871395
5228.84100008	0.013767
5230.92100024	0.064758
5232.74099994	0.838571
5234.83100009	0.088166
5236.68200016	0.904594
5238.94700003	0.462139
5242.40900016	0.017854
5244.03300023	0.035223
5245.63800001	1.100642
5249.83599997	0.004145
5251.38400006	0.023713
5253.01400018	0.250348
5254.46899986	0.117932
5256.852	0.008159
5258.53000021	0.240631
5260.57599998	1.057166
5261.78900003	0.121848
5262.87800002	1.241393
5264.71000004	1.091958
5266.79100013	0.218863
5269.16799998	0.01236
5271.54500008	1.209344
5273.81299996	0.003431
5276.83800006	0.437492
5279.77200007	0.017862
5280.98200011	1.18829
5281.79699993	1.280855
5282.91000009	1.261018
5284.72900009	0.414585
5286.79999995	0.556623
5288.88100028	0.040384
5290.70000005	0.02124
5292.78299999	0.027428
5294.92200017	0.865722
5296.97900009	0.297385
5298.76200008	0.60869
5300.83000016	0.598674
5302.90300012	0.053121
5304.72100019	0.591668
5306.79999995	0.010636
5308.87999988	0.035857
5310.95700002	0.030505
5312.7809999	1.137354
5314.8599999	0.029036
5316.94000006	0.139339
5318.75900006	0.591755
5320.83999991	0.36455
5322.83000016	0.45907
5324.73000002	0.027417
5326.80900025	0.218208
5328.99800014	0.013023
5330.97400022	0.013962
5332.86600018	0.794381
5335.27400017	0.119035
5337.80100012	0.126973
5339.74099994	0.358198
5341.63800001	0.255143
5343.39100003	0.651494
5345.32700014	0.025526
5346.83800006	0.613363
5348.9000001	1.293415
5350.98399997	0.521237
5352.79999995	0.533102
5354.87999988	1.250575
5357.03100014	0.013244
5358.81200004	0.838851
5360.87100005	1.301474
5362.95000005	0.101843
5364.84800005	0.944422
5366.91599989	0.093349
5368.93199992	0.188197
5371.32600021	0.703823
5372.78600001	0.874393
5375.42600012	0.013664
5377.25500011	1.07847
5378.80900025	1.257466
5380.87999988	0.334721
5382.9610002	0.013422
5385.03999996	0.221118
5386.86099982	0.994892
5388.93599987	0.277977
5391.02099991	0.18978
5392.83899999	1.314058
5394.79900002	1.198932
5396.89499998	0.954599
5398.82399988	0.706969
5400.89900017	1.250322
5402.98000002	1.051876
5405.05900002	1.264192
5406.87999988	0.031412
5408.95900011	1.254006
5411.03999996	0.699194
5412.85700011	0.968803
5414.94000006	1.291001
5417.02099991	1.161512
5419.28399992	0.474513
5420.91300011	0.314056
5422.99900007	1.207024
5425.11300015	1.216649
5426.9000001	0.201861
5429.31500006	1.345862
5431.06099987	1.237946
5432.87000012	1.137361
5434.95000005	0.009557
5437.22000003	1.062095
5439.46099997	0.568393
5441.54299998	1.310454
5443.08800006	1.198516
5445.08900023	1.215968
5446.91000009	1.271421
5448.99000001	1.276893
5451.07000017	1.260428
5452.88900018	1.291314
5455.14600015	1.287887
5457.09200001	1.191808
5458.87000012	1.042446
5460.94899988	0.960427
5463.02899981	1.174718
5465.10700011	1.244428
5466.93000007	1.216439
5469.01400018	0.847643
5471.08900023	1.249114
5472.91100001	1.269185
5474.98899984	1.262829
5477.07000017	0.398764
5479.15100002	1.266077
5480.97900009	0.441106
5483.06099987	1.273455
5485.13899994	1.253373
5486.9610002	1.122071
5489.03900003	0.227395
5491.11999989	1.171414
5492.94000006	1.128858
5495.046	0.853737
5497.09899998	1.070916
5498.92000008	1.190408
5500.99900007	0.847897
5503.08100009	1.230075
5505.14899993	0.011634
5506.97000003	0.616226
5509.04499984	1.255194
5511.12900019	1.261261
5512.94899988	0.404837
5514.94400001	0.482351
5517.11100006	1.249283
5519.18899989	1.248434
5520.92700005	1.308007
5523.09100008	1.239437
5525.15900016	1.23641
5527.81700015	0.012998
5529.45900011	0.997116
5531.33899999	1.010974
5533.35300016	0.329506
5535.45700026	1.057826
5537.13499999	0.21625
5538.93299985	1.046291
5540.93199992	0.033754
5543.08500004	1.276399
5545.19000006	1.241016
5547.01600003	1.241016
5549.08900023	1.27052
5551.17000008	1.29504
5552.96000004	1.261334
5555.07200003	1.276563
5557.15100002	0.30865
5560.27900004	0.563093
5562.22000003	0.053241
5564.0860002	0.575606
5565.13899994	0.975855
5567.01400018	0.007676
5569.08900023	0.740077
5571.17000008	0.043127
5573.70600009	0.33426
5575.75900006	1.090765
5577.00900006	1.185152
5579.25999999	0.614809
5581.01000023	0.061801
5583.08900023	1.249254
5585.17000008	0.023743
5587.25	1.157757
5589.06900001	1.251227
5591.1500001	0.272487
5593.22899985	0.417044
5595.05000019	0.381098
5597.12900019	1.121799
5599.21299982	1.22829
5601.07599998	0.010174
5603.77999997	0.004885
5605.00300002	0.43843
5607.01000023	1.208184
5609.69499993	0.106255
5613.13000011	1.330094
5614.52399993	1.247339
5615.97700024	0.054274
5617.79400015	1.081065
5619.96300006	0.216974
5622.9690001	0.579219
5625.63400006	1.299713
5627.90700006	1.268581
5628.64499998	1.262108
5629.64300013	1.191098
5631.17800021	1.268981
5633.25900006	1.251209
5635.079	1.2719
5637.15900016	1.106289
5639.22899985	1.239682
5641.04900026	0.393743
5643.72300005	0.020913
5646.18200016	0.510321
5649.51300025	0.03542
5652.84200001	1.313307
5654.45900011	0.740445
5655.18899989	0.88265
5656.35599995	0.506468
5657.88300014	0.185051
5659.55999994	1.391751
5661.33100009	1.288022
5663.1500001	1.092464
5665.22799993	1.266758
5667.30900002	1.28281
5669.12800002	0.473937
5671.20900011	1.325157
5673.2900002	0.329363
5675.10899997	0.267648
5677.19000006	1.02567
5679.26899981	0.754794
5681.09000015	1.216582
5683.16900015	0.661278
5685.25	1.289867
5687.33000016	0.010075
5689.44100022	0.260089
5692.49600005	0.009617
5695.42700005	0.621875
5698.125	0.208371
5699.83000016	1.254285
5700.9519999	1.268604
5702.45500016	0.011592
5704.59500003	0.001991
5705.898	0.269479
5707.33999991	0.190776
5709.15900016	0.025888
5711.16600013	0.851124
5713.31800008	1.226846
5715.39900017	0.010115
5717.22799993	0.521725
5719.30900002	1.25225
5721.12800002	1.185073
5723.20900011	1.156946
5725.28799987	0.620541
5727.421	1.244048
5729.18799996	1.199183
5731.26899981	0.039763
5733.34899998	0.119892
5735.16900015	1.271213
5737.80700016	1.250129
5739.63199997	0.162287
5741.52699995	0.493807
5743.29200006	1.23434
5745.21000004	1.269109
5747.37800002	0.826107
5749.19900012	1.26159
5751.27800012	1.264299
5753.35899997	1.127223
5755.16799998	1.279708
5757.25200009	1.116297
5759.32800007	0.056647
5761.14899993	1.225045
5763.22799993	1.237093
5765.30800009	0.071706
5767.38899994	1.263495
5769.20900011	1.226197
5771.2900002	1.210084
5773.17499995	1.129268
5775.18899989	0.053844
5777.26899981	1.124668
5779.34899998	1.261365
5781.16900015	1.305903
5783.25200009	1.317248
5785.32800007	1.228575
5787.40900016	1.269263
5789.66000009	1.233755
5791.3130002	1.242002
5793.30099988	1.314335
5795.7900002	0.806552
5798.25800014	1.359866
5801.42700005	1.116811
5802.04699993	0.630309
5803.26799989	1.223252
5805.34899998	1.264365
5807.42799997	1.199422
5809.24900007	0.990424
5811.31800008	1.197467
5813.23699999	0.971112
5815.47900009	1.268446
5817.29900002	1.262621
5819.37800002	0.75934
5821.45900011	1.281608
5823.27999997	1.259159
5825.35800004	1.261738
5827.43900013	1.265687
5829.36100006	0.386238
5831.33999991	1.272971
5833.31200004	1.095249
5835.49900007	0.91019
5837.3210001	1.022609
5839.40200019	0.856639
5841.47800016	1.036244
5843.29900002	1.022428
5845.37700009	1.049869
5847.454	1.037477
5849.27800012	1.267688
5851.35800004	1.261846
5853.43900013	0.166251
5855.51699996	0.20257
5857.33899999	1.286554
5859.41800022	0.742634
5861.58800006	0.614225
5864.16000009	1.220926
5866.56399989	1.200343
5869.12900019	1.171125
5871.24600005	1.288132
5872.48699999	1.288578
5874.5	1.250653
5876.71400023	1.275483
5877.61400008	1.250327
5879.41800022	1.239178
5881.49800014	1.258387
5883.31800008	1.127658
5885.39699984	1.118414
5887.47900009	1.12127
5889.29900002	1.279406
5891.37899995	1.251221
5893.45800018	1.262447
5895.51999998	0.014709
5898.55400014	0.238164
5900.41100001	1.113103
5902.046	1.292914
5903.56900024	1.266796
5905.38899994	1.09608
5907.47900009	1.26623
5909.55800009	1.143245
5911.37899995	1.082904
5913.46099997	1.285299
5915.53299999	0.539232
5917.35800004	0.247749
5919.43700004	0.187522
5921.51999998	1.206676
5923.60300016	1.130898
5925.41900015	1.265868
5927.49900007	1.282049
5929.579	1.266579
5931.39900017	1.254977
5933.47900009	1.250655
5935.55800009	1.285182
5937.37700009	1.097138
5939.45900011	1.212909
5941.55100012	1.284185
5943.61800003	1.030936
5945.88200021	1.052847
5947.51699996	1.301608
5949.33899999	0.204585
5951.41700029	0.071686
5953.52100015	1.012266
5955.75800014	0.018695
5957.398	0.745315
5959.47800016	0.527417
5961.56200004	0.764343
5963.648	1.09188
5965.38899994	1.02178
5967.39199996	1.254251
5969.62899995	0.30222
5971.43900013	1.133404
5973.54699993	0.830562
5975.68900013	0.035068
5977.84200001	0.02014
5979.74000001	0.26358
5981.579	0.892899
5983.56299996	1.109834
5985.80499983	0.471138
5987.87199998	0.571531
5989.96700001	0.376611
5991.69099998	0.023836
5993.53500009	0.90238
5995.60800004	0.479993
5997.4289999	0.132587
5999.5079999	0.017974
6001.63199997	0.018354
6003.66400003	1.052763
6005.52399993	0.353769
6007.45099998	0.016393
6009.71199989	0.268286
6011.44799995	1.139899
6013.52900028	0.48049
6015.52600002	0.574669
6017.88400006	0.049228
6020.57999992	0.636006
6022.41900015	0.096073
6024.16000009	0.67979
6027.59699988	0.636735
6029.45600009	0.053877
6030.42400002	0.837685
6031.53900003	1.188881
6033.46500015	0.048585
6036.21400023	1.001272
6038.62300014	0.788474
6041.0079999	0.040894
6043.52200007	1.310298
6045.38700008	0.419403
6046.57200003	1.235407
6047.77600002	1.253556
6049.65900016	1.190947
6051.46700001	1.249956
6053.5480001	0.01173
6055.62800002	1.225881
6057.71099997	0.011292
6059.52900028	0.926984
6061.60800004	0.1308
6063.671	0.730235
6065.5079999	0.338155
6067.46600008	0.643652
6069.648	1.286683
6071.45900011	0.684796
6073.53800011	1.300887
6075.61899996	1.259196
6077.68799996	0.578618
6079.50699997	0.004389
6081.7809999	0.265257
6083.66799998	0.987351
6085.53100014	0.68763
6087.6960001	0.341764
6090.36800003	0.002137
6091.88700008	0.119195
6093.87300014	0.043579
6095.58899999	1.095556
6097.70700002	0.843741
6099.51800013	0.011688
6101.59699988	0.013669
6103.67800021	0.349938
6105.49800014	1.210728
6107.57800007	0.678209
6109.65700006	1.14683
6111.73800015	1.309043
6113.55900002	0.822106
6115.63699985	1.102302
6117.7190001	1.267527
6120.61800003	0.367621
6123.42400002	0.032584
6125.48300004	0.024304
6126.6650002	1.050369
6128.87699986	0.039102
6130.95300007	0.281226
6134.64499998	0.018747
6137.2650001	0.091836
6139.35100007	0.689439
6140.41000009	0.206169
6141.24699998	1.101078
6142.32800007	0.152982
6143.64600015	1.127413
6145.81100011	1.115226
6147.62899995	0.339741
6149.70899987	0.326213
6151.53800011	1.088363
6153.60800004	0.057395
6155.95500016	0.604967
6158.398	0.255738
6160.39699984	0.556114
6162.66100001	0.328452
6164.08500004	1.139825
6165.82800007	0.742311
6167.65100002	0.482955
6169.72799993	1.157196
6171.7980001	1.257417
6173.7809999	1.270342
6175.98000002	0.433606
6178.07200003	0.889072
6180.09500003	0.146718
6181.65400004	1.006446
6183.75800014	1.020046
6185.57700014	0.87665
6187.65700006	0.010244
6189.73700023	1.267308
6191.73700023	0.765358
6193.80900025	0.10013
6195.77400017	0.105402
6198.08200002	0.761175
6199.63199997	0.800704
6201.69700027	0.787982
6203.81700015	0.126462
6206.69700027	0.024683
6210.56600022	0.320094
6212.22099996	0.70476
6214.31100011	0.768655
6216.51000023	0.023212
6218.27900004	1.104459
6220.6730001	1.249284
6221.59200001	1.260803
6222.61800003	1.291084
6224.14100003	0.906283
6225.61800003	1.238551
6227.70600009	0.526774
6229.77800012	0.826629
6231.85599995	0.930779
6233.67800021	1.264118
6235.75699997	0.488241
6237.83699989	1.094428
6239.91800022	0.342062
6242.29100013	0.033652
6244.05900002	0.929682
6246.20300007	1.369732
6248.523	1.258247
6250.09299994	1.264179
6251.98000002	0.0077
6253.68700004	1.252005
6255.76799989	1.259064
6257.84700012	0.072234
6259.92700005	1.20548
6261.74699998	0.044683
6263.95300007	1.194313
6265.91800022	1.259228
6267.727	1.119796
6270.15100002	0.820064
6272.05900002	0.708146
6273.70600009	1.254611
6275.78699994	0.416796
6277.86800003	0.89061
6279.67699981	0.019724
6281.75800014	0.439067
6283.84100008	1.027834
6285.90799999	1.207331
6287.727	1.218198
6289.81200004	0.622247
6291.88700008	1.252162
6293.70799994	0.612203
6295.77700019	0.03069
6297.85800004	0.968094
6299.93599987	0.899356
6301.76600003	0.036602
6303.95099998	0.103094
6305.90700006	1.260619
6307.72200012	1.09903
6310.2980001	0.15534
6313.38300014	1.090609
6315.21800017	1.275953
6316.93000007	1.253039
6318.22000003	1.261382
6319.93599987	1.252941
6321.75400019	0.011868
6323.84800005	1.16311
6325.92700005	0.862294
6328.00699997	0.910617
6329.82600021	1.243009
6331.90700006	1.261435
6333.727	1.251939
6335.80700016	0.580484
6337.88600016	1.210851
6339.96700001	0.247442
6341.78699994	1.276816
6343.85800004	1.213027
6345.79999995	1.298279
6348.60500002	1.256664
6349.79500008	1.272336
6351.8670001	1.243119
6353.94700003	1.26005
6355.78799987	1.245397
6359.24100018	0.86752
6360.9920001	0.713364
6362.0710001	0.009553
6363.82600021	1.232577
6365.90700006	1.117182
6367.98799992	1.279158
6369.8039999	1.266532
6371.88800001	1.23333
6373.9690001	0.567
6376.15100002	0.006047
6379.76399994	0.852193
6382.04499984	0.846408
6383.35400009	0.873919
6384.73400021	1.258805
6385.92799997	1.161124
6388.00699997	1.225904
6389.79699993	1.264768
6391.87599993	1.259567
6393.95600009	1.069422
6396.03699994	1.084497
6397.87000012	1.26797
6399.94700003	0.011805
6402.02600002	1.054359
6403.84700012	1.271223
6405.91599989	1.117281
6407.99699998	1.255173
6409.81599998	1.265924
6411.93000007	0.003365
6413.91800022	1.258262
6416.04699993	1.2691
6417.86600018	0.975748
6419.9460001	0.507386
6421.94000006	1.266435
6423.84700012	1.256979
6425.91599989	1.280208
6427.99699998	1.267924
6430.07800007	1.089944
6431.89700007	1.201482
6433.9690001	1.290989
6436.046	1.141214
6437.86600018	1.264149
6439.93700027	1.233976
6442.01600003	1.240347
6444.09599996	1.121986
6445.91599989	1.158064
6447.99500012	1.27734
6450.06600022	1.250446
6451.88700008	1.261548
6453.96600008	1.183532
6456.046	0.552577
6457.86600018	1.266917
6459.9460001	1.251947
6462.02699995	1.174802
6464.10899997	0.805576
6465.92799997	0.897868
6468.00699997	0.379646
6470.0	1.258383
6471.90600014	0.145366
6473.98699999	0.851092
6476.46799994	0.753655
6479.81500006	0.978971
6482.352	0.227343
6483.93000007	0.21349
6486.66899991	1.089087
6488.57400012	1.111708
6490.49800014	0.327399
6491.76499987	1.262012
6493.69099998	0.027428
6495.12100029	0.63205
6498.26899981	0.001697
6500.07500005	0.666773
6502.20499992	1.11738
6504.16600013	1.079665
6506.33800006	0.009752
6507.93599987	1.257201
6510.12900019	0.122743
6511.01300001	1.151445
6512.39900017	1.039282
6514.03100014	0.542516
6516.09599996	1.1747
6517.91599989	1.261142
6519.99600005	1.082574
6522.375	0.019581
6524.54200006	1.063312
6526.18600011	0.050771
6528.046	0.04195
6530.12700009	1.176001
6531.93599987	1.271098
6534.01800013	1.217399
6536.09599996	1.101125
6538.17700028	0.482398
6539.98600006	1.200538
6541.97900009	1.073295
6544.14600015	0.952558
6545.96700001	0.387531
6548.046	0.409585
6550.14600015	0.187149
6552.05299997	0.020384
6554.01800013	0.094931
6555.98699999	0.00153
6558.17700028	0.664887
6559.99699998	1.250886
6562.07599998	0.432902
6564.15699983	1.211009
6565.97600007	0.008351
6568.05700016	1.138711
6570.13599992	1.277383
6572.21700025	0.216683
6574.03600001	0.010404
6576.11800003	1.265155
6578.1960001	1.225141
6580.0170002	1.204442
6582.09700012	1.311834
6584.17800021	0.339865
6585.99600005	0.715999
6588.07800007	0.792286
6590.15699983	0.171454
6592.23600006	0.304909
6594.05700016	1.041567
6596.13599992	0.023946
6598.22000003	0.410244
6600.03600001	1.260589
6602.1500001	1.271129
6604.19499993	0.90938
6606.0170002	0.434819
6608.09599996	1.249903
6610.17599988	0.474219
6612.28200006	0.012905
6614.0769999	1.280953
6616.17599988	1.228825
6618.24600005	1.253438
6620.06800008	1.261597
6622.14600015	0.405203
6624.22600007	0.535867
6626.046	1.021572
6628.12600017	1.164236
6630.20600009	1.245178
6632.28499985	1.25667
6634.10700011	1.224515
6636.18600011	1.283496
6638.26699996	0.48265
6640.0860002	1.288501
6642.16700006	0.158844
6644.24699998	1.290123
6646.06600022	0.353415
6648.13599992	1.09471
6650.21600008	1.194633
6652.29500008	1.277952
6654.11599994	1.277952
6656.1960001	1.194328
6658.27600002	0.311936
6660.09500003	1.264334
6662.08500004	1.264334
6664.25600004	0.284328
6666.07599998	0.146966
6668.22500014	0.36596
6670.23600006	0.058826
6672.31699991	0.013168
6674.14500022	0.06313
6676.22099996	0.05157
6678.28799987	0.172351
6680.10700011	0.018214
6682.18500018	1.252313
6684.26600003	0.279606
6686.34500027	1.252505
6688.16600013	1.146812
6690.24499989	1.059034
6692.32600021	1.291562
6694.12600017	1.243654
6696.204	1.243654
6698.28699994	1.253607
6700.10500026	1.247704
6702.18600011	0.870543
6704.26699996	1.233269
6706.34500027	0.012969
6708.16600013	0.039682
6710.24499989	1.245368
6712.31900001	1.191037
6714.13499999	1.166691
6716.21700025	0.339121
6718.46899986	0.953736
6720.11599994	1.249036
6722.19400001	1.155891
6724.2750001	1.155891
6726.35800004	0.039174
6728.17499995	0.620743
6730.25900006	0.473726
6732.32499981	0.55528
6734.14500022	0.587713
6736.22500014	1.267766
6738.35000014	1.267605
6740.38500023	0.243518
6742.20600009	0.128173
6744.28299999	1.22961
6746.36600018	1.267822
6748.18500018	1.091083
6750.2650001	0.033013
6752.34500027	0.634165
6754.41599989	1.272786
6756.23500013	1.202875
6758.31599998	0.703041
6760.38899994	0.71304
6762.65499997	0.015411
6764.25400019	1.208706
6766.375	1.248509
6768.1960001	0.601955
6770.2750001	0.046841
6772.35599995	0.041911
6774.43499994	0.021609
6776.25600004	0.182304
6778.33500004	0.619837
6780.41400003	0.031632
6782.23500013	0.404602
6784.31599998	1.22273
6786.39499998	0.067279
6788.21600008	0.024978
6790.7980001	0.02737
6793.75	0.517273
6796.46899986	0.006844
6799.352	0.018836
6801.65100002	0.879545
6803.6500001	1.312526
6805.28900027	0.22367
6806.94400001	0.011983
6808.57599998	0.903863
6810.0250001	0.657965
6810.97299981	0.219655
6812.38400006	0.609505
6814.20600009	0.911278
6816.28499985	0.482871
6818.36500001	0.02748
6820.35899997	1.180752
6822.26600003	0.11756
6824.33400011	0.009275
6826.31500006	1.124056
6828.23500013	1.102607
6830.31500006	1.23604
6832.39599991	1.016157
6834.46500015	0.99943
6836.56100011	0.837864
6838.33999991	0.196439
6840.46500015	0.53306
6843.98099995	0.163957
6846.62700009	0.010474
6848.31599998	1.220199
6849.48699999	1.370985
6850.41199994	1.299108
6852.39599991	0.173699
6854.47500014	0.396884
6856.29999995	0.962962
6858.375	0.391841
6860.45500016	1.22189
6862.53500009	1.091875
6864.4230001	1.259878
6866.43599987	0.498543
6868.43000007	0.473957
6870.33500004	0.601356
6872.41499996	1.116612
6874.49600005	1.25925
6876.31100011	0.559774
6878.39599991	0.378532
6880.47500014	1.053162
6882.296	0.015124
6885.14300013	0.942804
6887.90200019	0.010361
6889.94099998	0.985938
6891.15100002	1.238817
6892.43400002	1.133366
6894.50600004	0.048211
6896.32499981	0.0577
6898.40499997	0.21254
6900.48399997	0.178551
6902.34299994	0.092804
6904.90100002	0.466978
6906.43300009	0.216224
6908.54500008	1.068452
6910.36500001	0.856637
6912.44499993	0.402742
6914.52499986	1.231944
6916.34299994	0.482688
6918.42500019	0.016589
6920.50500011	0.77326
6922.32499981	0.026363
6924.40600014	0.033774
6926.48600006	0.023116
6928.56499982	0.955464
6930.38899994	0.081031
6932.46500015	0.013207
6934.54900002	0.039675
6936.36500001	0.016525
6938.45299983	0.285085
6940.76600003	0.102341
6943.20900011	0.773227
6945.78799987	0.166254
6948.0650003	0.926723
6950.28900027	0.652249
6952.44700003	0.416594
6954.32800007	1.052284
6955.78200006	0.042514
6957.23000002	1.074153
6959.09500003	0.121997
6960.86600018	0.516924
6962.38600016	1.179065
6964.38700008	1.162021
6966.50500011	1.156842
6968.58500028	1.078286
6970.37999988	0.116128
6973.33500004	0.111599
6974.53500009	1.260054
6976.35500002	1.131151
6978.43900013	1.255198
6980.53100014	0.246853
6982.60400009	0.03473
6984.41400003	1.260965
6986.49500012	1.04896
6988.56399989	1.219881
6990.64499998	0.26905
6992.46399999	1.239183
6994.54500008	1.27956
6996.62500024	1.260629
6998.44499993	1.229804
7000.52699995	0.047886
7002.41100001	0.521208
7004.42400002	1.258538
7006.91599989	0.3035
7008.58500028	1.26993
7010.40400004	0.614159
7012.4849999	1.236015
7014.56399989	0.080112
7016.64400005	1.300875
7018.46399999	1.105479
7020.54500008	1.206276
7022.62500024	1.289382
7024.53999996	1.263405
7026.45800018	1.278816
7028.92400002	0.64444
7030.82600021	0.9676
7032.53100014	0.980075
7034.60500002	0.918463
7036.42600012	0.162507
7038.50399995	0.746294
7040.579	1.242625
7042.66400003	0.064883
7044.48300004	1.255075
7046.56700015	0.47378
7048.64499998	1.270544
7050.71400023	1.285938
7052.53500009	1.285479
7054.61400008	1.254275
7056.69499993	1.167966
7058.51400018	1.125901
7060.59500003	1.307072
7062.67499995	1.264039
7064.49300003	1.222335
7066.57599998	1.299344
7068.65499997	1.265049
7071.44000006	1.016652
7073.49700022	0.561778
7075.90600014	1.075501
7077.75699997	0.957828
7079.6420002	0.887631
7082.05400014	1.255741
7083.98300004	0.165101
7085.352	0.497651
7086.50699997	1.072555
7088.648	1.205484
7090.72300005	0.673754
7092.54399991	0.058441
7094.62500024	0.474476
7096.704	0.015633
7098.52499986	0.013917
7100.60400009	0.027455
7102.68499994	1.208234
7104.50399995	1.250904
7106.61000013	0.664466
7108.6650002	1.257785
7110.74399996	0.018746
7112.56499982	1.166502
7114.64400005	1.016005
7116.7249999	1.267975
7118.54399991	1.214355
7120.62300014	1.23538
7122.70300007	0.663468
7124.52699995	1.230848
7126.59500003	1.255941
7128.67400002	0.933421
7130.75300026	1.246826
7132.56499982	1.271139
7134.64400005	1.205198
7136.7249999	1.25384
7138.80499983	1.226863
7140.68600011	0.350991
7142.875	0.38105
7145.90300012	0.018699
7147.76300001	0.608293
7149.579	0.716161
7151.2750001	0.058609
7153.75200009	1.265477
7156.21000004	1.044945
7157.66600013	0.931962
7159.65499997	1.193777
7160.72200012	1.30267
7162.71500015	0.018478
7164.79400015	1.257232
7166.61299992	1.236582
7168.69299984	1.050746
7170.68300009	1.254669
7172.5940001	0.018987
7174.67400002	1.274583
7176.75300026	0.01984
7178.57500005	0.079801
7180.65400004	0.568193
7182.73400021	0.017476
7184.80499983	0.485124
7186.62500024	0.625306
7188.70300007	0.264177
7190.78399992	0.064952
7192.60300016	1.182177
7194.68499994	1.104464
7196.76300001	0.244995
7198.8440001	0.705916
7201.15499997	0.027377
7202.80800009	0.090049
7204.82399988	0.473587
7206.64400005	1.127398
7208.72399998	0.169999
7210.80299997	1.052394
7212.62500024	0.553921
7214.70300007	0.276311
7217.11300015	1.282505
7218.85800004	0.310084
7220.68400002	1.134757
7222.76799989	0.081492
7224.84299994	1.184191
7226.66300011	0.435326
7228.74300003	0.479463
7230.82600021	0.059631
7232.64900017	0.016287
7234.72399998	0.911203
7236.80299997	0.052823
7238.88300014	0.859674
7240.70300007	1.05499
7242.69700027	0.474023
7244.86400008	1.256946
7246.68300009	1.266245
7248.76399994	0.482444
7250.84299994	0.01016
7252.6650002	0.563591
7254.74300003	1.229828
7256.82399988	1.251564
7258.90300012	1.284049
7260.76100016	1.038059
7262.80299997	1.258277
7264.88400006	0.152954
7266.70300007	0.056189
7268.78399992	1.285381
7270.85299993	0.030972
7272.67800021	1.285279
7274.74300003	0.021745
7276.82399988	0.474008
7278.89299989	0.026305
7280.71400023	0.127261
7282.79300022	0.011165
7284.87400007	0.003016
7287.33800006	0.141485
7289.90500021	0.944907
7291.18099999	0.576193
7292.93299985	0.009983
7294.75500011	0.025592
7296.83400011	0.013718
7298.91400003	0.249759
7300.73400021	0.662827
7302.81700015	1.249592
7304.89299989	0.116805
7306.71400023	0.027939
7308.79300022	0.088383
7310.87400007	0.477461
7312.954	0.094866
7314.76399994	0.010577
7316.83300018	0.936786
7318.91400003	0.016017
7320.74300003	0.009023
7322.82299995	1.233815
7324.90300012	0.474402
7326.72399998	0.888833
7328.8039999	0.13985
7330.88300014	0.466516
7332.96399999	0.486899
7334.773	1.269987
7336.85400009	1.222556
7338.9230001	1.042507
7340.74699998	1.276763
7342.82399988	0.162201
7344.87199998	0.024619
7346.98300004	1.258375
7348.81400013	1.271899
7350.89700007	1.13928
7352.83500004	0.360556
7354.79300022	0.454792
7356.87300014	1.261841
7358.954	1.303841
7360.77400017	1.072898
7362.852	0.260653
7364.93299985	1.160503
7367.01400018	0.16857
7369.28399992	0.194171
7371.13999987	1.165943
7372.99699998	0.730019
7374.81500006	0.01835
7376.89599991	0.606476
7378.97299981	0.013028
7380.79200006	1.274605
7382.87300014	1.263434
7384.954	1.101213
7386.773	1.264822
7388.83200002	0.008821
7390.91300011	1.252772
7392.9920001	0.473598
7394.81299996	1.253614
7396.89199996	1.16828
7398.97299981	0.256978
7401.05200005	1.266504
7402.87300014	0.388755
7404.95300007	1.005406
7407.03300023	0.02004
7408.85400009	0.881047
7410.84500003	0.482691
7413.01300001	0.0201
7414.83200002	1.274518
7416.91300011	1.107787
7418.98300004	1.418726
7421.06299996	1.260505
7422.88200021	1.254587
7424.96300006	1.287856
7427.04200006	0.860766
7428.86300015	1.25874
7430.94500017	1.148376
7433.023	1.148376
7434.84200001	1.148376
7436.9230001	1.279864
7439.00699997	1.264456
7440.82299995	0.468438
7442.90400004	0.840224
7444.97299981	0.013789
7447.05299997	1.18958
7448.87300014	1.136466
7450.95800018	0.899342
7453.023	0.215479
7454.8440001	1.18251
7456.9230001	0.410713
7458.90600014	1.027899
7461.07300019	0.008693
7462.89199996	0.009892
7464.97299981	0.526354
7467.05299997	1.290751
7469.19400001	0.067987
7470.95700002	0.11613
7473.03200006	0.384099
7475.11599994	0.355627
7476.93400002	0.071663
7479.01300001	1.275898
7481.09299994	0.042207
7482.91300011	0.47032
7484.99699998	1.053352
7487.07200003	0.138064
7488.89299989	1.228244
7490.97299981	0.344761
7493.05299997	0.463475
7495.13400006	0.009679
7496.95300007	0.271532
7499.03400016	0.033649
7501.11199999	0.192848
7502.93199992	0.473911
7505.00300002	1.167889
7507.05999994	0.020693
7509.12200022	1.157669
7510.94500017	1.120116
7513.0250001	1.278156
7515.102	1.251289
7516.92200017	1.22512
7519.00300002	1.264018
7521.08299994	1.259785
7523.16200018	0.009262
7524.98300004	1.187138
7527.06200004	1.262166
7529.14300013	1.270042
7530.96499991	1.255833
7533.05900002	0.01109
7535.11199999	0.01006
7536.93599987	0.419314
7539.01200008	1.26057
7541.09299994	0.121065
7543.17299986	0.698955
7545.00200009	1.265407
7547.0769999	1.074153
7549.15199995	1.180972
7550.97199988	1.221953
7553.05200005	1.132654
7555.1329999	1.258994
7556.95300007	1.258994
7559.02699995	1.09568
7561.11199999	1.16568
7563.19300008	1.241124
7565.01200008	1.262404
7567.09200001	1.262404
7569.0860002	1.262404
7570.9920001	0.055202
7573.07300019	1.278448
7575.13899994	0.042698
7576.96200013	1.263958
7579.03300023	0.473769
7581.11500001	1.28232
7583.19199991	1.28232
7585.01100016	1.217866
7587.09200001	1.217866
7589.17299986	1.217866
7591.25100017	1.172672
7593.0710001	1.172672
7595.15199995	1.231835
7597.23600006	1.231835
7599.04200006	1.255737
7601.12100029	1.255737
7603.20100021	1.255737
7605.023	1.245934
7607.10099983	1.245934
7609.17800021	1.327435
7611.00200009	1.327435
7613.08299994	1.246209
7615.16200018	1.269759
7617.15900016	0.467551
7619.06200004	1.260835
7621.1420002	1.165943
7623.22300005	1.290623
7625.30299997	1.294096
7627.12300014	1.281155
7629.20200014	1.028113
7631.023	1.130235
7633.0999999	1.256629
7635.18200016	1.185236
7637.26099992	1.110077
7639.08299994	1.293622
7641.07400012	1.249001
7643.2420001	1.165932
7645.06099987	0.497779
7647.1420002	1.09147
7649.22200012	1.154299
7651.03300023	1.082454
7653.14600015	1.277034
7655.19199991	1.277034
7657.27300024	1.269735
7659.09299994	1.256748
7661.17299986	0.473766
7663.25100017	0.051088
7665.24499989	1.179115
7667.15199995	0.804219
7669.22300005	1.130164
7671.30099988	0.702861
7673.12300014	0.021631
7675.20200014	0.955611
7677.35400009	1.089069
7679.09200001	0.915387
7681.17299986	1.186283
7683.25400019	0.581892
7685.33200002	0.927261
7687.15100002	0.454545
7689.22600007	0.338957
7691.3130002	1.11768
7693.13199997	0.026474
7695.21299982	1.177469
7697.29200006	1.269565
7699.11100006	1.261834
7701.19199991	0.252721
7703.27200007	0.504654
7705.09200001	1.287089
7707.171	0.913366
7709.25100017	1.20564
7711.32200003	1.231935
7713.1420002	0.021142
7715.22200012	1.22586
7717.30299997	0.01117
7719.12200022	0.062538
7721.20100021	0.20994
7723.27800012	0.483208
7725.36300015	0.008714
7727.18000007	0.094566
7729.26300001	1.195698
7731.34200001	1.253281
7733.16100025	1.254351
7735.2420001	1.238871
7737.23699999	1.230071
7739.40400004	1.105006
7741.22300005	1.278
7743.30299997	0.515432
7745.3809998	0.515432
7747.19700003	0.482482
7749.28200006	1.289741
7751.36300015	1.237877
7753.18200016	1.249456
7755.26099992	1.121039
7757.34200001	0.050022
7759.227	0.298446
7761.24100018	0.474345
7763.32299995	1.183242
7765.40900016	1.154061
7767.23400021	0.429948
7769.2980001	1.053625
7771.48300004	0.633488
7773.45800018	1.26324
7775.27200007	1.26324
7777.34099984	0.676336
7779.16100025	0.905477
7781.24100018	0.713167
7783.32200003	0.206835
7785.40100026	1.250485
7787.22200012	1.288647
7789.30200005	1.127461
7791.38200021	1.127461
7793.46200013	1.259344
7795.28499985	0.042249
7797.36200023	1.269586
7799.44100022	0.769636
7801.25999999	1.264019
7803.40100026	1.320323
7805.41199994	1.191685
7807.23500013	1.24397
7809.27699995	0.37439
7811.3809998	0.355376
7813.46300006	0.03241
7815.28100014	1.207971
7817.36200023	0.014847
7819.44100022	0.473949
7821.26200008	0.009095
7823.35300016	0.418421
7825.20300007	0.010344
7827.26200008	1.239997
7829.3440001	1.090563
7831.41199994	0.938865
7833.29100013	1.261495
7835.30099988	0.020454
7837.3809998	0.169883
7839.46300006	0.501844
7841.28200006	0.094385
7844.64600015	0.221108
7847.62200022	0.079881
7849.82099986	0.013854
7851.93199992	0.111266
7853.47099996	0.89075
7855.50899982	0.848611
7857.773	0.911439
7860.3599999	0.32523
7862.16400003	0.474096
7864.82299995	0.518611
7867.28799987	0.469022
7867.62200022	0.270216
7868.50500011	0.294718
7869.97700024	0.013712
7871.55800009	0.03978
7873.46099997	0.041141
7875.28100014	0.69464
7877.36100006	0.105015
7879.43099999	1.188373
7881.51100016	1.064667
7883.33100009	1.25488
7885.41199994	0.011755
7887.4920001	0.082401
7889.31200004	1.119454
7891.38500023	0.471903
7893.46099997	1.176128
7895.54200006	1.258792
7897.36100006	0.125199
7899.44000006	0.020406
7901.52100015	0.565696
7903.34500027	1.252111
7905.42000008	1.252487
7907.50099993	1.264852
7909.3210001	1.26369
7911.40100026	1.249331
7913.48000002	1.249331
7915.57200003	0.474436
7917.37999988	1.252224
7919.46099997	0.127263
7921.54200006	1.244182
7923.36500001	1.287019
7925.44100022	0.86924
7927.51999998	1.143893
7929.33999991	1.270368
7931.421	1.118327
7933.53400016	1.07418
7935.58200002	1.282952
7937.40100026	1.291119
7939.48000002	0.023618
7941.56100011	1.244866
7943.38400006	1.226605
7945.46099997	1.254222
7947.54099989	1.265219
7949.36100006	1.283318
7951.44200015	1.287592
7953.52100015	1.242307
7955.602	1.176778
7957.42000008	1.181909
7959.50099993	1.245912
7961.57999992	1.251418
7963.40200019	0.013275
7965.48100019	1.285806
7967.47300029	0.96109
7969.37999988	1.262424
7971.46099997	1.252962
7973.54099989	1.25892
7975.36400008	0.595824
7977.44200015	1.287496
7979.51999998	1.289305
7981.60100007	1.153988
7983.41100001	1.259619
7985.4920001	1.119442
7987.56100011	1.299169
7989.63499999	1.263805
7991.46099997	0.872351
7993.54099989	1.291487
7995.61999989	1.291487
7997.44400001	1.291487
7999.51999998	1.302543
8001.60100007	0.482798
8003.42000008	1.222808
8005.50099993	1.119972
8007.58200002	1.31121
8009.65700006	1.094579
8011.48600006	1.178674
8013.55999994	1.200858
8015.55500007	1.260468
8017.46099997	1.141012
8019.53999996	1.306958
8021.61999989	1.101926
8023.44100022	1.299141
8025.51999998	1.271867
8027.5999999	1.241536
8029.67900014	1.129661
8031.50099993	1.261372
8033.57999992	1.274286
8035.66000009	1.23524
8037.47800016	0.00792
8039.47400022	0.529079
8041.64100027	1.168492
8043.46099997	1.281892
8045.54099989	1.221961
8047.61999989	1.269058
8049.44100022	1.190147
8051.51999998	1.181736
8053.59699988	1.314082
8055.68499994	1.242856
8057.49900007	1.24605
8059.58099985	1.25555
8061.66000009	1.25555
8063.48200011	0.677504
8065.55999994	1.32764
8067.64300013	1.24095
8069.46099997	1.268663
8071.53900003	1.275452
8073.61999989	0.339936
8075.70099998	1.257711
8077.51900005	0.275854
8079.60100007	0.577732
8081.68300009	0.78799
8083.50099993	0.013971
8085.58200002	1.258848
8087.57200003	1.118202
8089.74000001	1.176953
8091.55999994	1.176953
8093.64100027	1.250021
8095.72000003	1.297713
8097.53700018	1.223662
8099.61999989	0.245346
8101.704	0.298759
8103.51999998	0.351502
8105.5999999	0.26004
8107.68100023	0.473963
8109.75	1.256533
8111.57000017	1.222464
8113.6500001	0.909346
8115.73099995	0.190187
8117.55000019	0.002892
8119.62899995	0.010195
8121.71000004	0.272276
8123.7809999	0.020034
8125.60100007	0.010628
8127.67900014	1.075833
8129.76499987	0.459444
8131.57999992	0.010348
8133.66400003	0.00992
8135.74099994	0.176956
8137.55999994	0.644083
8139.64100027	1.245966
8141.72300005	0.880373
8143.80100012	0.267705
8145.61999989	1.288362
8147.70500016	0.754225
8150.31100011	1.261863
8151.70799994	1.261392
8153.68100023	1.252671
8155.75900006	1.300575
8157.58399987	0.011107
8159.57200003	1.267579
8161.74000001	1.212167
8163.55999994	1.20979
8165.63999987	1.239736
8167.72000003	1.273769
8169.76900029	0.845191
8172.05500007	1.133414
8174.00399995	1.242804
8175.88700008	1.250105
8177.81700015	1.170914
8179.63999987	1.281447
8181.70700002	0.759569
