0.0	1.226066
0.96399974823	0.247731
1.70900011063	0.002974
1.88999986649	0.784412
2.21300005913	1.778922
2.72600007057	1.59395
3.44900012016	1.843631
4.04200005531	1.423431
4.88999986649	0.694723
5.71799993515	0.345897
6.35299992561	2.619329
8.32399988174	0.711133
10.3229999542	1.34364
12.3489999771	0.042811
14.3639998436	0.503552
16.3619999886	0.064528
18.3410000801	0.348359
20.3229999542	0.028211
22.3299999237	0.23963
24.3380000591	0.433608
26.5749998093	1.730854
28.6309998035	0.041499
30.5729999542	0.038707
32.5729999542	0.348703
34.5879998207	2.518401
36.5749998093	2.512105
38.5899999142	2.556512
40.6019999981	2.012901
42.5729999542	2.529346
44.5749998093	0.009904
46.4660000801	0.609119
48.5729999542	0.063859
50.5729999542	0.142471
52.5749998093	1.962068
54.5760002136	0.451653
56.5780000687	0.042736
58.6519999504	0.005449
60.5739998817	2.092039
62.5739998817	2.09592
64.5729999542	0.120947
66.5799999237	1.234707
68.5799999237	0.346623
70.4809999466	1.041976
72.6119997501	0.011429
74.5719997883	0.009812
76.5799999237	0.559225
78.6000001431	0.150186
80.5869998932	0.029301
82.5820000172	0.237436
84.6349999905	0.247471
86.5760002136	1.017537
88.5749998093	1.594294
90.5959999561	0.750639
92.5739998817	0.7442
94.513999939	1.728546
96.5719997883	0.01034
98.5729999542	0.035803
100.571999788	1.338557
102.595999956	0.137684
104.571999788	0.847232
106.588999987	1.531294
108.58100009	0.746911
110.619999886	1.246934
112.683999777	0.182897
114.571999788	0.012064
116.576000214	0.905449
118.506000042	1.310592
120.609999895	1.401855
122.573999882	0.412926
124.585000038	1.266084
126.617000103	1.35422
