0.0	2.131562
0.143000125885	3.271135
0.297999858856	3.271135
0.445999860764	3.271135
0.625	3.271135
0.837999820709	3.77879
1.05099987984	4.328421
1.4849998951	1.590269
2.08999991417	3.033863
3.47600007057	4.654666
5.48299980164	2.302485
7.507999897	3.479998
9.48399996758	0.049667
11.4809999466	1.336501
13.4909996986	1.18983
15.4729998112	3.674376
17.4909996986	4.237914
19.4169998169	0.197566
21.4849998951	1.619433
23.4800000191	1.619433
25.4879999161	0.770308
27.4859998226	1.409699
29.4769999981	0.706432
31.4790000916	2.73344
33.4879999161	0.133719
35.4839999676	0.812365
37.4790000916	0.92378
39.4800000191	0.311185
41.4809999466	2.150243
43.4839999676	0.252503
45.4800000191	0.002567
47.4899997711	2.027703
49.5209999084	0.606169
51.5480000973	0.368943
53.4779999256	0.691835
55.4800000191	1.115983
57.4839999676	0.074659
59.4899997711	1.318052
61.4779999256	3.832152
63.4909996986	4.191068
65.4909996986	1.096472
67.4889998436	4.557562
69.4919998646	1.386888
71.4849998951	1.637684
73.496999979	1.421333
75.4859998226	1.446241
77.4889998436	0.645575
79.4859998226	0.360874
81.4859998226	0.140089
83.4819998741	1.773101
85.4859998226	0.513709
87.4809999466	1.777291
89.4960000515	0.538096
91.4769999981	3.608898
93.4790000916	4.243208
95.4809999466	0.874796
97.4849998951	2.745555
99.4909996986	0.869949
101.477999926	1.263436
103.484999895	2.065001
105.476999998	1.542756
107.486999989	3.050559
109.484999895	0.85269
111.479000092	0.790035
113.485999823	4.646334
115.487999916	3.889897
117.484999895	4.655568
119.481999874	4.50407
121.486999989	0.133846
123.482999802	0.111819
125.489999771	0.815659
127.549000025	0.208631
129.485999823	4.169845
131.729999781	4.534654
133.495000124	4.294556
135.737999916	4.365424
137.486999989	0.996336
139.736999989	0.064623
141.493999958	4.25552
143.730999708	0.881277
145.737999916	0.992717
147.740999937	2.97363
149.726999998	4.462763
151.74000001	0.433156
153.732999802	4.688632
155.732999802	1.962604
157.729999781	0.924536
159.732999802	1.877012
161.727999926	4.878788
163.727999926	0.033795
165.743000031	2.908898
167.730999708	1.019447
169.732999802	4.641162
171.741999865	1.634723
173.736000061	1.491939
175.736999989	4.782459
177.736000061	2.246931
179.735000134	5.053626
181.726999998	5.053626
183.731999874	5.053626
185.729999781	5.274964
187.740999937	4.516618
189.728999853	3.812161
191.737999916	2.829587
193.74000001	5.624186
195.736000061	4.355915
197.728999853	1.683588
199.74000001	4.904821
201.738999844	3.288817
203.804999828	1.484026
205.818999767	4.152204
207.737999916	0.049297
209.736000061	3.202912
211.731999874	1.145078
213.735000134	4.696168
215.743000031	0.730198
217.738999844	2.303726
219.737999916	4.176861
221.737999916	4.552285
223.743999958	4.29951
225.740999937	4.594054
227.736000061	4.847618
229.733999968	3.042617
231.731999874	4.026896
233.738999844	0.466411
235.729999781	4.326642
237.735000134	4.326642
239.732999802	2.257037
241.743000031	2.511449
243.737999916	4.117948
245.74000001	4.260933
247.733999968	4.264657
249.74000001	1.070069
251.735000134	4.636667
253.733999968	4.636667
255.745999813	3.882554
257.728999853	1.693796
259.74000001	4.585167
261.728999853	4.824119
263.727999926	4.601378
265.74000001	1.189933
267.726999998	3.744109
269.750999928	4.816601
271.726999998	4.788431
273.729999781	3.292303
275.727999926	2.614322
277.769999743	4.665555
279.780999899	4.665555
281.730999708	1.209782
283.743999958	3.586138
285.736999989	1.346754
287.749999762	0.994049
289.743000031	0.954699
291.732999802	1.527699
293.728999853	1.15568
295.747999907	3.784825
297.729999781	0.03139
299.730999708	0.048249
301.737999916	4.236845
303.726999998	4.387549
305.74000001	2.550342
307.727999926	1.134487
309.737999916	4.318409
311.733999968	0.954624
313.740999937	1.494274
315.74000001	1.977835
317.740999937	2.712024
319.727999926	3.863448
321.738999844	2.238644
323.74000001	3.984094
325.728999853	3.953347
327.743000031	4.260889
329.736999989	3.956639
331.74000001	4.099063
333.729999781	4.219447
335.730999708	4.093084
338.80700016	0.074706
339.735000134	1.673247
341.735000134	4.121484
343.732999802	3.893973
345.731999874	4.033071
347.740999937	1.917381
349.780999899	0.043587
351.736999989	4.380659
353.731999874	1.098609
355.753000021	3.821311
357.794999838	3.659984
359.737999916	0.115839
361.729999781	2.184735
363.735000134	3.320711
365.726999998	0.69347
367.732999802	0.298154
369.735000134	4.705638
371.735000134	4.705638
373.738999844	1.239026
375.732999802	4.814095
377.732999802	0.027082
379.74000001	1.205615
381.740999937	0.233055
383.981999874	2.318552
385.741999865	2.301362
387.980000019	4.708252
389.741999865	2.212296
392.016000032	3.14576
393.832000017	4.031907
396.001999855	0.454447
397.980999947	2.101978
399.976999998	0.827699
401.980999947	1.06859
403.980999947	0.670104
405.989999771	5.703172
407.988999844	6.205058
409.993000031	2.05932
411.990999937	0.03152
413.983999968	0.744757
415.991999865	6.02393
417.840999842	0.814666
419.988999844	1.11174
421.98699975	0.966055
423.991999865	2.1702
425.997999907	0.103854
428.598999977	0.009721
429.991999865	0.003661
431.984999895	0.064855
434.169999838	1.549722
435.993999958	0.015277
437.98699975	0.011023
439.981999874	0.064703
441.843999863	0.712637
443.98699975	1.266115
445.985999823	0.045517
447.987999916	0.952991
449.981999874	1.872486
451.978999853	1.885709
453.991999865	0.048832
455.98699975	0.465617
457.989999771	1.633378
459.990999937	0.335924
461.993999958	0.604452
463.98699975	1.901115
465.847000122	0.923783
467.990999937	4.929199
469.981999874	0.043596
471.988999844	3.137975
473.988999844	1.321865
475.980000019	1.767313
477.993999958	0.294091
479.993000031	0.144561
481.983999968	0.049231
483.999000072	0.024153
485.999000072	3.407695
488.95299983	0.158579
489.849999905	1.075491
491.987999916	2.37449
493.988999844	2.589323
495.994999886	0.011626
497.997999907	2.440483
499.987999916	0.80853
501.983999968	4.860233
503.984999895	1.727723
505.985999823	5.007583
508.024999857	1.911744
510.015000105	1.585065
511.980999947	0.695873
513.98300004	0.853745
515.991999865	1.29463
517.996999979	1.044335
519.98699975	0.115963
521.999000072	0.044044
523.985999823	0.779613
525.990999937	0.055536
527.989999771	4.493446
529.988999844	1.740666
532.0	3.849303
533.988999844	4.747384
535.990999937	1.400479
538.0	0.589176
539.984999895	2.173181
541.993000031	1.648783
544.018999815	1.021064
545.990999937	3.149552
547.990999937	0.013772
549.98699975	0.109044
551.989999771	0.030297
553.989999771	0.017071
555.98300004	0.041491
557.989999771	4.968866
559.985999823	4.890146
561.983999968	4.400567
563.980000019	2.94196
566.0	0.296478
567.993999958	0.018218
569.991999865	2.061413
571.983999968	1.879964
573.987999916	0.801281
575.993999958	1.265322
577.996000051	0.014638
580.036999941	1.406414
582.009999752	1.970576
583.989999771	0.013495
585.948999882	0.106523
587.993000031	2.012449
589.988999844	0.044577
591.993000031	3.617371
593.989999771	3.928745
595.98300004	3.928745
597.978999853	3.928745
600.0	3.928745
601.994999886	3.878383
603.991999865	3.652039
605.990999937	3.770348
607.990999937	3.349392
609.962999821	0.035049
612.01699996	0.025509
613.989999771	1.318811
615.989999771	1.318811
617.984999895	0.01195
619.98699975	0.037535
621.985999823	1.427813
623.991999865	0.382662
625.997999907	1.030116
627.983999968	1.174512
629.98300004	2.083846
631.996999979	0.742975
634.247999907	2.844434
635.993000031	2.844434
638.231999874	2.500773
640.234999895	2.631015
642.234999895	0.026301
644.231999874	1.468723
646.231999874	1.468723
648.089999914	2.546324
650.237999916	2.819058
652.24000001	0.03041
654.229999781	3.129231
656.255000114	2.849004
658.241999865	3.113052
660.243999958	1.802787
662.231999874	2.908251
664.232999802	2.757374
666.230999947	3.36748
668.243999958	3.454556
670.232999802	3.497646
672.090999842	3.41009
674.241999865	3.310816
676.237999916	3.590059
678.232999802	0.780558
680.239000082	0.94745
682.244999886	1.80999
684.239000082	1.80999
686.242999792	1.80999
688.260999918	1.80999
690.229999781	1.80999
692.230999947	3.208034
694.233999968	3.705459
696.095000029	1.6963
698.250999689	3.708945
700.240999937	0.01296
702.242999792	0.986332
704.236000061	3.919506
706.240999937	4.947779
708.232999802	4.728581
710.239000082	1.094032
712.244999886	4.299541
714.241999865	0.291324
716.24000001	2.363707
718.232999802	4.216057
720.097999811	3.964491
722.233999968	4.29729
724.242999792	4.52925
726.247999907	4.181034
728.236000061	1.181559
730.279999971	3.236971
732.273000002	0.020225
734.266999722	2.616806
736.230999947	1.499899
738.230999947	3.902375
740.242999792	3.902375
742.242999792	2.963238
744.105000019	2.506707
746.242999792	2.786999
748.234999895	3.256306
750.239000082	3.530201
752.24000001	2.56708
754.231999874	4.309874
756.243999958	1.347247
758.243999958	2.710995
760.24000001	4.361414
762.243999958	3.477038
764.243999958	2.820256
766.236000061	1.313713
768.236999989	4.107734
770.24000001	3.247306
772.239000082	1.099174
774.24000001	0.809961
776.306999683	3.503696
778.244999886	0.794918
780.231999874	1.48287
782.249999762	0.537856
