0.0	6.089938
1.3780002594	1.831877
1.875	1.831877
2.39100003242	1.929527
3.9849998951	6.855631
5.64400005341	6.775213
6.66100001335	6.775213
8.1179997921	6.795207
9.19799995422	0.106185
10.3420000076	6.795463
12.6830000877	5.051912
13.7620000839	1.497941
14.3970000744	0.015069
15.6489999294	0.003796
16.8970000744	1.354552
18.9030001163	0.003552
23.8699998856	3.848887
30.5259997845	6.842152
32.6139998436	1.354365
33.8929998875	2.896882
34.8729999065	3.08099
36.498000145	0.089481
37.6940000057	0.116076
40.4720001221	4.756276
41.7330000401	7.392309
43.1460001469	3.731649
44.6169998646	4.716381
45.5819997787	4.716381
48.1169998646	0.193643
49.388999939	0.003505
50.498000145	8.081108
51.8929998875	7.972115
53.1190001965	5.408382
54.0720000267	1.808424
55.1210000515	8.699287
56.5579998493	0.631533
58.5399999619	1.98422
60.5369999409	1.096039
62.5320000648	0.338562
64.5069999695	0.003432
66.4990000725	3.634717
68.5540001392	0.87714
70.5249998569	5.216032
72.5069999695	0.773038
74.496999979	7.479391
76.504999876	7.479391
78.5199999809	0.692038
80.5419998169	5.47824
82.6150000095	5.949501
84.8880000114	4.908393
86.5280001163	0.027171
88.5650000572	4.95562
90.6800000668	8.565328
92.5259997845	8.565328
94.5380001068	8.565328
96.5670001507	0.79894
98.504999876	0.179066
100.61500001	9.081254
102.519000053	0.088799
104.522000074	0.161301
106.523999929	1.868795
108.535000086	0.746114
110.554000139	2.565229
112.971000195	1.443701
114.53399992	2.523615
116.762000084	2.629784
118.773999929	2.482906
120.754000187	0.645771
122.815999985	1.171265
124.765999794	0.041584
