0.0	0.041646
2.83300018311	0.207545
4.36699986458	0.246172
6.00600004196	0.331153
7.60400009155	0.413027
9.22500014305	0.368592
10.7770001888	0.255239
12.2520000935	0.386334
13.378000021	0.557508
14.1679999828	0.755967
14.9500000477	0.359842
16.4739999771	0.251819
17.9500000477	0.384078
19.6670000553	0.900729
21.0069999695	0.593002
22.7170000076	0.705083
25.8350000381	0.630077
27.3259999752	1.169062
29.0299999714	0.597455
29.8140001297	0.787594
32.1730000973	0.942295
36.1069998741	1.015116
37.6349999905	0.911968
40.5400002003	1.286337
42.618999958	0.02738
44.5260000229	1.335818
46.4200000763	0.905632
48.5590000153	1.471858
49.3410000801	0.68261
51.3550000191	1.078371
53.7320001125	0.871468
56.8680002689	0.125942
59.3519999981	0.64728
60.2749998569	0.532999
61.5910000801	0.648132
65.2070000172	0.840563
67.7179999352	0.565597
70.8389999866	0.484743
74.0859999657	0.818163
75.9240002632	0.698081
77.7460000515	0.803551
79.2940001488	0.009225
81.2780001163	0.761154
83.756000042	2.012955
84.1650002003	3.823887
84.3550000191	3.82217
84.7650001049	3.823152
85.3580000401	2.761563
86.0200002193	3.934539
86.7100000381	3.786989
88.9720001221	3.297187
90.7119998932	0.945742
92.9610002041	2.392268
94.7109999657	3.765608
96.9620001316	3.827497
98.9640002251	3.33777
100.962000132	3.293688
102.961000204	3.057159
104.961000204	2.866146
106.963000059	2.866146
108.961000204	4.254098
110.9599998	3.908844
112.964000225	3.682579
114.962000132	3.758069
116.961000204	0.09193
118.799999952	3.53305
120.961000204	1.191685
122.961000204	1.206803
124.972000122	3.56029
126.9599998	3.56029
128.9599998	3.445893
130.964000225	2.939448
133.025000095	2.000861
134.963000059	2.000861
136.961000204	3.843888
138.965000153	3.836087
140.9599998	0.05793
142.802000046	3.691011
144.963000059	3.333282
146.963000059	3.333282
148.961000204	2.679492
150.9599998	3.934143
152.9599998	3.676101
154.962000132	3.676101
156.962000132	3.855869
158.961000204	1.164021
160.961000204	1.935461
162.9599998	1.935461
164.963000059	3.522423
166.802000046	3.867415
168.963000059	3.5251
170.962000132	0.265102
172.963000059	0.929253
174.965000153	3.841534
176.967999935	3.848068
178.961000204	3.541588
180.963000059	3.929913
182.962000132	3.498162
184.962000132	2.622167
186.970000029	3.199264
188.962000132	3.507347
190.9599998	2.71579
192.963000059	3.911399
194.961000204	4.046963
196.964000225	3.917024
198.967000008	3.352813
200.964000225	2.61242
202.962000132	3.836209
204.963000059	3.087609
206.961000204	3.087609
208.969000101	3.888197
210.962000132	3.230813
212.969000101	3.891517
214.961000204	3.757817
216.972000122	3.738132
218.962000132	3.779282
220.96600008	3.837565
222.9599998	3.795606
224.962000132	3.855173
226.964000225	3.786442
228.970999956	2.825941
230.961000204	3.846488
232.965000153	2.673458
234.964000225	2.654398
236.967000008	0.236217
238.962000132	3.857338
240.965000153	3.915087
242.970000029	3.004928
244.961000204	3.391885
246.962000132	2.138254
248.963000059	2.278934
250.962000132	1.162239
252.965000153	3.461422
254.964000225	0.102669
256.961000204	0.036163
258.962000132	0.936578
260.964000225	3.553876
262.967999935	2.258155
264.962000132	0.838545
266.964000225	0.608606
268.963000059	2.841802
270.962000132	2.914572
272.962000132	0.916133
275.006999969	0.589532
276.970000029	0.107722
278.962000132	3.289259
280.967000008	3.456735
282.9599998	2.914904
285.006000042	3.293334
286.973999977	3.706147
288.965000153	2.876563
290.972000122	3.179159
292.964000225	3.763113
294.963000059	2.943524
296.964000225	3.429416
298.9599998	0.403347
300.961000204	0.930565
302.970999956	2.999149
304.963000059	0.076621
306.96600008	0.268185
308.973999977	3.521318
311.214999914	1.130114
313.214999914	2.620485
315.212000132	0.013567
317.210999966	3.730333
318.964000225	0.026683
321.212000132	0.079376
323.212000132	0.826423
325.210999966	3.689267
327.230999947	0.071084
329.213999987	2.811455
331.215999842	0.354666
333.07400012	0.168531
335.213999987	2.50372
337.210999966	0.337799
339.212000132	0.17931
341.218999863	0.647593
343.217000008	3.635358
345.242000103	3.844212
347.210000038	3.673292
349.210999966	3.673292
351.217000008	2.678639
353.210000038	3.52307
355.214999914	3.854081
357.215999842	4.018049
359.210999966	2.585327
361.210999966	3.858671
363.210000038	3.163991
365.210000038	3.833487
367.210000038	4.477114
369.213000059	3.734695
371.210000038	3.362179
373.217999935	3.21354
375.210999966	1.347508
377.210000038	3.027447
379.210000038	3.027447
381.210999966	0.786469
383.212000132	3.113657
385.210999966	2.447146
387.210999966	3.844277
389.212000132	3.48144
391.210999966	2.596162
393.210999966	3.336333
395.225000143	3.353099
397.210999966	2.852942
399.210999966	3.537337
401.210999966	3.776851
403.210999966	3.8094
405.210999966	1.208799
407.215999842	1.090458
409.210999966	2.535958
411.213000059	3.451684
413.210999966	3.473235
415.213000059	3.485186
417.212000132	3.800113
419.210000038	3.92226
421.212000132	3.862374
423.212000132	3.82932
425.210999966	4.02384
427.210999966	3.813979
429.23300004	1.088541
431.210999966	3.846319
433.212000132	2.833591
435.212000132	3.725663
437.210999966	0.260001
439.210000038	3.708562
441.210999966	3.708562
443.212000132	2.9985
445.212000132	3.827278
447.210999966	3.879872
449.217999935	0.245225
451.210999966	2.600169
453.210999966	3.906274
455.210999966	3.906274
457.212000132	2.536038
459.210999966	3.887248
461.210000038	2.693135
463.212000132	3.533463
465.214999914	3.199872
467.212000132	3.944138
469.222000122	3.693703
471.210000038	2.700702
473.210999966	2.700702
475.212000132	2.56271
477.215999842	3.853792
479.217999935	0.949808
481.214999914	3.178924
483.217000008	0.987082
485.212000132	0.034072
487.212000132	3.751766
489.212000132	3.422643
491.210999966	3.858159
493.210999966	3.883376
495.215999842	3.834277
497.213000059	3.874257
499.212000132	1.735699
501.212000132	3.514149
503.212000132	0.915775
505.221000195	3.805397
507.210999966	2.561207
509.210999966	3.668182
511.210999966	2.747481
513.212000132	3.355816
515.217999935	2.859205
517.214999914	2.72693
519.212000132	0.6793
521.212000132	3.365336
523.212000132	0.947517
525.210999966	2.717693
527.210000038	3.873275
529.213999987	3.873275
531.462000132	3.669474
533.461000204	3.669474
535.465000153	3.669474
537.213000059	2.642335
539.463999987	0.030522
541.215999842	3.36377
543.462000132	3.836227
545.461000204	0.033393
547.461000204	1.315508
549.517000198	0.506904
551.470999956	3.843385
553.463999987	3.882777
555.294000149	0.258222
557.463999987	0.19577
559.470000029	2.798579
561.463000059	2.770279
563.465000153	2.780049
565.329999924	2.852038
567.467000008	0.829344
569.467000008	0.066626
571.462000132	1.104882
573.463999987	0.055888
575.462000132	0.933747
577.469000101	0.925233
579.463999987	2.867674
581.462000132	2.497964
583.467000008	3.753885
585.463000059	0.917003
587.465000153	3.634741
589.303999901	3.385896
591.463000059	0.951891
593.463000059	0.01538
595.467000008	0.059522
597.467000008	1.39523
599.470999956	2.284549
601.465000153	1.364693
603.46600008	0.636213
605.463999987	0.01995
607.469000101	0.01965
609.46600008	0.724766
611.463999987	0.457047
613.465000153	2.975789
615.509000063	2.652714
617.46600008	0.905579
619.463999987	3.433743
621.465000153	3.889847
623.465000153	0.943812
625.481000185	0.942255
627.463999987	3.897563
629.46600008	3.345954
631.463000059	3.883518
633.463000059	3.710595
635.463999987	0.222362
637.469000101	3.989478
639.467000008	2.424013
641.463999987	2.23206
643.46600008	1.235927
