0.0	0.600949
0.203000068665	1.27828
0.405000209808	1.288069
0.535000085831	1.288069
0.795000076294	0.036378
0.940000295639	1.178609
1.08500027657	1.212121
1.28900027275	1.667311
1.67400026321	0.208198
3.35700035095	0.123798
5.35600042343	0.661945
7.35400009155	0.113101
9.35700035095	3.060866
11.3860001564	2.378779
13.3740003109	1.300979
15.3600001335	0.668642
17.3550000191	1.337884
19.359000206	0.817092
21.353000164	1.168917
23.359000206	5.317023
25.3560004234	3.007588
27.3550000191	3.6099
29.3550000191	2.464564
31.3560004234	4.657877
33.3560004234	0.51847
35.357000351	0.932483
37.357000351	6.746304
39.357000351	0.665131
41.359000206	1.212925
43.3560004234	2.513045
45.3550000191	1.771769
47.3560004234	2.062401
49.606000185	4.594026
51.606000185	7.114245
53.6070001125	7.114245
55.6080000401	7.239592
57.606000185	3.925722
59.6050002575	7.005854
61.606000185	7.005854
63.606000185	6.2919
65.606000185	6.552388
67.4720001221	6.24572
69.6070001125	3.703874
71.6100001335	5.92208
73.6050002575	1.17707
75.606000185	1.747498
77.609000206	1.747498
79.6080000401	2.635852
81.6070001125	2.911129
83.6080000401	4.136129
85.6070001125	3.787965
87.606000185	4.371494
89.606000185	4.662715
91.478000164	4.710104
93.6070001125	2.087545
95.6080000401	4.608626
97.6070001125	1.303826
99.6070001125	0.13598
101.60800004	5.03987
103.606000185	5.03987
105.60800004	4.157119
107.609000206	0.914681
109.609000206	4.207107
111.60800004	2.290572
113.60800004	2.080275
115.481000185	2.080275
117.607000113	5.280762
119.607000113	6.13128
121.609000206	6.13128
123.610000134	6.13128
125.610000134	6.455008
127.60800004	6.560828
129.607000113	6.468808
131.610000134	6.468808
133.607000113	5.316345
135.609000206	5.316345
137.610000134	5.316345
139.477000237	0.706965
141.60800004	1.528435
143.616000175	1.041932
145.609000206	3.980432
147.635000229	0.381145
149.610000134	4.64701
151.613000154	4.64701
153.609000206	6.436994
155.609000206	0.552107
157.609000206	0.123211
159.609000206	6.114806
161.60800004	2.839998
163.480000019	2.839998
165.60800004	2.839998
167.607000113	2.839998
169.60800004	2.930975
171.609000206	4.852044
173.60800004	4.852044
175.60800004	6.584727
177.609000206	6.241357
179.610000134	6.241357
181.609000206	1.462812
183.610000134	2.867749
185.60800004	2.867749
187.60800004	2.867749
189.640000105	2.867749
191.612000227	3.445552
193.616000175	6.052252
195.609000206	0.09519
197.614000082	1.625091
199.614000082	0.652659
201.611000061	2.622597
203.610000134	0.088157
205.612000227	0.464415
207.609000206	0.956559
209.609000206	0.93223
211.614000082	0.747151
213.613000154	0.715454
215.613000154	0.055551
217.950000286	0.0147
219.697000265	0.386068
221.611000061	0.634692
223.610000134	3.316485
225.615000248	1.532217
227.614000082	0.060281
229.611000061	0.022615
231.612000227	3.496668
233.610000134	5.581112
235.610000134	6.271303
237.611000061	3.588604
239.612000227	1.944803
241.610000134	0.661864
