0.0	1.782121
2.85200023651	0.142919
3.63199996948	1.880114
4.84699988365	0.434321
5.33700013161	1.95497
6.05300021172	1.648895
7.17499995232	1.698833
7.64700007439	1.908202
8.11999988556	2.088776
8.46000027657	1.888243
8.79099988937	2.262131
10.3130002022	1.586131
12.3130002022	2.191922
14.3140001297	0.62298
16.3150000572	1.922148
18.3150000572	0.347982
20.3150000572	1.697696
22.3140001297	2.136054
24.3160002232	1.69182
26.3160002232	1.785757
28.3140001297	2.25009
30.3140001297	1.702785
32.3160002232	1.938323
34.3140001297	1.940158
36.3170001507	1.95679
38.3160002232	2.004456
40.3140001297	2.224167
42.3170001507	1.542327
44.3160002232	2.128973
46.3160002232	2.106569
48.3160002232	1.822899
50.3140001297	2.071618
52.3160002232	1.556753
54.3170001507	1.699582
56.3170001507	2.355381
58.3170001507	2.00547
60.3170001507	2.257829
62.3160002232	0.128507
64.3160002232	1.991076
66.3140001297	2.037398
68.3170001507	1.838027
70.3180000782	2.145536
72.3170001507	1.963104
74.3170001507	2.081797
76.3170001507	2.260308
78.3170001507	2.558056
80.3170001507	1.709159
82.3170001507	1.102491
84.3170001507	0.579899
86.3170001507	1.991561
88.3170001507	2.068335
92.0890002251	0.233725
93.2669999599	0.86179
95.1019999981	0.460126
96.3190000057	2.08339
99.9039998055	1.484134
103.018000126	0.533928
106.039999962	1.481942
107.301000118	2.180186
108.805999994	0.929312
110.145000219	0.222067
111.523000002	1.259669
112.834000111	2.060255
114.317000151	2.010364
116.317000151	2.102593
118.322999954	2.312784
120.317000151	2.176633
122.316000223	2.134945
124.423000097	2.252803
126.316000223	1.925564
128.317000151	0.313706
130.317000151	1.935875
132.316000223	1.914364
134.316000223	1.96869
136.318000078	1.854584
138.316000223	0.008498
140.318000078	2.218791
142.317000151	2.26433
144.317000151	2.346154
146.316000223	2.073439
148.317000151	2.305895
150.316000223	0.020979
152.317000151	0.345042
154.317000151	1.606308
156.372000217	1.863757
158.316000223	2.078528
160.316000223	2.078528
162.317000151	2.078528
164.317000151	1.315873
166.317000151	0.50489
168.317000151	2.117507
170.317000151	1.736405
172.317000151	2.031809
174.316000223	0.649993
176.317000151	1.709956
178.317000151	2.086611
180.317000151	2.384956
182.317000151	2.023198
184.316000223	1.740681
186.317000151	1.994707
188.325000048	2.172884
190.322000027	1.960617
192.319000006	2.196356
194.316000223	2.298123
196.318000078	0.93884
198.318000078	2.155611
200.332000256	1.847105
202.317000151	2.003022
204.318000078	1.748885
206.317000151	2.164491
208.318000078	1.927691
210.318000078	1.834638
212.317000151	2.190331
214.319000006	2.119024
216.316000223	1.730639
218.317000151	2.328919
220.319000006	1.013746
222.318000078	2.111296
224.33100009	2.111296
226.317000151	1.073939
228.319000006	2.104992
230.319000006	1.190082
232.319999933	1.32142
234.319000006	1.779946
236.317000151	1.840218
238.317000151	1.992966
241.167999983	1.784018
242.517000198	1.996266
244.318000078	0.590092
246.319999933	0.934254
248.318000078	1.55315
250.524000168	1.942619
252.625	0.876543
255.594000101	1.968934
256.993000031	0.773547
258.319000006	1.783381
260.569000006	0.007407
262.569000006	2.32544
264.569000006	1.964284
266.569000006	0.255724
268.56799984	2.111451
270.569999933	1.780866
272.566999912	1.945552
274.56799984	2.195874
276.569000006	2.029144
278.56799984	2.046567
280.569999933	2.147048
282.443000078	1.961158
284.569000006	1.804065
286.569000006	1.740427
288.569000006	1.870097
290.571000099	1.915373
292.572000265	1.915373
294.56799984	2.219959
296.623999834	0.353427
298.582000017	1.766984
300.569999933	1.563433
302.569999933	1.6397
304.569000006	1.670417
306.465000153	0.609884
308.569000006	1.947969
310.709000111	0.793267
312.911000013	0.480652
314.57400012	0.482267
316.569000006	1.709214
318.569999933	0.965439
320.571000099	1.072421
322.569000006	0.009691
324.572000265	1.824227
326.569999933	0.009535
328.56799984	1.484153
330.493000031	0.470421
332.569000006	1.471998
334.569000006	0.638295
336.569000006	1.666839
339.853000164	0.926376
341.085000038	1.143414
342.569000006	1.345466
344.571000099	1.510091
346.56799984	1.735081
348.572000265	0.009703
350.569000006	0.211766
352.571000099	0.299823
354.463000059	1.631508
356.753000021	1.621234
358.572000265	1.648196
360.649000168	0.309107
362.572000265	1.5623
364.569999933	1.433624
366.572000265	0.442692
368.444000244	1.669324
370.569999933	0.745775
373.509000063	1.200351
374.571000099	1.701256
376.571000099	0.648784
378.465000153	1.429952
380.571000099	1.753697
382.617000103	0.300052
384.489000082	0.182827
386.818000078	1.251496
388.573000193	1.197719
390.571000099	1.213202
392.571000099	1.252662
394.57400012	0.246268
396.770999908	0.014722
399.161999941	0.780384
401.390000105	1.174885
403.357000113	1.717214
405.365999937	0.045982
406.717999935	1.10011
408.573000193	0.183518
414.981000185	1.484037
416.950999975	0.920319
417.983999968	1.709523
419.374000072	0.0244
420.611000061	1.641567
422.86500001	1.192814
425.381999969	0.526153
427.634000063	0.059064
428.802000046	0.114882
431.145000219	0.471364
434.823999882	0.643966
439.523000002	0.264123
442.359999895	1.221865
446.35800004	0.818993
447.950000048	0.007313
449.411000013	1.390747
450.97300005	1.349225
452.661999941	1.499205
454.18900013	0.414423
456.54399991	1.20443
457.84100008	1.266284
459.794000149	1.311793
461.740000248	1.31979
463.174000025	1.583563
464.654999971	1.468524
465.983999968	0.787957
467.426000118	0.63368
469.183000088	0.012586
471.674999952	0.002466
474.529999971	1.314877
477.085999966	0.195208
487.983999968	1.604302
488.546999931	1.314808
489.062999964	0.228136
489.790999889	0.363919
490.329000235	1.132876
492.402999878	0.626211
493.628000259	0.904893
494.661999941	1.279905
496.861999989	0.430698
499.63499999	1.416182
501.710999966	1.616641
504.173000097	0.185373
505.975999832	1.574626
506.946000099	0.191999
507.604000092	1.310767
509.13499999	0.030611
510.473999977	1.423668
511.890000105	1.466043
515.32400012	0.775744
518.746000051	1.325835
521.085999966	1.483796
522.837000132	1.938294
525.300000191	0.827355
526.353000164	0.008398
527.944000006	0.672121
529.499000072	1.147833
531.095000029	0.013852
534.234999895	0.825181
535.393000126	2.158442
536.670000076	0.008037
538.420000076	0.15046
539.492000103	0.404675
541.517000198	0.401991
543.292000294	0.948623
549.184000015	0.011099
553.900000095	1.219898
554.697999954	0.179755
556.953999996	0.731692
558.106999874	1.320933
559.319999933	1.550201
561.410000086	1.155347
562.979000092	1.671538
563.879999876	0.045428
567.308000088	0.076373
568.401000023	0.494264
570.069000006	0.686315
570.870000124	1.508203
572.938999891	1.101769
574.933000088	0.544338
576.325999975	0.11319
579.461000204	0.017225
582.417999983	0.93276
584.614000082	0.702956
588.746000051	0.077804
591.990999937	0.478994
593.22300005	1.171904
594.407000065	1.24794
595.178999901	1.588899
596.259000063	0.104259
597.719000101	1.556508
599.871999979	0.175318
603.845999956	2.086904
604.876000166	0.377744
606.069000006	1.474425
607.362999916	1.307308
609.974999905	0.163394
612.406000137	0.829625
613.329000235	0.837938
614.662999868	0.202651
616.677999973	2.000263
618.957999945	1.997492
621.202000141	0.350252
624.05099988	0.046895
626.631999969	0.044612
629.717000008	0.073555
631.114000082	0.081549
632.539000034	0.670178
634.012000084	1.99166
636.118000031	0.719781
638.524000168	1.124395
640.943000078	1.372068
642.823999882	1.873135
644.013000011	1.739462
644.942000151	0.060186
645.836000204	1.547423
646.501000166	1.259928
647.095000029	1.405056
649.178999901	0.175196
652.085999966	1.153003
654.282000065	1.536092
656.847999811	1.269436
659.295000076	1.33446
661.140000105	1.411799
662.655999899	1.432086
663.355000019	0.479714
663.986000061	0.334746
664.90199995	0.489026
667.213000059	0.739224
669.077000141	1.480957
671.901000023	0.027024
673.722000122	1.239755
676.277000189	0.245426
678.961000204	1.201584
680.217000008	1.046143
682.59100008	1.056073
684.743000031	1.106547
686.705000162	0.877646
687.692000151	1.557054
689.076000214	0.524943
691.077000141	0.454071
693.078000069	0.608186
695.075000048	0.120362
697.078999996	1.488689
699.207000017	1.912607
701.193000078	1.167057
703.969000101	0.012514
712.071000099	1.479916
713.761000156	1.775374
720.380000114	0.396561
721.110000134	1.068838
723.290999889	0.739278
724.662999868	0.38631
726.490999937	0.343968
728.606999874	0.013449
729.837000132	0.503798
731.407000065	1.285002
733.220000267	1.302916
734.529000044	1.333205
738.222000122	1.000404
740.383999825	1.082593
741.929000139	1.034823
743.84100008	0.218787
744.909000158	1.603441
746.022000074	1.153634
747.253000021	1.393414
749.223999977	1.900886
751.764000177	1.64676
753.549999952	1.362107
755.825999975	0.417876
757.85800004	1.346074
758.662999868	1.545215
759.441000223	1.672457
761.375999928	1.506807
762.554000139	1.624875
763.433000088	2.027022
764.414000034	1.298016
765.453000069	1.85566
767.077000141	0.036172
769.084000111	0.006932
771.210000038	0.043476
773.486999989	1.796081
775.937999964	1.171915
778.125	1.625208
779.907000065	1.694818
782.101000071	1.811644
783.417999983	1.837662
785.077000141	1.685358
787.078000069	2.132361
789.078999996	1.803552
791.078000069	1.70075
793.077000141	1.645529
795.078000069	0.030869
797.078000069	1.180029
799.077000141	1.636084
801.078999996	0.610067
803.078000069	1.993323
805.078999996	1.494561
807.082000017	1.403703
809.202000141	1.945497
811.429000139	0.395871
813.095000029	1.736143
815.078999996	1.951637
817.078000069	0.703133
819.078000069	1.832199
821.078000069	1.730698
823.078999996	1.944407
825.077000141	1.894588
827.078999996	1.895713
829.078000069	1.794088
831.077000141	0.631116
833.085999966	1.572887
835.078999996	1.617959
837.076000214	1.27603
839.077000141	1.27603
841.326999903	1.27603
843.330000162	1.27603
845.329000235	1.622187
847.326999903	0.433479
849.32799983	1.826811
851.32799983	1.630268
853.326999903	1.801388
855.32799983	1.985466
857.326999903	1.67218
859.32799983	2.071126
861.329000235	1.747437
863.32799983	1.938669
865.32799983	0.45804
867.326999903	0.177571
869.326999903	1.669121
871.329000235	2.021133
873.330000162	1.785463
875.32799983	1.981864
877.335999966	2.240068
879.32799983	0.667173
881.32799983	0.499268
883.330000162	2.127288
885.329000235	1.754516
887.330000162	1.745264
889.329000235	1.075867
891.329000235	1.667698
893.32799983	1.432572
895.330000162	1.422808
897.330000162	1.938252
899.351999998	1.704537
901.32799983	1.782581
903.329000235	1.782581
905.330000162	2.564896
907.338999987	2.121764
909.32799983	0.695158
911.32799983	0.035194
913.329000235	2.040266
915.329000235	1.356551
917.330000162	2.008564
919.329000235	1.976247
921.329000235	1.943835
923.36500001	1.293333
925.329000235	0.708586
927.329000235	1.904884
929.33100009	0.32033
931.32799983	1.766294
933.329000235	1.530615
935.329000235	1.694789
937.575000048	1.658912
939.330000162	1.836116
941.33100009	1.014228
943.330000162	1.87243
945.330000162	1.809086
947.330000162	1.755916
949.329000235	2.053838
951.329000235	0.461028
953.34100008	1.486623
955.33100009	1.682963
957.330000162	1.242756
959.340000153	1.185207
961.330000162	1.703094
963.330000162	1.778165
965.333000183	0.256696
967.33100009	0.45819
970.381999969	0.817194
972.374000072	1.446888
973.611000061	1.990986
975.33100009	1.654766
977.338000059	0.007772
979.484000206	1.648296
981.438999891	0.469805
984.209000111	0.026772
986.243000031	0.927747
987.750999928	1.307526
989.782999992	1.422704
991.330000162	1.961436
993.330000162	1.571191
995.333000183	1.676125
997.33100009	2.14993
999.332000256	1.665331
1001.33200026	1.547714
1003.33300018	0.163773
1005.33300018	1.476067
1007.38399982	1.212565
1009.52200007	0.034095
1011.57800007	0.209589
1014.42900014	0.181042
1017.24600005	2.187425
1019.61200023	0.463659
1021.81900001	0.554004
1023.96700001	0.026154
1026.14900017	1.665414
1028.86599994	0.411908
1030.0710001	1.495938
1031.41899991	1.683044
1032.99099994	1.380482
1034.0940001	1.719686
1035.33400011	1.653545
1037.33000016	0.601446
1039.33100009	2.025795
1041.33200026	2.230703
1043.34100008	1.614643
1045.33200026	1.893842
1047.33100009	2.051323
1049.33200026	0.565784
1051.38100004	0.631236
1053.33200026	0.156297
1055.33500004	0.016492
1057.35100007	0.370587
1059.33200026	0.006451
1061.33300018	0.383656
1063.33200026	1.081908
1065.33200026	1.945902
1067.33200026	0.03724
1069.33300018	1.649485
1071.33100009	0.013453
1073.86800027	0.980104
1075.33200026	0.007841
1077.72900009	1.392722
1079.83200002	0.425229
1081.33400011	2.211984
1083.33100009	0.666872
1085.33200026	0.01587
1087.33500004	0.016666
1089.58299994	2.225145
1091.58699989	0.020007
1094.07800007	1.753306
1095.59300017	1.973121
1097.58299994	2.013519
1099.59200001	0.061558
1101.58200002	0.166947
1103.37599993	2.06666
1105.69099998	0.380563
1108.74900007	0.373526
1110.99199986	1.951832
1113.13499999	0.115392
1115.57400012	0.06711
1118.73700023	1.164231
1121.56200004	1.743233
1123.2349999	2.220485
1125.02900004	1.734263
1126.13499999	2.008151
1127.06100011	1.876498
1127.98800015	0.611979
1129.58500004	1.824712
1131.58399987	2.009525
1133.58500004	0.019168
1135.58399987	1.723475
1137.58399987	0.195775
1139.58399987	0.793807
1141.58399987	1.51797
1143.58299994	2.020295
1145.59300017	1.231571
1147.45200014	1.840522
1149.58399987	1.948405
1151.58500004	0.846812
1153.58500004	1.981364
1155.61400008	0.002998
1157.58399987	0.056641
1159.56400013	1.790264
1161.80200005	1.835381
1163.58500004	2.004019
1165.59600019	1.852786
1167.58599997	2.015532
1169.58399987	0.328767
1171.58500004	1.785247
1173.58399987	1.613233
1175.47099996	2.012928
1177.58399987	1.661083
1179.58399987	1.714938
1181.58500004	2.08609
1183.58599997	1.818825
1185.58599997	0.644529
1187.58399987	2.309941
1189.58599997	1.752442
1191.58599997	1.940919
1193.58399987	0.021606
1195.58699989	0.686599
1197.58599997	1.647245
1199.45899987	0.844091
1201.58500004	2.238047
1203.58599997	1.767082
1205.58399987	1.967025
1207.58399987	2.351633
1209.58399987	1.949823
1211.58399987	1.675767
1213.58599997	2.244574
1215.58500004	1.848344
1217.58299994	1.36967
1219.58299994	0.039903
1221.58500004	2.318341
1223.546	0.248754
1225.58500004	1.97511
1227.58599997	1.377952
1229.58699989	2.005041
1231.58399987	2.323833
1233.58399987	2.045723
1235.58699989	2.22523
1237.58399987	1.904564
1239.58399987	2.223311
1241.5880003	1.338912
1243.58500004	2.087915
1245.58599997	1.953173
1247.58900023	0.846866
1249.58500004	1.260306
1251.58599997	1.986688
1253.58399987	2.395901
1255.58500004	2.097025
1257.58500004	2.177006
1259.58399987	2.074749
1261.58599997	0.003105
1263.5880003	0.447395
1265.59000015	0.521212
1267.5880003	1.940658
1269.5880003	2.525844
1271.58699989	2.499741
1273.58500004	1.98801
1275.58599997	2.134683
1277.58599997	2.254611
1279.58500004	2.151649
1281.58599997	0.673135
1283.58500004	1.476458
1285.58500004	0.009616
1287.58500004	2.15384
1289.58399987	2.116427
1291.58599997	1.023893
1293.58500004	2.070265
1295.58399987	2.243696
1297.58500004	2.002418
1299.58900023	1.969215
1301.58699989	0.015824
1303.59500003	1.615068
1305.58599997	1.985816
1307.58500004	2.311687
1309.58599997	2.331967
1311.58599997	2.115553
1313.58699989	2.056668
1315.58599997	1.311911
1317.58500004	2.066931
1319.58500004	2.425697
1321.58500004	2.373041
1323.58699989	2.373041
1325.58599997	1.936333
1327.5880003	1.936333
1329.5880003	2.215993
1331.58699989	2.30519
1333.58599997	2.107337
1335.58699989	1.752117
1337.58699989	1.982117
1339.58599997	1.446071
1341.8360002	2.192293
1343.83700013	0.65804
1345.83800006	2.010861
1347.83800006	1.941165
1349.8360002	2.511429
1351.83700013	2.157328
1353.83700013	2.133825
1355.83700013	1.948169
1357.81700015	0.04005
1359.83999991	0.026782
1361.83700013	2.298898
1364.13499999	0.673737
1365.75600028	0.014023
1367.83700013	1.85139
1369.83800006	1.985803
1371.83700013	1.328835
1373.83700013	2.14311
1375.83700013	0.699706
1377.83700013	0.012937
1379.87999988	0.038917
1381.89300013	0.283376
1383.83700013	0.046521
1385.85800004	0.018949
1387.83800006	1.159513
1389.83800006	0.61538
1391.98600006	1.299713
1393.78000021	0.661781
1395.64900017	0.073485
1397.83800006	2.392716
1399.83700013	1.319034
1401.83800006	2.231093
1403.83800006	2.33997
1405.71700001	2.205706
1407.83800006	1.864582
1409.83700013	2.228474
1411.83800006	0.038224
1413.83899999	0.905593
1415.83800006	1.757497
1417.83899999	1.657279
1419.83899999	1.801899
1421.83899999	0.713385
1423.84100008	0.169137
1425.83899999	2.215322
1427.83999991	0.373384
1429.72000003	2.024826
1431.83899999	0.083568
1433.93899989	0.034351
1436.773	0.065377
1439.18200016	0.714983
1441.43400002	0.990874
1443.25700021	0.920783
1444.83400011	2.025126
1446.75900006	2.22416
1448.41100001	2.074092
1449.83800006	2.153419
1451.83800006	1.648534
1453.71700001	2.019755
1455.83800006	1.967556
1457.83800006	1.421299
1459.83999991	0.532598
1461.83800006	0.056506
1463.83800006	1.899095
1465.83800006	1.988653
1467.83800006	2.033434
1470.09300017	0.644085
1471.83999991	2.003629
1473.83999991	1.377
1475.83899999	0.071534
1477.83800006	1.910994
1479.83999991	2.114998
1481.83800006	2.177885
1483.84100008	0.016119
1485.83999991	0.075816
1488.03900003	0.60872
1490.07999992	1.349373
1491.83200002	0.113426
1493.84599996	1.626052
1495.83999991	0.527901
1497.83999991	0.741251
1499.84100008	1.739645
1501.83899999	1.773968
1503.83800006	0.029831
1505.83999991	1.947861
1507.84100008	0.5412
1509.8440001	0.109183
1511.83999991	2.227133
1513.84100008	2.355315
1515.83899999	1.786688
1517.83999991	0.120736
1519.83999991	0.084969
1521.84599996	0.030144
1523.83899999	1.053949
1525.83999991	2.065069
1527.83899999	2.204916
1529.83899999	1.374366
1531.83899999	2.055566
1533.83899999	0.349689
1535.84200001	2.073929
1537.84200001	2.279274
1539.84100008	1.682381
1541.83999991	1.884752
1543.84200001	1.815791
1545.84100008	0.676489
1547.9749999	1.666084
1549.84100008	2.298616
1551.8440001	1.944716
1553.83999991	1.873325
1555.83999991	2.224413
1557.84299994	2.083088
1559.83899999	2.295287
1561.84100008	1.977571
1563.84200001	2.041182
1565.83999991	0.441545
1567.84100008	2.179692
1569.84200001	0.256429
1571.84200001	1.954379
1573.83800006	1.93309
1575.84200001	0.412276
1577.84200001	0.013813
1579.84200001	0.531899
1581.84200001	2.138379
1583.84100008	0.012294
1586.18000007	0.039041
1588.09800005	1.645016
1589.9519999	1.980131
1592.09200025	1.843891
1594.09200025	2.371651
1596.09100008	0.973066
1598.20100021	1.806188
1600.04100013	0.853586
1602.09100008	1.838033
1604.09300017	2.299426
1606.0940001	1.840677
1608.0940001	0.615322
1610.09200025	0.212173
1612.09300017	0.788674
1614.30500007	1.623147
1616.54999995	2.274653
1618.41000009	2.175307
1620.09100008	1.869832
1622.10000014	1.929419
1624.0940001	2.324047
1626.03400016	2.062697
1628.09200025	2.18012
1630.09000015	2.104596
1632.09100008	2.124545
1634.09100008	2.316753
1636.09200025	1.995017
1638.0940001	2.274044
1640.0940001	2.037122
1642.09300017	1.96885
1644.09100008	2.288606
1646.09300017	2.079774
1648.09300017	1.907882
1650.09100008	1.253182
1652.09899998	2.348313
1654.09200025	1.553821
1656.09200025	1.831851
1658.0940001	0.194341
1660.09200025	0.133563
1662.81800008	0.602876
1665.36199999	0.214315
1667.89599991	0.301979
1670.63300014	0.248851
1671.84799981	0.298911
1673.72600007	2.042889
1675.4690001	2.073833
1676.62800026	2.139876
1678.1170001	2.0621
1680.09200025	2.731713
1682.09300017	2.0319
1684.09300017	0.085689
1686.09599996	0.173323
1689.25900006	0.003383
1692.21799994	0.566393
1694.64199996	1.988177
1696.70500016	1.030108
1697.60900021	1.251512
1698.41799998	2.298176
1700.0940001	1.947359
1702.09300017	0.030842
1704.09300017	0.52091
1706.09300017	0.120629
1708.35700011	0.150275
1711.35300016	0.303004
1714.75700021	0.201129
1716.8900001	2.273109
1718.0	1.861586
1718.61899996	2.204628
1720.09300017	2.169749
1722.0940001	2.333212
1724.10100007	2.108112
1726.10399985	2.232951
1728.09300017	2.017308
1730.0940001	1.749555
1732.09200025	2.003175
1734.09300017	1.98112
1736.09300017	2.115412
1738.09300017	2.386157
1740.0940001	2.147034
1742.09200025	1.951936
1744.10399985	2.021939
1746.0940001	2.072548
1748.0940001	2.185761
1750.09500003	2.349828
1752.0940001	0.622722
1754.0940001	2.045393
1756.0940001	0.277186
1758.09200025	2.359948
1760.09599996	1.978586
1762.09500003	2.228317
1764.09300017	1.785879
1766.0940001	2.410726
1768.09300017	0.003422
1770.0940001	2.390297
1772.09300017	2.263424
1774.09300017	2.263424
1776.09500003	1.92536
1778.0940001	2.049456
1780.0940001	1.802563
1782.09500003	0.083681
1784.09500003	2.236543
1786.09300017	1.716065
1788.09300017	0.024459
1790.0940001	2.136986
1792.09500003	2.144954
1794.09700012	0.621172
1796.1650002	2.273447
1799.77200007	0.028247
1800.70600009	2.022871
1802.09700012	1.919478
1804.09599996	0.010595
1806.0940001	1.781782
1808.09500003	1.616672
1810.09700012	0.32246
1812.09500003	2.393992
1814.09599996	1.887325
1816.09500003	2.028974
1818.09500003	1.868519
1820.0940001	2.084425
1822.09599996	2.161811
1824.09500003	2.166217
1826.09599996	0.156651
1828.09599996	0.507978
1830.09500003	2.131441
1832.09599996	2.131441
1834.09599996	0.177736
1836.09800005	0.016777
1838.62399983	1.495771
1840.40299988	0.414144
1842.5710001	0.690028
1844.34599996	2.326042
1846.34500003	2.057346
1848.34500003	2.353673
1850.34699988	2.225893
1852.22500014	2.133215
1854.34299994	2.348114
1856.34399986	0.646287
1858.35600019	0.933127
1860.34599996	1.904353
1862.34500003	2.064385
1864.34599996	0.564251
1866.34500003	2.375026
1868.34500003	2.320836
1870.34599996	1.98244
1872.34500003	1.459078
1874.34900022	1.286263
1876.60800004	0.098571
1879.12900019	0.274724
1881.87300014	0.222241
1884.66100001	0.287064
1887.171	0.353454
1889.44200015	2.275356
1891.70600009	2.135625
1893.43899989	2.212977
1894.69799995	2.332055
1894.93899989	1.886582
1896.34500003	2.172533
1898.34500003	2.228577
1900.22399998	2.031443
1902.34699988	1.809878
1904.34500003	2.048128
1906.34500003	1.902266
1908.34500003	2.22099
1910.34699988	2.06861
1912.34599996	1.821861
1914.34900022	1.737596
1916.34699988	2.364977
1918.34599996	2.236293
1920.34900022	0.203468
1922.34900022	2.057882
1924.22500014	2.257209
1926.34800029	2.224312
1928.34800029	2.440635
1930.34699988	0.00927
1932.34699988	0.664658
1934.34800029	1.366261
1936.34699988	0.933882
1938.33599997	0.012362
1940.34699988	0.552223
1942.34699988	1.224593
1944.34599996	0.987779
1946.34699988	1.439659
1948.22500014	2.017459
1950.34599996	2.060093
1952.34800029	0.018354
1954.34599996	0.008107
1956.34800029	1.767394
1958.34699988	0.065751
1960.34800029	2.198832
1962.34800029	0.062192
1964.34800029	1.889733
1966.34599996	1.731221
1968.34800029	0.967734
1970.34800029	1.784082
1972.23300004	2.194293
1974.34699988	1.925243
1976.34800029	1.352617
1978.35000014	2.247976
1980.34900022	1.242502
1982.34699988	1.667449
1984.34699988	2.004393
1986.34699988	2.053796
1988.35700011	1.811847
1990.34800029	1.35228
1992.35000014	1.590361
1994.34800029	1.43302
1996.34699988	2.096136
1998.34800029	1.936043
2000.34800029	1.742196
2002.34800029	1.89407
2004.35100007	1.727524
2006.34800029	1.684263
2008.34599996	2.239083
2010.34900022	2.239083
2012.34900022	2.239083
2014.34800029	2.239083
2016.35000014	0.846896
2018.34699988	1.925865
2020.35700011	1.876
2022.34800029	0.215742
2024.35000014	0.436363
2026.35000014	1.926478
2028.34900022	0.891251
2030.34900022	2.08365
2032.34800029	1.662206
2034.34699988	1.407218
2036.34800029	1.687953
2038.34800029	1.929529
2040.35100007	1.741221
2042.352	1.777702
2044.34800029	1.629099
2046.34800029	1.623102
2048.34900022	1.619367
2050.34900022	1.902837
2052.34800029	2.163258
2054.34900022	1.947362
2056.34900022	1.56997
2058.34800029	1.540314
2060.34800029	1.852199
2062.34900022	0.012666
2064.34800029	1.879659
2066.34900022	1.821819
2068.35000014	1.732326
2070.34900022	1.701715
2072.35700011	1.466336
2074.352	1.33371
2076.35000014	1.745891
2078.35000014	1.609854
2080.35100007	1.532502
2082.34900022	2.10165
2084.34800029	1.783075
2086.35000014	2.028328
2088.34900022	1.58058
2090.5999999	1.554712
2092.5999999	1.619009
2094.59800005	1.652983
2096.59800005	1.67075
2098.5999999	1.92151
2100.60100007	1.656765
2102.5999999	1.656765
2104.60100007	1.656765
2106.5999999	1.661007
2108.60299993	1.375861
2110.60100007	1.763678
2112.602	0.020302
2114.5999999	1.104724
2116.5999999	0.011882
2118.60100007	1.871895
2120.5999999	1.806281
2122.59899998	1.889848
2124.60100007	1.943196
2126.60100007	1.866712
2128.60100007	2.08109
2130.60100007	2.092851
2132.60100007	2.196909
2134.5999999	2.121635
2136.602	1.266083
2138.60100007	1.728741
2140.60299993	2.089053
2142.5999999	1.822619
2144.5999999	1.036337
2146.60299993	0.016319
2148.60299993	0.489615
2150.602	0.047588
2152.5999999	1.877538
2154.60100007	1.376276
2156.60299993	0.163203
2159.66900015	0.016728
2162.375	0.893459
2165.23600006	1.916087
2167.9749999	0.455772
2170.41100001	1.634311
2172.81900001	1.881146
2173.61899996	2.059812
2173.81099987	2.059812
2174.60100007	1.693216
2176.60100007	1.956972
2178.60100007	0.796632
2180.60100007	1.562214
2182.60299993	0.698732
2184.602	0.808261
2187.09500003	0.033047
2189.454	0.801258
2190.51800013	2.285461
2192.60100007	1.019644
2194.60699987	2.001787
2196.602	0.330937
2198.57599998	0.091028
2201.09800005	0.694958
2203.54999995	1.403748
2205.10100007	1.86056
2206.89300013	1.2023
2208.67600012	1.172809
2210.60299993	1.752531
2212.60299993	2.13108
2214.53700018	1.558803
2216.602	0.322724
2218.602	1.755029
2220.602	0.043905
2222.602	1.911398
2224.60100007	0.023616
2226.60299993	1.211795
2228.60400009	1.901667
2230.602	1.810501
2232.602	0.01644
2234.60599995	1.942664
2236.60500002	0.601705
2238.91000009	1.580812
2240.602	2.170214
2242.60100007	2.148498
2244.602	0.082609
2246.602	1.231357
2248.60400009	0.100316
2250.60900021	0.605676
2252.53800011	1.636338
2254.60299993	0.507636
2256.60400009	0.024454
2258.76799989	1.939387
2260.60500002	1.390295
2262.60800004	1.642304
2264.60599995	0.620394
2266.602	0.490843
2268.60299993	0.146005
2270.60500002	2.136016
2272.602	0.037842
2274.60400009	1.106007
2276.60500002	1.403919
2278.75199986	0.741779
2280.60900021	1.232328
2282.60699987	0.734245
2284.60400009	0.011717
2286.60299993	0.166561
2288.60500002	0.012548
2290.89300013	0.09293
2293.5480001	0.123176
2295.61800003	1.82848
2298.93400002	0.571304
2301.29099989	1.924819
2302.61400008	0.841149
2304.04699993	1.810562
2305.23800015	1.803651
2306.60400009	1.902538
2308.60500002	1.587373
2310.60500002	0.335332
2313.06699991	0.031469
2315.77900004	1.787197
2317.91499996	1.883313
2319.41899991	0.179463
2320.60299993	2.128123
2322.61500001	1.626579
2324.60400009	0.331982
2326.60400009	2.228666
2328.60599995	2.002685
2330.60800004	0.102916
2332.60500002	0.963458
2334.60599995	0.373434
2336.60400009	1.742064
2338.60299993	1.988266
2340.85500002	2.192427
2342.85300016	1.709245
2344.85300016	2.107955
2346.80699992	0.212338
2348.85300016	1.82906
2350.85400009	1.830121
2352.85500002	2.161466
2354.85400009	1.685751
2356.79500008	1.152938
2359.20100021	0.002239
2360.6789999	2.080412
2362.85800004	1.678483
2364.85500002	1.784055
2366.85400009	0.419525
2368.85500002	1.614224
2370.73099995	2.224018
2372.85500002	0.017192
2374.85500002	2.060625
2376.85500002	2.114912
2378.85400009	0.080831
2380.85500002	1.664358
2382.91499996	1.384678
2384.78000021	1.76731
2386.85400009	0.049511
2388.85599995	0.16311
2391.62000012	0.463058
2394.2190001	1.221716
2397.33400011	1.95004
2400.21499991	0.96829
2401.76900005	1.845233
2402.68300009	1.617927
2404.18400002	1.713406
2405.63199997	1.936257
2407.24000001	0.033319
2408.83400011	0.355636
2410.69700003	1.755665
2412.85599995	2.004105
2414.85500002	1.407962
2416.85599995	1.061037
2418.71499991	0.033765
2421.29500008	0.017815
2423.43700004	0.264644
2425.63999987	1.180581
2427.29900002	1.667526
2428.86100006	1.333015
2430.85500002	1.825846
2432.85500002	0.399635
2434.85800004	1.679783
2436.93099999	0.005895
2438.85500002	1.972204
2440.85400009	1.668523
2442.74100018	0.633083
2444.85700011	1.824785
2446.85599995	0.221282
2448.85599995	0.199303
2450.85599995	1.651232
2452.85599995	1.960123
2454.85700011	0.969476
2456.85599995	0.844013
2458.85599995	0.0503
2460.93400002	0.008397
2462.94500017	2.158924
2464.85100007	2.117739
2467.68400025	2.024922
2469.80400014	1.871412
2471.47800016	0.046897
2473.3900001	1.201906
2474.85500002	1.92183
2476.85599995	0.107662
2478.85599995	1.894923
2480.85599995	2.084105
2482.85500002	1.907162
2484.85500002	1.931788
2486.85800004	0.016013
2488.85700011	0.97579
2490.9690001	2.194904
2492.86299992	0.319639
2494.85700011	2.100067
2496.85800004	1.856353
2498.85500002	2.021952
2500.85599995	1.974794
2502.85599995	2.159734
2504.85599995	1.384551
2506.86500001	2.03993
2508.85700011	1.682958
2510.85599995	1.830512
2512.85500002	1.858758
2514.85599995	2.146299
2516.85599995	1.498974
2518.85599995	1.946189
2520.85700011	2.004056
2522.85599995	1.452952
2524.85700011	2.223068
2526.85800004	2.223068
2528.86199999	1.845888
2530.85700011	2.301601
2532.85899997	1.97314
2534.85700011	1.82728
2536.85599995	1.801006
2538.85700011	2.028068
2540.85599995	2.017396
2542.87300014	0.245213
2544.85700011	2.091337
2546.85599995	1.324332
2548.85700011	2.056546
2550.85500002	1.739811
2552.85599995	2.026087
2554.86000013	1.764438
2556.85599995	2.11439
2558.85700011	2.11439
2560.85700011	0.140882
2562.85800004	2.244207
2564.85700011	1.70584
2566.85800004	2.216219
2568.85899997	0.593016
2570.85800004	1.815767
2572.85899997	2.189853
2574.85599995	1.872608
2576.85700011	0.255999
2578.85700011	0.992492
2580.86000013	0.059328
2582.85700011	1.286778
2584.85800004	1.761194
2586.85800004	2.275157
2588.85899997	2.237512
2591.10699987	0.443594
2593.10900021	2.005002
2595.10699987	0.324404
2597.10699987	2.251914
2599.11800003	1.771382
2601.00500011	1.821241
2603.10900021	1.79513
2605.10900021	1.713514
2607.30200005	2.064901
2609.10900021	0.220014
2611.11400008	1.073454
2613.10699987	2.052245
2615.10800028	2.130368
2617.1170001	0.596913
2619.11000013	2.158269
2621.11000013	1.866739
2623.10900021	1.654651
2624.99099994	1.851068
2627.10900021	1.623158
2629.10900021	1.924438
2631.11100006	1.314228
2633.10699987	2.157556
2635.10900021	2.016542
2637.10800028	1.983173
2639.11000013	1.983173
2641.10800028	2.053473
2643.11000013	2.35295
2645.11100006	1.916907
2647.11000013	2.247066
2648.99199986	1.940446
2651.10900021	1.986256
2653.11000013	0.976416
2655.20100021	1.909356
2657.21000004	0.485301
2659.11000013	0.012633
2661.11199999	1.844374
2663.11100006	1.197578
2665.11000013	0.139672
2667.11100006	1.52999
2669.10800028	0.11892
2671.01300001	0.019368
2673.23399997	0.666939
2675.39999986	0.277762
2677.10900021	1.907936
2679.11100006	1.039864
2681.11400008	1.509407
2683.11000013	1.802782
2685.11100006	1.728103
2687.11400008	0.033638
2689.11400008	2.008393
2691.05099988	0.086895
2693.27700019	1.41121
2695.5880003	0.726537
2697.89499998	0.212264
2699.95499992	0.250239
2701.75399995	0.101601
2703.74399996	0.044285
2705.39999986	0.274206
2707.51099992	0.880271
2709.75999999	0.121692
2711.30100012	0.017062
2713.11000013	1.698192
2715.11000013	1.7839
2717.11000013	2.339553
2719.11000013	0.062055
2720.99700022	1.84067
2723.11199999	2.214162
2725.11100006	0.014237
2727.03800011	0.033938
2729.20700002	0.250048
2731.12600017	1.928303
2733.65799999	0.82472
2735.32599998	1.418478
2737.13599992	1.911242
2739.27900004	0.771489
2741.47199988	1.413699
2743.11100006	1.916382
2745.10900021	1.650572
2747.11000013	1.745882
2749.11100006	1.368913
2751.11300015	1.421865
2753.11000013	2.13856
2755.11000013	2.13856
2757.11300015	1.864653
2759.11100006	2.108143
2761.11199999	2.194489
2763.11400008	1.672146
2765.11400008	1.702976
2767.11100006	0.725442
2769.06100011	0.337386
2771.11300015	0.027532
2773.11100006	1.726321
2775.11000013	2.04565
2777.11100006	0.020305
2779.11400008	2.090901
2781.78100014	0.048408
2785.50300002	1.252984
2786.65700006	0.092375
2788.52999997	1.752698
2790.26100016	1.643764
2791.65300012	1.449106
2793.07200003	0.06659
2795.11500001	0.129258
2797.11199999	1.23687
2799.98000026	0.047767
2802.09000015	1.93951
2804.38700008	1.978659
2805.398	1.911274
2807.11300015	1.0148
2809.11500001	1.369384
2811.11199999	0.71151
2813.11199999	1.52033
2815.11400008	1.71076
2817.11100006	1.369643
2819.11199999	1.987444
2821.11400008	0.710106
2823.11199999	0.941032
2825.11100006	2.155901
2827.11199999	1.958751
2829.11100006	1.599807
2831.11400008	0.561784
2833.11199999	0.778973
2835.11100006	0.366798
2837.11199999	1.983959
2839.11199999	1.384789
2841.36100006	1.835513
2843.36199999	0.02021
2845.36100006	1.966839
2847.36100006	1.966839
2849.36299992	2.246589
2851.36199999	0.636437
2853.36199999	0.010245
2855.36199999	2.004631
2857.36500001	2.003489
2859.36299992	1.511954
2861.36299992	0.016208
2863.36199999	1.452221
2865.36199999	1.835922
2867.36199999	2.117806
2869.36299992	0.302562
2871.36199999	2.074227
2873.36400008	1.750254
2875.36599994	0.674235
2877.36199999	0.409547
2879.36199999	1.778879
2881.36800003	1.858341
2883.36199999	1.85588
2885.36299992	1.441736
2887.36299992	0.120562
2889.36299992	0.672192
2891.36199999	1.727171
2893.36199999	1.926828
2895.36299992	2.139682
2897.36299992	1.764581
2899.36299992	0.604602
2901.36400008	2.134335
2903.36299992	1.555837
2905.36199999	2.27357
2907.36299992	0.976445
2909.36400008	2.271709
2911.36299992	1.930248
2913.36199999	1.965934
2915.36199999	2.303696
2917.36299992	1.769632
2919.36299992	1.743537
2921.36500001	2.546456
2923.36199999	2.546456
2925.36400008	2.546456
2927.36500001	1.332383
2929.36299992	1.996222
2931.36299992	2.152039
2933.36299992	1.943376
2935.36299992	1.740518
2937.36199999	1.213591
2939.36299992	1.867173
2941.36400008	2.213054
2943.36400008	2.055609
2945.3670001	1.931069
2947.36400008	2.049462
2949.36400008	1.571081
2951.36400008	1.923934
2953.36299992	1.962703
2955.36299992	1.627476
2957.36500001	1.976022
2959.36500001	2.026089
2961.36500001	1.915977
2963.36400008	1.850974
2965.36400008	1.679864
2967.36400008	0.029851
2969.36500001	1.767513
2971.36500001	2.009216
2973.36400008	0.677495
2975.36400008	0.006684
2977.36400008	2.276749
2979.36400008	1.953101
2981.36599994	1.737576
2983.40900016	1.599818
2985.56100011	0.512527
2988.06500006	0.601938
2990.34900022	1.563058
2992.60599995	0.669912
2994.97300005	0.098916
2997.20700002	0.968788
2998.43700004	0.270736
2999.8829999	1.572123
3001.72000003	1.462108
3003.91499996	0.017443
3005.76200008	0.752104
3007.91600013	1.661945
3010.12299991	0.35803
3012.60400009	1.015209
3015.65899992	0.642585
3019.00300002	1.682932
3020.38100004	2.034133
3022.59200001	2.210474
3025.06000018	1.906019
3025.80400014	1.841122
3026.50399995	1.54044
3027.48900008	0.058439
3029.36599994	0.055791
3032.63600016	1.089898
3034.79900002	0.780553
3036.95000005	0.49731
3038.46700001	1.532839
3039.83300018	1.521848
3041.38000011	1.990249
3043.36599994	0.637392
3045.36599994	1.984533
3047.36500001	2.138112
3049.36500001	2.253185
3051.36500001	2.012525
3053.36599994	1.989368
3055.36400008	0.474056
3057.36500001	2.007255
3059.36599994	1.913024
3061.36599994	0.039334
3063.36599994	1.978233
3065.36599994	0.019772
3067.36500001	2.174799
3069.36500001	1.747379
3071.37200022	2.061078
3073.36800003	1.83263
3075.3670001	1.478741
3077.36800003	0.765438
3079.3670001	0.571363
3081.36599994	2.085916
3083.3670001	0.049508
3085.36599994	0.020085
3087.3670001	1.834125
3089.37700009	1.698596
3091.6170001	1.135741
3093.6170001	1.726397
3095.56299996	0.389411
3098.85300016	0.450516
3101.1960001	0.074945
3103.96000004	2.066915
3107.31900001	1.58289
3110.47300005	0.027292
3111.98100019	0.256515
3113.25099993	0.989735
3114.76999998	0.013997
3116.07300019	1.687827
3116.96200013	2.039169
3118.14800024	0.218475
3119.4920001	1.910979
3121.6170001	1.878327
3123.61800003	2.07826
3125.62299991	2.100237
3127.6170001	1.750801
3129.6170001	1.620956
3131.61800003	2.004495
3133.6170001	2.206811
3135.61800003	1.580421
3137.62100005	0.012016
3139.62299991	2.089802
3141.61800003	0.541584
3143.50000024	2.213186
3145.6170001	1.765376
3147.6170001	1.202354
3149.62000012	0.327479
3151.59700012	0.078431
3153.51800013	1.630158
3155.61800003	1.716073
3157.61899996	1.707728
3159.61899996	1.197224
3161.62100005	0.43847
3163.61800003	0.326866
3165.61899996	1.637711
3167.50500011	1.52761
3169.61800003	1.685988
3171.73599982	1.831121
3173.50200009	2.236335
3175.62100005	1.71463
3177.6170001	0.341839
3179.62000012	1.757204
3181.61800003	1.787633
3183.61899996	1.924898
3185.62000012	1.77724
3187.61899996	2.126882
3189.61899996	0.417147
3191.50900006	0.59451
3193.61800003	2.076478
3195.61800003	2.113101
3197.62199998	0.034562
3199.62299991	1.710739
3201.625	1.557505
3203.62100005	1.062261
3205.62000012	2.11874
3207.61899996	2.252058
3209.62399983	2.14219
3211.61899996	1.769962
3213.61800003	2.110354
3215.61899996	0.744376
3217.5710001	0.359735
3219.61800003	2.060499
3221.62000012	1.97426
3223.61899996	0.002349
3225.61800003	0.589109
3227.61800003	1.93312
3229.61899996	1.281364
3231.61800003	0.173542
3233.62399983	1.800079
3235.61899996	1.879352
3237.61800003	1.206884
3239.63100004	1.637386
3241.61899996	1.531485
3243.62700009	1.588214
3245.61899996	0.873604
3247.62100005	1.641592
3250.76799989	1.784634
3252.88100004	1.613611
3254.273	1.540659
3255.62000012	0.172362
3257.73800015	1.64386
3260.37300014	0.864703
3262.49700022	1.526581
3264.39600015	1.736808
3265.62000012	1.632704
3267.62600017	1.580851
3269.61899996	1.704194
3271.61899996	2.042911
3273.61899996	1.932107
3275.62000012	1.445016
3277.61899996	0.012108
3279.61800003	2.116115
3281.61899996	2.116115
3283.62000012	1.653734
3285.61899996	1.909618
3287.62100005	1.867772
3289.62299991	1.60578
3291.61899996	1.663471
3293.62000012	1.860885
3295.62199998	1.671838
3297.62100005	1.668812
3299.63000011	1.901153
3301.62000012	1.424588
3303.61899996	1.411792
3305.61899996	2.279791
3307.62199998	1.63753
3309.62299991	1.622841
3311.61899996	1.663474
3313.62299991	1.75163
3315.61899996	1.335227
3317.61899996	1.411579
3319.61899996	1.396256
3321.62299991	1.591358
3323.63400006	1.910003
3325.62299991	1.334522
3327.61899996	1.806328
3329.63100004	1.634167
3331.62100005	1.482511
3333.62100005	1.419791
3335.63199997	1.91337
3337.62299991	1.689715
3339.62000012	1.385111
3341.87000012	1.885921
3343.87300014	2.120865
3345.87000012	1.606684
3347.87300014	1.995066
3349.76100016	0.85327
3351.87000012	2.037344
3353.87000012	0.978551
3355.87300014	0.575901
3357.87199998	1.340342
3359.87000012	1.096468
3361.87899995	1.764494
3363.87100005	1.786409
3365.87000012	1.268331
3367.87199998	2.008638
3369.87000012	0.023665
3371.87300014	0.069269
3373.7650001	1.101758
3375.87000012	1.250699
3377.87000012	0.917389
3379.87100005	1.719236
3381.87000012	1.641909
3383.87000012	1.539918
3385.87000012	1.524003
3387.87000012	1.365333
3389.87100005	1.677834
3391.87600017	1.677834
3393.87100005	0.80609
3395.87000012	1.504908
3398.03199983	1.385418
3401.18700004	1.073401
3404.70900011	0.420425
3407.53900003	0.973081
3410.37000012	0.411801
3413.28400016	1.41162
3415.98600006	0.845832
3418.84100008	0.009866
3421.78100014	1.255807
3424.03999996	0.013895
3424.30699992	1.129907
3426.95799994	1.139298
3429.59000015	1.293471
3431.38800025	0.720585
3433.13000011	1.642537
3434.57400012	1.444517
3436.45200014	1.526539
3438.046	1.250278
3439.39100003	1.315543
3440.69599986	0.77003
3441.73900008	1.261287
3442.5250001	0.742403
3444.48200011	1.169649
3446.24799991	0.376367
3448.06800008	0.693258
3450.24799991	0.4518
3452.97000003	0.29518
3456.11899996	0.711301
3458.28299999	0.394601
3461.171	0.904457
3463.23300004	0.014538
3465.61300015	1.200706
3468.23800015	0.410829
3470.31900001	1.06174
3471.80900002	0.065785
3473.35600019	0.848683
3477.56900001	1.231827
3480.35100007	1.296225
3483.05099988	1.612928
3485.03600025	1.478002
3486.59300017	0.011661
3487.37000012	1.604165
3488.03900003	0.566231
3489.25200009	1.321876
3490.72799993	1.354692
3492.49599981	0.023517
3493.86500001	1.648293
3495.47600007	1.241771
3496.68900013	0.052028
3497.98900008	1.12813
3499.66000009	1.478219
3501.19199991	1.144503
3502.46399999	0.531079
3503.87400007	0.680927
3505.87600017	1.426705
3507.98200011	1.29832
3510.15999985	0.36702
3512.28299999	1.434009
3514.5250001	1.272622
3516.62399983	1.441173
3517.82299995	1.525079
3519.875	1.553865
3521.875	0.051701
3523.87400007	1.481264
3525.87400007	0.141313
3527.875	1.263118
3530.05300021	1.193749
3532.3670001	1.323793
3534.55800009	1.192337
3536.19300008	1.391828
3537.87300014	1.853848
3539.87400007	1.582233
3541.87899995	1.45219
3543.87400007	1.382078
3545.87400007	1.549342
3547.87600017	1.284638
3549.87400007	0.884687
3551.875	0.084423
3553.87400007	1.550485
3555.87999988	1.023122
3557.875	0.191926
3559.97399998	0.350463
3562.977	0.380484
3565.13300014	1.41316
3567.15700006	0.887011
3569.50800014	0.996769
3572.39100003	1.131642
3574.04999995	1.376979
3575.82500005	0.843047
3577.3900001	1.168228
3578.70900011	1.226667
3579.87700009	1.479228
3581.875	0.316439
3583.87800002	1.347658
3585.875	0.023257
3587.89300013	1.499396
3590.125	0.596813
3592.12600017	0.02463
3593.99600029	1.003058
3596.12600017	0.933354
3598.62399983	1.570311
3601.00699997	1.014455
3603.8440001	1.235893
3606.18000007	1.365732
3607.23199987	0.391884
3608.125	0.812742
3610.12600017	1.02587
3612.12700009	1.148793
3614.13499999	1.417943
3616.12700009	1.671283
3617.97099996	1.347492
3620.125	1.370625
3622.125	1.210764
3624.13000011	1.335557
3626.12600017	0.490774
3628.12600017	0.112716
3630.125	1.362366
3632.12600017	1.363279
3634.125	1.363279
3636.12600017	1.29542
3638.125	1.432666
3640.12600017	0.089192
3642.12700009	1.131299
3644.125	1.331698
3646.12700009	1.350323
3648.12700009	0.014379
3650.12600017	1.419115
3652.13100004	1.11255
3654.12900019	1.309602
3656.12900019	1.28456
3658.12700009	0.810461
3660.12700009	1.252012
3662.125	1.4539
3664.12700009	1.4539
3666.13000011	0.70006
3668.125	1.51082
3670.125	1.422221
3672.12600017	0.841443
3674.12600017	1.063314
3676.12900019	1.266203
3678.12700009	1.499709
3680.12700009	1.330427
3682.12800002	0.782247
3684.12700009	1.278755
3686.12600017	0.020092
3688.12700009	0.657588
3690.12600017	0.024068
3692.12700009	0.447662
3694.12800002	1.292547
3696.12700009	1.278004
3698.12600017	1.545724
3700.12600017	1.428331
3702.12600017	1.374013
3704.12800002	1.319211
3706.125	1.291509
3708.12700009	1.323348
3710.12600017	1.577248
3712.12800002	1.45938
3714.13000011	1.394595
3716.03999996	0.367897
3718.13100004	1.113379
3720.12600017	1.131203
3722.12700009	1.161826
3724.12700009	1.176805
3726.12600017	0.070937
3728.12700009	0.951714
3730.13499999	0.002527
3732.12800002	1.144447
3734.12600017	1.165665
3736.12700009	0.561539
3738.12900019	1.047666
3740.12900019	0.911386
3742.12900019	1.400404
3744.12700009	1.254433
3746.12900019	1.374348
3748.13000011	1.551425
3750.12900019	0.47882
3752.17599988	0.021303
3754.67400002	1.32424
3757.65499997	0.189905
3761.273	1.143767
3766.28999996	1.111312
3768.51199985	1.071573
3769.23700023	1.54498
3770.12600017	1.231419
3771.37899995	1.590435
3773.0710001	0.031503
3774.95799994	1.107694
3777.52400017	0.953435
3779.77800012	1.083717
3781.4749999	1.288187
3783.01099992	1.228068
3783.25	1.26903
3784.12800002	0.934142
3786.12900019	1.332117
3788.12700009	1.572778
3790.12800002	1.271843
3792.12900019	1.23646
3794.13300014	1.291248
3797.69499993	0.996147
3800.25099993	1.407909
3801.57599998	1.053895
3802.47000003	1.799941
3804.12900019	1.457268
3806.12800002	0.395203
3808.13000011	0.469139
3810.30200005	0.645995
3813.546	1.126745
3815.81900001	0.893649
3818.01900005	1.27382
3820.20400023	0.018817
3821.95000005	1.440681
3823.61899996	0.805102
3825.04200006	1.035942
3826.523	1.709578
3828.13800001	1.293167
3830.13200021	1.704475
3832.81800008	1.313927
3835.75399995	0.535008
3838.22500014	1.293789
3840.38399982	1.304715
3841.28900003	1.51409
3842.37899995	1.255022
3844.273	1.583144
3846.38199997	1.570798
3848.37899995	1.479996
3850.38199997	1.534101
3852.38000011	1.250851
3854.52999997	0.462734
3856.40400028	1.170948
3858.38000011	1.430301
3860.38000011	1.626649
3862.37599993	1.451968
3864.38000011	1.098608
3866.38000011	0.437866
3868.27099991	1.274568
3870.37899995	1.655226
3872.38000011	1.706365
3874.3829999	0.98541
3876.38100004	0.243314
3878.38000011	1.271239
3880.38000011	1.107432
3882.38000011	1.292291
3884.37899995	1.558715
3886.38000011	1.622899
3888.37899995	1.625656
3890.38100004	1.571624
3892.80999994	0.151605
3894.97000003	1.384002
3896.89899993	0.008704
3899.36199999	0.736765
3900.97900009	1.391988
3902.61000013	0.284029
3904.22100019	0.010052
3906.38100004	1.245958
3908.36100006	1.396285
3910.4460001	0.289145
3912.38199997	1.44203
3914.39199996	1.473817
3916.73700023	1.30402
3919.09700012	1.237973
3921.79999995	0.956615
3923.22100019	1.959306
3924.94200015	0.859953
3927.11500001	1.283442
3928.6650002	0.263008
3930.38000011	1.04342
3932.38199997	0.428128
3934.38199997	1.078825
3936.68600011	1.365934
3939.27900004	0.174209
3941.54699993	0.366573
3944.11300015	0.525933
3946.9690001	0.018846
3949.62800026	1.23545
3952.94100022	0.393008
3955.19000006	0.049448
3957.36599994	0.102455
3958.51800013	1.152337
3959.97099996	0.102244
3961.50100017	1.559875
3963.69700003	1.242511
3965.94900012	0.770228
3968.35500002	0.543057
3970.80100012	0.669113
3973.29200029	0.235478
3975.3599999	0.410307
3977.36800003	0.343696
3979.2420001	0.865516
3980.88100004	1.301481
3983.76699996	0.36674
3986.70800018	0.651144
3988.72500014	0.051113
3990.20400023	0.705856
3991.2750001	0.121119
3993.23300004	1.130955
3995.03400016	0.936122
3997.17499995	1.204666
3999.1650002	1.26459
4002.11500001	0.982398
4004.93400002	1.273495
4007.84299994	1.013612
4009.99499989	0.320419
4011.0710001	1.009145
4011.40400028	1.249751
4012.01099992	1.17611
4013.76100016	0.437466
4015.36299992	1.390719
4016.80599999	0.017047
4018.80100012	1.247934
4021.14800024	0.594537
4023.88500023	1.346507
4026.06000018	0.786739
4027.33599997	0.528331
4028.67799997	0.26302
4030.30000019	0.12268
4032.43300009	1.012498
4035.49499989	0.448641
4038.63899994	0.095065
4041.46600008	0.430877
4043.99099994	0.687971
4046.34800029	0.79595
4048.28799987	1.226696
4050.15199995	1.29618
4051.9230001	0.150761
4052.88400006	1.229138
4053.18900013	0.184945
4053.40900016	0.66649
4054.38399982	1.076934
4056.38199997	1.255689
4058.38399982	1.304578
4060.38700008	1.248145
4062.38399982	1.142981
4064.37899995	1.100532
4066.67799997	0.318692
4068.96000004	1.418009
4071.45000005	1.170742
4073.63300014	1.100347
4074.92200017	1.049048
4076.89400005	1.185861
4078.39400005	1.48318
4080.38399982	1.137282
4082.3829999	0.77059
4084.38700008	1.254222
4086.38399982	0.013214
4088.42500019	0.547466
4090.875	0.082769
4093.51900005	1.4534
4095.76400018	0.929948
4097.20500016	0.268275
4099.77800012	0.121745
4102.46000028	1.294857
4106.06399989	1.255603
4109.3900001	1.188327
4111.5309999	0.03335
4113.74800014	1.090877
4115.97399998	1.219933
4118.21399999	1.084714
4121.03199983	0.35089
4122.91300011	1.070371
4123.89700007	1.20087
4124.92400026	0.74536
4126.51900005	0.580441
4129.14500022	0.980237
4133.75300002	1.09956
4137.15899992	0.605841
4140.33599997	1.210917
4142.1789999	1.01797
4142.83300018	0.00792
4143.70000029	1.193095
4145.52200007	1.242421
4150.03700018	0.482788
4151.44100022	1.451632
4152.19199991	1.485264
4153.35700011	1.613152
4154.56299996	1.409432
4156.171	1.145079
4157.43499994	0.961629
4158.58399987	1.122033
4159.70600009	0.878083
4161.03199983	1.22329
4162.125	1.128305
4163.23199987	1.571533
4164.63400006	1.288975
4166.63499999	1.196197
4168.63499999	1.133386
4170.63999987	1.365185
4172.63499999	1.399251
4174.63999987	1.157462
4176.63400006	1.448065
4178.63499999	1.045582
4180.63499999	1.019533
4182.63499999	1.481637
4184.63600016	1.378186
4186.63499999	1.785384
4188.63400006	1.05
4190.63600016	0.658102
4192.63600016	1.556508
4194.63499999	1.268325
4196.63600016	1.138538
4198.63400006	0.915045
4200.63499999	0.915045
4202.63800001	1.406241
4204.63800001	1.209637
4206.63600016	1.115684
4208.63499999	1.276016
4210.63700008	1.580494
4212.63700008	1.293282
4214.63499999	1.768277
4216.65400004	1.609623
4218.63400006	1.692321
4220.63600016	1.346249
4222.63499999	1.908271
4224.63600016	1.647367
4226.63499999	1.80221
4228.63800001	1.590723
4230.63499999	1.590723
4232.63499999	1.953083
4234.63600016	1.771317
4236.63600016	1.675453
4238.63899994	1.392108
4240.63499999	1.461539
4242.63600016	1.661033
4244.63600016	0.185838
4246.63499999	1.463263
4248.63700008	1.540265
4250.64700007	1.564476
4252.63499999	1.356912
4254.63800001	1.346928
4256.63499999	1.528153
4258.63499999	1.544201
4260.63600016	1.544201
4262.63800001	1.544201
4264.63700008	1.624157
4266.63800001	1.624887
4268.63700008	1.535787
4270.63700008	1.590876
4272.63700008	1.775322
4274.63700008	1.619834
4276.63499999	1.673234
4278.63499999	0.903035
4280.63499999	1.393191
4282.63700008	1.393191
4284.63700008	1.621748
4286.63700008	1.761868
4288.63899994	1.327547
4290.648	0.721382
4292.63800001	1.264278
4294.63600016	0.378904
4296.64299989	0.254041
4298.75	0.34945
4300.63800001	0.303621
4302.63899994	0.814803
4304.63999987	1.176007
4306.75999999	0.398715
4310.31600022	0.482166
4313.86199999	1.501977
4317.44100022	1.672573
4320.39499998	1.878404
4323.1880002	1.313078
4325.25800014	1.192052
4326.46600008	1.462262
4327.52400017	1.229293
4328.73800015	1.095809
4330.1789999	0.459082
4331.46500015	0.050795
4332.80999994	1.526235
4333.06599998	1.521606
4334.63899994	0.546722
4336.63899994	1.672852
4338.63899994	0.020713
4340.88800001	1.874119
4343.10000014	0.378401
4344.75600028	0.579976
4346.88700008	1.180314
4348.8900001	1.601457
4350.88900018	1.023617
4352.88900018	0.809348
4354.88800001	0.97467
4356.88800001	1.364094
4358.75199986	0.16028
4361.09700012	1.356378
4362.67600012	1.690518
4364.88900018	1.519782
4366.88700008	1.366118
4368.8900001	1.28427
4370.88900018	1.16092
4372.8900001	1.774191
4374.88800001	0.317574
4376.88700008	0.712092
4378.88900018	0.106595
4381.81700015	1.511482
4384.00100017	1.465407
4385.58100009	1.210797
4386.7650001	1.485081
4388.89899993	1.7576
4390.88900018	1.66961
4392.97200012	1.106987
4396.23900008	0.269968
4398.90500021	1.442714
4401.56599998	0.424755
4403.62299991	1.161367
4406.24000001	0.014401
4408.09800005	1.591829
4410.71099997	0.843344
4412.704	0.115972
4414.33100009	0.658902
4416.16900015	0.993916
4418.10100007	0.098716
4420.42500019	1.65265
4423.35000014	1.376514
4425.32799983	1.245671
4427.45000005	0.17511
4429.36599994	0.175253
4430.80699992	1.189886
4432.90299988	0.733655
4435.24699998	0.701167
4437.25099993	0.47313
4438.71099997	1.471203
4440.1960001	1.511496
4442.65799999	1.319722
4444.28400016	0.094015
4445.99300003	0.30765
4447.38199997	0.156618
4448.66900015	0.894348
4450.11400008	0.011025
4451.59500003	0.426641
4453.17400002	1.585665
4455.72799993	0.796323
4458.08799982	0.757094
4460.59800005	0.462991
4463.16100001	0.483166
4465.05599999	2.137222
4466.69899988	0.029985
4468.19499993	0.055325
4469.83700013	1.578165
4471.92900014	1.267531
4473.81900001	1.531589
4475.78000021	0.033554
4477.56699991	0.984746
4479.27800012	1.971699
4481.31600022	1.764184
4482.97000003	1.029313
4484.88900018	1.80984
4486.89100003	1.625081
4488.89100003	1.948011
4490.89100003	0.245115
4492.89100003	0.034156
4494.8900001	0.866631
4496.8920002	0.806841
4498.89599991	1.07521
4500.8920002	1.512309
4502.89100003	1.059377
4504.89100003	0.021521
4506.8920002	0.027395
4508.89499998	0.788978
4510.8900001	0.082715
4512.8920002	1.364802
4514.89100003	0.045195
4516.8920002	0.016353
4518.89100003	0.002822
4520.8920002	1.485015
4522.89300013	1.742757
4524.89300013	1.505169
4526.8920002	0.01606
4528.8920002	1.729098
4530.8920002	0.016247
4532.8920002	1.02427
4534.89100003	0.932989
4536.89100003	1.765607
4538.8920002	1.908242
4540.90399981	1.912755
4542.89100003	2.074987
4544.8920002	1.573599
4546.89100003	1.557811
4548.8900001	0.957197
4550.89100003	1.900122
4552.8920002	1.424654
4554.89100003	0.61839
4556.8920002	0.434305
4558.8920002	1.316686
4560.8900001	0.124313
4562.92900014	0.182691
4564.92500019	1.8391
4566.8920002	1.509773
4568.89300013	1.49547
4570.8920002	2.204136
4573.19499993	0.354776
4576.42800021	1.985372
4578.74900007	1.759466
4579.08299994	1.836257
4580.89100003	1.968822
4582.8920002	1.939193
4584.89300013	0.88993
4586.8900001	0.289098
4588.8920002	0.616027
4591.14299989	0.082795
4594.45300007	1.051648
4597.18000007	1.716387
4599.68500018	0.002761
4600.91400003	0.818268
4602.32599998	0.066021
4603.7750001	1.792138
4605.51999998	1.731202
4606.91799998	1.20086
4609.14500022	1.257322
4611.14299989	0.008654
4613.14399981	2.030756
4615.14299989	1.614599
4617.03600025	0.581449
4619.14500022	1.863842
4621.14299989	1.918561
4623.14299989	0.295604
4625.14299989	1.745274
4627.14299989	1.780207
4629.14399981	2.045282
4631.14500022	1.705885
4633.14500022	0.877525
4635.14399981	0.210884
4637.14299989	0.369852
4639.14299989	0.130072
4641.14199996	0.035694
4643.14299989	1.846353
4645.14299989	1.574265
4647.14199996	0.043337
4649.14199996	2.0463
4651.14500022	0.186423
4653.14500022	1.274518
4655.14399981	0.024762
4657.14399981	1.858827
4659.14299989	0.302063
4661.14299989	1.582872
4663.14500022	1.716744
4665.0250001	1.639603
4667.14399981	1.754916
4669.14500022	0.197149
4671.14800024	0.113768
4673.06999993	1.942423
4675.5250001	1.897308
4677.55099988	1.833146
4679.14500022	1.477833
4681.14399981	0.00935
4683.14500022	1.520164
4685.14399981	0.629938
4687.14500022	0.183196
4689.29500008	1.546844
4691.14600015	0.867472
4693.14500022	0.529974
4695.14500022	0.477235
4697.08599997	0.294163
4699.14500022	0.223168
4701.14399981	1.766397
4703.14399981	1.63865
4705.14399981	1.84009
4707.14399981	1.687316
4709.14399981	0.017003
4711.14500022	0.008099
4713.02100015	1.519362
4715.14900017	1.912011
4717.14700007	1.155312
4719.68900013	1.522426
4721.61800003	0.009674
4723.102	0.568051
4725.14800024	1.780852
4727.14500022	0.656323
4729.14700007	0.750231
4731.35600019	0.065912
4733.26800013	0.076265
4735.58399987	0.022145
4737.57300019	0.762271
4739.57500005	1.374381
4741.273	1.032586
4743.14700007	0.728573
4745.14500022	1.665826
4747.14700007	2.017205
4749.14500022	1.888288
4751.14500022	1.769397
4753.14600015	1.814331
4755.14700007	1.38106
4757.14600015	0.485781
4759.1500001	0.401458
4761.14500022	1.58445
4763.14600015	1.806539
4765.14600015	1.57665
4767.14700007	1.853623
4769.14700007	1.783941
4771.14500022	0.615831
4773.14700007	2.042915
4775.14500022	0.19764
4777.14700007	2.019838
4779.14800024	0.91662
4781.14600015	0.010307
4783.12800002	0.769319
4785.51999998	1.181785
4787.55099988	0.674068
4789.14600015	2.185545
4791.14700007	1.970716
4793.14500022	1.849516
4795.14700007	0.012433
4797.14500022	1.725169
4799.14800024	0.370015
4801.14900017	0.739192
4803.14700007	1.207796
4805.14600015	1.824723
4807.14700007	1.996888
4809.14800024	1.823203
4811.14500022	0.007109
4813.14900017	1.66239
4815.14700007	0.646954
4817.14600015	1.7885
4819.14800024	1.530569
4821.14600015	1.543
4823.14600015	0.033336
4825.14700007	1.728096
4827.14700007	1.97675
4829.14700007	2.068881
4831.14700007	1.765492
4833.14500022	1.685077
4835.14800024	1.821307
4837.14600015	1.840703
4839.14600015	0.019447
4841.39600015	1.802992
4843.39700007	0.954794
4845.39600015	1.97204
4847.398	1.672535
4849.19300008	1.801353
4851.39700007	0.274776
4853.56299996	1.347543
4856.11300015	0.252249
4858.93400002	0.8028
4861.61000013	0.120823
4864.20600009	1.295649
4867.47300005	1.372753
4870.53700018	0.904431
4873.02100015	1.775544
4874.8440001	1.631853
4875.32500005	1.823277
4875.93499994	1.812142
4876.40799999	1.767477
4877.39600015	1.660769
4879.398	1.762964
4881.398	1.618404
4883.39700007	0.008961
4885.39899993	0.425481
4887.38100004	1.416069
4889.71499991	1.557784
4891.39700007	1.596623
4893.40600014	1.341491
4895.39700007	1.908209
4897.398	1.943585
4899.39899993	1.623584
4901.40100002	1.458111
4903.52100015	0.207013
4905.625	0.069142
4908.13700008	1.668703
4910.54299998	1.686805
4912.92600012	1.260625
4914.65499997	1.655239
4915.87400007	0.399381
4917.22900009	1.350669
4919.39700007	1.24546
4921.39700007	1.966338
4923.39999986	0.837577
4925.40100002	1.787041
4927.398	1.568537
4929.39700007	0.663639
4931.398	1.559004
4933.39700007	1.467178
4935.398	0.057629
4937.40100002	1.928958
4939.39999986	1.560116
4941.39899993	0.58991
4943.26699996	1.458021
4945.39899993	2.061663
4947.39899993	0.282734
4949.40199995	0.012333
4951.33800006	0.03387
4953.62700009	0.23448
4955.62000012	0.065256
4957.9230001	0.140659
4960.63100004	0.034136
4962.90600014	0.276663
4964.86299992	0.346602
4966.84599996	2.047906
4968.20100021	2.030549
4969.39700007	2.09948
4971.398	1.855242
4973.39899993	0.033726
4975.39999986	1.846896
4977.40199995	0.094107
4979.602	0.217545
4981.48699999	0.040247
4983.47900009	0.630939
4985.80200005	0.47705
4987.77099991	0.099579
4989.648	0.024954
4991.31099987	0.325991
4993.39999986	2.028702
4995.39899993	1.208815
4997.39899993	0.935092
4999.39999986	0.00354
5001.43400002	1.019747
5003.398	0.914148
5005.39999986	1.48452
5007.40199995	0.722141
5009.39899993	1.820131
5011.398	0.74978
5013.39899993	2.15182
5015.39999986	2.189063
5017.398	2.068514
5019.39899993	2.027845
5021.398	2.189483
5023.39899993	2.465235
5025.40100002	2.346583
5027.39999986	0.308373
5029.39999986	2.046614
5031.398	2.189306
5033.39899993	2.065639
5035.398	2.126955
5037.40100002	1.98226
5039.39899993	1.771759
5041.398	2.047062
5043.40100002	1.928079
5045.39899993	1.840981
5047.398	1.831939
5049.40100002	1.834309
5051.39899993	2.175446
5053.40100002	2.347171
5055.39899993	2.133223
5057.39899993	2.147727
5059.40299988	2.355816
5061.39899993	2.441173
5063.39999986	1.881195
5065.39899993	2.179356
5067.39899993	1.839673
5069.39899993	1.859446
5071.40600014	2.118826
5073.39999986	2.167343
5075.39999986	2.071308
5077.40199995	1.955481
5079.40100002	2.090515
5081.39999986	2.149692
5083.40100002	1.834498
5085.39999986	2.149576
5087.39899993	2.27349
5089.39999986	2.118591
5091.65100002	2.071064
5093.64900017	1.870991
5095.6500001	1.889997
5097.65100002	0.674349
5099.6500001	2.131552
5101.64900017	1.957138
5103.6500001	2.435308
5105.65300012	2.163666
5107.65200019	2.251534
5109.6500001	1.86953
5111.53500009	1.972868
5113.6500001	1.942545
5115.6500001	1.966954
5117.65200019	2.113938
5119.65100002	2.157716
5121.6500001	2.019509
5123.98500013	0.585112
5125.65200019	2.052023
5127.65400004	2.246011
5129.65200019	2.166741
5131.65300012	1.269156
5133.65200019	2.339471
5135.53200006	2.083244
5137.65799999	1.777173
5139.65300012	2.204736
5141.65200019	2.287039
5143.65100002	2.114314
5145.65100002	2.183297
5147.6500001	0.743252
5149.65100002	2.059028
5151.6500001	1.988313
5153.65200019	1.946796
5155.65200019	2.035654
5157.65200019	2.018718
5159.53800011	1.856998
5161.6500001	2.261891
5163.65300012	2.261891
5165.65200019	2.153645
5167.65200019	2.396711
5169.65200019	1.873843
5171.65300012	1.998023
5173.65300012	1.951359
5175.65300012	2.143587
5177.65200019	0.380385
5179.65300012	1.738813
5181.5309999	2.18254
5183.65400004	2.10675
5185.65100002	2.293469
5187.65200019	2.291052
5189.65300012	1.00406
5191.65499997	1.673095
5193.65400004	2.150726
5195.65400004	0.024196
5197.65499997	1.972152
5199.59800005	0.609894
5201.98699999	1.502405
5203.65300012	1.343767
5205.65400004	2.266295
5207.65499997	0.011326
5209.65700006	0.047118
5211.65400004	1.21945
5214.21000004	1.913139
5216.06800008	2.056287
5217.62700009	2.054035
5219.65300012	0.274839
5221.65400004	0.154438
5223.65499997	2.166094
5225.65400004	1.711736
5227.65899992	0.007433
5229.69499993	1.991403
5231.65400004	0.631727
5233.65300012	1.7904
5235.65499997	2.270778
5237.65300012	0.013773
5239.65400004	1.697196
5241.65400004	0.298929
5243.65400004	1.027752
5245.65300012	2.0922
5247.6559999	0.35718
5249.6559999	2.028976
5251.65499997	2.198824
5253.65499997	0.469746
5256.00699997	0.199765
5257.8440001	0.044942
5260.66700006	0.065286
5264.21499991	0.069749
5267.66299987	0.334131
5269.75399995	2.143742
5271.45200014	0.112318
5272.84599996	1.849233
5274.14199996	0.298355
5275.38100004	1.691837
5277.20200014	1.822492
5278.63600016	2.146542
5279.65499997	1.822619
5281.65400004	1.37096
5283.65499997	1.743095
5285.6559999	1.157629
5287.6559999	2.191619
5289.65499997	1.86349
5291.6559999	1.868479
5293.65400004	1.968468
5295.6559999	1.849277
5297.65499997	0.014756
5299.65499997	2.286996
5301.66199994	1.494135
5303.65499997	0.624779
5305.65400004	0.969843
5307.6650002	1.690566
5309.65499997	2.133172
5311.6559999	1.596908
5313.65400004	0.030036
5315.65499997	0.715948
5317.65400004	1.954412
5319.65400004	1.249831
5321.65499997	1.818589
5323.65499997	1.807794
5325.6559999	1.953473
5327.65400004	2.218554
5329.66299987	0.962052
5331.6559999	1.089522
5333.65499997	0.702443
5335.6559999	0.634149
5337.65700006	0.016676
5339.65700006	2.161214
5341.7750001	2.125766
5343.90399981	2.148829
5345.90500021	1.96926
5347.90600014	1.668816
5349.90399981	2.001358
5351.90500021	0.686445
5353.90600014	0.009388
5355.90600014	0.308575
5357.90399981	0.444939
5359.90500021	0.911313
5361.90500021	0.298252
5363.90700006	2.120248
5365.79700017	2.045044
5367.92500019	1.825843
5369.90500021	0.468114
5371.90600014	0.372101
5373.90600014	0.607093
5375.90600014	1.482899
5377.90600014	2.14951
5379.90700006	2.269078
5381.90600014	2.12997
5383.90500021	2.042167
5385.90700006	2.611958
5387.90800023	1.977032
5389.90800023	1.357198
5391.90600014	1.877929
5394.2420001	1.983022
5395.89400005	2.164104
5397.90600014	0.088661
5399.90800023	0.908321
5401.90900016	1.000401
5403.90700006	1.426419
5405.90600014	1.264571
5407.90500021	0.114725
5409.90600014	1.940897
5411.90700006	2.07953
5413.78299999	0.673533
5415.91000009	0.047668
5419.50999999	0.411652
5422.35400009	1.913457
5424.5710001	2.142136
5425.60900021	2.029264
5426.79099989	1.835473
5428.12700009	0.126415
5429.90600014	2.148104
5431.90900016	1.700993
5433.90700006	0.967127
5435.90600014	1.22166
5437.78900003	2.12819
5439.90800023	2.258393
5441.90800023	2.285416
5443.90700006	0.022212
5446.08799982	0.173049
5447.90900016	2.43057
5449.90700006	2.273491
5451.91000009	1.510818
5453.90700006	2.234759
5455.91000009	1.740465
5457.90900016	1.398768
5459.92200017	0.018069
5461.78100014	1.551441
5463.90800023	1.231152
5465.91100001	1.670082
5468.046	1.198436
5469.90700006	0.435767
5471.90800023	0.023423
5473.90900016	0.011617
5475.90600014	2.190729
5477.90600014	2.108679
5479.90800023	1.950213
5481.90800023	1.823333
5483.90700006	0.027686
5485.86299992	0.117486
5487.90700006	1.834106
5489.90700006	1.790964
5491.90700006	2.308586
5493.90600014	2.391807
5495.90800023	2.124785
5497.90600014	1.959197
5499.90700006	0.01891
5501.90600014	2.227281
5503.90900016	2.227281
5505.90600014	2.227281
5507.90800023	1.916727
5509.90700006	1.775592
5511.90800023	2.348237
5513.90900016	2.208149
5516.39199996	2.004667
5518.18400002	2.232702
5519.90900016	1.568645
5521.90700006	1.955173
5523.91199994	1.696351
5525.90800023	1.214577
5527.90800023	2.009051
5529.90900016	0.764013
5531.90800023	0.549536
5533.91000009	2.10879
5535.921	0.850529
5537.90800023	1.867369
5539.90700006	2.204485
5541.90700006	2.232375
5543.90700006	1.98118
5545.90800023	2.082578
5547.90900016	1.36523
5549.90700006	1.975661
5551.90700006	1.975661
5553.90700006	2.170038
5555.90700006	2.248199
5557.90700006	1.606516
5559.90900016	1.722192
5561.90700006	1.855151
5563.90700006	1.890322
5565.90800023	1.942016
5567.90700006	2.19667
5569.90800023	2.053969
5571.90800023	2.292993
5573.90700006	1.971343
5575.90800023	2.058971
5577.90700006	2.187972
5579.93700004	2.187972
5581.90800023	0.158481
5583.90900016	0.845467
5585.91000009	1.915566
5587.91100001	0.02074
5589.90900016	1.850024
5592.15999985	2.029269
5594.15999985	2.435329
5596.15799999	1.856115
5598.1650002	2.419597
5600.15799999	2.28733
5602.15799999	2.06829
5604.15799999	2.145492
5606.15799999	2.048945
5608.16100001	2.048945
5610.15899992	2.317184
5612.15999985	2.274958
5614.16400027	0.01717
5616.16199994	1.82467
5618.15899992	2.436886
5620.15899992	1.920888
5622.15799999	2.019098
5624.16199994	2.216387
5626.16299987	2.033616
5628.16100001	1.43684
5630.16100001	2.026443
5632.15999985	0.220834
5634.16199994	2.154462
5636.15999985	2.007717
5638.16100001	1.773595
5640.15999985	1.91987
5642.16100001	0.210821
5644.30999994	0.139746
5646.16799998	0.520634
5648.16400027	0.02451
5650.14900017	0.244698
5652.16100001	2.062049
5654.16600013	2.145634
5656.15999985	0.149919
5658.16199994	1.891638
5661.13400006	1.96082
5662.07300019	1.891058
5664.15999985	1.832418
5666.15999985	1.368281
5668.16400027	0.650125
5670.16600013	2.147651
5672.1650002	0.006771
5674.16299987	1.012225
5676.16299987	1.773763
5678.16299987	0.793306
5680.16299987	1.644383
5682.16299987	1.482615
5684.16199994	1.164377
5686.16299987	0.024715
5688.16199994	0.611843
5690.17000008	1.927443
5692.16100001	1.797184
5694.16600013	2.201047
5696.29300022	2.156836
5698.16299987	1.363208
5700.16600013	1.733016
5702.1650002	0.657371
5704.16199994	2.197641
5706.11500001	0.533527
5708.84599996	1.042977
5711.25900006	2.090872
5712.08799982	1.943264
5714.16299987	1.235486
5716.16600013	0.655195
5718.16299987	0.053591
5720.16400027	2.123315
5722.31999993	1.979101
5724.16299987	1.571134
5726.16199994	0.734483
5728.16199994	1.59404
5730.16400027	0.073186
5732.16600013	0.332436
5734.52900004	0.127274
5737.06800008	1.794394
5738.93499994	1.889205
5740.16299987	0.01599
5742.16100001	1.784964
5744.16199994	1.900696
5746.16400027	1.718321
5748.16199994	0.013029
5750.16600013	0.016423
5752.43300009	0.308845
5754.16199994	1.676743
5756.16100001	0.029998
5758.16600013	0.270991
5760.53300023	1.973117
5762.08200002	0.042996
5764.16100001	1.737111
5766.16400027	0.313228
5768.16400027	1.06674
5770.14299989	1.696116
5772.16400027	0.829431
5774.16199994	0.023607
5776.16199994	1.979127
5778.16199994	1.51222
5780.1650002	0.751391
5782.23000002	0.270815
5784.26999998	0.937007
5786.1650002	1.470169
5788.80699992	0.660472
5790.93400002	1.618941
5792.17700005	1.796089
5794.16400027	1.791836
5796.1650002	0.0103
5798.16400027	1.783505
5800.32400012	0.059134
5802.30299997	0.940195
5804.19000006	0.394452
5806.16100001	1.777285
5808.16199994	1.821987
5810.16199994	2.014549
5812.16199994	2.121746
5814.16199994	1.864232
5816.16400027	1.969685
5818.16400027	1.96377
5820.16199994	2.092524
5822.1650002	1.803343
5824.16199994	2.05451
5826.16199994	1.933378
5828.16299987	1.839081
5830.16400027	1.734589
5832.16199994	0.636666
5834.16199994	2.053321
5836.16299987	2.421661
5838.16199994	1.753323
5840.16600013	0.541552
5842.41400003	2.045739
5844.41400003	0.515089
5846.41200018	0.552449
5848.42000008	0.85867
5850.41300011	1.964566
5852.41200018	1.770428
5854.41300011	2.169173
5856.41499996	2.014874
5858.41400003	2.00512
5860.30100012	0.601024
5862.41300011	1.9322
5864.41499996	1.663195
5866.41799998	1.999116
5868.41300011	0.358827
5870.41599989	2.209334
