0.0	2.265825
0.0729999542236	2.384844
0.15700006485	2.384844
0.201999902725	2.384844
0.256000041962	2.384844
0.368999958038	2.384844
0.595999956131	2.384844
0.69000005722	3.001511
1.27799987793	2.689822
3.47699999809	3.254882
5.47300004959	4.362416
7.47399997711	3.659218
9.47699999809	1.593222
11.4730000496	3.727136
13.4739999771	2.097842
15.4730000496	4.027526
17.4730000496	2.052647
19.4720001221	4.636356
21.4769999981	2.621799
23.4760000706	3.04577
25.2760000229	3.096184
27.4730000496	2.486301
29.4790000916	4.250842
31.4790000916	4.101268
33.4749999046	5.503284
35.4739999771	2.176507
37.4739999771	3.686533
39.4730000496	2.32585
41.4730000496	2.909286
43.4730000496	2.951298
45.4749999046	4.559759
47.4779999256	3.937503
49.4730000496	2.441508
51.4730000496	4.555496
53.4730000496	2.022005
55.4739999771	1.527974
57.4730000496	2.494328
59.4730000496	2.494328
61.4739999771	3.737074
63.4739999771	3.114159
65.4739999771	0.375708
67.4730000496	2.59771
69.4739999771	2.947464
71.4739999771	2.800808
73.4739999771	4.744317
75.4800000191	3.552789
77.4769999981	0.838174
79.4760000706	3.595807
81.4760000706	2.768325
83.4760000706	0.57925
85.4769999981	2.179089
87.4739999771	2.336161
89.4739999771	3.776494
91.4760000706	1.929659
93.4739999771	0.077899
95.4769999981	1.889766
97.4749999046	2.545773
99.4739999771	2.855521
101.474999905	1.763875
103.476999998	3.947165
105.473999977	3.799961
107.473999977	3.415023
109.474999905	3.832133
111.476999998	5.274026
113.474999905	5.023784
115.474999905	4.995152
117.474999905	3.053556
119.474999905	4.966177
121.474999905	3.722347
123.474999905	5.104525
125.474999905	5.104525
127.476000071	1.573259
129.476000071	1.963781
131.476000071	3.233626
133.474999905	2.564769
135.473999977	1.50043
137.474999905	0.249913
139.490999937	4.444866
141.476000071	2.69471
143.474999905	3.879697
145.476999998	3.52389
147.476000071	0.055794
149.477999926	4.247269
151.476000071	0.182005
