0.0	1.800016
0.500999927521	1.812407
0.874000072479	0.252031
1.41299986839	0.191397
2.22399997711	0.04218
3.132999897	0.331473
5.32899999619	1.838589
7.07400012016	1.880656
9.32099986076	0.684061
11.4739999771	1.831315
13.0429999828	0.651771
14.8660001755	0.161195
16.6859998703	0.782918
18.1169998646	0.547996
19.8229999542	1.315969
21.5479998589	1.828024
24.6539998055	0.087785
26.4379997253	1.850922
27.9559998512	1.642449
28.4800000191	1.105119
29.4889998436	0.055598
30.3899998665	0.284881
31.9240000248	1.221602
33.7889997959	0.334612
35.7049999237	0.545434
38.2230000496	1.801784
39.4270000458	0.710202
40.7129998207	1.501888
41.6600000858	1.54689
43.6600000858	1.861013
45.6589999199	0.122215
47.6619999409	1.84644
49.6610000134	1.827631
51.6729998589	1.543131
54.0550000668	0.021472
57.8789999485	1.823527
62.2569999695	0.105962
66.4440000057	1.5942
67.7170000076	1.863641
70.7790000439	1.885806
74.5399999619	0.567248
75.4630000591	0.430536
76.7279999256	0.014341
77.7590000629	0.896707
78.8609998226	1.840557
79.5899999142	1.807481
80.7999999523	1.596716
82.0209999084	0.941071
82.9790000916	1.734507
84.0230000019	0.510878
85.9089999199	0.017878
87.9099998474	1.87031
89.9089999199	1.843803
91.9149999619	1.760603
93.9110000134	1.813298
