0.0	0.01411
1.77200007439	2.937424
3.27499985695	2.057862
4.28499984741	2.439326
5.23399996758	4.314386
6.04199981689	4.63728
6.507999897	1.963435
6.90499997139	0.173638
7.34099984169	4.751042
8.10400009155	0.618283
8.95799994469	2.307073
10.0299999714	0.98425
11.9789998531	0.507094
13.6089999676	3.411804
15.4299998283	2.885092
17.4249999523	1.015262
19.4230000973	3.28251
21.4289999008	1.641001
23.4499998093	0.926268
25.2989997864	0.692161
27.4230000973	2.197366
29.4259998798	2.976791
31.4230000973	0.651746
33.4309999943	0.587347
35.4499998093	1.024859
37.4319999218	0.470647
39.4240000248	0.060227
41.4240000248	3.917581
43.4219999313	4.165674
45.4259998798	3.867924
47.6719999313	0.518816
49.3459999561	4.530257
51.4370000362	0.009978
53.4269998074	0.212135
55.4210000038	3.831234
57.4289999008	0.011067
59.4240000248	1.340041
61.4219999313	4.371012
63.4219999313	0.129347
65.4230000973	4.488227
67.4219999313	4.488227
69.4240000248	4.488227
71.4219999313	3.854284
73.625	4.821225
75.4230000973	5.120167
77.4219999313	0.416914
79.4370000362	2.244675
81.4210000038	2.525903
83.4230000973	1.86309
85.4309999943	5.079113
87.4219999313	1.928835
89.4339997768	1.370615
91.4219999313	2.406347
93.4309999943	3.389999
95.4249999523	2.32822
97.4230000973	2.118973
99.4240000248	0.293556
101.423000097	0.885437
103.421000004	3.83709
105.423000097	0.392532
107.426999807	1.596839
109.423000097	4.686322
111.445999861	3.650361
113.426999807	1.784947
115.431999922	0.762392
117.424000025	0.686942
119.421999931	4.248366
121.424999952	0.718637
123.421999931	4.295251
125.424999952	4.467288
127.423000097	0.228279
129.432999849	1.578626
131.42599988	0.674305
133.427999973	0.260223
135.424000025	0.634389
137.421999931	2.836409
139.421999931	2.740393
141.423000097	3.392369
143.427999973	0.010763
145.423000097	2.702161
147.423000097	0.48808
149.421000004	3.541435
151.421999931	4.489645
153.424999952	1.189273
155.421000004	2.341513
157.424999952	0.923566
159.424000025	3.521215
161.424000025	2.787644
163.423000097	0.851953
165.424999952	0.686827
167.424999952	2.73224
169.426999807	0.588443
171.424999952	0.116097
173.677000046	1.042962
175.429999828	0.056757
177.426999807	0.706284
179.677999973	0.999816
181.680000067	0.850007
183.572999954	0.629445
185.67599988	2.303986
187.674999714	3.301658
189.677999973	0.457318
191.673999786	1.804992
193.674999714	1.804992
195.673999786	0.097617
197.674999714	0.463476
