0.0	3.365045
0.0609998703003	3.676399
0.115999698639	3.676399
0.173999786377	3.676399
0.263999938965	0.042682
0.363999605179	3.815428
0.475999593735	3.532497
0.58699965477	3.733385
1.36399960518	3.219279
3.36699962616	3.027506
5.36299967766	3.547725
7.16799998283	3.738679
9.36299967766	1.81312
11.3659996986	3.458598
13.3629996777	3.645175
15.3639996052	3.735294
17.3629996777	1.56375
19.3649997711	3.682305
21.6129999161	3.516688
23.6269996166	3.755367
25.6139998436	3.760771
27.6189997196	0.324525
29.6219997406	3.614162
31.6249997616	3.800208
33.6179997921	3.332382
35.6189997196	3.596649
37.6199996471	3.119969
39.6219997406	3.355437
41.6289999485	3.752463
43.6209998131	3.797047
45.6279995441	3.522923
47.6229996681	3.529379
49.6129999161	3.641859
51.6189997196	3.015726
53.6249997616	3.584411
55.6149997711	3.82122
57.6259996891	3.372367
59.6249997616	3.70969
61.6289999485	3.351631
63.6199996471	3.8
65.6159999371	3.729001
67.6289999485	3.783936
69.6129999161	3.735209
71.6229996681	3.811684
73.6259996891	3.878557
75.6289999485	3.723211
77.6149997711	3.708629
79.6129999161	3.607367
81.6179997921	3.672696
83.6179997921	3.740884
85.6189997196	2.680573
87.6929998398	3.178762
89.6199996471	1.466425
91.9809999466	2.720301
93.8779997826	3.785652
95.8679995537	3.851426
97.8669996262	0.494934
99.6269996166	1.514465
101.626999617	3.699781
103.863999844	3.936274
105.875999689	3.881517
107.870999813	3.543853
109.870999813	3.785172
111.873999834	3.365287
113.865999699	3.820979
115.867999554	3.683673
117.865999699	3.723779
119.867999554	3.84189
121.877999783	3.684517
123.864999771	3.86099
125.871999979	3.692794
127.866999626	3.723302
129.875999689	3.205234
131.866999626	3.858206
133.875999689	3.335676
135.876999855	3.394937
137.880999804	3.385443
139.869999886	3.857987
141.874999762	3.234743
143.864999771	2.741287
145.877999783	3.349574
147.873999834	3.793695
149.873999834	3.839826
151.866999626	3.238434
153.869999886	3.740217
155.866999626	3.723634
157.867999554	3.782476
159.975999832	3.904413
161.865999699	1.35315
163.869999886	3.637228
165.875999689	3.777202
167.867999554	3.630313
169.876999855	3.403546
171.863999844	1.660116
173.873999834	3.525718
175.867999554	3.732821
177.876999855	3.682379
179.877999783	3.567778
181.865999699	1.412489
183.869999886	3.697516
185.879999876	3.647394
187.874999762	3.674626
189.866999626	3.136549
191.874999762	3.715192
193.869999886	3.411814
195.875999689	3.503367
197.866999626	3.55102
199.874999762	3.419281
201.86899972	3.639784
203.862999678	3.788552
205.873999834	3.779909
207.874999762	3.100061
209.865999699	3.278749
211.879999876	0.81935
213.874999762	0.142064
215.872999907	3.833714
217.863999844	3.495426
219.873999834	3.539898
221.864999771	3.721561
223.869999886	3.302727
225.87899971	3.380515
227.86899972	3.437032
229.873999834	3.645283
231.871999979	3.825084
233.863999844	3.7728
235.869999886	3.708192
237.874999762	3.621373
239.867999554	3.731079
241.876999855	3.683469
243.876999855	3.73652
245.866999626	3.67433
247.871999979	3.480333
249.86199975	3.661876
251.870999813	3.815056
253.872999907	4.07603
255.87899971	3.760117
257.872999907	3.599342
259.872999907	3.814608
261.870999813	3.587768
263.873999834	3.750254
265.867999554	3.760318
267.874999762	3.459136
269.879999876	3.446322
271.871999979	3.658054
273.875999689	3.397283
275.86199975	3.734313
277.872999907	1.51925
279.86199975	3.492009
281.867999554	3.467537
283.871999979	1.963465
285.877999783	3.219474
287.874999762	0.086183
289.866999626	3.738376
291.871999979	1.473402
293.871999979	3.692196
295.873999834	3.446598
297.864999771	0.004793
299.872999907	2.448329
301.876999855	3.578744
303.872999907	3.783105
305.871999979	3.885045
307.863999844	3.610465
309.86899972	3.300801
311.862999678	3.795493
313.875999689	2.094232
315.863999844	2.314263
317.870999813	1.774029
319.863999844	1.417393
321.86899972	3.736745
323.876999855	3.807327
325.870999813	3.340318
327.874999762	3.692997
329.867999554	1.875428
331.863999844	3.809745
333.871999979	3.63257
335.869999886	3.686253
337.873999834	0.632959
340.125999689	3.659918
342.11899972	3.548448
343.876999855	3.777611
346.11899972	3.498327
348.127999783	3.213416
350.119999886	3.703839
352.119999886	3.805279
354.123999596	3.622289
356.11899972	3.4605
357.92599988	1.497045
360.121999741	0.116562
362.11899972	3.794439
364.112999916	3.613959
366.117999792	3.337383
368.11899972	0.766383
370.125999689	3.120823
372.117999792	3.790256
374.11899972	1.229057
376.117999792	3.492749
378.121999741	0.584584
380.123999596	3.357322
381.92599988	3.658542
384.117999792	3.372441
386.121999741	1.055212
388.123999596	3.724667
390.116999865	3.652691
392.117999792	3.748635
394.124999762	3.43551
396.119999886	3.784324
398.126999617	2.244147
400.127999783	3.589527
402.119999886	3.269493
404.113999844	3.092044
406.124999762	2.180008
408.126999617	3.888439
410.122999668	3.678281
412.120999813	3.450554
414.124999762	3.469462
416.119999886	3.249329
418.123999596	3.721118
420.127999783	3.732786
422.125999689	3.943002
424.115999699	3.762107
426.115999699	2.701805
428.125999689	1.189379
430.127999783	3.072452
432.117999792	3.848294
434.123999596	3.46737
436.11899972	3.62711
438.126999617	3.781916
440.115999699	3.63491
442.120999813	0.070145
444.117999792	3.747818
446.113999844	3.747818
448.114999771	3.736745
450.123999596	1.594535
452.127999783	0.063493
454.119999886	3.833652
456.115999699	3.456205
458.117999792	2.819747
460.119999886	3.659542
462.129999876	3.659406
464.117999792	3.780128
466.127999783	1.327413
468.129999876	3.694031
470.119999886	3.499168
472.129999876	3.721663
474.119999886	3.812989
476.129999876	3.216711
478.116999865	3.675458
480.128999949	3.46527
482.125999689	3.732706
484.122999668	3.797803
486.115999699	3.364055
488.128999949	3.678274
490.119999886	3.772453
492.122999668	3.800777
494.125999689	0.41875
496.116999865	3.346896
498.11899972	3.873187
500.116999865	3.791054
502.122999668	3.794298
504.123999596	3.387622
506.121999741	3.755998
508.119999886	3.495177
510.122999668	3.784661
512.119999886	3.217935
514.125999689	3.786061
516.127999783	2.402331
518.126999617	0.46703
520.111999989	3.745624
522.11899972	3.785278
524.125999689	3.663355
526.113999844	3.360092
528.121999741	3.645677
530.122999668	3.840024
532.114999771	1.575062
534.11899972	3.484705
536.121999741	3.718108
538.115999699	3.679185
540.120999813	3.748106
542.126999617	3.812443
544.126999617	3.470709
546.115999699	3.792442
548.126999617	3.526651
550.115999699	3.460751
552.120999813	3.772425
554.113999844	3.810399
556.125999689	3.785511
558.127999783	3.389707
560.112999916	3.55441
562.125999689	3.405139
564.11899972	3.363235
566.125999689	3.624561
568.122999668	3.845242
570.120999813	0.898009
572.11899972	1.845842
574.125999689	3.743838
576.121999741	3.458729
578.11899972	3.74685
580.124999762	1.959682
582.115999699	3.707164
584.120999813	3.561149
586.377999783	0.176841
588.11899972	3.323436
590.125999689	3.840744
592.364999771	3.739318
594.369999886	3.677581
596.369999886	2.395728
598.37899971	3.754506
600.366999626	3.670592
602.369999886	3.667936
604.370999813	3.689519
606.374999762	3.493081
608.367999792	1.514608
610.37899971	2.163821
612.177999735	3.655736
614.370999813	3.806829
616.370999813	3.735859
618.376999855	1.50733
620.367999792	3.74128
622.366999626	3.738211
624.365999699	3.591526
626.365999699	3.783891
628.370999813	3.565646
630.362999678	3.709841
632.372999907	3.021888
634.364999771	0.709814
636.181999683	3.803409
638.377999783	3.78548
640.374999762	3.602347
642.36199975	3.718418
644.371999741	3.678534
646.369999886	3.758936
648.367999792	3.791413
650.364999771	3.790314
652.371999741	3.828201
654.376999855	3.663739
656.374999762	3.844659
658.371999741	3.661225
660.364999771	3.844229
662.371999741	3.711761
664.372999907	3.776107
666.373999834	1.512269
668.373999834	3.71072
670.362999678	3.686963
672.372999907	3.768574
674.371999741	3.775115
676.366999626	3.721891
678.371999741	3.721891
680.365999699	3.415786
682.374999762	2.343141
684.365999699	3.744294
686.362999678	3.252595
688.377999783	3.940412
690.362999678	3.428804
692.36899972	3.789746
694.374999762	3.430883
696.372999907	3.799297
698.363999605	3.417777
700.364999771	3.75436
702.370999813	3.237562
704.365999699	3.374351
706.375999928	3.516208
708.364999771	3.71099
710.36899972	3.680102
712.371999741	3.678014
714.369999886	3.515706
716.372999907	3.843077
718.372999907	3.623098
720.371999741	1.47634
722.376999855	3.241831
724.373999834	3.60984
726.36899972	3.732866
728.376999855	3.414263
730.371999741	3.65117
732.36199975	3.805887
734.376999855	3.225072
736.373999834	3.681568
738.370999813	3.137211
740.372999907	3.711518
742.367999792	3.748765
744.367999792	3.761102
746.369999886	3.683875
748.370999813	3.501564
750.375999928	3.821619
752.363999605	3.717052
754.369999886	3.51678
756.371999741	3.743393
758.375999928	3.755507
760.371999741	3.755928
762.374999762	3.818584
764.370999813	3.144504
766.40299964	1.45927
768.36899972	0.352259
770.36899972	3.677682
772.365999699	3.705222
774.36899972	3.815267
776.370999813	3.72697
778.381999731	3.690374
780.363999605	3.842469
782.367999792	3.831059
784.371999741	3.327369
786.377999783	3.741829
788.362999678	3.751431
790.367999792	3.75
792.363999605	3.113146
794.371999741	3.748688
796.369999886	4.064199
798.367999792	3.673323
800.370999813	3.793209
802.372999907	3.427487
804.36199975	3.205331
806.36899972	3.7361
808.372999907	3.808238
810.370999813	3.72249
812.36199975	3.818082
814.365999699	3.245646
816.371999741	3.667302
818.365999699	3.795524
820.36899972	3.640477
822.374999762	3.455545
824.369999886	3.716232
826.365999699	3.770468
828.365999699	3.757938
830.364999771	3.385306
832.374999762	3.754108
834.370999813	3.736864
836.37899971	3.63706
838.614999771	3.688608
840.616999865	3.7003
842.61899972	3.872007
844.612999916	3.868574
846.616999865	3.625611
848.620999813	3.675243
850.615999937	3.204766
852.617999792	3.876694
854.616999865	3.655841
856.61899972	3.854977
858.625999689	3.720581
860.621999741	3.315061
862.616999865	2.414295
864.616999865	2.995937
866.61899972	3.771717
868.621999741	3.684437
870.617999792	3.76665
872.617999792	3.734942
874.619999647	0.748234
876.623999834	3.544098
878.623999834	3.445228
880.626999617	3.771057
882.614999771	3.402826
884.61899972	3.800144
886.623999834	3.096656
888.624999762	3.702424
890.615999937	3.37402
892.622999668	3.814073
894.620999813	3.477235
896.613999844	3.261098
898.619999647	3.664993
900.622999668	1.478331
902.619999647	3.34003
904.617999792	3.854375
906.616999865	3.84474
908.628999949	3.451779
910.622999668	3.611043
912.619999647	3.266442
914.615999937	1.592281
916.622999668	3.709331
918.629999876	3.662328
920.621999741	3.781759
922.633999825	3.524761
924.628999949	3.756961
926.624999762	0.113187
928.621999741	0.66577
930.641999722	0.181002
932.617999792	1.53638
934.622999668	1.614433
936.622999668	1.508693
938.622999668	1.809169
940.621999741	3.409097
942.613999844	3.671913
944.627999544	0.07551
946.625999689	3.100876
948.622999668	3.804657
950.61199975	3.78991
952.621999741	3.714729
954.621999741	3.702586
956.628999949	3.763935
958.619999647	3.718539
960.628999949	3.725889
962.617999792	3.033627
964.624999762	3.702885
966.623999834	3.741401
968.620999813	2.689186
970.622999668	3.764308
972.616999865	3.762705
974.61899972	3.713241
976.620999813	3.725469
978.628999949	3.331112
980.61899972	3.781759
982.617999792	2.448911
984.61199975	1.204904
986.614999771	3.727291
988.625999689	3.600866
990.626999617	3.750777
992.617999792	3.790361
994.622999668	3.776835
996.620999813	3.83756
998.625999689	3.673896
1000.62099981	3.880252
1002.62099981	3.297756
1004.61599994	3.748147
1006.62199974	3.512714
1008.61899972	3.805386
1010.62599969	3.944576
1012.62399983	3.613241
1014.62499976	3.190758
1016.62399983	3.682394
1018.62199974	3.883794
1020.61399984	3.457387
1022.61499977	3.221311
1024.62799954	3.835645
1026.61499977	3.894322
1028.62599969	3.464284
1030.62599969	3.681486
1032.62299967	3.560816
1034.62399983	1.831709
1036.62099981	3.55817
1038.62299967	3.62558
1040.61599994	0.681546
1042.62599969	3.666998
1044.61699986	3.774576
1046.61499977	3.774576
1048.62299967	3.774576
1050.61199975	3.774576
1052.61599994	3.73893
1054.62599969	2.988892
1056.62599969	1.988007
1058.61899972	3.65035
1060.62799954	3.743589
1062.62399983	3.727724
1064.61699986	0.347154
1066.62499976	0.240785
1068.62099981	3.74051
1070.62399983	3.75
1072.61699986	0.977133
1074.61999965	1.51438
1076.62099981	3.812222
1078.61199975	1.307285
1080.62799954	3.435377
1082.62299967	3.823809
1084.62699962	3.473957
1086.62599969	3.875743
1088.62699962	3.310296
1090.87399983	3.757731
1092.87699986	3.308039
1094.88499975	3.724584
1096.86999989	3.712811
1098.87899971	0.192216
1100.8659997	3.65537
1102.86799955	3.500266
1104.8659997	3.922604
1106.66899991	3.402382
1108.87299991	3.411867
1110.86299968	3.823933
1112.87099981	1.418108
1114.87099981	3.781981
1116.87799978	3.863335
1118.86899972	3.79492
1120.87499976	3.410065
1122.87099981	3.774276
1124.87299991	3.392027
1126.87399983	3.123542
1128.87199998	3.599064
1130.67199993	1.494899
1132.87099981	1.671842
1134.87099981	3.779712
1136.87199998	0.110751
1138.87399983	3.768946
1140.87299991	1.500597
1142.87299991	3.481242
1144.87399983	3.524884
1146.86499977	3.67305
1148.87099981	0.251838
1150.87099981	3.675372
1152.87099981	3.725137
1154.86499977	3.725334
1156.87299991	3.40101
1158.87399983	3.743505
1160.87599969	1.523458
1162.86999989	3.76205
1164.87599969	3.748573
1166.86699963	3.739199
1168.87399983	3.631348
1170.86999989	3.637873
1172.87499976	3.738933
1174.87499976	3.532307
1176.86499977	3.583537
1178.86399984	1.485441
1180.86699963	3.713766
1182.87299991	3.710763
1184.86399984	2.908681
1186.87499976	3.616845
1188.86199975	3.667671
1190.87099981	0.005099
1192.86799955	3.698484
1194.86799955	3.626709
1196.86899972	3.328188
1198.87599969	3.17511
1200.86499977	0.160061
1202.86799955	1.512639
1204.86299968	0.341864
1206.86899972	3.712722
1208.87599969	3.757245
1210.87199998	3.19642
1212.86899972	2.600435
1214.87399983	3.56121
1216.86699963	3.122933
1218.86799955	3.434785
1220.87699986	0.242943
1222.86899972	3.558239
1224.87499976	3.694705
1226.87499976	3.577224
1228.86899972	3.690375
1230.86899972	3.713265
1232.86399984	3.399459
1234.86899972	2.093124
1236.87099981	3.651043
1238.87699986	3.753505
1240.86699963	3.681148
1242.87199998	3.80704
1244.87199998	3.773553
1246.86799955	2.042434
1248.87199998	3.375789
1250.86799955	3.874049
1252.86799955	3.474166
1254.86799955	3.327824
1256.87399983	1.492531
1258.86699963	0.222787
1260.87099981	3.746421
1262.87599969	3.803426
1264.86799955	3.697877
1266.8659997	3.701618
1268.87499976	3.604279
1270.87199998	3.472609
1272.87099981	0.342791
1274.87199998	3.653624
1276.87299991	3.404596
1278.86899972	3.652527
1280.86899972	0.375257
1282.86799955	3.655446
1284.87399983	3.752588
1286.87199998	3.501758
1288.86699963	3.682024
1290.87499976	3.881882
1292.87599969	3.779242
1294.86999989	3.858644
1296.8659997	1.040056
1298.8659997	3.745744
1300.87199998	3.776015
1302.86699963	3.52409
1304.87099981	3.592358
1306.87099981	3.771081
1308.87599969	3.817538
1310.87899971	3.725887
1312.87099981	3.400359
1314.86799955	3.757195
1316.86499977	3.750561
1318.86799955	3.740991
1320.86399984	3.843989
1322.8659997	3.841759
1324.87099981	0.445325
1326.86799955	3.796771
1328.87699986	3.591667
1331.1309998	3.778061
1332.87199998	1.928665
1335.11199999	3.81143
1336.87299991	3.630191
1339.11499977	3.780932
1341.11899972	3.63027
1343.11199999	3.705661
1345.11999989	3.81695
1347.11699986	3.663187
1349.11399984	3.564498
1351.11899972	3.83202
1353.12899995	3.790789
1355.12599969	0.308626
1357.12699962	3.11505
1359.11799979	3.156731
1361.11899972	3.782241
1363.11999989	3.754285
1365.11199999	3.821807
1367.11899972	3.399782
1369.12199974	0.114969
1371.1239996	1.496514
1373.11799979	2.064899
1375.11399984	4.046086
1377.12799978	3.761048
1379.12299967	3.759232
1381.1239996	2.089723
1383.12799978	3.434065
1385.11699986	3.664349
1387.12799978	3.281786
1389.11799979	3.783783
1391.12499976	3.641367
1393.11799979	3.804303
1395.12699962	1.59154
1397.11999989	3.783503
1399.11999989	4.027115
1401.11299992	3.34642
1403.11699986	3.448401
1405.11199999	3.80321
1407.22299981	3.760008
1409.12699962	3.051785
1411.1159997	0.381568
1413.12299967	3.467829
1415.11799979	3.776029
1417.12299967	3.685824
1419.11699986	3.70486
1421.12699962	3.678988
1423.12199974	3.437263
1425.11699986	0.325167
1427.11999989	0.985345
1429.13399982	0.12146
1431.11699986	3.739053
1433.12599969	3.752303
1435.12599969	3.672717
1437.12699962	3.384883
1439.12199974	3.752248
1441.11999989	3.814129
1443.12499976	3.459124
1445.12599969	3.763299
1447.11299992	1.459876
1449.12799978	3.856194
1451.11499977	2.883124
1453.12499976	3.493472
1455.11699986	2.876089
1457.12599969	3.66613
1459.11799979	3.732288
1461.11999989	3.603627
1463.12699962	1.527806
1465.12899995	0.476035
1467.12099981	1.375588
1469.1239996	3.715012
1471.11699986	3.821423
1473.11899972	0.974463
1475.11799979	3.140607
1477.11699986	3.225187
1479.12599969	3.185386
1481.11699986	0.060599
1483.11299992	2.708304
1485.12099981	3.714597
1487.12599969	0.043183
1489.11499977	1.94468
1491.11999989	3.737552
1493.11799979	3.751048
1495.12599969	3.490967
1497.11799979	3.666461
1499.12599969	3.469822
1501.11499977	3.710965
1503.11899972	3.057697
1505.12499976	3.739816
1507.12499976	3.448686
1509.11699986	3.858573
1511.1239996	1.183795
1513.11399984	3.726477
1515.11299992	3.587401
1517.12199974	3.371159
1519.12599969	2.490051
1521.12099981	3.793416
1523.11999989	2.531633
1525.12499976	1.450076
1527.1159997	2.50067
1529.11799979	3.307853
1531.1239996	3.643896
1533.11799979	0.638976
1535.11299992	2.828626
1537.1239996	3.702175
1539.12199974	3.669784
1541.12699962	3.679878
1543.12299967	3.775026
1545.12699962	3.419871
1547.12099981	3.371759
1549.12299967	3.873975
1551.12299967	3.808072
1553.12799978	3.755627
1555.11499977	3.727421
1557.11799979	3.475289
1559.12599969	1.099493
1561.12099981	3.710245
1563.12699962	2.745154
1565.1239996	3.76675
1567.11399984	3.675332
1569.12199974	3.45746
1571.11299992	1.945931
1573.11799979	2.495599
1575.1159997	1.711909
1577.1239996	3.702652
1579.11799979	3.762482
1581.12199974	0.419669
1583.12499976	3.759623
1585.1239996	3.72259
1587.36999989	1.031437
1589.37399983	3.643169
1591.36299968	3.407746
1593.37499976	3.793465
1595.37699986	3.722286
1597.3659997	3.855819
1599.37199974	3.706838
1601.17999959	3.891517
1603.37399983	3.737173
1605.36499977	0.318993
1607.38599968	0.041987
1609.36899972	2.416976
1611.36299968	3.57781
1613.36899972	3.139726
1615.36899972	3.226162
1617.37799978	1.209732
1619.36899972	3.785442
1621.36999989	1.500906
1623.37399983	0.145117
1625.17999959	1.507103
1627.37299991	0.464854
1629.37599993	0.877212
1631.36399961	2.548301
1633.37499976	0.104375
1635.37599993	1.298281
1637.36799979	1.460606
1639.37099981	0.485543
1641.36499977	0.346363
1643.36899972	3.391017
1645.36999989	3.681665
1647.3659997	3.603038
1649.18599987	2.843832
1651.36999989	2.843832
1653.37599993	2.905707
1655.36799979	3.794146
1657.37499976	3.818553
1659.36899972	3.830287
1661.36699963	3.25653
1663.37199974	3.264439
1665.36399961	3.747004
1667.36699963	2.676686
1669.37699986	1.551568
1671.37199974	3.109656
1673.36299968	2.28547
1675.3659997	3.748048
1677.36899972	3.40112
1679.37499976	3.598735
1681.36799979	3.544485
1683.36999989	3.669547
1685.37299991	0.597567
1687.36499977	0.249914
1689.37199974	0.879493
1691.36799979	3.791953
1693.36199975	0.08964
1695.37199974	0.713692
1697.3659997	3.756062
1699.37499976	3.688329
1701.37799978	3.688329
1703.36699963	3.331125
1705.37099981	3.739774
1707.36999989	3.613138
1709.36899972	4.049629
1711.37199974	4.049629
1713.37299991	1.997491
1715.36799979	4.033735
1717.37099981	4.033735
1719.37299991	4.033735
1721.36499977	4.033735
1723.37499976	2.68954
1725.36799979	3.723523
1727.37599993	3.623098
1729.36899972	3.632172
1731.37499976	3.298574
1733.3659997	3.836654
1735.3659997	2.968827
1737.36899972	2.968827
1739.37399983	2.968827
1741.36899972	0.007034
1743.37399983	3.755432
1745.37299991	2.945013
1747.36499977	3.829961
1749.36499977	3.758378
1751.36999989	3.769258
1753.36399961	3.489854
1755.36899972	3.786876
1757.36699963	0.096784
1759.37799978	3.952512
1761.36499977	3.488495
1763.36399961	3.884775
1765.36699963	3.960993
1767.37499976	3.783261
1769.37399983	1.502479
1771.37199974	3.527496
1773.36299968	3.708494
1775.36299968	3.607228
1777.36699963	3.708429
1779.36899972	3.693699
1781.37399983	3.748249
1783.36399961	3.655653
1785.36899972	3.705676
1787.37299991	3.46916
1789.36999989	1.502282
1791.36199975	1.83151
1793.36899972	2.088759
1795.37199974	3.521844
1797.36999989	2.78064
1799.36899972	1.108274
1801.37399983	2.035972
1803.36199975	1.687652
1805.37199974	3.627417
1807.36699963	3.355907
1809.37099981	3.08668
1811.36799979	3.599704
1813.37799978	3.719589
1815.37099981	3.652327
1817.37799978	3.198797
1819.37099981	3.767082
1821.36699963	3.353469
1823.36799979	3.147111
1825.37699986	3.570237
1827.61499977	3.834389
1829.36999989	3.737981
1831.44999981	0.676141
1833.61699986	3.718581
1835.61499977	3.326731
1837.62199974	2.930182
1839.61999965	3.715245
1841.62699962	1.51398
1843.62599969	2.934921
1845.62699962	3.855602
1847.62299967	3.677832
1849.61799979	3.805947
1851.62399983	3.791929
1853.61999965	3.750802
1855.42799973	3.789982
1857.62899995	3.721497
1859.62699962	3.783324
1861.61999965	1.477161
1863.61499977	3.386839
1865.62599969	3.754073
1867.62699962	3.728707
1869.61399984	3.476528
1871.62199974	3.511104
1873.62699962	3.701938
1875.61899972	3.524158
1877.62199974	3.679968
1879.42499971	3.628119
1881.61599994	3.530412
1883.61699986	3.691292
1885.61799979	3.679558
1887.61799979	3.505402
1889.62799954	1.451187
1891.61899972	0.490163
1893.61999965	3.746142
1895.61699986	3.022143
1897.62099981	0.907899
1899.6309998	3.998424
1901.62599969	3.791113
1903.61999965	3.50874
1905.61999965	3.780012
1907.61299992	3.717031
1909.62699962	1.317776
1911.61499977	3.34925
1913.61799979	2.402468
1915.62899995	3.527799
1917.62399983	0.189341
1919.61599994	3.714351
1921.62599969	3.79298
1923.62599969	3.642794
1925.62899995	3.580952
1927.61699986	3.855822
1929.61999965	2.960709
1931.61699986	3.390039
1933.61799979	3.468643
1935.61499977	2.334012
1937.62699962	1.986795
1939.62399983	3.091514
1941.61999965	2.930833
1943.61699986	3.72888
1945.61899972	3.650608
1947.62399983	3.778467
1949.61499977	0.091673
1951.62599969	1.51281
1953.61399984	3.728084
1955.61999965	3.736646
1957.62099981	3.420335
1959.61899972	3.300343
1961.62499976	1.39725
1963.62599969	0.612865
1965.62199974	2.177638
1967.61699986	3.234633
1969.61299992	3.49915
1971.61799979	3.526759
1973.61499977	3.533128
1975.62699962	3.776924
1977.62399983	0.870874
1979.62699962	3.693941
1981.61899972	3.187772
1983.61499977	3.378181
1985.62399983	1.356314
1987.62699962	3.716453
1989.61299992	3.668618
1991.61999965	3.282904
1993.62199974	3.764808
1995.62299967	3.726506
1997.61199975	2.035315
1999.61199975	0.057022
2001.62199974	0.540708
2003.61399984	2.937414
2005.62599969	3.734873
2007.61999965	3.498514
2009.61299992	2.512781
2011.64299965	0.937211
2013.62599969	0.394746
2015.73899961	0.393003
2017.62799954	2.742774
2019.62099981	3.351383
2021.62299967	3.447461
2023.62099981	3.331007
2025.62699962	3.798373
2027.62699962	3.767047
2029.62399983	3.616443
2031.61599994	3.613031
2033.62299967	3.070223
2035.61099958	3.752141
2037.61899972	1.077777
2039.61199975	3.049586
2041.62099981	3.402734
2043.62399983	3.702319
2045.62699962	3.249971
2047.61799979	3.769543
2049.62699962	2.94793
2051.61899972	2.19297
2053.62099981	3.256006
2055.61999965	3.745827
2057.62099981	3.508297
2059.61499977	3.727778
2061.62099981	3.243324
2063.61799979	3.556483
2065.62399983	3.723455
2067.61899972	3.807749
2069.62199974	3.270732
2071.61899972	1.506538
2073.61999965	3.624399
2075.62199974	2.141547
2077.62299967	3.199038
2079.62299967	3.762376
2081.86199975	3.631596
2083.87099981	3.615231
2085.86799955	1.61244
2087.86899972	3.709021
2089.87599969	3.698415
2091.86799955	3.798785
2093.86399984	3.723201
2095.87199998	3.58805
2097.86799955	1.033969
2099.86399984	3.766463
2101.87599969	2.668486
2103.86899972	3.596163
2105.87099981	1.474747
2107.86699963	3.700844
2109.86799955	3.636825
2111.87099981	3.52657
2113.86899972	3.563725
2115.87299991	3.716556
2117.86799955	2.058144
2119.86799955	1.526615
2121.87999988	3.627423
2123.87599969	0.037801
2125.86999989	3.762464
2127.86899972	3.730834
2129.87499976	3.869619
2131.86799955	3.614363
2133.87599969	3.780942
2135.86199975	3.442256
2137.86999989	3.538097
2139.8659997	3.211693
2141.86799955	3.769387
2143.8659997	3.661221
2145.86799955	3.614462
2147.87199998	3.280898
2149.87999988	3.214867
2151.87199998	0.247018
2153.87599969	3.37521
2155.8659997	2.349736
2157.86799955	0.196782
2159.86999989	0.471241
2161.8659997	3.229687
2163.87199998	3.692795
2165.87299991	3.280457
2167.86499977	1.488084
2169.86899972	2.814525
2171.87099981	2.764205
2173.87399983	3.672955
2175.87399983	1.194415
2177.86799955	3.238447
2179.87599969	3.294617
2181.87199998	2.834034
2183.86399984	3.74752
2185.86899972	3.52246
2187.87599969	3.713111
2189.87799978	3.781623
2191.87599969	1.402298
2193.86399984	1.028108
2195.86799955	0.127816
2197.86399984	2.712844
2199.86499977	0.411542
2201.8659997	1.458594
2203.87799978	1.27121
2205.86299968	1.920686
2207.86799955	3.168185
2209.86399984	3.49934
2211.87199998	3.678194
2213.87699986	1.742399
2215.8659997	3.723176
2217.87399983	3.439752
2219.86999989	3.632139
2221.87399983	1.798708
2223.87199998	2.178479
2225.86499977	1.473865
2227.86799955	1.064096
2229.86899972	0.280637
2231.87099981	3.67879
2233.87299991	3.932765
2235.87399983	2.038987
2237.87899971	3.722793
2239.8659997	4.046754
2241.86699963	4.046754
2243.87999988	2.570691
2245.86799955	3.72093
2247.87899971	1.634396
2249.8659997	0.293925
2251.86699963	3.665476
2253.86699963	3.750371
2255.86799955	3.803008
2257.86299968	3.829894
2259.86699963	0.248447
2261.87599969	1.229636
2263.86399984	1.460053
2265.86399984	2.837463
2267.86999989	3.672501
2269.87599969	3.830433
2271.86999989	0.024397
2273.87399983	3.691447
2275.86399984	3.300954
2277.87299991	0.60018
2279.87199998	3.814273
2281.87399983	3.518165
2283.87599969	3.656229
2285.8809998	3.785765
2287.86499977	3.754029
2289.86899972	3.777726
2291.87599969	3.600715
2293.86799955	3.756299
2295.87499976	1.149875
2297.87599969	3.712007
2299.8659997	3.526131
2301.86399984	3.401749
2303.87699986	3.645271
2305.86299968	3.337142
2307.87699986	0.947716
2309.87499976	3.636816
2311.86199975	2.041121
2313.86399984	3.228228
2315.86099982	1.605454
2317.86899972	3.479695
2319.87699986	3.479695
2321.87499976	3.531222
2323.87099981	2.757295
2325.87299991	3.850267
2327.86999989	0.907583
2329.87199998	3.758504
2332.1159997	1.503604
2334.11699986	1.779107
2336.12099981	3.708215
2338.12699962	3.732687
2340.12499976	0.115193
2342.11399984	3.779323
2344.12499976	3.765731
2346.12299967	3.71979
2348.1239996	3.763056
2349.9289999	3.769538
2352.1159997	3.582169
2354.1239996	3.866675
2356.11399984	1.499393
2358.12099981	3.770327
2360.12199974	3.704585
2362.1159997	3.726281
2364.11299992	3.822766
2366.12799978	1.222467
2368.12699962	3.339997
2370.12299967	3.230671
2372.12299967	3.820424
2373.93299985	3.721389
2376.11399984	0.505715
2378.11899972	3.699324
2380.12299967	3.598218
2382.11499977	3.737941
2384.12299967	3.737331
2386.12299967	3.349142
2388.12199974	3.727187
2390.12199974	0.26578
2392.12699962	3.721154
2394.12299967	1.667482
2396.11799979	2.639387
2398.12499976	3.501818
2400.12299967	3.652969
2402.12199974	0.391033
2404.1239996	1.487505
2406.12199974	3.707536
2408.12299967	3.676055
2410.12499976	3.430763
2412.11699986	0.637755
2414.1239996	3.748899
2416.12199974	2.859478
2418.12799978	3.506877
2420.12099981	3.821248
2422.11999989	1.500373
2424.11299992	3.357935
2426.11499977	3.276655
2428.12199974	3.633813
2430.11099958	0.119917
2432.12199974	2.891148
2434.1239996	3.598863
2436.12199974	1.688349
2438.11299992	3.616409
2440.12099981	3.717045
2442.11399984	1.518791
2444.11999989	3.735942
2446.12099981	3.59703
2448.1239996	3.515291
2450.12099981	2.575893
2452.1239996	3.715568
2454.11999989	3.503587
2456.1239996	3.179633
2458.12499976	3.858998
2460.1239996	3.737201
2462.12599969	3.513092
2464.11699986	1.397429
2466.38799953	1.407379
2468.11399984	3.715012
2470.11299992	3.738292
2472.12599969	3.987601
2474.1159997	0.367832
2476.11999989	2.261525
2478.11299992	3.749537
2480.1239996	3.397982
2482.11899972	3.664194
2484.12199974	3.759996
2486.11899972	3.686702
2488.11299992	0.733717
2490.11999989	3.744408
2492.12099981	3.508317
2494.12099981	3.736598
2496.11299992	3.779915
2498.11899972	3.548035
2500.12199974	3.483048
2502.12499976	3.665362
2504.11899972	3.740365
2506.11199999	3.150735
2508.11799979	3.370073
2510.12199974	3.893165
2512.11099958	3.308703
2514.11999989	3.685527
2516.12499976	3.751333
2518.11099958	1.493842
2520.12299967	3.727496
2522.11799979	0.059894
2524.1159997	3.735048
2526.12599969	3.756254
2528.12099981	3.701199
2530.11299992	3.701199
2532.11899972	3.631598
2534.12199974	3.490989
2536.12299967	3.830452
2538.11199999	3.374812
2540.11399984	3.447765
2542.11199999	3.947121
2544.11799979	3.828508
2546.12199974	3.334232
2548.11399984	3.692222
2550.12499976	3.727082
2552.12599969	3.839801
2554.12099981	3.697665
2556.12099981	3.690467
2558.11799979	3.751636
2560.12299967	1.373556
2562.11799979	3.71583
2564.11199999	3.712772
2566.12099981	3.684449
2568.11799979	3.741766
2570.1159997	3.715113
2572.11999989	3.690744
2574.12899995	3.850276
2576.11999989	3.850276
2578.3659997	3.850276
2580.17499971	3.687986
2582.36499977	3.687986
2584.36199975	3.270726
2586.3659997	2.309044
2588.36799979	0.877724
2590.3659997	1.514094
2592.37299991	3.766064
2594.36499977	3.769546
2596.36799979	0.043636
2598.37599993	3.813771
2600.36899972	3.654568
2602.36399961	3.756686
2604.17799973	3.033372
2606.36899972	3.357748
2608.37099981	3.045211
2610.36699963	0.882303
2612.36399961	2.608222
2614.3659997	1.49833
2616.36699963	3.499778
2618.40499973	0.710306
2620.45099974	3.710238
2622.36999989	2.723581
2624.37499976	1.03213
2626.3659997	3.679876
2628.17999959	3.873352
2630.36299968	3.697034
2632.36699963	3.770444
2634.37799978	1.520746
2636.37199974	0.93738
2638.37299991	3.596612
2640.36499977	3.775423
2642.36999989	3.82468
2644.37699986	2.352824
2646.37099981	3.704468
2648.36299968	2.529785
2650.36199975	3.777114
2652.36299968	3.643653
2654.36499977	3.707674
2656.37299991	0.026162
2658.36399961	1.052083
2660.36899972	3.737661
2662.36699963	3.716453
2664.36299968	3.468953
2666.36899972	2.920213
2668.36899972	2.939949
2670.36199975	3.67566
2672.37199974	3.67566
2674.36899972	3.67566
2676.36299968	1.504252
2678.36799979	1.280302
2680.36699963	3.746559
2682.36499977	3.856723
2684.36899972	3.958171
2686.36999989	3.583099
2688.37199974	3.714843
2690.37199974	3.197313
2692.36699963	0.835271
2694.37299991	3.467778
2696.37599993	3.458953
2698.36299968	3.805115
2700.37399983	3.641736
2702.36499977	3.789799
2704.37699986	0.483897
2706.37699986	3.759189
2708.36799979	3.815095
2710.37199974	3.396583
2712.37299991	3.443484
2714.37699986	3.776029
2716.36299968	3.546889
2718.36899972	3.639622
2720.37199974	3.651761
2722.36099982	3.675118
2724.36399961	3.255058
2726.3659997	3.825456
2728.37099981	3.643346
2730.37399983	2.102736
2732.37799978	3.811574
2734.36399961	3.775833
2736.37099981	3.82337
2738.37799978	3.758897
2740.37099981	3.668194
2742.37599993	3.415284
2744.36399961	3.791394
2746.36999989	3.773817
2748.36199975	3.091094
2750.36799979	3.662452
2752.36199975	2.649804
2754.37499976	3.718287
2756.37899971	3.597218
2758.36499977	3.319625
2760.37099981	3.568102
2762.36299968	0.841793
2764.37599993	0.041937
2766.36799979	3.391569
2768.37399983	3.539107
2770.3659997	3.387315
2772.37399983	3.485581
2774.36799979	3.777114
2776.37999964	3.580509
2778.36999989	3.80469
2780.36499977	3.743853
2782.37599993	1.62334
2784.36499977	3.799866
2786.37399983	3.634773
2788.3659997	3.39598
2790.37299991	3.14176
2792.3659997	3.477895
2794.36699963	3.421261
2796.36899972	3.91005
2798.37799978	3.753452
2800.36199975	3.758004
2802.36399961	3.786155
2804.3659997	0.288989
2806.37399983	1.485936
2808.36399961	0.905629
2810.3659997	0.206594
2812.37299991	3.727193
2814.36699963	0.091485
2816.37499976	3.62729
2818.36799979	3.753499
2820.61699986	3.494603
2822.36799979	2.352364
2824.36999989	0.6486
2826.61599994	3.779915
2828.37599993	0.082048
2830.62099981	1.61219
2832.62199974	0.670602
2834.61799979	3.703045
2836.61299992	0.527086
2838.62199974	3.518538
2840.62099981	3.509444
2842.61799979	3.731733
2844.62099981	3.799846
2846.62099981	3.746792
2848.61099958	3.708328
2850.62199974	3.646436
2852.62299967	2.711125
2854.62599969	3.699447
2856.61099958	3.137325
2858.62099981	3.77411
2860.62499976	3.57669
2862.61499977	3.595267
2864.62499976	3.28737
2866.62199974	3.328044
2868.61399984	1.518159
2870.62199974	3.83664
2872.61299992	3.651108
2874.62099981	1.503491
2876.62099981	3.80545
2878.62299967	3.551808
2880.61999965	3.352887
2882.62499976	3.786268
2884.62199974	3.729246
2886.62399983	3.083456
2888.61999965	3.550002
2890.62499976	0.920748
2892.61499977	3.739203
2894.61199975	3.668442
2896.61499977	1.153503
2898.62299967	3.246874
2900.61499977	3.716904
2902.61999965	3.735306
2904.61999965	3.80279
2906.61199975	3.495709
2908.62499976	0.927223
2910.62199974	3.725778
2912.62399983	3.736854
2914.62499976	3.539925
2916.62099981	1.894649
2918.62699962	3.294678
2920.62599969	0.044188
2922.61799979	3.775658
2924.61499977	3.512953
2926.61999965	0.603272
2928.61399984	2.045859
2930.62399983	3.181557
2932.61799979	3.594081
2934.61199975	3.76224
2936.62299967	3.602539
2938.62299967	3.286453
2940.62299967	3.784858
2942.61099958	3.319192
2944.61899972	3.691915
2946.62199974	3.673232
2948.61699986	3.43307
2950.62499976	3.505818
2952.62299967	3.781008
2954.62099981	3.71574
2956.62399983	3.636866
2958.61099958	3.761809
2960.61799979	0.127883
2962.61699986	3.641892
2964.62599969	3.699653
2966.61799979	3.898757
2968.62299967	0.618621
2970.61799979	1.688074
2972.62399983	1.174756
2974.62599969	3.734096
2976.61899972	1.939609
2978.62399983	3.729703
2980.6309998	3.747083
2982.62699962	3.695739
2984.61999965	0.120442
2986.61499977	2.060782
2988.62199974	3.544364
2990.61699986	3.717945
2992.62199974	3.816861
2994.61399984	1.326556
2996.61799979	3.769222
2998.61799979	3.696814
3000.62599969	1.363005
3002.62499976	0.667123
3004.61599994	3.878833
3006.61499977	0.145389
3008.62499976	3.839533
3010.62099981	3.216654
3012.62799954	3.76364
3014.61499977	3.799376
3016.61799979	3.140135
3018.62299967	2.332198
3020.61699986	3.776323
3022.62099981	1.506453
3024.62299967	3.518652
3026.62299967	2.733488
3028.62999988	1.544356
3030.62199974	2.134078
3032.61899972	3.595301
3034.70899987	0.386664
3037.7949996	2.514949
3039.94699979	0.004029
3041.52099991	3.835338
3042.61099958	3.824179
3044.62099981	0.084765
3046.61699986	3.706938
3048.62399983	3.74422
3050.61099958	3.782899
3052.61399984	0.391197
3054.61999965	3.487843
3056.61399984	3.700346
3058.61299992	3.636277
3060.61699986	3.636277
3062.62299967	3.425468
3064.61599994	3.271003
3066.62499976	3.274899
3068.62399983	3.704814
3070.86499977	3.380224
3072.8659997	0.158907
3074.69299984	2.001974
3076.62599969	2.297339
3078.86699963	0.25956
3080.87399983	2.531603
3082.86799955	2.589264
3084.86699963	2.744925
3086.86399984	3.354739
3088.87199998	3.592364
3090.86499977	3.597553
3092.86299968	3.646743
3094.86399984	3.4285
3096.87099981	3.15392
3098.68099976	3.516277
3100.86499977	3.708939
3102.87099981	3.501587
3104.86199975	3.686623
3106.86799955	3.31872
3108.87199998	3.315272
3110.86099982	3.668719
3112.8659997	3.704308
3114.87099981	3.704308
3116.86499977	3.704308
3118.87399983	3.54234
3120.86799955	3.54234
3122.8429997	0.129803
3124.87799978	3.408503
3126.8659997	3.569966
3128.86999989	0.273449
3130.87199998	1.118773
3132.86699963	3.753896
3134.86499977	3.812458
3136.86499977	3.75718
3138.87099981	3.746761
3140.87599969	3.778158
3142.87699986	3.743784
3144.86099982	3.761858
3146.86799955	3.468386
3148.86299968	1.342893
3150.86299968	3.804901
3152.86799955	3.157362
3154.86799955	3.732887
3156.86699963	3.578768
3158.87199998	3.641546
3160.86999989	3.640412
3162.86499977	3.767486
3164.86399984	1.691972
3166.8659997	3.736518
3168.87599969	3.273394
3170.86399984	3.171199
3172.86799955	0.134396
3174.86799955	0.284445
3176.86099982	3.751762
3178.87199998	3.751762
3180.86399984	1.396157
3182.86199975	2.373616
3184.8659997	3.731857
3186.87199998	3.796221
3188.86799955	3.715104
3190.87399983	3.677331
3192.87499976	1.034412
3194.86099982	3.7692
3196.87899971	3.777061
3198.86799955	3.844981
3200.86899972	2.278897
3202.87399983	3.746421
3204.86499977	3.554705
3206.87199998	0.090608
3208.86299968	3.750653
3210.87599969	2.931977
3212.93999958	3.778556
3214.86899972	1.501046
3216.86499977	0.238023
3218.87499976	3.366717
3220.86499977	3.758829
3222.87299991	3.845975
3224.86199975	1.509244
3226.87099981	0.247662
3228.86999989	3.767386
3230.87699986	3.682017
3232.86399984	3.727006
3234.87399983	3.751685
3236.86299968	0.059616
3238.86899972	1.512867
3240.87099981	3.745616
3242.86399984	3.693599
3244.87399983	3.883155
3246.86399984	3.562696
3248.87299991	3.232521
3250.8659997	3.358412
3252.86299968	3.464303
3254.86399984	3.409303
3256.8659997	2.229714
3258.86999989	3.748573
3260.87599969	3.474238
3262.86499977	2.640682
3264.87399983	0.151417
3266.86799955	1.485249
3268.86499977	1.333422
3270.8659997	3.738731
3272.86699963	1.484974
3274.86099982	3.684635
3276.86499977	3.386101
3278.86799955	3.752947
3280.87099981	3.405765
3282.87199998	3.651942
3284.87299991	3.86578
3286.87299991	3.705048
3288.86199975	3.247844
3290.86099982	1.466113
3292.86799955	3.859171
3294.87299991	3.648175
3296.86199975	2.082435
3298.86499977	1.136282
3300.87199998	1.508349
3302.8659997	1.962155
3304.87399983	0.645414
3306.87699986	3.190265
3308.87199998	3.839848
3310.87299991	3.605489
3312.86199975	3.699513
3314.86499977	0.304722
3316.87399983	3.609442
3318.87799978	2.693339
3321.12099981	3.538384
3322.87499976	3.014886
3324.87399983	3.720803
3327.11499977	1.2433
3329.12099981	1.924072
3331.11499977	0.900499
3333.11899972	3.109028
3335.11499977	3.559076
3337.11399984	3.624186
3339.12099981	2.378197
3341.11799979	3.406754
3343.12199974	3.733674
3345.11999989	1.465274
3347.1239996	3.701825
3349.12099981	3.594717
3351.11499977	3.776149
3353.12099981	3.1784
3355.12199974	3.713339
3357.1239996	2.174729
3359.11899972	1.497854
3361.11299992	3.676575
3363.1239996	3.653176
3365.12299967	3.448706
3367.11899972	3.034189
3369.11699986	3.315588
3371.11099958	0.438127
