0.0	0.624927
1.38899993896	1.093785
1.44299983978	1.703789
2.01699995995	0.285036
3.27499985695	1.250271
3.47899985313	1.012347
6.01899981499	1.526019
7.20000004768	2.754609
8.97199964523	2.497586
10.7849998474	1.338378
12.7049999237	0.976488
15.1399996281	0.366883
17.3509998322	0.536162
20.4199998379	1.244171
22.9279999733	1.453051
24.1929998398	1.940672
25.9409999847	1.334411
28.7559998035	0.331104
30.128000021	0.867858
33.2499997616	0.554979
35.6649999619	1.996371
38.0369999409	0.501783
39.768999815	1.261977
42.1119999886	1.668463
43.6800000668	0.624801
46.0469996929	0.345713
48.0709998608	1.883486
49.771999836	1.635217
51.9679999352	2.244868
53.7649998665	0.736591
54.9379999638	3.495338
58.6209998131	0.330662
59.9109997749	1.529225
61.009999752	1.920544
63.2009999752	0.061707
65.1369998455	2.465083
66.7259998322	1.10158
68.4759998322	1.180593
70.7779998779	2.4178
74.4960000515	0.548238
75.871999979	2.270691
77.8469998837	1.731723
78.9889998436	1.870455
81.0929999352	0.499229
82.9389998913	2.943318
85.0569999218	0.967662
86.996999979	0.428776
88.3090000153	1.642086
91.0709998608	0.960546
93.1669998169	1.785967
95.2979998589	2.225912
96.7999999523	1.882084
98.8389997482	1.754645
100.208999872	0.913402
101.877999783	0.225415
104.128000021	0.391434
107.496000051	1.201108
109.792000055	0.5032
111.019999743	2.384437
114.245999813	0.080464
115.115999699	0.42864
117.15599966	1.353648
118.858999729	1.877409
121.475999832	3.059478
123.116999865	2.052948
124.809000015	1.422988
127.572999954	1.109014
128.273999929	0.264487
129.875999689	0.942663
131.760999918	1.707978
134.921000004	0.339457
136.801999807	1.049395
138.85199976	1.294041
141.279999971	2.085403
142.198999882	1.311961
143.812999964	2.276781
145.829999924	0.482289
147.662999868	1.977635
149.906999826	0.255789
151.258999825	0.65137
153.086999893	0.400969
155.727999926	1.839893
158.144000053	0.496789
160.811999798	0.380016
161.714999914	2.138784
164.299999714	0.708553
166.264999866	0.230505
167.253000021	1.215267
169.722999811	0.371186
171.11899972	1.344982
172.794999838	2.112627
175.410999775	0.115248
177.013999939	0.459881
179.836999893	0.596829
181.876999855	0.916103
183.032000065	3.043237
185.326999903	2.432883
186.814999819	1.896998
189.148999929	0.864387
190.897999763	1.748928
193.224999905	1.465465
194.823999882	0.797263
197.39599967	1.74021
198.114999771	0.235122
200.671999931	1.447126
202.040999889	1.886823
204.167999983	2.218943
206.555999756	1.01685
208.115999699	1.167483
210.536999941	1.205605
212.169999838	0.496126
214.032000065	1.514536
215.922999859	1.167077
217.080999851	2.905268
219.21999979	1.900264
220.894999743	2.197524
223.182999849	3.190569
225.297999859	0.68902
226.798999786	3.300076
229.030999899	0.129592
231.366999865	2.220793
233.169999838	0.668811
235.961999893	1.194212
236.886999846	2.032689
239.013000011	0.915211
241.120999813	0.377532
242.90899992	2.529972
244.87899971	3.224958
246.883999825	0.378246
249.00399971	0.168657
250.134999752	1.083746
251.904999971	2.271559
254.841999769	0.342857
255.826999903	0.397524
257.106999874	1.811265
259.217000008	2.132644
261.14199996	2.688747
262.737999916	0.298505
266.761999846	0.834445
271.451999664	0.74752
273.037999868	0.578126
275.139999628	0.186165
277.282999754	0.209263
279.055999994	1.405514
282.549999952	0.005146
285.377999783	1.332735
287.539999723	0.500924
288.115999699	1.216707
290.228999853	2.364614
292.078999758	1.709515
294.121999979	1.483152
295.960000038	2.569421
298.720999956	0.990327
301.301999807	0.593146
304.171999693	1.062965
305.786999702	0.126909
308.832999945	1.424403
310.001999855	1.101851
312.966999769	0.105517
314.742999792	0.632906
316.029000044	0.043264
317.858999729	2.546635
319.856999874	2.645702
321.814999819	2.620164
324.109999895	2.605401
327.520999908	0.301767
327.913999796	2.068504
330.842999697	0.450354
333.062999725	0.526136
333.81799984	0.270418
335.040999889	0.797873
336.664999962	1.773937
338.035999775	1.704295
339.10199976	0.659563
339.962999821	0.789339
341.882999897	0.797708
343.356999874	2.208893
343.449999809	1.274585
344.096999884	2.632282
345.132999897	0.450516
347.01699996	0.499697
349.275999784	0.074953
351.281999826	2.269932
353.280999899	3.515713
355.273000002	1.877376
362.245999813	0.285598
365.217999935	1.90671
366.941999912	1.121236
368.891999722	2.334263
372.715999842	0.321391
373.324999809	0.364305
374.113999844	0.092904
375.921000004	0.041558
375.960000038	0.860058
377.223999977	1.840755
379.879999876	1.883685
382.098999739	1.460824
384.061999798	1.897725
384.119999886	1.380318
385.268999815	0.162636
387.272000074	0.352004
389.280999899	0.177287
391.281999826	2.121819
393.277999878	1.357349
395.272000074	2.011063
397.268999815	0.40973
399.280999899	0.787632
401.267999649	0.388666
403.284999847	0.174053
405.138999701	0.678719
407.394999743	1.937402
409.265999794	0.857725
411.265999794	2.43509
413.264999866	2.700335
415.265999794	0.146997
418.014999866	0.341576
422.187999725	0.048151
426.518999815	2.009295
428.962999821	0.127013
431.258999825	1.331978
434.008999825	0.3546
436.258999825	0.875604
437.041999817	0.632945
438.019999743	1.557311
440.066999912	0.222918
443.734999895	0.485311
445.984999895	2.688966
448.291999817	2.346573
449.832999945	0.474602
452.888000011	0.172249
453.773000002	0.604015
455.91899991	0.363236
456.90199995	0.936017
459.932999849	2.213737
462.156999826	1.124716
464.724999905	0.869616
465.845000029	1.814422
468.224999905	2.9051
471.747999668	1.484384
474.097999811	0.366421
476.484999895	1.096642
478.828999996	0.185802
479.128000021	0.906083
480.593999863	0.318083
484.964999914	0.466729
485.90899992	1.731199
486.88499999	0.775559
489.138999701	0.936202
491.837999821	0.958299
493.689999819	0.424142
495.508999825	0.685275
497.799999952	1.060294
499.781999826	1.794636
502.658999681	0.170277
503.061999798	0.15649
505.022999763	0.587147
506.923999786	2.669062
509.15199995	3.716
510.95299983	1.208359
513.748999834	0.956871
517.061999798	0.266394
518.923999786	0.656957
519.88499999	0.860288
521.065999746	0.696725
523.092999935	1.170929
525.180999994	0.988405
525.796999931	2.565909
527.825999975	0.82542
529.885999918	1.559303
530.891999722	1.477588
533.960999966	0.28846
536.881000042	1.463592
537.108999968	0.360328
539.741999865	2.428244
543.000999928	2.400953
545.284999847	0.185698
545.321999788	1.277105
547.330999851	0.360033
549.125	1.216334
551.035999775	2.519856
552.881000042	3.596424
554.248999834	1.503111
556.172999859	0.846095
558.346999884	1.731468
559.829999924	2.476388
560.832000017	1.707918
563.31799984	0.808357
565.212999821	1.290194
567.260999918	0.526195
570.134999752	0.140761
572.146999836	0.381745
574.164999962	1.621214
576.092999935	2.023584
577.20299983	1.395715
579.36500001	0.277654
583.838999748	0.051316
585.061999798	0.385669
586.116999865	0.748464
587.678999901	1.163533
589.06799984	1.861154
590.858999729	0.357631
592.77699995	0.858077
594.867999792	1.332087
596.197000027	1.977878
598.206999779	1.841491
600.674999714	1.957772
602.648000002	0.13229
603.855999947	0.617805
605.687999964	1.648468
608.315999746	0.396001
610.05099988	0.018401
611.162999868	0.129715
613.184000015	1.7718
615.01099968	2.429602
616.073999882	1.746385
617.532999992	0.683492
619.541999817	2.172565
621.523999691	1.843454
623.430999756	0.705714
625.530999899	0.004364
628.236999989	0.011012
629.531999826	0.157396
631.532999992	1.579081
633.525999784	0.048067
635.519999981	0.095591
637.527999878	0.058373
639.524999857	0.06845
641.515999794	0.209337
643.549000025	0.894038
645.529000044	1.140028
647.532999992	1.423835
649.985999823	1.770803
652.743999958	1.145801
656.240999937	1.198272
658.666999817	0.800736
660.136999846	1.081222
662.257999897	1.584893
664.114999771	0.032029
665.06099987	0.992384
666.961999893	3.197045
668.144000053	3.773505
670.56099987	0.839037
672.356999874	1.017731
674.225999832	1.834512
675.698999882	2.596773
678.193999767	0.121162
680.720000029	0.356695
683.070999861	1.614607
684.82799983	0.996568
687.016000032	0.454812
688.970999718	2.49868
690.920000076	2.098542
693.041999817	1.632976
696.22699976	0.395678
698.066999912	0.074127
698.983999968	0.818664
704.072999954	1.864249
707.136999846	2.896809
710.881999969	2.87017
712.823999882	0.851444
714.116999865	3.713257
719.253999949	0.054802
720.099999666	0.385408
721.909999847	0.414185
722.766999722	0.902719
724.781999826	1.193619
726.250999689	2.518587
729.46999979	0.271744
729.741999865	0.379144
731.368999958	0.28209
735.022999763	1.281814
737.160000086	2.48345
739.048000097	3.255375
739.211999655	0.538153
740.747999668	3.503059
743.951999903	1.507764
746.040999889	2.645534
747.926999807	0.104125
749.222999811	1.043771
753.944999933	0.011962
754.738999844	0.195847
756.556999922	0.313219
757.850999832	0.247476
761.874999762	1.683637
763.325999975	0.831936
765.313999891	0.559287
765.879999876	3.196606
769.018999815	0.535014
769.982999802	0.538073
772.953999758	0.342882
775.755999804	0.483965
778.715999842	0.623363
780.177999973	1.874652
782.786999702	3.11937
783.801999807	2.79477
785.754999876	0.811292
788.098999739	3.83978
789.648000002	0.140905
791.745999813	0.664163
794.104000092	1.533918
796.016000032	2.724956
797.850999832	0.601327
799.229999781	2.020654
800.893999815	2.379564
802.970999718	2.689397
804.815999985	1.256852
804.898999691	2.220541
807.073999882	2.013528
808.368000031	0.255012
809.244999886	2.132245
811.595999718	1.481201
813.283999681	0.31651
814.052999973	1.308009
815.853999853	2.112627
817.864000082	1.224126
818.87899971	2.427377
820.877999783	2.3561
822.70299983	2.090664
824.615999937	2.046925
826.838999748	1.625738
828.063999891	1.315378
829.940999985	2.428143
832.590999842	1.623914
834.142999887	1.244942
836.125	0.539609
837.91899991	0.729039
841.056999922	1.431665
842.156999826	0.456052
844.191999912	0.920126
845.661999941	1.033281
847.696000099	0.252047
849.767999887	2.197592
851.766999722	0.003289
855.57799983	1.518203
857.627999783	0.39513
859.700999975	0.805661
862.001999855	0.446568
864.038999796	1.360605
865.879999876	2.393282
867.77699995	0.353142
