0.0	0.013551
1.00500035286	0.104661
1.59400010109	1.222951
2.14100027084	0.029651
2.71000027657	0.015016
4.46300005913	0.010891
5.93099999428	0.061093
7.10800027847	1.561758
8.0070002079	0.049527
8.75000023842	1.643886
9.5039999485	0.073649
10.0810003281	2.340766
10.739000082	1.890753
12.606000185	0.953774
15.473000288	0.168781
18.1450002193	1.10955
21.5430002213	0.013444
23.5860002041	1.391239
25.7580001354	1.619977
28.7970001698	1.353559
32.745000124	1.579506
36.7860002518	0.041584
39.3800003529	2.244153
40.476000309	2.954806
40.8120002747	0.723583
41.1890001297	2.212122
41.9960002899	0.00789
42.7770001888	0.194444
43.4260001183	0.824369
44.2010002136	1.810048
46.217000246	0.004743
48.1820001602	0.059489
51.3030002117	0.58522
55.5090003014	0.667835
57.209000349	0.079482
59.2770001888	1.006779
60.9350001812	1.192221
61.6560001373	1.673974
62.5070002079	1.524691
64.2030000687	0.256569
66.2110002041	0.013929
68.4300000668	0.099373
71.3340001106	0.284224
74.986000061	0.174154
77.862000227	2.17871
79.0650002956	0.02423
79.9440000057	1.908708
80.7269999981	2.89541
82.470000267	0.066003
84.3710000515	0.015446
86.4280002117	0.716451
90.3110001087	0.662303
92.3230001926	2.073224
93.2990000248	1.35227
94.4330003262	3.02703
96.4260001183	0.851316
98.4220001698	1.46488
100.426000118	0.019816
102.424000025	0.01052
104.446000099	0.110857
108.187000036	0.017424
111.613000154	0.781797
113.808000088	0.977809
115.63800025	1.734175
117.463000059	2.296698
120.217000246	1.128029
123.668000221	0.003189
127.20600009	0.815657
129.884000301	1.879705
131.866000175	0.680485
133.22300005	0.135683
135.404000282	0.059751
137.602000237	1.467006
139.081000328	1.250516
139.633000135	0.027134
141.324000359	0.010001
142.796000242	0.193357
144.631999969	0.201033
146.085000277	0.018104
149.907000065	0.166498
152.248000145	0.682922
154.60400033	0.12163
158.008000135	0.871757
160.061000347	1.67719
161.903000116	2.25637
163.521000147	0.455743
165.705000162	1.529907
166.529000282	0.061698
168.783000231	0.155277
170.696000099	2.251559
172.538000107	0.599922
174.338000059	2.338164
175.763000011	1.373016
177.302000284	0.157548
177.982000113	1.133532
178.870000124	0.186927
179.416000128	1.399248
180.427000046	1.044122
182.426000118	0.072279
184.428000212	0.043826
186.444000244	0.250682
188.426000118	2.858051
190.438000202	1.919303
192.430000067	3.350967
194.424000025	0.262747
196.424000025	0.392551
198.427000046	0.16279
200.433000326	1.152609
202.454000235	0.640908
204.440000057	2.067999
206.424000025	2.095479
208.429000139	0.018166
210.425000191	2.475052
