0.0	0.508855
0.999000072479	0.58084
1.34900021553	0.520499
2.08899998665	0.315795
3.18600010872	0.53093
3.96899986267	0.327427
4.61899995804	0.490186
5.60099983215	0.498316
6.3820002079	0.486079
6.9279999733	0.52877
7.81999993324	0.16786
8.53500008583	0.504586
10.2770001888	0.508331
12.3599998951	0.351949
14.3300001621	0.335804
16.3389999866	0.242386
18.4230000973	0.224439
20.8359999657	0.208697
22.3490002155	0.316203
24.5250000954	0.069986
28.0660002232	0.111383
31.1349999905	0.333822
33.0239999294	0.340612
34.9740002155	0.272213
36.1650002003	0.355931
37.2580001354	0.171709
38.2170000076	0.183647
40.2720000744	0.02316
42.2180001736	0.524597
44.2760000229	0.073491
46.2839999199	0.400846
48.3029999733	0.231321
50.2850000858	0.409258
52.2720000744	0.498463
54.2790000439	0.523335
56.2760000229	0.522497
58.2700002193	0.511762
60.2710001469	0.521469
62.2720000744	0.503747
64.2760000229	0.488958
66.2649998665	0.431795
68.2790000439	0.552698
70.2710001469	0.536576
72.2820000648	0.2833
74.2660000324	0.386024
76.2730000019	0.53276
78.2679998875	0.499561
80.2669999599	0.490613
82.2809998989	0.442485
84.2799999714	0.061567
86.2750000954	0.497509
88.2780001163	0.52857
90.3340001106	0.559533
92.2760000229	0.52482
94.2649998665	0.505093
96.2770001888	0.542159
98.2750000954	0.476605
100.270000219	0.533961
102.266000032	0.488503
104.280999899	0.266154
106.282999992	0.523207
108.279999971	0.542456
110.520999908	0.529522
112.287999868	0.509547
114.520999908	0.523
116.280999899	0.556459
118.520999908	0.544243
120.280999899	0.535115
122.280999899	0.444766
124.533000231	0.503642
126.520999908	0.52462
128.478000164	0.309606
130.517000198	0.531008
132.516000032	0.201842
134.520999908	0.511067
136.520999908	0.500183
138.531000137	0.551885
140.53000021	0.551582
142.533000231	0.464879
144.303999901	0.547913
146.309000254	0.522624
148.535000086	0.550017
150.535000086	0.524205
152.498000145	0.375518
154.533000231	0.527844
156.526000023	0.474996
158.526000023	0.514058
160.525000095	0.439714
162.523999929	0.514233
164.520999908	0.524206
166.520999908	0.534361
168.531000137	0.524453
170.520999908	0.509055
172.542999983	0.510909
174.525000095	0.518581
176.455000162	0.50846
178.520999908	0.491958
180.520999908	0.495488
182.520999908	0.535511
187.475000143	0.538538
191.16899991	0.513838
194.019999981	0.534679
196.269000292	0.403185
196.338000059	0.403185
197.095999956	0.527974
197.937000036	0.536799
198.697000027	0.523972
200.470000029	0.510516
202.539000034	0.513499
204.519999981	0.503895
206.53000021	0.550986
208.53000021	0.483637
210.531000137	0.545087
213.115999937	0.494718
215.20600009	0.49719
216.854000092	0.510704
220.567000151	0.110085
221.672999859	0.49551
222.634000063	0.485836
224.471999884	0.520313
226.523000002	0.530269
228.526000023	0.478506
230.523999929	0.517822
232.526000023	0.498432
234.52699995	0.51246
236.533000231	0.503559
238.519000053	0.538215
240.515000105	0.521829
242.522000074	0.506629
244.552000046	0.55871
246.544999838	0.418919
248.46600008	0.52271
250.532000065	0.508579
252.515000105	0.488238
254.519999981	0.514856
256.551000118	0.524347
258.531000137	0.551831
260.531000137	0.474615
262.519999981	0.493294
264.53000021	0.561616
266.519999981	0.493868
268.534000158	0.509785
270.907000065	0.505679
277.390000105	0.16928
285.522000074	0.248463
285.900000095	0.280421
287.027999878	0.508466
288.146000147	0.003873
288.805999994	0.533383
289.506999969	0.026756
290.247999907	0.47399
290.979000092	0.529727
291.778000116	0.51793
292.546999931	0.540871
294.53000021	0.467648
296.472999811	0.498573
298.519999981	0.493916
300.520999908	0.456307
302.53000021	0.54181
304.520999908	0.459829
306.519999981	0.554744
308.522000074	0.062822
310.519999981	0.535718
312.519999981	0.517386
314.531000137	0.482376
316.53000021	0.52505
318.531000137	0.505271
320.485000134	0.139491
323.944000006	0.479111
327.837000132	0.536921
331.271000147	0.527478
333.95299983	0.432169
337.38499999	0.527028
340.919000149	0.550424
343.648000002	0.454021
345.207999945	0.526151
345.634000063	0.50286
346.741000175	0.537129
348.207000017	0.537051
349.667000055	0.505092
351.130000114	0.491129
352.544999838	0.497768
353.01699996	0.52561
353.517000198	0.514434
354.586000204	0.533415
356.518000126	0.54333
358.763999939	0.473184
360.779000044	0.529685
362.527999878	0.546597
364.531000137	0.533667
366.779999971	0.467519
368.53000021	0.55677
370.779999971	0.532136
372.779999971	0.538663
374.767999887	0.511147
376.768999815	0.389407
378.779000044	0.517979
380.782999992	0.541041
382.80099988	0.504556
384.77300024	0.504945
386.794000149	0.550484
388.762000084	0.517487
390.779999971	0.474309
392.796000004	0.516833
394.768999815	0.541076
396.770000219	0.53776
398.779999971	0.507764
400.779000044	0.527324
402.768999815	0.519508
404.771000147	0.546893
406.778000116	0.547407
408.779999971	0.533769
410.768999815	0.544054
412.779000044	0.542975
414.781000137	0.498884
417.148000002	0.502134
419.894999981	0.457216
420.639999866	0.546126
422.779999971	0.532403
424.76699996	0.536794
426.771000147	0.546089
428.779000044	0.554374
430.815000057	0.542429
432.707000017	0.524984
434.77699995	0.382455
436.779000044	0.54767
438.779000044	0.502118
440.770000219	0.542541
442.763999939	0.501782
444.765000105	0.518088
446.770000219	0.541196
448.763000011	0.495443
450.779000044	0.49012
452.763000011	0.531348
454.96600008	0.00269
456.770000219	0.381203
458.765000105	0.433125
460.779000044	0.557677
462.770000219	0.485851
464.77699995	0.043671
466.770000219	0.547065
468.784999847	0.326722
470.775000095	0.493369
472.763000011	0.52698
474.795000076	0.498715
476.812000036	0.542045
478.77699995	0.199406
480.772000074	0.53345
482.810000181	0.461303
484.802999973	0.550623
486.799999952	0.544816
488.862000227	0.421843
490.78399992	0.499802
492.781000137	0.476533
494.779999971	0.516237
496.770000219	0.547562
498.768999815	0.514073
500.770000219	0.536296
502.77300024	0.509849
504.779999971	0.544221
506.779000044	0.511349
508.813000202	0.511625
510.779999971	0.542461
512.765000105	0.523649
514.768999815	0.501793
516.771000147	0.0206
518.762000084	0.272138
520.772000074	0.340749
522.765000105	0.500324
524.782000065	0.492111
526.768999815	0.462701
528.779000044	0.386819
531.243999958	0.587383
532.697000027	0.434257
535.023000002	0.488996
536.766000032	0.268106
538.775000095	0.488818
540.774000168	0.518939
542.778000116	0.063678
544.775000095	0.490815
546.778000116	0.537223
548.779999971	0.517125
550.775000095	0.517119
552.763999939	0.519189
554.770000219	0.480797
556.765000105	0.516511
558.768999815	0.484181
560.779999971	0.513087
562.763999939	0.511005
564.76699996	0.05692
566.779000044	0.066212
568.768999815	0.056623
570.768999815	0.328519
572.770000219	0.52963
574.768999815	0.531892
576.770000219	0.492836
580.302000046	0.523001
581.619999886	0.401081
584.442000151	0.064303
587.223999977	0.348908
588.811000109	0.395179
593.203999996	0.151318
596.391000032	0.40611
598.707999945	0.466032
600.811000109	0.514628
602.141000271	0.487429
602.891000032	0.529177
604.18200016	0.07351
605.747999907	0.554425
606.702000141	0.517401
608.517000198	0.193931
609.927000046	0.446522
613.789000273	0.524772
616.686000109	0.53156
619.383000135	0.524536
622.093000174	0.079215
624.126000166	0.175468
626.141000271	0.024774
627.815000057	0.511238
628.904999971	0.513579
634.282000065	0.04739
637.520999908	0.383327
638.319999933	0.464741
638.704999924	0.45864
638.960000038	0.484863
639.26699996	0.58584
639.799000025	0.518277
641.072999954	0.368314
643.644000053	0.19903
645.236000061	0.037613
647.023000002	0.310638
649.03000021	0.507971
651.019999981	0.330472
653.022000074	0.517534
655.016000032	0.258578
657.026000023	0.556119
659.01300025	0.494107
661.016000032	0.088628
663.01699996	0.543011
665.019999981	0.515595
667.016000032	0.48094
669.022000074	0.497078
670.958000183	0.534121
673.012000084	0.532773
675.016000032	0.530973
676.950000048	0.519211
679.960999966	0.537753
682.266000032	0.492479
683.871999979	0.528548
685.345000029	0.488869
687.01300025	0.168165
689.014000177	0.350573
691.018000126	0.329021
693.032999992	0.539048
695.190000057	0.452236
697.862000227	0.092557
700.499000072	0.359351
702.363000154	0.518921
704.04399991	0.135104
705.728999853	0.522583
707.094000101	0.546299
709.022000074	0.542588
711.015000105	0.517539
713.042999983	0.455161
715.026000023	0.259784
717.767999887	0.033821
719.5	0.265681
721.023000002	0.181482
723.021000147	0.417341
725.016000032	0.083589
727.022000074	0.486176
729.023999929	0.51685
731.016000032	0.530909
733.024999857	0.508618
735.019999981	0.506686
737.023000002	0.502617
739.019000053	0.512486
741.023000002	0.557872
743.019000053	0.538944
745.01300025	0.540957
747.021000147	0.035096
749.01699996	0.549334
751.022000074	0.004154
753.019999981	0.544581
755.022000074	0.521979
757.023999929	0.558737
759.023999929	0.543432
761.019999981	0.538811
763.01699996	0.411484
765.539999962	0.097576
767.655999899	0.528883
769.583999872	0.097645
771.021000147	0.549078
773.010000229	0.341791
775.364000082	0.075864
777.023000002	0.497348
779.021000147	0.442618
781.021000147	0.473415
783.657999992	0.531793
786.142000198	0.544617
788.669000149	0.523517
790.765000105	0.549784
791.911000013	0.533306
793.894000053	0.526154
795.976999998	0.519421
798.551000118	0.525082
801.371999979	0.438765
802.527999878	0.526379
805.834000111	0.209684
807.960000038	0.476851
809.854000092	0.551696
812.131000042	0.471228
814.582000017	0.518737
815.944999933	0.540265
816.469000101	0.517134
818.049000025	0.465264
819.197000265	0.534221
821.276000023	0.496457
823.273000002	0.546188
825.539999962	0.475217
828.351000071	0.015918
829.907999992	0.537418
832.242000103	0.516997
836.016000032	0.54318
838.136999846	0.529631
839.575999975	0.434212
844.698000193	0.51514
848.470999956	0.407691
849.386000156	0.544967
851.335999966	0.525198
853.54399991	0.544304
855.58100009	0.386141
857.815999985	0.348873
860.291000128	0.394775
862.763000011	0.43096
865.386000156	0.556708
867.95600009	0.418984
869.207000017	0.460382
870.515000105	0.553055
871.264999866	0.276541
873.315000057	0.532869
875.974000216	0.525141
877.298000097	0.44707
878.467999935	0.49655
880.118000031	0.553107
886.183000088	0.533394
887.883000135	0.53081
889.461000204	0.518485
891.837000132	0.529784
894.430000067	0.450637
896.782999992	0.519762
898.187000036	0.530317
898.963000059	0.4955
899.40500021	0.528714
901.739000082	0.528133
905.364000082	0.510782
906.674000025	0.537603
908.064999819	0.520504
909.514000177	0.512605
911.045000076	0.534943
913.04399991	0.53049
915.141000271	0.44331
917.220000029	0.517267
919.298000097	0.471828
921.302000046	0.522117
922.829000235	0.525465
924.236000061	0.501861
925.911000013	0.531838
927.094000101	0.494593
928.696000099	0.515065
929.994000196	0.251085
932.144999981	0.500581
934.312999964	0.535131
935.757000208	0.469612
937.728999853	0.308931
939.795000076	0.490077
941.787999868	0.44886
943.919000149	0.489543
946.17599988	0.526766
948.52699995	0.492428
950.756000042	0.427803
952.167000055	0.528145
954.872999907	0.526905
957.720999956	0.530915
960.197000265	0.514127
961.539999962	0.535939
962.461000204	0.530559
962.86500001	0.504566
963.511000156	0.549882
965.262000084	0.522479
967.264999866	0.457003
969.363000154	0.514499
971.516000032	0.542352
973.733000278	0.529355
975.526000023	0.207586
978.082000017	0.004688
980.134000063	0.514954
981.835000038	0.166979
983.266000032	0.56254
985.264999866	0.490864
987.279000044	0.479282
989.277000189	0.532443
991.275000095	0.47911
993.271000147	0.493134
995.261000156	0.533985
997.315000057	0.545975
999.302999973	0.48557
1001.26499987	0.507899
1003.2750001	0.511781
1005.27600002	0.551437
1007.27600002	0.512935
1009.61199999	0.441281
1013.19800019	0.515832
1017.5170002	0.513858
1018.41499996	0.551587
1019.95900011	0.497852
1021.75400019	0.471133
1023.46200013	0.526983
1025.20799994	0.541327
1026.91199994	0.533844
1028.64500022	0.508967
1030.02399993	0.49621
1031.27000022	0.530587
1033.51600003	0.524506
1035.5150001	0.529647
1037.28299999	0.406911
1039.5250001	0.484334
1041.2750001	0.520202
1043.52399993	0.479128
1045.46600008	0.53379
1047.52799988	0.507706
1049.523	0.525097
1051.52399993	0.541709
1053.51200008	0.417592
1055.51300001	0.03009
1057.52200007	0.515712
1059.5250001	0.528953
1061.51900005	0.504795
1063.51300001	0.094794
1065.51999998	0.55221
1067.51900005	0.035767
1069.54100013	0.397101
1072.01900005	0.005046
1073.97500014	0.033497
1075.52399993	0.147318
1077.5250001	0.099876
1079.52200007	0.289144
1081.51300001	0.531766
1083.52099991	0.539405
1085.51000023	0.508785
1087.523	0.546296
1089.52099991	0.496861
1091.52200007	0.511616
1093.46300006	0.516252
1095.52200007	0.540789
1097.52200007	0.531149
1099.51999998	0.553614
1101.52399993	0.500741
1103.51200008	0.473583
1105.59000015	0.442237
1107.37199998	0.159452
1109.55000019	0.410271
1111.53200006	0.406884
1114.86800003	0.25533
1122.06200004	0.267966
1125.92000008	0.187341
1127.47000003	0.282419
1129.39899993	0.30205
1130.84399986	0.2956
1132.09699988	0.112955
1133.03100014	0.078971
1133.9519999	0.543104
1134.56200004	0.188387
1136.15900016	0.328661
1138.60500026	0.345704
1141.05400014	0.516205
1143.44700003	0.546535
1145.329	0.463584
1147.32800007	0.447852
1148.99500012	0.494296
1150.68600011	0.508803
1152.05900002	0.429767
1153.09200001	0.499533
1154.15100002	0.540673
1156.66499996	0.225681
1158.65699983	0.519719
1159.5079999	0.530335
1161.52799988	0.437379
1164.26300001	0.00167
1166.34700012	0.53805
1168.69099998	0.509554
1171.2750001	0.488166
1174.05400014	0.52286
1178.06100011	0.186016
1181.85599995	0.524653
1186.12300014	0.035938
1188.35700011	0.446987
1190.27100015	0.521486
1192.1500001	0.541393
1195.35100007	0.52455
1199.84500027	0.287607
1202.57999992	0.239617
1205.046	0.209372
1205.98900008	0.28017
1207.47199988	0.29592
1209.21700001	0.277253
1211.32299995	0.214811
1212.62300014	0.280146
1214.0150001	0.31719
1216.21500015	0.349162
1217.57599998	0.137476
1218.85800004	0.302527
1219.39199996	0.311383
1220.83899999	0.310602
1223.28900003	0.235664
1225.25500011	0.036685
1226.48200011	0.332288
1228.94499993	0.061992
1231.24600005	0.294342
1233.16700006	0.194396
1234.78900027	0.330854
1236.30800009	0.324855
1238.21600008	0.283041
1240.07999992	0.316761
1242.55500007	0.113896
1245.22399998	0.237757
1247.92200017	0.260881
1250.15199995	0.007896
1251.19099998	0.300041
1252.22399998	0.290937
1253.29400015	0.310962
1254.2809999	0.281179
1256.45000005	0.31903
1259.61999989	0.326513
1262.63700008	0.105174
1264.727	0.292507
1266.62300014	0.204321
1269.22300005	0.257633
1272.02799988	0.071932
1274.52099991	0.277065
1276.52099991	0.202712
1277.99600005	0.296781
1279.42600012	0.534812
1280.39899993	0.469472
1281.19499993	0.528182
1282.17599988	0.472403
1283.38400006	0.545584
1284.31100011	0.530256
1286.10900021	0.530513
1287.93400002	0.515027
1290.23500013	0.220121
1291.60300016	0.449103
1293.91000009	0.513722
1296.22399998	0.263645
1298.69199991	0.505805
1301.0940001	0.258518
1303.26300001	0.524701
1304.01300025	0.508722
1305.16100001	0.455592
1306.29900002	0.534472
1307.77900004	0.522265
1309.76200008	0.254284
1311.76600003	0.533974
1313.7650001	0.53343
1315.76699996	0.546238
1317.7750001	0.00385
1319.77100015	0.438331
1321.78299999	0.546093
1323.72399998	0.528467
1325.76099992	0.532917
1327.76600003	0.521814
1329.59500003	0.015695
1331.97099996	0.45097
1335.11500001	0.532884
1340.39199996	0.459362
1342.61899996	0.139642
1343.74799991	0.514282
1345.03700018	0.305932
1349.01800013	0.393033
1352.24699998	0.544877
1356.34800005	0.527002
1358.72399998	0.462052
1359.76600003	0.487631
1360.77000022	0.478787
1362.00399995	0.529305
1363.25099993	0.535329
1364.28299999	0.545508
1365.28399992	0.539784
1366.22000003	0.53932
1367.0710001	0.530313
1367.98200011	0.533208
1369.76899981	0.495821
1371.72099996	0.459248
1373.83299994	0.526147
1376.31299996	0.51101
1378.05500007	0.507016
1380.22300005	0.5041
1383.64899993	0.492993
1386.53900003	0.480622
1388.11999989	0.543829
1390.73199987	0.527852
1393.83700013	0.451385
1396.59899998	0.535428
1399.352	0.246466
1400.38800001	0.538183
1401.35100007	0.53175
1402.30900025	0.4925
1404.50399995	0.532438
1407.54200006	0.536439
1410.95000005	0.492044
1413.84700012	0.524227
1416.454	0.41669
1418.08200002	0.530665
1419.87599993	0.522869
1421.13800001	0.511186
1423.21099997	0.507916
1425.30900025	0.52673
1426.83100009	0.522135
1428.53400016	0.492681
1429.95500016	0.518258
1431.59700012	0.489112
1433.45000005	0.530142
1435.36899996	0.536567
1437.54100013	0.537976
1439.76399994	0.519176
1441.26200008	0.53899
1442.51800013	0.532968
1445.93199992	0.530837
1450.27900004	0.514941
1454.0480001	0.480884
1456.28399992	0.531493
1458.20799994	0.492793
1459.35100007	0.533522
1460.68799996	0.525997
1462.15900016	0.529805
1463.15100002	0.523684
1464.46799994	0.523623
1465.77200007	0.518488
1467.10300016	0.515378
1468.27999997	0.525359
1469.5480001	0.520466
1470.06399989	0.51197
1471.77000022	0.494665
1474.17699981	0.525633
1475.76399994	0.475859
1477.78299999	0.554542
1479.75999999	0.534705
1484.90200019	0.540209
1487.03299999	0.489318
1489.40500021	0.022708
1491.63100004	0.516187
1493.13100004	0.22774
1494.06700015	0.534584
1494.69400001	0.548394
1495.76399994	0.499871
1497.77800012	0.01525
1499.76600003	0.368966
1501.76600003	0.281039
1503.7650001	0.493594
1505.77100015	0.528895
1507.76899981	0.502452
1509.85599995	0.540941
1512.44899988	0.530407
1514.90200019	0.448658
1515.98600006	0.524161
1517.76399994	0.50471
1519.7650001	0.50471
1521.75800014	0.505575
1524.20099998	0.511369
1525.77000022	0.146833
1527.76399994	0.567394
1529.7650001	0.03277
1531.76699996	0.358887
1533.76399994	0.054324
1535.7750001	0.486155
1538.02100015	0.512613
1539.77100015	0.313613
1542.01900005	0.458748
1544.02499986	0.027186
1546.0150001	0.483236
1548.01200008	0.518182
1550.02699995	0.523188
1552.02399993	0.538728
1554.02399993	0.476983
1556.01400018	0.52885
1558.02399993	0.478897
1560.01800013	0.544159
1562.01000023	0.51261
1564.01100016	0.527965
1566.01100016	0.551047
1568.04399991	0.496878
1569.9460001	0.505412
1572.02100015	0.165089
1574.02499986	0.476725
1576.01400018	0.328089
1578.0150001	0.518595
1580.01300025	0.505877
1582.01000023	0.01138
1584.60700011	0.52852
1586.01699996	0.485546
1588.023	0.45717
1590.04099989	0.526031
1592.01900005	0.391972
1594.0150001	0.496787
1596.01100016	0.509257
1598.0	0.507835
1600.01600003	0.516882
1602.02900028	0.44274
1604.01000023	0.33325
1606.01900005	0.5009
1608.01600003	0.513417
1610.01699996	0.481011
1612.24699998	0.527535
