0.0	0.089427
0.767999887466	0.4431
1.04399991035	0.844978
1.27300000191	1.586655
1.78399991989	1.823441
2.76899981499	1.975213
3.78600001335	0.361079
4.48300004005	1.668757
4.73199987411	1.668757
6.6289999485	0.207678
8.61800003052	1.79015
10.4750001431	0.300337
12.746999979	1.23313
16.9670000076	1.85311
17.8910000324	1.85311
20.3659999371	1.85311
22.3659999371	0.776956
28.2059998512	0.35619
30.1289999485	1.015299
33.5620000362	1.364593
36.4440000057	0.930901
38.0130000114	0.504433
39.867000103	0.504433
42.8660001755	1.668108
44.8619997501	0.736189
46.8599998951	0.932941
48.8599998951	0.542315
50.8219997883	1.032703
52.8619997501	0.329899
54.8609998226	1.118139
56.885999918	1.028885
58.8609998226	1.283006
60.8609998226	1.930953
62.8650000095	1.402298
64.8609998226	0.555348
66.8619997501	1.036954
68.8599998951	1.331941
70.8630001545	1.6542
72.8699998856	1.6542
74.7129998207	1.306274
76.8619997501	1.641509
78.8609998226	1.237866
80.8609998226	0.789919
82.8619997501	1.183238
84.8619997501	1.064671
86.8630001545	1.088338
88.864000082	1.344178
90.8660001755	1.604638
92.8729999065	1.233668
94.8609998226	0.15286
96.8609998226	1.781516
98.7079999447	1.781516
100.864000082	1.781516
102.863000154	0.327808
104.86500001	1.557703
106.860999823	0.910465
108.860999823	0.892327
110.860999823	1.012593
112.863000154	1.484173
114.859999895	1.453623
116.863000154	0.94972
118.863000154	1.416455
120.86500001	1.738119
122.72300005	1.214524
124.860999823	1.627592
126.86199975	1.177162
128.86199975	1.534536
130.866000175	0.377083
132.871999979	0.022678
134.863000154	1.743885
136.866000175	0.588093
138.860999823	0.550789
140.864000082	1.489218
142.860999823	0.650929
144.863000154	0.067988
146.867000103	1.373347
148.864000082	0.71531
150.864000082	1.654219
152.867000103	1.099245
154.864000082	0.121826
156.86199975	0.615398
158.756000042	0.9359
160.86500001	1.46468
162.86199975	0.262726
164.86199975	1.675836
166.962000132	1.009082
168.867000103	1.256677
170.860999823	1.61274
172.86500001	1.845163
174.86199975	1.895224
176.860999823	1.161959
178.860999823	1.094293
180.864000082	1.086455
182.863000154	1.774145
184.864000082	1.305455
186.786000013	2.3225
188.816999912	0.044021
190.863000154	0.997069
192.860999823	0.617487
194.864000082	0.557613
196.860999823	1.868962
198.868000031	0.65787
202.544999838	0.807924
203.135999918	1.225642
204.863000154	1.591948
206.86199975	0.457058
208.947999954	1.350796
210.863000154	0.544588
212.86500001	0.19083
214.863000154	1.171111
216.867000103	1.010967
218.869999886	0.065261
220.868000031	0.387896
224.813999891	0.857956
225.522000074	1.368392
228.19299984	1.704496
228.863000154	0.810423
230.864000082	0.490842
232.86500001	0.928149
235.383000135	1.157538
236.895999908	1.38641
239.11500001	1.655607
241.115999937	0.400071
243.319000006	0.087445
245.078999996	0.284634
247.842999935	1.003213
249.119999886	0.525655
251.112999916	1.481667
253.128000021	1.174722
255.115999937	1.83422
257.114000082	1.781215
259.156999826	0.019248
261.114000082	1.235439
263.111999989	0.820085
265.114000082	0.601795
266.992999792	0.62417
269.115999937	0.510135
271.98300004	0.159078
273.625	1.392762
276.138999939	1.057482
278.180999994	1.391542
279.823999882	0.402212
281.324999809	1.076894
283.115999937	0.783737
287.02699995	0.00441
288.657999992	0.13071
290.736000061	1.228204
292.429999828	0.033239
294.024999857	0.628592
295.565999746	1.421943
297.967000008	1.295769
299.928999901	0.598967
301.69900012	0.194026
303.184999943	0.017494
305.11500001	0.579632
308.146000147	1.624202
309.829999924	1.531621
311.45600009	0.6586
313.506999969	0.008313
316.424000025	0.272366
318.434000015	0.160676
319.467000008	0.872398
321.112999916	0.330643
323.284999847	0.241068
325.787999868	0.509959
328.540999889	0.495126
329.906000137	0.878747
331.463999987	0.997102
333.114000082	0.124597
336.69299984	1.080614
340.092000008	0.376208
340.894999981	0.573866
341.730000019	0.229814
343.243000031	1.40147
346.539999962	0.516268
348.359999895	0.73476
349.999000072	0.421807
352.299999952	0.647199
353.09800005	0.209159
355.111999989	0.367953
357.114000082	0.68958
359.411000013	0.155174
361.11500001	0.090188
363.120999813	0.172213
365.071000099	0.75819
367.417999983	0.836196
370.539000034	1.53074
373.140999794	0.889607
374.738000154	0.957714
376.440999985	0.384563
377.864000082	1.559316
379.554000139	1.501772
381.109999895	0.621071
383.111999989	1.480478
385.116999865	1.698937
387.114000082	1.393938
389.111000061	1.519714
391.111999989	0.675026
393.109999895	0.90166
395.111999989	1.262414
397.299000025	1.760202
400.050000191	1.484026
401.322999954	1.312987
403.112999916	1.151208
405.65899992	0.710633
407.111999989	1.589214
409.112999916	1.305718
411.228999853	1.107128
413.115999937	1.033156
415.112999916	1.689424
417.112999916	1.507451
419.117999792	1.304416
421.116999865	1.226588
423.095999956	1.568852
425.965999842	0.023101
427.611000061	0.839013
429.184000015	1.580846
431.111999989	1.002498
433.11500001	0.969471
435.11500001	0.782585
437.111000061	0.636104
439.116999865	0.028746
441.112999916	1.383495
443.111000061	1.446103
445.123000145	1.125762
450.676999807	1.264118
452.579999924	1.102876
453.282000065	0.013383
454.162000179	1.552551
456.067000151	1.067728
457.618000031	1.13327
460.372999907	1.075699
462.373999834	0.562971
465.367000103	1.17969
467.282000065	0.056085
469.358999968	0.137829
471.361999989	0.764137
473.365999937	0.820774
475.359999895	1.179609
477.30099988	0.019241
479.360999823	0.644013
481.398999929	1.311927
484.436999798	1.1835
486.200000048	1.903475
487.360999823	1.402023
489.674000025	0.548629
491.365999937	1.665491
493.361999989	0.976857
495.359999895	0.46131
497.364000082	0.940059
499.361999989	1.091864
501.367000103	1.47928
503.391000032	1.073583
505.363000154	1.123221
507.842000008	0.211548
510.140999794	0.571154
512.578999996	1.353165
514.309000015	0.718205
515.364000082	1.138612
517.588999987	1.359684
519.368000031	1.451104
521.361999989	0.32187
523.388999939	0.854113
525.361999989	1.167628
527.361999989	1.018136
529.472999811	1.398752
531.863000154	0.34011
535.135999918	0.55349
536.461999893	0.942149
537.535000086	0.42947
539.370000124	1.408699
542.244999886	0.548584
544.411999941	0.352738
545.357999802	0.685679
549.990999937	0.905439
552.361999989	0.867094
554.157999754	1.759921
556.361999989	1.103925
558.360999823	1.810992
560.360999823	1.655172
562.363000154	0.0421
564.364000082	1.784488
566.403000116	1.40149
568.36500001	1.64209
570.360999823	1.736866
572.361999989	0.844984
574.360999823	1.554161
576.796999931	1.199455
579.544999838	1.318919
580.361999989	0.338177
582.364000082	1.400587
584.359999895	1.4607
586.360999823	1.380575
588.28399992	0.686169
590.359999895	1.306337
592.360999823	0.814132
594.380999804	1.558173
596.819999933	1.199867
598.217000008	1.739372
600.363000154	0.835871
602.36500001	0.833588
604.381999731	1.112957
606.364000082	0.992223
608.360999823	1.360881
610.359999895	1.307922
612.361999989	1.646257
614.640999794	1.08138
616.368000031	1.597083
618.312999964	1.063926
620.360999823	1.670345
622.359999895	0.821588
624.384000063	1.371703
626.363000154	1.404678
628.360999823	1.710478
630.506999969	0.221317
632.363000154	1.081015
634.367000103	0.323164
636.359999895	0.937545
638.361999989	0.229372
640.363000154	0.085925
642.359999895	1.751887
644.368000031	0.905941
646.361999989	1.273386
648.919000149	1.335362
651.240999937	0.592266
653.517999887	1.610832
655.203999996	0.930665
656.36500001	0.831954
658.360999823	1.164442
660.361999989	1.553765
662.781999826	0.163279
665.420000076	0.572098
667.819999933	0.428201
670.328999996	0.303353
671.308000088	0.809033
672.375	1.315504
674.361999989	0.718865
676.361999989	1.279529
678.732999802	0.425297
681.437999964	1.019605
684.180999994	2.094204
684.988999844	0.898279
686.612999916	0.026062
688.459000111	0.976559
690.727999926	0.592994
692.611999989	0.127719
694.979000092	0.837346
696.613999844	0.119961
698.61500001	1.238909
700.616999865	1.100224
702.616999865	0.664186
705.087000132	1.341093
707.594000101	0.851898
709.723999977	0.149875
711.107000113	1.238634
712.48300004	0.051067
714.880999804	1.348388
717.102999926	0.17709
718.771000147	0.492503
720.61500001	0.850218
723.373999834	0.84161
726.782999992	0.827211
727.848999977	0.180777
728.61500001	0.021972
732.123000145	0.388268
733.66899991	1.096855
735.792999983	1.439247
737.269999743	0.610132
739.171999931	2.034871
743.86199975	1.177159
745.868000031	0.039738
748.667999983	1.64903
753.429999828	0.042721
755.592000008	0.566553
755.888999939	1.038363
757.401000023	1.349006
758.195999861	0.236546
760.179000139	0.950876
761.888000011	0.736852
764.028999805	0.98725
766.615999937	0.814314
768.36500001	0.776253
771.037999868	1.699681
773.975000143	1.527132
776.247999907	0.017967
777.903000116	1.06488
780.111999989	1.260679
782.114000082	0.055496
784.109999895	0.61775
786.112999916	0.408533
788.111999989	0.349283
790.114000082	0.043484
792.111000061	1.719738
794.114000082	1.425834
796.116999865	1.215687
798.114000082	1.618142
800.111999989	0.600003
802.111000061	0.807646
804.114000082	0.502183
806.114000082	0.004296
808.111999989	0.448922
810.111000061	1.637966
812.600999832	1.244954
815.863000154	0.02694
817.746999979	0.517181
819.503000021	1.444575
821.128000021	0.920185
822.483999968	0.866892
824.109999895	1.008862
826.111000061	1.617107
828.171000004	1.214893
830.111000061	1.612153
832.115999937	0.450784
834.654999971	0.696813
836.111000061	1.319808
838.924999952	0.77199
840.109999895	1.533406
842.111000061	1.539839
844.111999989	1.551745
846.11500001	1.662208
848.112999916	0.228828
850.114000082	0.973669
852.109999895	0.022498
854.111999989	1.092841
856.111999989	0.966829
858.54399991	1.741909
860.109999895	1.262186
862.112999916	1.112483
864.117999792	0.873827
866.111000061	1.825023
868.112999916	1.509433
870.111000061	1.304858
872.108999968	1.347333
874.360999823	1.090252
876.361999989	0.349965
878.363000154	0.974441
880.367000103	1.651067
882.202000141	1.652937
884.363000154	1.441265
886.360999823	1.705976
888.359999895	1.524125
890.359999895	0.477052
892.363000154	1.152838
894.93900013	1.482556
896.364000082	1.287558
898.363000154	1.301512
900.364000082	1.791018
902.360999823	0.109477
904.363000154	1.622737
906.248999834	0.070467
908.360999823	0.606274
910.361999989	1.648578
912.361999989	1.247555
914.364000082	1.167162
916.360999823	1.093589
918.359999895	0.265288
920.361999989	0.157712
922.359999895	1.570936
924.396999836	1.364739
926.363000154	1.379434
928.360999823	1.418171
930.219000101	1.31909
932.36500001	1.670128
934.360999823	0.861664
936.358999968	1.703569
938.360999823	1.31519
940.359999895	1.744233
942.361999989	1.267854
944.361999989	0.971542
946.363000154	1.746882
948.361999989	1.68915
950.363000154	1.050177
952.360999823	1.427455
954.210000038	1.116868
956.359999895	1.116868
958.361999989	1.171588
960.361999989	1.083935
962.361999989	0.557694
964.361999989	1.175398
966.375	1.531786
968.368000031	0.981602
970.359999895	1.01311
972.361999989	1.609376
974.365999937	1.250658
976.360999823	0.711656
978.220999956	1.171333
980.363000154	0.226588
982.364000082	0.197031
984.360999823	0.667992
986.359999895	0.812398
988.360999823	1.606695
990.363000154	1.134033
992.363000154	0.936836
994.363000154	0.008424
996.363000154	1.254298
998.361999989	0.82917
1000.36400008	0.598381
1002.36099982	1.264963
1004.3599999	1.844767
1006.36099982	0.43496
1008.36199999	1.172017
1010.36400008	1.329447
1012.36400008	1.264426
1014.36099982	1.093625
1016.36099982	0.049827
1018.36099982	1.555739
1020.36099982	0.011823
1022.36099982	0.232029
1024.36199999	1.766028
1026.36099982	1.29481
1028.36300015	1.583977
1030.36199999	1.221255
1032.36099982	1.069496
1034.36400008	0.129843
1036.3599999	0.515437
1038.3599999	0.515437
1040.36099982	0.892097
1042.36199999	1.218778
1044.36199999	0.340197
1046.36300015	0.829067
1048.36599994	0.091921
1050.38600016	0.977667
1052.36199999	1.603758
1054.3599999	0.017206
1056.36199999	0.017343
1058.36500001	1.122563
1060.36500001	1.319718
1062.36400008	0.029583
1064.36099982	0.125126
1066.36099982	1.095103
1068.5079999	1.33747
1070.39799976	1.324738
1072.36300015	1.419803
1074.37299991	0.820453
1078.44700003	0.957957
1079.29399991	1.158621
1080.86199975	1.471092
1083.648	0.378492
1085.61199999	1.525211
1088.15199995	0.701202
1090.11999989	0.939377
1093.08399987	0.773605
1094.8599999	1.197078
1097.36300015	1.553195
1099.3670001	1.381675
1102.62099981	0.016807
1104.62700009	1.632841
1107.1099999	2.025806
1109.11599994	1.384844
1111.41799998	1.30629
1113.11299992	1.078409
1115.11400008	1.602176
1117.12700009	0.926122
1119.11199999	1.644717
1121.11799979	1.268268
1123.1099999	0.569788
1125.61100006	1.567281
1127.61299992	0.958317
1129.61699986	1.06808
1131.61000013	1.14962
1133.704	1.509484
1135.86500001	1.089235
1137.86400008	1.894207
1139.86300015	0.854567
1141.86199975	0.199715
1143.83299994	0.533095
1147.10899997	1.168205
1149.16499996	1.03927
1153.27600002	1.144161
1155.27699995	0.994968
1158.3599999	0.960584
1160.36400008	0.978851
1162.35899997	1.331816
1164.36099982	1.474113
1166.36500001	1.342695
1168.36899996	0.918076
1170.3599999	0.409757
1172.36599994	1.163908
1174.36199999	0.031226
1176.36300015	0.054569
1178.3670001	0.572566
1180.36099982	1.194969
1182.36500001	0.966034
1184.36300015	0.529317
1186.3599999	1.086104
1188.35899997	1.025562
1190.36300015	0.722127
1192.36500001	0.821919
1194.36500001	0.884946
1196.3599999	0.08714
1198.36300015	1.327087
1200.35299993	1.657546
1202.36099982	1.08091
1204.3599999	0.95314
1206.36199999	0.571138
1208.36099982	1.295577
1210.36199999	1.404442
1212.36199999	1.487718
1214.36899996	1.559626
1216.36099982	1.632626
1218.36099982	1.671711
1220.36099982	1.720079
1222.3599999	1.734233
1224.36300015	0.410791
1226.36300015	1.18334
1229.90499997	1.140853
1230.73199987	1.127038
1232.61299992	0.912593
1234.50600004	1.030826
1236.61000013	1.619212
1238.61199999	1.201246
1240.53900003	0.980518
1242.8900001	0.006517
1244.61399984	1.10145
1246.61000013	1.471176
1248.61100006	1.532888
1250.61100006	1.532888
1252.61000013	1.095789
1254.625	0.086235
1256.61399984	1.595648
1258.61299992	1.669596
1260.61000013	1.594257
1262.61299992	1.632723
1264.61000013	1.147855
1266.47299981	1.876803
1268.61000013	0.153818
1270.61299992	1.200221
1272.61100006	1.303363
1274.61599994	0.130922
1276.61599994	1.494208
1278.61100006	1.469009
1280.61100006	1.438456
1282.6329999	1.243981
1286.47900009	0.799963
1287.90600014	1.343157
1288.61299992	1.343157
1290.45099998	1.343157
1292.61100006	1.373307
1294.61500001	0.997881
1296.61199999	1.736991
1298.61100006	1.607489
1300.61100006	1.270122
1302.61000013	1.712022
1304.61199999	1.71273
1306.61399984	1.541731
1308.61100006	1.570272
1310.61399984	0.521627
1312.61100006	1.853486
1314.47099996	1.105304
1316.60899997	1.116408
1318.61000013	1.452332
1320.61299992	1.06808
1322.61399984	1.094899
1324.61399984	0.022752
1326.61199999	1.169118
1328.61199999	1.629087
1330.61100006	1.381014
1333.2249999	1.1767
1334.87299991	1.653072
1336.61000013	0.86347
1338.61500001	1.203748
1340.61199999	1.038235
1342.61500001	1.390025
1344.61000013	1.501315
1346.61000013	1.5
1348.61100006	0.018406
1350.61000013	1.222744
1352.61000013	1.222744
1354.61699986	1.290569
1357.39699984	1.312253
1359.77699995	0.648725
1360.68400002	1.626284
1362.66199994	1.883995
1364.61000013	1.147591
1366.61500001	1.485914
1368.61199999	1.900757
1370.75999999	1.587381
1372.61299992	1.758921
1374.61199999	0.906491
1376.61399984	0.968713
1379.09899998	1.423445
1381.60299993	0.513873
1385.82800007	1.562323
1386.61699986	0.175639
1387.29500008	1.062127
1388.61199999	1.195876
1390.61199999	1.249984
1392.61399984	1.507219
1394.61699986	1.516769
1396.61299992	1.291018
1398.61399984	0.829641
1400.61299992	1.359761
1402.75600004	1.317107
1404.61599994	0.952661
1407.10500002	1.311889
1409.18000007	0.861424
1411.08299994	1.13795
1413.61199999	1.87247
1415.62400007	0.726249
1417.61199999	1.91652
1419.61199999	1.134405
1421.61199999	0.937968
1423.62400007	1.353753
1425.61100006	1.465629
1427.97299981	1.087958
1429.61999989	0.964376
1431.60899997	0.614495
1433.70099998	0.228818
1435.5079999	0.685132
1437.61999989	1.548058
1439.61500001	1.561955
1441.88499999	1.791225
1443.61000013	1.270111
1445.61399984	0.73891
1447.61299992	1.168612
1449.61000013	1.330464
1451.61000013	1.621693
1453.61199999	0.176902
1455.61000013	1.237935
1457.61299992	0.052298
1459.64499998	1.00457
1461.61199999	1.16775
1463.61199999	1.792174
1465.61100006	0.137905
1467.82499981	0.828338
1469.61100006	0.721861
1471.61100006	1.356889
1473.61199999	1.484559
1475.68799996	1.699188
1477.61000013	0.806513
1479.61199999	1.682169
1481.61199999	1.759716
1483.6420002	0.55655
1486.20899987	1.01846
1487.5940001	1.511517
1489.61299992	1.522738
1491.61500001	1.636233
1493.61000013	0.920907
1495.61199999	1.176492
1497.91900015	0.15932
1500.42499995	0.299187
1503.48200011	0.603184
1504.77100015	0.832681
1506.00300002	0.042292
1507.70099998	0.689565
1509.61000013	1.045143
1511.61199999	1.014484
1514.22399998	0.361488
1516.12800002	0.753243
1518.63599992	0.074408
1520.61100006	1.294492
1522.61100006	1.193483
1524.61100006	0.013383
1526.61100006	0.677629
1528.55299997	1.138157
1532.00300002	1.103594
1533.58399987	0.045545
1534.61100006	1.502797
1536.62400007	0.043963
1538.61399984	1.432513
