0.0	0.071386
0.203999996185	1.047202
0.273000001907	1.060257
0.375000238419	0.047198
0.484999895096	0.100202
0.605000019073	1.094974
0.789000034332	1.652714
1.89800000191	1.652144
3.57400012016	0.149715
4.91400003433	0.955944
6.83100008965	0.572974
9.53999996185	1.775803
11.2960000038	1.151101
13.1059999466	1.208019
14.5729999542	0.992379
15.4300003052	1.058457
17.521999836	1.637649
19.5529999733	1.733349
21.5240001678	1.227642
23.5199999809	1.883045
25.5340001583	0.517363
27.5160000324	1.02928
29.5100002289	0.950582
31.5230002403	0.877804
33.5150001049	0.55788
35.5230002403	0.525078
37.5230002403	1.635313
39.9040000439	1.569776
41.5600001812	1.721124
43.513999939	1.345888
45.5100002289	1.358806
47.5260002613	0.963141
49.5270001888	1.645423
51.5270001888	0.555027
53.521999836	0.908476
55.5130000114	0.903399
57.5120000839	0.147729
59.5190000534	1.656688
61.5180001259	1.471679
63.5169999599	0.120226
65.5110001564	0.92937
93.9839999676	0.133327
99.6700003147	0.09547
100.148999929	0.347836
100.335000038	0.472233
100.513999939	0.671899
100.772000074	0.29783
100.929999828	0.583766
101.120000124	0.762789
101.404000044	0.205182
140.727000237	0.036312
142.270000219	0.118875
151.00600028	0.039998
153.359000206	0.014245
154.854000092	0.06838
163.428999901	0.140025
164.003000021	0.133711
164.413000107	0.25177
164.585000038	0.572689
164.823000193	0.467229
165.105999947	0.295374
165.509000063	0.312164
165.675000191	0.516274
166.097000122	0.115101
167.748000145	0.062245
169.580000162	0.334163
173.823000193	0.1636
176.649999857	0.551419
177.518000126	0.600068
178.657000065	0.393782
180.273000002	0.222888
183.483999968	0.224154
190.957000017	0.100067
191.832000017	0.221575
192.40899992	0.178807
193.249000072	0.282578
193.928999901	0.405158
197.648000002	0.046602
204.272000074	0.032106
207.00600028	0.058958
213.377000093	0.033179
214.318000317	0.109218
216.25999999	0.022001
219.753000021	0.049756
220.773000002	0.026355
222.036000013	0.025932
223.397000074	0.042636
227.229000092	0.051076
228.443000078	0.048998
229.821000099	0.047168
230.541000128	0.063553
231.556999922	0.035152
233.217999935	0.053768
234.371000051	0.063746
235.480000019	0.042145
236.748000145	0.043303
237.342000246	0.09459
239.195000172	0.047159
240.528000116	0.08225
241.937999964	0.101872
243.615000248	0.01582
244.661000013	0.090462
245.358000278	0.097274
246.58100009	0.085196
249.156000137	0.097523
253.453000069	0.097798
256.430000305	0.058223
257.44900012	0.072248
259.334000111	0.183828
261.441999912	0.071116
265.180999994	0.018589
268.08100009	0.010582
269.436000109	0.108575
270.971000195	0.073163
273.971000195	0.0762
274.592999935	0.132162
274.907999992	0.399492
275.032999992	0.596335
275.77699995	0.645723
277.776000023	0.606206
279.75999999	0.813533
281.772000074	1.374322
283.771000147	1.279174
285.773000002	1.609364
297.917000055	0.725154
298.015000105	0.897563
298.097000122	1.111111
298.252000093	1.053937
298.447000027	1.163543
298.891000032	1.474693
299.764000177	1.585874
301.76300025	1.140054
303.765000105	1.347426
305.773000002	2.156914
307.768000126	1.819776
314.767000198	0.029927
318.871000051	0.035633
319.513999939	0.110493
320.312999964	0.198235
321.524000168	0.198235
323.771000147	0.051379
327.531000137	0.061516
329.60800004	0.100289
331.989000082	0.119065
333.312999964	0.071232
333.903000116	0.07848
335.177999973	0.050115
336.504000187	0.140895
337.111999989	0.075241
338.627000093	0.035193
339.77699995	0.130248
341.902000189	0.071629
343.743999958	0.102027
345.764000177	0.081732
348.907000065	0.177035
351.282000065	0.166891
355.536999941	0.096099
357.0	0.137542
359.005000114	0.064266
360.33100009	0.145639
363.972000122	0.100259
365.743999958	0.061761
367.051000118	0.093432
368.612999916	0.122138
369.894000292	0.208775
372.269000053	0.111678
374.044000149	0.083333
376.832999945	0.045276
379.838000298	0.096206
382.684999943	0.14221
384.079000235	0.16473
386.678000212	0.188929
388.229000092	0.022461
389.718000174	0.066284
391.472000122	0.121852
393.464999914	0.060355
395.830000162	0.221035
398.052000046	0.098157
399.720999956	0.050835
401.559000254	0.084911
404.111999989	0.428863
405.184000015	0.157572
407.627000093	0.153428
410.09100008	0.102748
412.560000181	0.091788
415.200000048	0.057753
416.438000202	0.157831
416.681999922	0.169023
418.048000097	0.084615
421.369999886	0.075798
422.81799984	0.028188
426.139000177	0.084842
426.899000168	0.084078
428.100000143	0.114237
431.434000015	0.152077
433.086000204	0.018991
434.450000048	0.064779
435.593999863	0.088252
437.947000027	0.050138
441.340000153	0.041303
443.743000031	0.094899
445.300000191	0.086548
446.476999998	0.056733
447.735000134	0.072209
449.808000088	0.059515
451.09800005	0.082266
453.688999891	0.057098
457.193000078	0.153604
458.095999956	0.166973
459.195000172	0.09802
460.161000013	0.115915
462.999000072	0.155546
464.644000053	0.134768
468.343000174	0.112661
471.417999983	0.125907
473.804000139	0.085111
474.111999989	0.099561
474.975000143	0.084259
477.269000053	0.124234
480.625	0.1246
483.00600028	0.068325
487.296000004	0.072853
488.256000042	0.139474
489.203000069	0.087082
490.371999979	0.079786
494.42599988	0.093543
495.753999949	0.209166
496.343000174	0.091595
498.424999952	0.144733
499.830000162	0.10363
502.609999895	0.083619
506.272000074	0.00737
507.526000261	0.07402
509.446000099	0.096205
511.388000011	0.087373
515.148999929	0.05267
517.161999941	0.08087
518.779999971	0.038107
519.383000135	0.085453
521.728000164	0.140241
522.839000225	0.091905
523.904000044	0.16872
525.750000238	0.140482
527.931000233	0.040498
528.878000259	0.013841
532.32400012	0.1278
536.678000212	0.260378
537.713000059	0.110173
538.360000134	0.167072
541.340000153	0.135589
543.534000158	0.191585
543.884000063	0.260906
544.414000273	0.142305
547.555999994	0.169033
548.139000177	0.215088
550.601999998	0.064099
552.990000248	0.236639
555.069000006	0.194213
557.676000118	0.157559
560.521999836	0.15818
563.404999971	0.226592
565.825999975	0.159604
567.977999926	0.125866
570.180999994	0.132687
572.57799983	0.159221
575.310000181	0.166831
575.782000303	0.195127
577.470000267	0.199692
578.972000122	0.213195
581.326000214	0.271142
583.019000053	0.202971
585.175000191	0.141287
587.02300024	0.150011
590.497999907	0.107385
592.369999886	0.127891
594.072000027	0.226499
596.478000164	0.117127
598.164000034	0.049522
599.427999973	0.211965
601.148000002	0.248739
602.416000128	0.037519
604.404000044	0.151989
605.782000303	0.02866
609.328999996	0.054926
611.430000305	0.041795
612.433000088	0.243311
613.403000116	0.196361
617.531000137	0.343051
618.705999851	0.268296
620.228000164	0.261597
622.270000219	0.152507
625.369999886	0.069396
626.769999981	0.071521
627.670000315	0.082015
628.697999954	0.18019
631.140000105	0.09878
633.504000187	0.081135
636.42599988	0.14539
638.691000223	0.042258
639.881999969	0.139717
641.20600009	0.166953
643.128999949	0.117162
645.094000101	0.093904
646.600000143	0.476099
649.735000134	0.159478
652.111999989	0.112367
654.723999977	0.082472
657.743000031	0.234854
659.121999979	0.164759
660.705999851	0.144179
662.784000158	0.177367
665.980999947	0.092044
671.673000097	0.057523
673.379000187	0.048987
674.101000071	0.024199
675.820000172	0.031095
676.680000067	0.185243
677.383000135	0.129766
678.715000153	0.133088
679.286000252	0.127576
680.472000122	0.132012
683.080000162	0.09508
684.963000059	0.149207
687.180000067	0.064637
691.167999983	0.109787
693.753000021	0.060324
695.280999899	0.068343
697.549000025	0.099938
699.072999954	0.075637
700.943000078	0.024266
702.996999979	0.088648
704.663000107	0.132087
706.827000141	0.014091
710.61400032	0.177421
713.84800005	0.044379
714.585999966	0.118037
715.595000029	0.112144
716.213000059	0.147762
717.048000097	0.108484
718.609999895	0.115167
720.129999876	0.152976
723.712000132	0.171754
725.766000271	0.055007
727.351000071	0.201422
730.678000212	0.104749
731.835000038	0.103243
733.184000015	0.16868
736.02300024	0.102935
737.966000319	0.140181
739.712000132	0.254081
744.748000145	0.113913
749.921000004	0.043113
750.104000092	0.620251
750.279999971	0.474274
750.556999922	0.755371
750.89199996	0.04566
752.266000032	0.826816
754.269000053	0.408034
756.268000126	0.690378
758.264000177	1.242504
760.713000059	1.19255
762.268000126	1.147396
764.264000177	0.241759
766.25999999	0.038212
768.271000147	1.564895
770.279000044	0.595157
772.268000126	0.146704
774.260999918	2.097442
776.269000053	1.472799
778.272000074	1.608671
780.262000084	1.843252
782.257999897	0.120829
784.275000095	1.985622
786.270000219	1.497627
788.267000198	1.443101
791.734000206	1.516858
793.024000168	1.485112
794.502000093	0.811732
796.268000126	1.978967
798.268000126	1.957768
800.266000032	0.064553
802.268000126	1.119175
804.272000074	1.296108
806.267000198	1.419704
808.268000126	1.740803
810.272000074	0.426998
812.270000219	1.948233
815.61400032	0.544311
818.992000103	0.366055
821.171000242	1.378532
821.63800025	0.617478
822.845000029	0.833707
824.268000126	0.863037
826.273000002	1.32068
828.264000177	2.087931
830.273000002	1.639249
832.27699995	1.237229
834.266000032	1.384032
836.267000198	0.273998
838.267000198	0.743456
840.266000032	1.80553
842.271000147	2.029817
844.513000011	1.742457
846.272000074	0.116452
848.267000198	2.081531
850.267000198	0.016067
852.272000074	1.394551
854.26300025	1.425424
856.266000032	0.50254
858.264000177	1.589894
860.270000219	1.119007
862.264000177	1.014946
864.262000084	0.667945
866.267000198	1.728223
868.270000219	1.907454
870.528000116	0.082934
872.276000023	0.751971
874.617000103	1.78914
876.515000105	0.194025
878.279999971	1.784804
881.953000069	1.46154
882.88499999	1.555785
884.506000042	1.553604
886.300000191	1.697063
888.366000175	1.325499
890.513999939	1.889746
892.516000032	1.788406
894.513999939	1.48434
896.524000168	1.561714
898.520999908	1.308448
900.520999908	1.471077
902.537999868	1.945495
906.854000092	1.284393
907.334000111	0.019719
908.513999939	1.887165
916.746000051	0.966974
917.154000044	1.453861
917.57400012	2.061907
918.035000086	1.074727
918.715000153	2.105146
920.516000032	1.730078
922.513000011	0.89242
924.518000126	0.963277
926.519000053	0.016067
928.618000031	2.098537
930.575999975	0.37242
948.751000166	0.00814
949.659000158	0.054722
950.737999916	0.073848
952.052000046	0.027438
952.499000072	0.146213
952.867000103	0.316813
953.288000107	0.209877
954.147000074	0.095685
955.608999968	0.081712
956.34800005	0.202985
956.786000013	0.228689
957.431000233	0.107401
959.976000071	0.080732
962.98300004	0.055867
965.94900012	0.031224
968.204999924	0.159445
970.228000164	0.212624
975.384000063	0.071428
976.690000057	0.084939
977.854000092	0.09658
979.400000095	0.252588
979.576999903	0.473385
979.877000093	0.689148
981.026000023	1.174089
983.024000168	1.213899
985.016000032	1.83788
987.025000095	2.085826
989.007000208	2.007771
991.039000034	1.915355
993.016000032	2.109277
995.024000168	1.624596
997.022000313	1.039541
999.016000032	2.045773
1001.01999998	0.687796
1003.00800014	0.726662
1005.01699996	1.832124
1007.01200008	1.858009
1009.00999999	1.845378
1011.00900006	0.215625
1013.00999999	1.411639
1015.01999998	1.103632
1017.01400018	1.922794
1019.0150001	0.133494
1021.01699996	1.296394
1023.01900005	2.206852
1025.01999998	0.111659
1027.02099991	1.172121
1029.26600003	1.829179
1031.60400009	2.449207
1033.2670002	1.2904
1035.26200008	0.097143
1037.26600003	2.103416
1039.26300025	0.672575
1041.26400018	1.42357
1043.28600025	0.943254
1045.45300007	0.01099
1047.93300009	0.386994
1049.25600004	0.439901
1051.27100015	1.407573
1053.26099992	1.464845
1055.27200007	1.687822
1057.26200008	1.870033
1059.27000022	0.045589
1061.26200008	0.944865
1063.26900005	0.004065
1065.26300025	1.704869
1067.27100015	1.691825
1069.26300025	1.793851
1071.27000022	1.735569
1073.26300025	1.893798
1075.26800013	2.312267
1077.2750001	2.042475
1079.26600003	1.062047
1081.2650001	0.1826
1083.26800013	0.354188
1085.26200008	1.233715
1087.27200007	0.057486
1089.26800013	0.203066
1092.0250001	1.45464
1093.25300002	1.619504
1095.2670002	0.299166
1097.20300007	0.588636
1099.2670002	0.77737
1101.26800013	1.919862
1103.26200008	1.880577
1105.27100015	1.970881
1107.26200008	1.17379
1109.27100015	0.018372
1111.26400018	1.59064
1113.27100015	1.333724
1115.27399993	1.718171
1117.26600003	1.621372
1119.27000022	0.574139
1121.94000006	1.857277
1123.12999988	2.247976
1125.2670002	1.38618
1127.2579999	0.288314
1129.2650001	1.83417
1131.26800013	2.411713
1133.26099992	1.843127
1135.25999999	0.064524
1137.27000022	2.419159
1139.26600003	1.750231
1141.2650001	0.135348
1143.25699997	1.709939
1145.25900006	0.10144
1147.27200007	2.226308
1149.26099992	1.821126
1151.2249999	0.740122
1153.2809999	1.194633
1155.2579999	1.287085
1157.2650001	1.570237
1159.26200008	2.348896
1161.27399993	2.518202
1163.53200006	0.278466
1165.27399993	2.326984
1167.27600002	1.645151
1169.35800028	2.038143
1171.25600004	1.230867
1173.2750001	0.153108
1175.26900005	1.978488
1177.25999999	1.742859
1179.27000022	1.195378
1185.19800019	0.100726
1190.7650001	0.109375
1191.36000013	0.255124
1192.20600009	0.082515
1193.82000017	0.076392
1195.63000011	0.137067
1198.47399998	0.127667
1201.10700011	0.256157
1202.29299998	0.0377
1203.71800017	0.039694
1205.19400001	0.063094
1207.9059999	0.111451
1210.15500021	0.095772
1213.42700005	0.340534
1213.95500016	0.391815
1214.81200004	0.185327
1221.60800004	0.019314
1225.13700008	0.033449
1228.11199999	0.165394
1228.77999997	0.192504
1231.06100011	0.020352
1234.32600021	0.025337
1237.31299996	0.037967
1240.13600016	0.048726
1240.84500003	0.245457
1241.42400002	0.156482
1242.14499998	0.121396
1249.43600011	0.000419
1249.83200002	0.111701
1252.32400012	0.010438
1257.14700007	0.023805
1261.52099991	0.049219
1264.08200002	0.153031
1267.53500009	0.018796
1270.50700021	0.015388
1275.10500002	0.058331
1275.90700006	0.184227
1276.14899993	0.301614
1276.60100007	0.159497
1277.02600002	0.191905
1277.71300006	0.114891
1281.98700023	0.029409
1292.19500017	0.00289
1300.1170001	0.097029
1300.56200004	0.159818
1301.17700005	0.112802
1309.94900012	0.048118
1310.9920001	0.018521
1314.35900021	0.329719
1314.59700012	0.164132
1314.83200002	0.588161
1315.00400019	0.747366
1315.18400002	0.837727
1315.29200006	1.09383
1315.38599992	1.082856
1315.72300005	1.000101
1315.98399997	1.438538
1317.50800014	2.366588
1319.51000023	2.328368
1321.52400017	0.049371
1323.51399994	0.813804
1325.50500011	1.322826
1327.51300001	3.004115
1329.51300001	2.62672
1332.2579999	2.122175
1333.50800014	1.21938
1335.51399994	0.808435
1337.50900006	2.758799
1339.51999998	2.640776
1341.51399994	2.662744
1343.52900004	0.038062
1345.51999998	1.764636
1347.52999997	1.965442
1349.51200008	2.296169
1351.51600003	2.811252
1353.51900005	0.69744
1355.50600004	0.956883
1357.51600003	0.28441
1359.52099991	1.239922
1362.66599989	2.213761
1363.81799984	1.580858
1365.51999998	0.88734
1367.51000023	1.448036
1369.51399994	1.990717
1371.52199984	0.813301
1373.51800013	1.979549
1375.51399994	1.446468
1377.44499993	1.4236
1379.58599997	1.670416
1381.51399994	1.153086
1383.5150001	1.17269
1385.51399994	1.700418
1387.52199984	0.908864
1389.51600003	0.130844
1415.84000015	0.078374
1416.44700003	0.152547
1416.70900011	0.428037
1416.98200011	0.428037
1417.20600009	0.387409
1417.36800003	0.608143
1417.60800004	0.504167
1417.83699989	0.630277
1418.51999998	0.590169
1420.36999989	0.16957
1421.4000001	0.295995
1423.75800014	0.613323
1425.5710001	0.86248
1444.08400011	0.041758
1444.73600006	0.214207
1445.12400007	0.225715
1445.35000014	0.403895
1445.7110002	0.140274
1446.03699994	0.191865
1446.74600005	0.107959
1447.98700023	0.072213
1448.35500026	0.388752
1448.56400013	0.608094
1450.09500003	0.453306
1452.65500021	0.381187
1454.69799995	0.522466
1456.27000022	0.707117
1458.38000011	0.226684
1460.26400018	0.058291
1462.66400003	0.210748
1464.25900006	1.744199
1466.26400018	1.525195
1468.25400019	1.408687
1470.25999999	1.38115
1472.26200008	1.472807
1474.2670002	1.293429
1476.26800013	1.633964
1478.26900005	0.191116
1480.2650001	1.332103
1482.5539999	1.313304
1484.26099992	1.688451
1486.26099992	1.506431
1488.26400018	1.613611
1490.26099992	1.184006
1492.27000022	1.760897
1494.26600003	1.734805
1496.25699997	1.440521
1498.2579999	1.661661
1500.26400018	1.839783
1502.26099992	1.623958
1504.26400018	0.021876
1506.2670002	1.901842
1508.26400018	1.519426
1510.25999999	1.865718
1512.60400009	0.729808
1514.2750001	1.089948
1516.26600003	1.263026
1518.26800013	0.62259
1520.2579999	1.432244
1522.26900005	1.219955
1524.25600004	1.540234
1526.26200008	1.348457
1534.14599991	0.33648
1536.77999997	0.386584
1538.32500005	0.089789
1540.61199999	0.689295
1544.56600022	0.050511
1545.58400011	0.008394
1546.66799998	0.114213
1547.2019999	0.187251
1547.98600006	0.025484
1549.33299994	0.05166
1551.25	0.04124
1554.41600013	0.13827
1556.09599996	0.290117
1556.27999997	0.458883
1556.52999997	0.053588
1558.26200008	0.857717
1560.26200008	0.90943
1562.26400018	2.068965
1564.2579999	2.101289
1566.26800013	0.875354
1568.2579999	0.939893
1570.25999999	1.066355
1572.26200008	1.471169
1574.27000022	2.369572
1576.25999999	0.098694
1578.26300025	1.223519
1580.27100015	0.318102
1582.26099992	1.892054
1584.26600003	2.359728
1586.25400019	2.410902
1588.25900006	2.44052
1590.273	1.990717
1592.27000022	2.214805
1594.25900006	2.187279
1596.26800013	2.290959
1598.2650001	2.784769
1600.26200008	2.105039
1602.26300025	2.278637
1604.26600003	2.27614
1606.28500009	0.47833
1608.26099992	1.082166
1610.25999999	0.125876
1612.2670002	1.204333
1614.273	0.90294
1616.26900005	0.037873
1618.26300025	0.106331
1620.37199998	2.425314
1623.99500012	0.017688
1624.77999997	1.179078
1626.26900005	2.023381
1628.28600025	1.477579
1630.2650001	1.439816
1632.25600004	0.018146
1634.26800013	1.808547
1636.26800013	0.168222
1638.26099992	0.878729
1640.27600002	0.797109
1642.25400019	1.511882
1644.26300025	0.46229
1646.26800013	1.403666
1648.2670002	1.704702
1650.51600003	1.717246
1652.27100015	1.665313
1654.26600003	1.249748
1656.27600002	1.934884
1658.51200008	0.589029
1660.26600003	0.769507
1662.26600003	0.038116
1664.273	1.290354
1666.51000023	0.676698
1668.51900005	0.575212
1670.51900005	0.050832
1672.51000023	1.582412
1674.35800028	1.699534
1676.51900005	1.607118
1678.5150001	1.495731
1680.50800014	0.011927
1682.51699996	1.583536
1684.51900005	0.921119
1686.51000023	1.793913
1688.51800013	2.043886
1690.70200014	0.420995
1694.17200017	0.087416
1694.97100019	0.711014
1696.51900005	1.393341
1698.37100005	0.725683
1700.51399994	0.152823
1702.5150001	0.269298
1704.50500011	1.495135
1706.51200008	1.816179
1708.51900005	0.57809
1710.51300001	1.112572
1712.50400019	1.479027
1714.51800013	1.971882
1716.50800014	1.644586
1718.52300024	1.7226
1720.50400019	1.908624
1722.90100002	0.688646
1724.54100013	0.729847
1726.51000023	1.774908
1728.50900006	1.679601
1730.35399985	0.497857
1732.50500011	0.045952
1734.51100016	1.669295
1736.51600003	1.771151
1738.51600003	1.22893
1740.50200009	1.792762
1742.51399994	1.774044
1744.50800014	1.078517
1746.36100006	1.497435
1748.51100016	0.196205
1750.51999998	1.944155
1752.51000023	1.674974
1754.51600003	1.544109
1756.50500011	1.313236
1758.51000023	1.617916
1760.50600004	1.45417
1762.50600004	0.08919
1765.4460001	0.295287
1769.79100013	1.248447
1770.68899989	1.545959
1771.2650001	1.033596
1772.50800014	1.903548
1774.5150001	1.696842
1776.648	1.90703
1778.73000002	1.729959
1780.50500011	0.867312
1782.51000023	0.003356
1784.51999998	0.028224
1786.51600003	0.703282
1788.50400019	1.688313
1790.52700019	0.376964
1792.5630002	0.539585
1794.50400019	0.94483
1796.5150001	1.884808
1798.83000016	0.987129
1800.64999986	0.63015
1802.68199992	0.844044
1804.4230001	1.593108
1806.5250001	1.441908
1808.51000023	1.668593
1810.51399994	0.087616
1814.33699989	0.725126
1815.86000013	1.487173
1817.32000017	1.557765
1818.92600012	1.501353
1820.51000023	0.686385
1822.51800013	1.428216
1824.51600003	0.116854
1826.50500011	1.478955
1828.51800013	0.928276
1830.67700005	0.964946
1833.12999988	0.129423
1835.46300006	1.746148
1837.4150002	1.945489
1839.0	0.482564
1840.72700024	1.132016
1844.954	0.499191
1864.44099998	0.019548
1864.93100023	0.197887
1865.14899993	0.465467
1865.30700016	0.468555
1865.53999996	0.306601
1865.94000006	0.410606
1866.18200016	0.559303
1866.54700017	0.452804
1868.148	0.043165
1871.60000014	0.199741
1872.5710001	0.151376
1873.74900007	0.187439
1875.95500016	0.262961
1877.24700022	0.100801
1879.07900023	0.173077
1881.48800015	0.344038
1884.50400019	0.26957
1886.83200002	0.185409
1888.63199997	0.15763
1891.49900007	0.222681
1892.57200003	0.230654
1894.5539999	0.231452
1896.18200016	0.11843
1898.57799983	0.155172
1901.28600025	0.205607
1902.18400002	0.25921
1903.13900018	0.349007
1904.898	0.256681
1909.44800019	0.127946
1911.59399986	0.362047
1912.60100007	0.202489
1914.0150001	0.165549
1917.73200011	0.242645
1919.28300023	0.193447
1920.12999988	0.551533
1921.2019999	0.323725
1923.48199987	0.137464
1926.95500016	0.019015
1933.34599996	0.040991
1934.51800013	0.070516
1935.96399999	0.105816
1937.42000008	0.080636
1938.06800008	0.108028
1938.73300004	0.062754
1939.23900008	0.186053
1941.12199998	0.041484
1942.93900013	0.108861
1945.4230001	0.09627
1947.33400011	0.075563
1949.10400009	0.062408
1950.83500004	0.089081
1953.68899989	0.109896
1956.0860002	0.144178
1959.7809999	0.014578
1962.43100023	0.081406
1963.6329999	0.097019
1965.4000001	0.117924
1966.16899991	0.130276
1967.31500006	0.030429
1969.28900003	0.150888
1970.37100005	0.122439
1973.76099992	0.021664
1974.94099998	0.132859
1978.76199985	0.053663
1980.06500006	0.090977
1980.92400002	0.084632
1983.6170001	0.1119
1984.26800013	0.27737
1985.24800014	0.136828
1987.66799998	0.279824
1989.25300002	0.180957
1991.30400014	0.119678
1995.99500012	0.189061
1997.99600005	0.11302
1999.50600004	0.377528
2001.3670001	0.222882
2004.54400015	0.128333
2006.03900003	0.240394
2011.06400013	0.11346
2012.80600023	0.311145
2013.21500015	0.652004
2013.89600015	0.550407
2014.69400024	0.618545
2016.51000023	0.151723
2017.80600023	0.21926
2021.47399998	0.082267
2025.204	0.117239
2026.92600012	0.127165
2028.45900011	0.051175
2030.49000001	0.115078
2031.40100002	0.122107
2032.64199996	0.224723
2034.06400013	0.486794
2036.47399998	0.351044
2038.296	0.112147
2040.62200022	0.17976
2042.82700014	0.211471
2045.12000012	0.282566
2048.35000014	0.125625
2049.28400016	0.597694
2049.92799997	0.175073
2051.45100021	0.081553
2053.71000028	0.263744
2056.47900009	0.038652
2059.96300006	0.118
2063.21799994	0.223688
2063.67500019	0.44814
2064.28700018	0.267387
2066.57599998	0.051222
2067.51000023	1.024349
2069.50700021	1.528829
2071.51800013	0.896072
2073.50500011	1.717924
2075.50800014	0.346313
2077.43200016	0.047212
2079.51200008	0.809289
2081.51100016	0.809289
2083.64100003	1.351327
2085.51300001	1.123862
2087.51999998	1.093769
2089.50800014	1.23562
2091.50500011	0.697372
2093.51999998	1.993101
2095.50400019	1.026634
2097.53400016	0.769573
2099.5150001	0.869024
2101.35900021	1.008682
2103.50900006	0.875877
2105.50900006	0.322896
2107.50800014	1.199548
2109.50400019	1.422724
2111.50800014	1.425731
2113.50900006	0.517784
2115.50600004	0.692839
2117.50900006	1.507749
2119.50600004	0.514466
2121.50300002	1.587113
2123.51000023	1.762955
2125.40199995	0.799487
2127.50800014	0.393242
2129.55500007	0.131409
2134.56200004	0.258112
2136.80999994	0.516752
2138.34200025	1.19619
2138.78800011	1.993565
2139.50600004	1.419203
2141.50300002	0.681835
2143.50700021	1.023767
2146.37299991	0.745366
2147.43700004	0.991282
2149.50400019	1.685691
2151.50700021	1.728219
2162.14599991	0.133662
2162.70200014	0.187332
2162.96499991	0.395939
2166.2650001	0.291339
2167.74399996	0.45483
2168.89199996	0.111053
2169.67900014	0.228774
2170.25100017	0.469941
2171.01699996	0.084914
2175.96600032	0.036058
2176.77600002	0.149937
2177.23800015	0.800674
2178.37700009	0.092016
2181.352	0.129828
2183.01300001	0.037472
2184.25600004	0.309163
2185.50800014	0.449315
2187.51000023	0.830017
2189.51000023	1.646328
2191.51000023	1.669857
2193.51300001	2.504324
2195.50900006	2.188821
2197.51699996	2.338658
2199.5150001	0.339432
2201.50900006	1.707143
2203.51300001	2.312819
2207.18000007	0.015564
2208.05900025	2.273752
2209.50500011	2.342321
2211.51200008	1.933986
2213.51399994	2.081773
2215.5250001	2.015646
2217.51000023	2.035895
2219.50900006	2.025532
2221.50600004	1.035583
2223.50600004	1.896037
2225.50800014	1.980336
2227.51600003	1.814791
2229.50700021	2.242054
2231.5150001	1.896499
2234.28500009	0.026943
2236.04200006	0.041921
2237.88199997	0.147932
2239.80900002	0.04105
2241.50800014	0.632719
2243.50800014	0.274557
2245.50600004	1.711606
2247.5150001	1.662728
2249.51300001	0.103663
2251.50500011	0.069644
2253.51300001	0.115212
2255.75500011	1.799738
2257.75600004	1.990166
2259.50800014	0.565589
2261.51800013	1.725941
2265.5539999	0.237729
2276.27999997	0.24331
2276.57200003	0.640119
2277.40499997	0.169623
2278.60600019	0.115336
2278.99000025	0.292976
2283.91300011	0.129077
2284.29900002	0.20351
2285.29299998	0.078874
2285.6099999	0.208953
2286.51000023	0.006103
2288.10300016	0.223769
2290.87000012	0.063442
2295.23200011	0.063325
2296.29299998	0.052517
2297.0480001	0.255509
2297.88600016	0.036619
2298.1730001	0.241438
2299.7750001	0.207822
2301.76199985	0.418197
2303.75399995	0.685528
2305.87199998	0.864886
2307.84100008	0.321528
2311.79699993	0.177033
2314.81799984	0.647365
2315.31699991	1.217059
2315.67100024	1.944025
2317.80600023	0.846376
2320.11800027	0.034516
2321.84899998	0.774708
2323.76400018	0.600444
2325.75800014	1.900113
2327.76199985	0.308752
2329.75600004	0.094957
2331.76800013	1.139172
2333.76099992	0.569379
2335.75600004	1.72594
2337.75699997	0.032451
2339.7650001	2.20189
2342.01999998	1.254133
2344.28500009	0.095549
2345.79500008	1.92003
2347.76199985	1.390151
2349.79299998	0.104303
2356.65100002	0.299036
2360.20099998	0.132285
2366.9289999	0.040526
2368.22700024	0.038197
2369.01600003	0.159623
2370.18599987	0.117954
2370.46499991	0.400567
2370.84700012	0.183312
2372.29699993	0.023312
2374.31399989	0.013169
2374.55500007	0.290006
2374.9920001	0.053429
2377.90799999	0.064232
2379.58899999	0.165406
2380.16000009	0.284687
2381.75600004	0.779544
2383.76300025	0.162941
2385.75699997	0.042345
2387.75999999	0.087125
2389.75300002	0.103065
2393.19500017	0.190303
2397.11199999	0.520406
2397.83000016	1.037845
2398.72700024	0.217845
2399.79900002	0.088415
2401.75200009	0.632376
2403.75999999	0.0451
2405.75500011	0.005313
2407.75800014	0.042108
2409.75800014	0.760643
2412.18300009	0.574445
2414.13500023	1.709864
2416.42799997	1.471975
2417.97100019	1.602986
2419.75399995	1.703798
2421.69500017	0.078087
2423.75100017	0.489536
2425.76199985	0.590853
2427.75800014	1.33556
2429.76099992	1.887944
2431.76300025	1.642196
2433.76099992	1.537306
2435.75600004	1.246036
2437.76400018	1.793162
2439.69200015	1.489748
2441.87500024	1.242459
2443.84899998	1.163979
2445.75800014	1.460942
2447.75900006	0.740899
2449.7670002	1.55994
2451.76800013	1.64279
2453.75300002	0.22683
2455.75500011	1.1628
2457.75699997	1.094992
2459.77999997	0.376738
2461.75699997	1.21311
2463.76300025	1.583084
2466.1500001	0.695355
2481.96300006	0.513722
2482.24700022	0.645641
2482.34200025	0.650425
2482.51399994	0.673245
2482.75200009	0.686038
2483.22599983	0.555653
2484.02900004	0.497645
2485.28999996	0.724125
2486.18599987	0.70291
2488.23900008	0.48907
2489.65400028	0.009319
2497.954	0.000912
2498.74399996	0.333981
2501.11000013	0.045997
2501.59700012	0.668917
2502.12000012	0.690653
2510.92499995	0.075888
2512.67800021	0.04421
2513.36500001	0.096434
2514.1190002	0.185498
2514.58800006	0.255845
2514.87600017	0.645607
2515.05200005	0.681217
2515.19900012	0.789849
2517.2579999	1.171393
2519.25900006	1.461653
2521.27000022	0.230109
2525.43100023	0.055981
2537.85100007	0.093989
2539.43700004	0.00849
2540.05299997	0.080972
2540.40199995	0.137232
2540.60600019	0.334147
2540.96800017	0.132805
2541.55100012	0.098841
2541.77200007	0.97201
2542.50500011	0.460758
2543.27200007	1.321928
2545.25500011	0.10077
2547.27000022	1.784394
2549.10500002	1.390056
2551.25400019	1.415677
2553.25900006	1.512116
2555.25400019	1.565933
2557.25400019	0.03763
2559.25200009	1.189193
2561.25500011	1.477502
2563.26400018	1.344069
2565.25999999	1.283192
2567.25600004	1.222289
2569.2579999	1.085963
2571.26200008	1.204168
2573.11800027	1.352259
2575.26600003	1.181516
2577.38800001	0.411853
2579.64999986	1.192691
2581.42400002	1.173257
2583.26400018	1.109712
2585.25699997	0.076953
2587.25600004	1.035436
2589.79200006	0.783783
2591.40999985	1.273996
2593.71500015	1.290415
2596.62800002	1.077294
2598.18700004	0.604369
2599.46200013	1.359458
2601.83100009	1.076772
2604.04999995	0.926568
2606.36500001	0.88399
2609.16600013	1.425458
2611.02400017	1.4001
2611.85600019	1.166484
2613.69799995	1.207496
2615.25200009	1.091124
2617.25200009	1.25946
2619.25999999	0.976325
2621.3440001	0.400253
2653.98399997	0.021892
2654.6329999	0.130088
2655.273	0.148817
2656.28200006	0.002647
2665.3670001	0.000252
2668.07200003	0.04715
2669.49799991	0.153679
2670.01600003	0.378581
2670.27600002	0.401699
2670.45100021	0.420165
2670.64999986	0.44527
2670.77400017	0.444579
2671.06400013	0.043238
2673.37199998	0.001268
2674.93200016	0.07667
2677.03800011	0.011424
2679.30000019	0.037201
2680.44000006	0.167263
2680.97900009	0.193414
2682.29100013	0.172175
2683.97600007	0.158146
2686.6400001	0.081962
2688.75000024	0.107869
2690.14599991	0.123973
2691.55599999	0.660806
2693.50900006	0.999026
2695.50200009	1.142725
2697.50900006	0.024349
2699.51399994	0.164822
2701.51100016	1.615714
2703.50500011	0.409514
2705.50600004	0.66784
2707.50099993	1.770625
2709.50700021	1.824563
2711.50099993	1.684504
2713.50400019	1.423828
2715.51699996	0.440354
2717.51100016	1.703363
2719.50900006	0.117008
2721.50300002	0.150057
2723.50400019	1.43835
2725.50700021	1.279883
2727.50600004	0.648493
2729.51200008	0.727321
2731.51399994	1.341319
2736.75999999	1.236747
2737.66599989	0.021683
2738.47600007	1.283984
2739.50500011	1.012216
2741.51300001	0.64293
2743.52300024	0.786685
2745.51000023	0.018154
2747.51000023	1.349527
2749.50500011	1.232764
2751.51399994	1.506252
2753.50600004	0.436295
2755.50300002	1.507618
2757.51000023	1.326039
2759.51999998	0.988108
2761.50500011	1.557863
2764.45400023	1.24543
2765.71200013	1.56611
2767.50600004	1.248073
2769.50600004	0.926557
2771.50700021	1.401643
2773.51300001	1.385034
2775.50400019	1.172048
2777.5	1.204563
2779.51200008	1.065679
2781.51399994	1.17825
2783.51000023	1.106224
2785.51000023	0.822627
2787.51000023	1.10596
2789.50500011	1.307122
2791.5150001	1.300234
2793.50400019	1.16115
2795.51999998	1.294044
2797.50600004	1.130458
2799.70200014	0.64001
2801.9230001	1.015942
2804.08200002	0.77423
2805.50200009	0.964647
2807.50900006	1.286923
2809.50200009	0.692587
2811.51100016	0.761247
2813.73100019	1.052025
2815.84500003	1.135792
2817.50600004	1.29429
2819.79299998	1.179314
2821.99399996	1.123883
2823.74300003	1.298665
2826.4000001	0.862333
2827.51000023	0.862333
2831.28900003	0.492987
2837.204	0.275668
2838.64700007	0.184128
2840.23100019	0.779684
2841.10700011	1.027505
2842.04400015	0.549265
2843.41400027	0.95424
2845.01200008	0.905257
2846.65799999	1.126938
2848.03999996	1.048342
2849.4849999	1.160052
2852.94400001	1.015738
2855.0940001	1.51201
2856.76400018	0.964489
2857.53999996	1.235216
2859.51300001	0.934595
2861.50700021	0.072734
2864.08200002	1.54838
2865.51300001	1.131169
2867.50300002	1.234283
2869.50200009	0.535862
2871.50600004	1.65823
2873.51000023	0.845593
2875.5150001	0.342438
2877.50400019	0.03824
2879.50700021	0.853352
2881.51100016	0.029211
2883.50800014	0.537974
2885.51100016	1.261418
2887.51100016	0.042737
2889.50800014	1.384942
2891.51100016	1.042622
2893.91200018	0.710731
2895.82700014	0.135511
2897.78500009	0.614536
2900.16799998	0.241756
2904.51200008	0.082919
2906.99000025	0.105282
2908.58700013	0.213641
2910.69400024	0.216536
2911.4940002	0.08711
2912.33200002	1.327166
2913.51300001	0.005019
2915.76999998	0.822567
2917.75399995	0.823985
2919.60100007	1.322151
2921.75999999	0.111971
2923.75500011	1.318752
2925.75800014	1.625352
2927.75500011	1.454271
2929.73400021	1.455077
2931.69300008	1.534385
2933.54700017	0.078338
2936.13800001	0.711928
2939.34200025	0.400493
2941.71300006	1.525377
2943.27800012	0.280149
2944.7980001	1.427253
2946.42799997	0.040937
2948.6170001	0.900701
2950.23300004	0.936591
2951.75500011	0.772478
2954.16300011	1.060448
2956.79699993	0.808904
2959.58500004	1.124184
2961.28400016	1.09389
2962.7820003	1.026514
2964.7110002	1.037013
2965.96000004	0.59064
2967.60700011	1.138053
2969.57200003	0.337442
2971.75300002	0.07461
2973.69300008	1.254793
2975.9059999	0.281628
2978.29699993	1.215228
2980.21000004	0.172797
2981.75200009	1.15224
2983.76400018	0.397908
2985.75300002	0.18624
2991.71700001	1.181414
3001.30800009	0.179493
3001.46300006	0.60785
3001.704	0.317984
3002.64899993	0.026482
3005.34300017	0.073477
3005.63800025	0.321837
3005.83000016	0.384934
3006.32700014	0.004237
3007.02800012	0.045762
3007.61100006	0.72334
3009.75000024	0.936741
3014.07200003	0.033021
3019.546	0.389474
3019.68000007	0.435061
3020.4000001	0.290308
3034.08500004	0.031583
3035.40899992	0.196754
3035.92400002	0.073729
3036.07599998	0.293999
3036.24300003	0.503597
3036.37900019	0.555406
3036.48800015	0.658904
3037.61400032	0.05233
3038.90700006	0.063481
3040.65799999	0.149013
3043.36999989	0.132984
3043.77400017	0.948394
3044.50600004	0.656555
3046.51100016	0.634336
3048.50800014	0.741793
3050.50500011	0.669473
3053.28600025	1.042881
3054.51200008	1.124023
3056.50400019	0.339345
3058.51200008	1.188909
3060.50300002	1.503422
3062.50800014	1.603662
3064.51100016	1.581075
3066.5	1.818818
3068.52700019	1.904065
3070.51200008	1.979964
3072.5	1.721556
3074.50900006	1.427397
3076.50099993	1.927312
3078.50800014	1.396375
3080.50200009	0.814089
3082.52600026	1.207985
3084.50300002	1.370513
3086.73200011	1.368876
3088.89199996	0.558513
3090.52199984	1.358478
3092.50200009	0.765556
3094.51100016	1.462287
3096.50600004	1.868557
3098.5	1.32201
3100.51000023	1.359675
3102.36300015	1.479688
3104.50600004	1.119821
3106.51000023	1.569672
3108.50600004	1.291407
3110.51800013	0.107923
3112.54200029	1.394568
3114.51100016	1.533061
3116.5	1.612193
3118.50099993	1.498375
3120.51100016	1.902116
3122.50500011	1.561054
3124.50500011	1.277668
3126.5	0.806783
3128.50500011	1.577231
3130.51300001	1.118888
3132.50600004	1.717119
3134.50200009	1.286179
3136.5	1.504703
3138.50300002	1.685186
3140.50300002	0.908711
3142.5	1.455783
3144.50600004	1.500807
3146.49799991	1.797737
3148.49799991	0.846611
3150.49799991	1.660718
3152.50300002	1.448543
3154.51000023	0.986476
3156.50600004	0.036724
3158.51200008	1.567943
3160.51000023	1.400828
3162.50300002	1.445181
3164.52099991	0.458189
3170.46700025	0.04594
3174.33599997	0.009763
3180.05799985	0.105611
3181.05400014	0.034373
3181.35100007	0.229421
3181.62000012	0.435383
3182.25999999	0.323854
3184.36100006	0.073139
3187.05100012	0.058181
3188.93200016	0.380902
3189.11299992	0.203575
3189.40799999	0.830764
3190.51000023	0.019573
3194.35500026	0.02909
3196.89400029	0.204613
3199.26600003	0.225143
3201.58000016	0.104601
3205.6400001	0.133736
3206.13600016	0.255856
3206.86200023	0.175494
3209.82400012	0.03853
3210.1420002	0.526817
3210.50200009	0.359936
3212.49600005	0.932596
3214.50200009	0.865549
3216.49799991	0.071023
3218.50700021	0.825993
3220.51100016	0.015228
3222.51000023	0.705469
3224.50700021	1.145605
3226.50700021	0.375933
3228.92400002	0.753335
3232.4289999	0.08342
3235.1190002	1.062382
3237.2750001	0.878909
3239.79200006	1.271201
3241.8380003	1.639747
3244.82400012	1.112571
3246.34100008	1.097454
3249.46499991	0.697991
3253.43600011	0.53525
3254.8440001	0.603297
3255.88000011	0.652659
3258.12000012	0.612646
3260.03600001	0.812128
3262.73000002	0.649776
3264.70800018	0.904392
3265.72199988	0.709912
3266.81799984	0.745991
3269.09100008	0.001521
3270.56200004	0.034586
3271.66799998	0.054142
3272.72900009	0.911427
3273.7420001	0.533556
3275.18599987	0.235192
3276.50800014	0.615178
3278.50500011	0.735206
3280.50600004	0.884333
3282.50600004	0.129174
3284.50800014	0.901549
3286.51399994	0.896246
3288.75999999	0.689004
3290.82500005	0.488336
3293.90700006	0.31706
3296.08700013	0.580209
3298.35700011	0.585279
3301.30900002	0.051796
3303.53999996	0.470088
3305.47500014	0.450006
3306.74300003	0.868554
3307.51200008	1.172832
3308.74800014	1.146915
3310.75100017	0.302709
3312.75399995	0.888456
3314.74800014	0.715005
3316.75399995	0.496031
3318.92199993	0.349457
3321.01400018	0.387454
3322.92000008	0.499685
3324.62200022	0.653213
3326.75600004	0.295108
3329.05200005	0.425428
3335.00800014	0.355557
3336.39700007	0.163768
3338.28800011	0.375606
3341.59100008	0.145156
3344.26099992	0.141868
3345.70700026	0.135637
3347.98200011	0.116484
3349.49600005	0.073173
3350.47399998	0.0705
3351.47900009	0.659369
3352.34700012	0.182022
3352.94599986	0.831155
3354.75399995	0.720662
3356.74600005	1.020375
3358.75999999	0.930574
3360.75699997	0.532096
3362.75000024	0.651919
3364.76900005	1.3221
3366.75100017	1.618409
3368.75600004	0.872477
3370.76600027	0.415656
3372.75900006	1.400582
3374.75900006	1.907529
3376.75999999	0.097406
3378.75000024	0.892818
3380.75200009	1.65729
3382.75500011	0.717791
3384.75000024	0.765823
3386.75999999	1.63152
3388.75200009	0.028626
3390.75000024	1.699611
3392.75100017	1.401466
3394.76099992	1.488341
3396.75800014	1.650009
3398.75999999	0.017306
3400.75000024	0.389091
3402.75699997	0.503969
3404.75300002	0.607262
3406.75200009	0.034843
3408.77999997	0.571978
3411.33200002	0.440829
3416.79299998	0.010224
3418.06100011	0.672136
3420.57299995	0.990327
3421.148	0.059855
3421.77600002	1.392989
3422.77200007	1.017295
3424.76099992	1.009574
3426.76300025	1.657808
3428.67500019	1.06402
3430.75300002	1.367543
3432.75500011	1.444621
3434.75100017	1.334599
3436.75600004	1.946372
3439.91000009	0.001168
3440.75399995	0.547814
3442.75900006	0.628723
3444.75600004	0.117325
3446.75800014	0.292675
3448.75300002	1.072786
3450.75999999	1.74757
3452.75999999	1.654795
3454.75699997	0.17652
3456.76400018	0.174328
3458.75200009	0.678228
3460.74900007	0.763702
3462.75600004	1.281435
3464.75699997	0.167186
3466.75200009	1.502701
3468.76400018	1.628047
3470.75000024	1.398524
3472.75900006	1.581652
3474.75699997	1.801833
3476.74800014	0.419755
3478.75200009	1.710696
3480.74600005	1.492598
3482.75900006	1.614616
3484.75900006	0.859385
3486.95300007	1.553683
3488.74900007	0.336986
3490.76199985	0.593107
3492.74800014	0.027307
3494.75600004	0.363953
3497.04900002	1.189511
3498.75200009	0.186034
3500.76300025	0.086059
3502.75699997	0.044234
3504.74800014	0.362732
3506.75800014	0.294821
3508.75200009	1.269774
3510.75699997	1.599018
3512.75800014	0.961905
3514.75699997	0.591701
3516.78600001	0.044178
3518.76099992	1.913363
3520.75399995	1.627683
3522.75200009	1.788627
3524.75999999	1.674729
3526.75500011	1.365642
3528.75800014	1.671675
3530.76199985	1.587888
3533.00999999	1.587888
3535.00400019	1.348729
3537.00800014	0.194987
3539.00400019	0.422493
3540.87000012	1.014801
3543.00300002	1.549445
3544.99800014	1.538951
3547.00400019	0.239822
3549.00700021	0.529532
3551.00700021	0.087197
3552.99900007	0.800276
3555.00700021	0.012714
3557.85600019	0.029646
3559.95500016	0.074423
3561.42499995	1.469148
3563.47300005	0.08047
3565.09800005	1.444878
3567.00900006	1.175258
3569.00600028	1.490794
3571.00400019	0.031356
3573.01200008	0.09823
3575.00500011	1.479652
3577.00600028	1.738934
3579.00700021	0.025043
3581.0	0.085006
3583.00099993	1.57445
3585.00400019	0.636165
3586.99800014	0.791542
3589.00400019	1.036447
3591.00500011	1.509706
3593.00300002	0.790831
3595.01400018	0.803174
3597.03500009	1.332758
3599.00900006	1.809912
3600.99800014	1.495883
3603.00600028	1.653334
3604.99600005	1.574973
3607.00099993	1.289655
3609.01200008	0.169683
3611.00300002	1.433927
3613.00199986	1.630829
3615.00199986	0.940029
3617.00800014	0.018089
3619.00099993	0.170272
3621.02200031	0.21043
3623.00400019	0.238121
3625.00099993	0.005156
3627.00999999	0.12554
3629.01699996	0.08922
3631.01400018	0.205292
3633.12199998	0.430112
3635.00999999	0.559547
3637.00099993	1.673692
3638.99900007	1.392327
3641.00999999	1.556698
3642.99900007	1.729578
3645.0	0.476781
3646.99800014	1.436004
3648.99800014	1.500671
3651.00600028	1.406072
3652.99900007	1.853748
3654.99699998	1.537752
3657.00300002	1.785386
3659.00800014	1.747504
3660.99800014	1.708883
3663.00099993	2.026661
3664.99900007	1.635777
3667.00199986	0.787005
3668.94900012	1.284673
3671.00400019	1.804697
3673.00300002	1.463496
3674.99800014	1.684573
3677.00300002	0.021545
3679.00199986	1.58192
3681.00700021	1.791024
3682.99800014	1.289245
3684.99900007	0.783967
3687.00600028	1.659639
3689.00400019	1.806942
3691.00999999	1.162226
3693.00199986	1.946813
3695.00800014	1.141532
3697.00999999	1.946358
3698.95000029	0.290026
3701.00099993	0.965175
3703.00800014	0.936497
3705.0	0.775031
3707.00600028	0.888682
3708.99600005	0.890019
3711.00500011	0.693332
3713.00600028	0.835741
3715.00199986	0.865374
3716.99699998	0.969188
3718.99600005	0.956328
3721.00500011	0.776966
3722.99800014	0.828678
3724.99800014	0.845231
3726.99699998	1.065337
3729.0	0.951394
3732.00199986	0.821545
3735.65799999	0.805396
3742.40400004	0.021854
3749.81100011	0.080086
3751.7670002	0.002072
3752.33599997	0.387936
3752.53799987	0.634386
3752.68300009	0.682278
3752.94099998	0.95909
3753.53400016	0.580314
3754.25900006	1.012763
3754.88300014	0.82535
3755.71500015	0.40591
3757.00099993	1.033634
3760.40300012	0.193307
3790.45200014	1.172882
3790.55900025	1.009341
3790.648	1.294872
3790.75699997	1.372386
3790.92000008	0.04002
3791.0250001	1.127569
3791.14100003	1.286015
3791.38400006	0.525999
3792.75900006	0.710756
3794.75399995	0.246132
3796.75200009	1.138788
3798.74900007	1.156646
3800.75999999	1.05557
3802.75600004	1.052416
3804.74900007	1.825319
3806.75999999	1.35309
3808.74700022	1.594927
3810.74399996	0.490051
3812.74700022	1.478957
3814.75200009	0.91551
3816.75300002	1.790259
3818.74700022	0.088121
3820.74900007	0.090212
3822.75600004	0.285543
3824.76099992	1.550135
3827.13600016	1.092461
3830.25100017	0.070928
3831.61299992	1.309492
3832.83699989	0.086532
3834.7650001	0.143665
3837.01100016	0.040588
3839.00900006	0.277693
3841.00099993	0.093854
3843.00099993	1.333425
3845.01200008	1.443757
3847.00400019	0.056814
3848.99800014	0.183547
3851.00700021	1.169937
3853.20900011	1.061849
3856.67600012	0.202567
3861.32700014	0.517212
3863.30900002	0.681666
3863.66499996	1.079603
3864.17600012	1.53007
3864.99800014	1.078943
3867.00500011	1.190783
3869.00199986	1.394786
3871.16799998	1.27071
3873.08300018	0.800846
3875.00400019	1.14688
3876.84600019	1.267959
3878.99399996	0.772594
3880.99900007	0.089766
3883.29400015	0.890125
3886.03500009	0.823582
3888.50200009	1.46655
3890.41600013	0.194726
3890.99500012	0.29586
3892.99600005	1.224098
3895.00300002	0.983578
3897.40899992	1.298932
3899.49600005	0.705592
3901.19100022	1.416639
3903.00600028	1.039711
3905.00500011	1.190774
3907.00400019	1.326772
3909.00800014	1.257524
3911.00500011	1.458905
3912.99900007	1.251875
3915.00600028	1.285643
3916.99800014	0.028578
3919.00999999	0.091885
3921.00500011	1.431673
3922.99699998	1.285279
3924.99800014	0.372981
3926.94000006	0.464081
3929.00199986	1.480385
3930.99800014	1.307555
3933.00700021	1.307555
3935.00900006	1.369883
3937.00400019	1.502465
3938.99699998	1.472021
3941.00300002	0.004017
3942.99900007	0.003723
3945.03999996	0.004993
3947.02900004	0.040461
3949.0	0.098786
3951.01100016	0.224108
3953.0	0.224108
3955.00400019	1.228674
3956.99399996	1.685439
3958.99699998	1.696104
3961.94700003	0.67111
3964.2650001	0.516275
3966.43000031	1.212949
3968.40400004	0.294884
3969.68499994	0.633934
3971.00500011	0.035092
3973.829	1.415831
3975.56600022	0.612962
3977.00900006	0.132747
3979.00900006	0.245963
3981.0	0.101459
3983.15100002	0.784885
3984.99900007	0.414119
3986.99900007	1.425085
3988.99800014	0.24268
3990.99900007	1.572356
3992.921	1.721359
3995.00500011	0.528903
3997.00600028	0.091267
3998.99600005	1.624277
4001.00300002	1.028304
4002.99600005	1.213649
4004.99500012	0.046306
4007.00800014	0.89689
4009.00300002	1.511797
4011.01600003	0.609238
4012.99900007	0.289466
4015.02700019	0.621561
4016.99399996	0.162479
4019.00099993	1.249891
4020.99800014	1.178784
4023.0	1.303801
4024.99900007	1.201956
4027.00600028	1.4553
4029.00999999	1.394198
4031.0	1.503351
4032.99699998	1.36274
4034.99699998	1.126573
4036.99399996	1.839782
4038.9920001	2.086418
4041.00099993	1.90335
4043.00400019	1.398345
4045.00900006	1.356061
4046.9920001	1.470538
4049.00099993	0.66099
4051.0	1.777275
4053.00800014	1.481377
4055.00199986	0.167342
4057.00199986	0.396645
4058.99699998	1.474179
4061.00700021	1.634555
4062.99900007	1.81654
4065.00999999	2.044115
4067.00099993	0.551529
4068.99600005	1.443652
4071.00900006	1.559748
4073.00700021	0.318391
4075.00300002	1.209856
4077.01100016	1.642925
4079.00700021	1.235222
4081.24399996	0.248423
4085.12899995	0.957201
4089.32999992	0.310101
4089.75500011	0.264317
4090.16400003	1.807152
4091.12700009	1.778956
4093.25600004	1.396423
4095.24399996	1.373005
4097.25300002	1.688593
4099.25600004	0.045974
4101.24800014	1.554031
4103.24800014	1.680167
4105.25200009	0.806462
4107.09800005	0.936393
4109.24900007	1.339708
4111.24700022	0.427194
4113.25100017	1.317156
4115.24900007	1.411851
4117.57299995	1.014537
4119.90799999	0.87794
4122.4000001	1.105931
4123.66499996	0.696573
4125.30500007	0.287216
4128.45200014	0.766854
4131.11000013	0.291361
4133.77900004	0.422437
4135.80000019	0.030408
4137.99900007	0.240131
4140.36899996	0.812564
4141.97500014	1.426915
4143.74300003	1.439564
4146.33299994	1.215709
4148.16199994	1.549314
4149.89199996	1.401487
4151.85700011	1.271625
4154.38899994	1.343266
4156.41300011	0.018396
4157.60400009	0.986412
4158.57200003	1.403502
4163.42599988	0.227353
4164.12600017	1.349617
4165.00999999	0.034427
4165.95700002	1.265403
4167.25400019	1.022293
4169.25300002	1.192595
4171.25100017	1.513095
4173.24500012	1.168412
4175.24399996	1.431193
4177.25600004	0.651088
4179.09800005	1.212484
4181.26400018	1.088739
4183.24199986	1.175332
4185.2650001	1.464528
4187.24500012	0.214365
4192.12300014	1.069701
4192.68799996	1.283826
4194.34800005	1.375835
4195.44900012	0.91369
4197.12400007	1.513338
4199.25200009	1.36216
4201.25699997	1.428927
4203.25200009	1.462326
4205.2579999	1.090058
4207.13500023	1.215643
4209.59399986	0.692312
4211.15300012	0.900225
4213.25500011	1.485326
4215.25100017	1.192586
4217.35100007	0.654748
4219.68400002	0.260098
4222.03100014	0.703317
4224.99399996	0.867383
4226.37500024	0.931497
4227.48000002	0.97949
4229.24500012	1.044604
4231.24500012	1.097218
4233.25600004	1.282165
4235.24600029	1.295936
4237.2579999	1.106491
4239.24900007	1.323827
4241.24199986	0.93041
4243.24800014	1.438123
4245.25100017	1.234729
4247.24399996	1.425317
4249.24500012	1.169698
4251.25600004	1.373922
4253.24800014	1.18758
4255.24500012	1.261473
4257.34899998	1.111126
4259.36999989	1.222152
4261.92799997	0.507334
4264.1190002	1.120777
4266.18200016	0.022262
4272.62400007	0.035656
4283.02900004	0.311293
4283.16899991	0.579858
4283.273	0.800987
4283.38000011	0.866351
4283.5539999	0.708101
4283.68400002	0.841561
4283.90300012	0.909958
4284.10899997	0.970502
4285.24600029	0.605983
4300.65400028	0.028998
4300.99800014	0.066078
4301.78800011	0.249042
4302.81299996	0.002871
4303.12999988	0.17335
4303.43300009	0.371329
4304.82200027	0.068421
4305.38700008	0.102511
4306.68199992	0.046176
4306.85100007	0.491554
4307.3670001	0.339992
4309.24800014	0.969336
4314.3440001	0.001104
4316.48199987	0.285003
4320.24800014	0.178086
4322.69300008	0.096834
4323.5250001	0.328532
4325.07900023	0.051644
4326.45900011	0.125637
4329.648	0.186667
4331.67700005	0.05509
4334.97000003	0.060121
4339.25	0.168228
4339.93700004	0.308501
4340.148	0.392754
4340.31200004	0.40328
4340.46200013	0.538956
4341.51100016	0.450993
4343.50300002	0.927333
4345.51100016	0.788278
4347.50200009	0.047063
4349.49900007	0.717092
4351.5	1.106133
4353.55500007	1.033861
4355.80100012	0.678147
4358.49699998	1.172855
4360.54100013	0.546722
4362.66400003	0.04496
4365.83500004	0.606228
4368.148	0.710795
4370.87800026	1.08389
4372.56900001	0.942166
4373.98099995	1.470852
4375.80100012	1.343354
4378.31800032	0.212362
4379.3670001	0.970275
4379.97300005	0.881509
4381.51900005	1.117019
4384.60300016	0.132943
4386.37700009	1.259229
4388.06400013	1.385143
4389.84700012	1.377247
4392.48700023	1.104322
4395.04400015	1.205388
4397.94000006	1.078096
4399.51900005	0.649553
4401.72199988	0.009179
4404.44499993	0.040287
4406.00199986	1.159965
4408.80100012	1.019662
4411.20099998	0.092145
4412.96800017	1.09015
4414.78800011	1.021308
4416.34100008	1.086421
4417.87900019	1.223463
4419.47000027	0.65949
4420.94900012	0.998362
4422.87199998	0.89456
4425.29100013	1.249977
4426.6960001	0.939188
4429.24700022	1.078302
4432.40999985	0.825782
4435.85299993	0.713031
4437.38599992	0.163654
4441.0	0.004897
4445.1170001	0.19173
4448.19700003	0.235137
4449.4920001	0.01578
4451.04400015	0.104438
4453.18799996	0.010918
4455.24500012	0.050961
4457.82400012	0.062602
4459.52700019	0.062602
4460.17600012	0.266506
4460.80200005	0.139748
4461.44000006	0.250444
4461.99399996	0.146748
4462.36000013	0.259374
4463.50300002	0.029254
4465.5	0.108187
4467.51699996	0.138283
4470.50400019	0.225185
4473.07000017	0.23566
4475.45799994	0.243216
4477.27000022	0.24186
4478.90499997	0.287295
4480.56700015	0.200661
4482.64199996	0.185386
4486.75500011	0.154863
4490.81100011	0.13001
4493.24700022	0.140306
4494.71800017	0.119508
4497.72800016	0.124131
4500.17700005	0.0424
4501.07500005	0.366373
4501.63199997	0.44351
4502.0860002	0.228714
4502.52099991	0.797618
4503.49500012	1.18996
4505.50700021	1.020093
4507.51800013	0.801716
4509.49300003	1.316854
4511.50500011	0.51846
4513.49300003	0.556775
4515.5	1.403846
4517.49799991	0.483978
4519.5	1.183754
4525.97000003	0.415083
4526.36300015	0.486189
4526.98000002	1.124487
4528.9849999	0.920959
4532.44700003	1.03216
4533.08999991	0.926384
4533.53100014	0.357242
4535.49699998	1.411179
4537.49799991	1.60455
4539.50200009	0.813681
4541.50500011	1.494331
4543.50500011	0.046116
4545.49799991	1.345891
4547.49699998	0.682199
4549.49300003	0.693079
4551.50200009	0.33272
4553.50400019	0.864977
4555.49900007	0.003313
4557.49799991	0.107197
4559.4920001	0.376194
4561.49500012	1.288266
4563.49000001	1.162202
4565.53100014	1.412553
4567.4940002	0.980077
4569.49900007	1.113457
4571.51800013	0.01595
4573.49300003	0.138575
4575.50700021	0.127845
4577.4940002	0.109161
4579.49500012	0.088065
4581.5	0.587611
4583.74700022	0.060461
4585.50200009	1.147546
4587.50600004	0.322423
4589.75200009	1.102896
4591.63100004	1.447571
4594.04200006	1.040151
4596.26600003	1.568624
4598.29900002	1.245168
4600.12700009	1.295662
4601.89700007	1.270395
4603.53400016	1.340111
4605.75200009	0.07988
4607.74500012	1.387727
4609.75000024	1.452056
4611.74500012	1.31927
4613.74500012	1.42572
4615.74600005	0.165586
4617.74900007	0.120669
4619.7420001	0.021039
4621.76999998	1.230263
4623.60000014	0.736138
4626.1329999	0.554732
4629.5769999	0.565903
4633.91100025	0.715803
4634.95600009	1.163137
4635.421	0.366979
4636.80100012	0.876876
4639.44900012	0.091601
4640.84600019	1.351239
4642.18099999	1.288121
4643.773	0.583074
4645.83599997	1.557282
4647.61500025	0.105443
4649.69300008	0.486
4651.75300002	0.04648
4654.45500016	0.063827
4656.97400022	1.22722
4659.47000027	0.585652
4661.95000029	1.545011
4664.48399997	0.245126
4666.44800019	0.397387
4668.23900008	1.181845
4669.85800004	0.985459
4671.87199998	1.322012
4674.13199997	0.982466
4675.9849999	1.889094
4677.90700006	0.041035
4679.60600019	0.018021
4680.87600017	0.11631
4682.09700012	0.078878
4683.74800014	0.267097
4685.74700022	0.291811
4687.75200009	1.185228
4689.74399996	1.347594
4691.75500011	1.194649
4693.75100017	1.610569
4695.75100017	0.319647
4697.7420001	1.218358
4699.74700022	1.536215
4705.50700021	0.767471
4706.02099991	1.09795
4706.80400014	0.035248
4708.15400004	1.055898
4709.921	0.044457
4711.65600014	1.224538
4713.75300002	0.261061
4715.75300002	1.021915
4717.74600005	0.940399
4719.75200009	0.940399
4721.648	0.183686
4723.74000001	1.537003
4725.75200009	1.537003
4727.74700022	1.04857
4729.75300002	0.151211
4731.74600005	1.033456
4733.75100017	1.124931
4735.74800014	0.729815
4737.77999997	0.8678
4739.75399995	1.404955
4741.77799988	1.378502
4743.74800014	1.085623
4745.75300002	0.525814
4747.75900006	1.21084
4749.75300002	1.269878
4751.75100017	1.25711
4753.75100017	1.236466
4755.74000001	1.353522
4757.74700022	1.425378
4759.74300003	1.425378
4761.75500011	1.226159
4763.75600004	1.30989
4765.77100015	0.776751
4767.74700022	0.435608
4769.74300003	1.347701
4771.74300003	0.15163
4773.74700022	1.336038
4775.76400018	1.516804
4779.83100009	1.077384
4781.57900023	1.203847
4782.67900014	0.084158
4783.77900004	0.186381
4785.75999999	0.495985
4787.75900006	1.073091
4789.74800014	0.14434
4791.75100017	0.027892
4793.74099994	0.628565
4795.74700022	1.24056
4797.74399996	0.062392
4799.74500012	1.290266
4801.75000024	1.32168
4804.15200019	1.193225
4806.0940001	1.307839
4807.83100009	1.173476
4809.77799988	0.014816
4811.75200009	1.292938
4813.74399996	1.263942
4815.74700022	1.276706
4817.74800014	0.79989
4819.74500012	1.173572
4821.77600002	1.405917
4823.87500024	1.161786
4825.75699997	0.278509
4827.74500012	0.771382
4830.1329999	0.550025
4832.75600004	0.616511
4834.625	1.088699
4835.99600005	0.311923
4838.00099993	0.996792
4840.00600028	1.459903
4842.00300002	0.629207
4843.9920001	1.069088
4845.99100018	0.745242
4848.00500011	1.293856
4850.00600028	1.200798
4851.81400013	1.23581
4853.99699998	1.157383
4856.03600001	1.302187
4858.49699998	1.098492
4861.10200024	1.347532
4863.4000001	1.236727
4865.84500003	0.263876
4868.80500007	1.145525
4871.72000003	0.170064
4873.0860002	1.190128
4875.25999999	1.141612
4877.26099992	1.202324
4878.34899998	0.485251
4879.35299993	0.936015
4881.273	0.742764
4883.85900021	0.048074
4886.10899997	0.764484
4887.45600009	1.284597
4889.33400011	0.73062
4891.22200012	1.492808
4892.68400002	0.062297
4894.34300017	1.214166
4896.08800006	0.121578
4898.0710001	0.044818
4900.273	1.223454
4902.67400002	0.259239
4904.56000018	0.7863
4906.9059999	0.026275
4909.2809999	0.193711
4911.9000001	0.894882
4914.4460001	1.181442
4917.87800026	0.610176
4919.37900019	1.406387
4921.52099991	1.044332
4923.58599997	1.191869
4925.56700015	0.576138
4927.73799992	0.997942
4928.63900018	0.053159
4930.36400008	0.320732
4932.19100022	0.141909
4934.48800015	1.441802
4937.25500011	0.417955
4941.43000031	0.04579
4943.48099995	1.144783
4944.30800009	1.109164
4945.89400029	0.004563
4947.57900023	0.756076
4948.87900019	0.606407
4950.70000005	1.210729
4952.04900002	1.1976
4953.67500019	1.572727
4954.58100009	1.299462
4956.98300004	1.198386
4958.54700017	1.336175
4960.39600015	1.237718
4961.98900008	1.139316
4964.00099993	0.476923
4966.0	0.366913
4967.99100018	0.017817
4969.99800014	1.38737
4971.99100018	0.9492
4976.06000018	0.362786
4977.1340003	0.840329
4978.898	1.048314
4980.25200009	1.066239
4981.9920001	1.227778
4983.99300003	0.61072
4986.21300006	0.88954
4988.19300008	1.15087
4990.1329999	1.19281
4992.00199986	1.252018
4994.01300001	1.45335
4995.99300003	1.050302
4997.9920001	0.778826
4999.99500012	0.026832
5001.99699998	1.093668
5003.99100018	0.776595
5005.9920001	1.216283
5008.27999997	0.661381
5009.99100018	0.275985
5011.99500012	1.11949
5014.10000014	1.280171
5015.99500012	1.546039
5017.99900007	0.613759
5020.38700008	1.19684
5022.09900022	0.470825
5023.99699998	1.076815
5025.99000025	0.452695
5028.2670002	1.229701
5029.99000025	1.440745
5031.99600005	0.852979
5033.99100018	0.497098
5036.02600002	1.4288
5038.7249999	1.115662
5041.38899994	1.381358
5043.65200019	1.377141
5045.67600012	1.507041
5047.46300006	0.517589
5049.25900006	1.636009
5051.06599998	0.022276
5052.00099993	0.87649
5053.99300003	1.574511
5056.16499996	1.125067
5058.01200008	1.453353
5059.99500012	1.523158
5061.99800014	0.203165
5063.98900008	1.507678
5066.00600028	1.420192
5068.00099993	1.30805
5069.98900008	0.239468
5071.99000025	0.330266
5074.00199986	1.638488
5076.0	2.202252
5077.99300003	0.679611
5080.08800006	0.155743
5082.53100014	0.005022
5084.46000004	1.917268
5086.28500009	0.501516
5088.03500009	0.326407
5090.25500011	0.473541
5092.24000001	0.13486
5094.24500012	0.608361
5096.25	1.452647
5098.49500012	1.425124
5100.16400003	0.072308
5102.24900007	1.152458
5104.11500025	0.315851
5106.24600029	0.074421
5108.24099994	1.737755
5110.24700022	0.004695
5112.2650001	0.588981
5114.23900008	0.923887
5116.25100017	0.00785
5118.25100017	1.257545
5120.24900007	0.591549
5122.09900022	1.290303
5126.76999998	1.587197
5127.51800013	1.473187
5128.8499999	1.520234
5130.23000026	1.456082
5132.24300003	1.041923
5134.24099994	1.177059
5136.23900008	1.323636
5138.25200009	1.384275
5140.24099994	1.49627
5142.24900007	0.010272
5144.24199986	0.159981
5146.25100017	1.56941
5148.24399996	1.708128
5150.24099994	1.527666
5153.27000022	0.142071
5157.65500021	0.048124
5174.7980001	1.475507
5174.99000025	0.252305
5175.39400005	0.065274
5175.68799996	0.419002
5176.30300021	0.261583
5176.40600014	0.380873
5176.54200029	0.380873
5177.08999991	0.011027
5177.42400002	0.222051
5180.52199984	0.131182
5180.79299998	0.372361
5182.2190001	0.115742
5185.03399992	0.026222
5188.83200002	0.039646
5190.17799997	0.069947
5190.63199997	0.426919
5191.50700021	0.126019
5194.94900012	0.030252
5197.56000018	0.062317
5199.24600029	0.080874
5199.97900009	0.298749
5202.28200006	0.672326
5207.14599991	0.078829
5208.88000011	0.439772
5209.26600003	0.908062
5210.13100004	0.096629
5213.98900008	0.01972
5214.80500007	0.029812
5215.47800016	0.166671
5220.46300006	0.119381
5222.67900014	0.030014
5223.86599994	0.072594
5224.77699995	0.04325
5227.61500025	0.106617
5231.86400008	0.007266
5233.17900014	0.165078
5234.81100011	0.085306
5235.90700006	0.248486
5236.25200009	0.394662
5237.48800015	0.40577
5239.49600005	0.749461
5241.49799991	1.146326
5243.49900007	1.169751
5245.50700021	1.269822
5247.49900007	1.192242
5249.50200009	1.05381
5251.6190002	1.512923
5254.5250001	0.662847
5257.04900002	0.216648
5258.96700025	0.590032
5261.64100003	1.097371
5262.85400009	0.978562
5264.88199997	1.010334
5267.06500006	0.9671
5269.45400023	1.336929
5271.31800032	1.013736
5273.33699989	0.709062
5275.87800026	1.139286
5277.00199986	1.048229
5278.99699998	1.222416
5281.34300017	0.824002
5282.78800011	1.400311
5284.43500018	0.743468
5286.16300011	1.401259
5288.46399999	1.208114
5290.38300014	1.258656
5292.25400019	1.373128
5294.18200016	1.421515
5295.546	1.224832
5297.4920001	1.254036
5299.53299999	1.22175
5301.88300014	0.521484
5304.34500003	0.307723
5305.49600005	0.781184
5307.49000001	0.013789
5309.50099993	0.158411
5312.20600009	0.854751
5314.36999989	0.302385
5316.98900008	0.201906
5318.59500003	0.249643
5319.4920001	0.178459
5321.49100018	0.871969
5323.48800015	1.284156
5325.49300003	1.617219
5327.4860003	1.331537
5329.49000001	0.109383
5331.94300008	1.398593
5334.94800019	1.348759
5336.13700008	0.996404
5337.62200022	1.297761
5339.49900007	0.978784
5341.53600001	1.414379
5343.477	1.043102
5345.73400021	1.005131
5347.59900022	1.694863
5349.49100018	1.671506
5351.49100018	1.490556
5353.49000001	0.126237
5355.50099993	1.457371
5357.48900008	1.367781
5359.66300011	1.133951
5361.4920001	1.137687
5363.49100018	1.406184
5365.50300002	1.210252
5367.48700023	1.174651
5369.51399994	0.11303
5371.68499994	0.499534
5373.83299994	0.029494
5375.88300014	1.075695
5377.49799991	1.298331
5379.50300002	1.598707
5381.50700021	1.406539
5383.49100018	0.734383
5385.48900008	1.471383
5387.4940002	1.504637
5389.50300002	1.401607
5391.49100018	0.970566
5393.50600004	1.453821
5396.06900001	0.738095
5398.01900005	1.289015
5400.26300025	0.845991
5402.09299994	1.41205
5403.92799997	1.325789
5405.70900011	1.553596
5407.4940002	0.242997
5409.48900008	1.103747
5411.73799992	1.160619
5413.49300003	0.373244
5415.74099994	1.080962
5417.63500023	1.351257
5419.74300003	1.406409
5421.87000012	1.107891
5425.08800006	0.795419
5428.53900003	0.84909
5431.26600003	0.43482
5432.67700005	1.230895
5434.58899999	1.249234
5436.97300005	1.094622
5439.88600016	0.212691
5443.64499998	0.340306
5445.87299991	0.417512
5446.44499993	0.761845
5447.66000009	1.289545
5448.27100015	0.972858
5448.86000013	1.047387
5450.55100012	1.152393
5452.63400006	1.038975
5455.1500001	0.337871
5458.83500004	0.902389
5460.15800023	0.64661
5461.52900004	0.825825
5463.45400023	0.745258
5465.12600017	0.929758
5467.43700004	0.776032
5470.07000017	0.403429
5472.66499996	0.570942
5475.89700007	0.67193
5477.69700003	0.681035
5480.31000018	0.69442
5482.19700003	0.695369
5483.40999985	0.68506
5484.74600005	0.548804
5486.63600016	0.887963
5490.12600017	0.535336
5492.32800007	0.402652
5493.89900017	0.177297
5495.30500007	0.189802
5497.39300013	0.920444
5499.23500013	0.929166
5501.06500006	0.968092
5502.36999989	0.976133
5503.23800015	0.984969
5504.63500023	1.007532
5506.91200018	1.247702
5509.39300013	1.040186
5511.99699998	0.812808
5514.22700024	0.17301
5515.70700026	1.100007
5517.66700006	0.729167
5519.98099995	0.986335
5521.96700025	1.138702
5523.32400012	0.824365
5524.74500012	1.034872
5525.89100003	0.940811
5527.81799984	1.068222
5529.94099998	0.993823
5532.15400004	1.247113
5535.19200015	1.108631
5537.96300006	0.990776
5540.35900021	0.830576
5542.50200009	1.337009
5545.41100025	0.71276
5546.34000015	1.015836
5547.52300024	0.841912
5549.26800013	0.506847
5550.84100008	0.684546
5552.65600014	0.809586
5554.55200005	0.848445
5557.6170001	0.756694
5559.43400002	0.930728
5560.61600018	0.770799
5562.5710001	0.987426
5564.26800013	1.022864
5566.68199992	0.891923
5568.43900013	0.073637
5570.33900023	0.749351
5572.62700009	1.06584
5574.87100005	0.075459
5578.29299998	0.399803
5583.14300013	0.07389
5584.44099998	0.286104
5586.66100001	0.828374
5587.60700011	1.267581
5588.59200001	0.070479
5589.64499998	1.061417
5591.352	1.128334
5593.18499994	0.933288
5594.96700025	1.134319
5597.00900006	0.457355
5599.03800011	0.819658
5601.13600016	0.583166
5603.63000011	1.009153
5606.49900007	0.899167
5608.6329999	0.932208
5610.87800026	1.145838
5612.93700004	0.898194
5615.39700007	1.18527
5618.01200008	0.509584
5620.28800011	0.77739
5621.20700026	1.131985
5623.23200011	0.870001
5624.88000011	0.947134
5626.53900003	0.982908
5628.18300009	1.094591
5630.20099998	1.030404
5632.24900007	1.08268
5634.44000006	0.998802
5637.42700005	0.268063
5640.30000019	1.099068
5642.24199986	0.824175
5644.4460001	1.02973
5646.05100012	0.825463
5646.89900017	1.075809
5648.27900004	1.223016
5650.32200003	0.486318
5654.43000031	0.027763
5672.09500003	0.024355
5673.24700022	0.031011
5674.03299999	0.129143
5676.56900001	0.001517
5676.97799993	0.224753
5677.33599997	0.444829
5678.19200015	0.045795
5678.40400004	0.235846
5678.91900015	0.026942
5679.55500007	0.021602
5681.96700025	0.016573
5683.90400004	0.062072
5685.4000001	0.061396
5686.67600012	0.241506
5687.27200007	0.09501
5688.90400004	0.020699
5692.51399994	0.0124
5694.96399999	0.286202
5698.24800014	0.050248
5699.81200004	0.150315
5702.17600012	0.373504
5706.77400017	0.003109
5707.44000006	0.220312
5708.70800018	0.033365
5725.28600025	0.02833
5728.69000006	0.06731
5729.25300002	0.278526
5729.53200006	0.400329
5729.7750001	0.728583
5729.88999987	0.566304
5730.09500003	0.543274
5730.31200004	0.833517
5730.58599997	0.917072
5730.94200015	1.077268
5732.98800015	1.021222
5734.97300005	0.673362
5736.98900008	1.129997
5739.58300018	0.218285
5740.99699998	1.231595
5742.99000025	0.15706
5744.91900015	0.306673
5747.12300014	1.10152
5748.99699998	1.087526
5750.98900008	0.835356
5752.98800015	1.079438
5754.99000025	1.11526
5756.98800015	1.262959
5758.99100018	1.053744
5761.01300001	0.906619
5763.00500011	1.343109
5764.9849999	0.968896
5766.98900008	0.664119
5768.9920001	0.772248
5770.99900007	0.705913
5772.99800014	1.352308
5776.88700008	1.220455
5777.55800009	0.224152
5779.00300002	1.029716
5781.28600025	1.015871
5786.46000004	0.750041
5787.0940001	1.245285
5787.96199989	1.255853
5788.98800015	1.095706
5790.99800014	1.002386
5793.00300002	1.101752
5795.28999996	0.301108
5797.58100009	0.0793
5799.05500007	0.440887
5800.99000025	1.197239
5802.99600005	1.206104
5805.00199986	1.046897
5807.0	1.410377
5808.99000025	1.141784
5811.00500011	1.244776
5813.02700019	1.324178
5828.07299995	0.002154
5828.45799994	0.224664
5828.74600005	0.431144
5828.94099998	0.57522
5829.09200001	0.67563
5829.2190001	0.734212
5829.56900001	0.939981
5830.14899993	0.826944
5831.24500012	1.356995
5833.69300008	0.857051
5835.24099994	1.140187
5837.24399996	1.138983
5839.36199999	0.97031
5841.54500008	1.046443
5843.15200019	1.480756
5845.24199986	1.265216
5847.23699999	1.076441
5849.23699999	1.113125
5851.20000005	0.755814
5853.23699999	1.169417
5855.24099994	1.463135
5857.24300003	0.465519
5859.17200017	1.035167
5861.25	1.353449
5863.05599999	0.813224
5866.94099998	0.693792
5869.2650001	0.361172
5871.40300012	1.187826
5872.40700006	1.129346
5873.92199993	0.556148
5875.24399996	1.125066
5877.24800014	0.973444
5879.23699999	1.261031
5881.25400019	0.055002
5883.24300003	1.267985
5886.04999995	0.737669
5888.79900002	0.133323
5891.23500013	0.615579
5893.37800002	1.118959
5895.31399989	0.910716
5896.97400022	1.181548
5899.11500025	0.946518
5900.59399986	1.452082
5901.98600006	1.137741
5903.98000002	1.307469
5905.21500015	0.945435
5907.24000001	1.316328
5909.16300011	1.105384
5912.29699993	0.041659
5915.20000005	1.483055
5918.12999988	1.437777
5918.84700012	1.262366
5920.74399996	0.546566
5922.39199996	0.003725
5924.33800006	1.565861
5925.26600003	1.299671
5927.24800014	1.379815
5929.24099994	1.081728
5931.24399996	1.42448
5933.23399997	1.195994
5935.1420002	0.067698
5937.20499992	1.366575
5939.89600015	0.432454
5944.22200012	0.608285
5945.58800006	0.885967
5946.14499998	0.886684
5947.20499992	0.184099
5949.24900007	0.351925
5951.24300003	0.037921
5953.23900008	0.87976
5955.25200009	0.587547
5957.23600006	1.460449
5959.24000001	1.433805
5961.24700022	1.341202
5963.24600029	0.028278
5965.23699999	1.314834
5967.23800015	0.957751
5969.25300002	0.12324
5971.24399996	1.766506
5973.24500012	1.533378
5975.23500013	1.35566
5977.24500012	1.147743
5979.24800014	1.566447
5981.23800015	1.180399
5983.24099994	0.392173
5985.24700022	0.036673
5987.24800014	0.278248
5989.23300004	0.41755
5991.24099994	1.601374
5993.23900008	1.014815
5995.77799988	0.599466
5999.01300001	0.408922
6000.83399987	0.829568
6001.58200026	0.920734
6003.23699999	0.080187
6005.24099994	1.313133
6007.24600029	0.225559
6009.24399996	0.778441
6012.52300024	0.149936
6013.48700023	1.232746
6015.24500012	1.446518
6017.23600006	0.825098
6019.24700022	1.333788
6021.24500012	1.396903
6023.23699999	1.312693
6025.24000001	1.49815
6027.24900007	1.193986
6029.23900008	1.45473
6031.24300003	0.045049
6033.24600029	0.52374
6035.24800014	1.089402
6037.24300003	1.213497
6039.24800014	1.120281
6041.25200009	1.264183
6043.24900007	1.323835
6045.25100017	0.797538
6047.23800015	0.789459
6049.24500012	0.213825
6051.24099994	0.018038
6053.23900008	1.254558
6055.24500012	1.232812
6057.24000001	1.401567
6059.23699999	1.18824
6061.23800015	1.18824
6063.24300003	1.382036
6065.23800015	1.483988
6067.24900007	1.604089
6069.23600006	1.05478
6071.25	0.337868
6073.24099994	1.767312
6075.24500012	0.115191
6077.30000019	1.766579
6079.24300003	0.364551
6081.23900008	0.345442
6083.48700023	0.018567
6087.329	0.001022
6088.1170001	0.84579
6089.48399997	1.095176
6091.34300017	1.31787
6093.49500012	1.288762
6095.4849999	1.142136
6097.48900008	1.163325
6099.4940002	0.366015
6101.89700007	0.453725
6113.25600004	0.028703
6114.47100019	0.026444
6115.18000007	0.040758
6115.25300002	0.128102
6118.16999984	0.001748
6118.46300006	0.332201
6118.67500019	0.671553
6118.82400012	0.812938
6119.4940002	1.18864
6121.4860003	0.455873
6126.01799989	0.025874
6131.64499998	0.097443
6133.81299996	0.179493
6134.1420002	0.444106
6134.21200013	0.444106
6134.75699997	0.366153
6135.45900011	1.095861
6137.49900007	1.001074
6139.34800005	1.047677
6141.49500012	0.532532
6143.49900007	0.293092
6146.75300002	1.018329
6147.31000018	1.265874
6149.50500011	1.33039
6151.49500012	1.776476
6153.4860003	0.497264
6155.48399997	1.430266
6157.5	0.206089
6159.5150001	0.964462
6161.4940002	1.843001
6163.34200025	0.952368
6165.4940002	1.768153
6167.50400019	1.099022
6169.48700023	1.526461
6171.49300003	0.028694
6173.49000001	1.268838
6176.95200014	1.104946
6179.09599996	1.402576
6181.79200006	1.460958
6184.70900011	0.586917
6184.76800013	0.586917
6186.81400013	1.319623
6189.75500011	1.361076
6192.42700005	1.432177
6194.7110002	1.349063
6197.02600002	0.264576
6198.91400003	0.888658
6199.43900013	0.694081
6200.83100009	0.045642
6201.49300003	1.133931
6203.49900007	0.042114
6205.4920001	0.838608
6207.49300003	1.387066
6209.48800015	0.332681
6211.48199987	1.204525
6213.4920001	1.635798
6215.48399997	1.223805
6217.4940002	1.347269
6219.50700021	1.28606
6221.49900007	1.359269
6223.49100018	1.942425
6225.49799991	0.051051
6227.48700023	1.469739
6229.4940002	0.234086
6231.48399997	1.441207
6233.50600004	1.722522
6235.49100018	1.235489
6237.48800015	1.772561
6239.4920001	0.854554
6241.49699998	1.454889
6243.48800015	1.544449
6245.49799991	0.94878
6247.49000001	1.385718
6249.48700023	1.833814
6251.49000001	1.376452
6253.50400019	1.443375
6255.49000001	1.370995
6257.49900007	1.472503
6259.49000001	1.54887
6261.50200009	0.569317
6263.49300003	1.565258
6265.49799991	1.466798
6267.48300004	1.468833
6269.48700023	0.989067
6271.4940002	1.526645
6273.48399997	1.864215
6275.49600005	1.764147
6277.49100018	1.264851
6279.51600003	1.203131
6281.4860003	1.587652
6283.4849999	1.448613
6285.49500012	1.615109
6287.51300001	1.463422
6289.49600005	0.46139
6291.4940002	1.18822
6293.4860003	1.116561
6295.49100018	1.525815
6297.4860003	0.561542
6299.4940002	1.043065
6301.49100018	1.266353
6303.49300003	1.162156
6305.4849999	1.197519
6307.4860003	0.967927
6309.49799991	1.549617
6311.49799991	1.269615
6313.49000001	1.528075
6315.49000001	1.596854
6317.4860003	1.324794
6319.49900007	1.372196
6321.4940002	1.319704
6323.50099993	1.293259
6325.49000001	1.630029
6327.73300004	1.194241
6329.49300003	1.274456
6331.73500013	1.195974
6333.49100018	1.550942
6335.73600006	1.460478
6337.74000001	1.576368
6339.75100017	0.690707
6341.73400021	1.394806
6343.74099994	1.677589
6345.74099994	1.63636
6347.74900007	1.453596
6349.73400021	0.326325
6351.74900007	0.987051
6353.7420001	1.086386
6355.73600006	0.053426
6357.73799992	0.982149
6359.85400009	1.23983
6361.73900008	1.163166
6363.73300004	1.175755
6365.74800014	1.306871
6367.74000001	1.402012
6369.73799992	1.313066
6371.74700022	1.119494
6373.74000001	1.295666
6375.74600005	1.1643
6377.73600006	1.458456
6379.73799992	1.255924
6381.74700022	1.209298
6383.73100019	1.206699
6385.74300003	1.247723
6387.74500012	0.372794
6389.73600006	1.02633
6391.74500012	0.736274
6393.73699999	1.233339
6395.73600006	1.311957
6397.77200007	1.308339
6399.73400021	1.380823
6401.73900008	1.27603
6403.73799992	0.398831
6405.74399996	0.106811
6407.73799992	0.108968
6409.74700022	0.277039
6411.75200009	1.349623
6413.73200011	1.223755
6415.74099994	1.336789
6417.74500012	1.150556
6419.73500013	1.391864
6421.73200011	1.230438
6423.75000024	1.610209
6425.73600006	1.089304
6427.8670001	0.23118
6429.74500012	0.284653
6431.73799992	0.480118
6433.74399996	1.48341
6435.73400021	1.726707
6437.74300003	1.454637
6439.7420001	1.333857
6441.73400021	1.255477
6443.75000024	1.314071
6445.73699999	1.101699
6447.73400021	1.306245
6449.74300003	0.653115
6451.75600004	0.037319
6453.75600004	0.047001
6455.73900008	0.020724
6457.73699999	0.076843
6459.75100017	1.060789
6461.73600006	1.484986
6463.73500013	0.378571
6465.7420001	0.038958
6467.75100017	1.619508
6469.74099994	0.189768
6471.73400021	0.147668
6473.74300003	1.502093
6475.73400021	0.4373
6477.74500012	1.743365
6479.73600006	1.57495
6481.73300004	0.948808
6483.73300004	1.443957
6485.74600005	1.321697
6487.73900008	0.851247
6489.73200011	1.395133
6491.73400021	1.126499
6493.74800014	1.576559
6495.73200011	1.462656
6497.74300003	1.601398
6499.73200011	1.478418
6501.74300003	1.303626
6503.74600005	1.61205
6505.73300004	1.322315
6507.74800014	1.363661
6509.74700022	1.370261
6511.74600005	1.472491
6513.7420001	1.389364
6515.73400021	1.409731
6517.7420001	0.015214
6519.7420001	1.267755
6521.74399996	1.53762
6523.73900008	0.673392
6525.73600006	1.570455
6527.73900008	1.588413
6529.74700022	0.709399
6531.74000001	1.531051
6533.75200009	1.341015
6535.74099994	0.997666
6537.74600005	0.931871
6539.74700022	0.026899
6541.75399995	0.348024
6543.88899994	0.176507
6545.73699999	0.607494
6547.74800014	0.042931
6549.73200011	0.003358
6557.08800006	0.00047
6557.31000018	0.340857
6559.88600016	0.078752
6560.99399996	0.102735
6561.63900018	0.087542
6563.6400001	0.361127
6565.59100008	0.489591
6566.58899999	0.586618
6567.76300025	0.525928
6569.76600027	0.667491
6572.2110002	0.37582
6574.32300019	0.406376
6576.02400017	1.635962
6577.74399996	0.644079
6580.35700011	0.930326
6584.50099993	0.564513
6585.36600018	1.126594
6586.07200003	0.915481
6587.80600023	1.581646
6589.99000025	0.647041
6591.98800015	1.192391
6593.98800015	0.229463
6595.98700023	1.12189
6597.99300003	1.09167
6600.0	0.913921
6601.99800014	1.414911
6604.42599988	0.190264
6605.99000025	1.208386
6607.98700023	0.91658
6612.35399985	0.41781
6615.45100021	1.253543
6616.39100003	1.380913
6616.99300003	1.492707
6620.14700007	0.993119
6620.27399993	1.466043
6622.66300011	0.469207
6625.94200015	1.407938
6629.93900013	0.347947
6632.38200021	0.18686
6633.63000011	0.982158
6634.10100007	1.168623
6635.01900005	1.417422
6636.08000016	1.532808
6637.99399996	1.264537
6639.9849999	1.544893
6641.99600005	1.112525
6644.0	1.401895
6645.99500012	1.273049
6647.98700023	1.362877
6649.98700023	1.488096
6651.98300004	1.38261
6653.98300004	1.458161
6655.99699998	0.861996
6657.8210001	1.430835
6659.9849999	1.388656
6662.00199986	1.274413
6663.99500012	1.445576
6665.99800014	1.332356
6667.88499999	1.341603
6669.829	1.288568
6672.08800006	1.207609
6673.99100018	0.020626
6675.85600019	0.135978
6677.98000002	0.375761
6679.99500012	1.579533
6681.99600005	1.516913
6683.98399997	1.80926
6685.98600006	0.367425
6687.98900008	0.775343
6689.98900008	1.133578
6691.98200011	0.790685
6693.99399996	0.657298
6695.97900009	0.264936
6697.9849999	0.461366
6699.98700023	0.360183
6701.98900008	0.871685
6703.98800015	1.329264
6705.9920001	1.501694
6707.9849999	1.109523
6709.99500012	0.636557
6711.99300003	1.289685
6713.98800015	1.199527
6716.05799985	0.56463
6719.69799995	0.007063
6720.5150001	1.888641
6722.01699996	0.635244
6723.98700023	0.217857
6740.4460001	0.1522
6740.98700023	0.394575
6741.15600014	0.534281
6741.34700012	0.525305
6741.47399998	0.260288
6741.66100001	0.609199
6741.85600019	0.965774
6742.08400011	0.680265
6743.23200011	0.315816
6746.50099993	0.048626
6761.68700004	0.712817
6761.82500005	0.918422
6761.95100021	0.733571
6762.1500001	0.770354
6762.42499995	0.505458
6762.64999986	0.733865
6762.954	0.827651
6764.1170001	0.699325
6770.57200003	0.030722
6772.25999999	0.093951
6776.97400022	0.099592
6777.38700008	0.269465
6777.65300012	0.46253
6777.8440001	0.513
6778.07200003	0.606508
6778.79900002	0.020864
6782.19100022	0.043729
6787.1340003	0.033739
6787.92700005	0.02533
6788.45400023	0.241756
6789.35299993	0.016305
6791.18200016	0.092402
6792.99399996	0.479036
6794.98399997	0.656996
6796.98200011	1.045041
6798.98000002	1.524973
6800.9849999	1.546674
6802.98900008	0.207851
6805.03299999	0.696269
6806.98300004	1.829504
6808.99500012	0.815439
6810.9849999	1.649344
6812.98000002	1.599217
6814.98200011	1.263487
6816.99699998	0.372915
6818.99800014	1.550294
6820.9849999	1.459226
6822.98300004	1.831676
6824.99100018	1.476089
6826.99000025	1.622902
6828.98800015	0.044422
6830.98000002	1.854666
6832.99300003	0.614557
6834.98200011	0.265229
6836.97900009	1.950064
6838.98800015	0.023718
6840.98099995	1.37606
6842.99500012	1.589961
6844.98900008	1.694964
6846.98099995	0.040103
6848.99399996	1.355322
6850.99000025	0.341767
6852.98099995	1.038111
6854.98000002	1.334739
6857.02700019	1.340236
6859.0940001	1.815978
6860.99800014	1.827238
6862.98399997	1.148171
