0.0	2.546455
0.46599984169	2.546455
0.582000017166	2.546455
0.719000101089	2.546455
0.917999982834	2.123421
1.07100009918	2.123421
1.35100007057	0.070722
1.65699982643	2.037227
2.1740000248	1.001738
4.01099991798	0.022115
6.01900005341	0.015473
8.00999975204	0.021174
10.0119998455	0.006952
12.012999773	3.517467
14.009999752	0.066774
15.8860001564	1.60509
17.9359998703	0.037091
20.0190000534	0.023985
22.3369998932	0.074605
25.6270000935	0.025067
27.4060001373	0.01103
28.8300001621	1.636208
30.2380001545	3.690508
32.013999939	3.395521
34.0209999084	0.046368
36.010999918	4.541784
38.010999918	1.09546
40.009999752	0.02588
42.013999939	2.116702
44.013999939	2.235148
46.0169999599	2.374967
48.0199999809	2.600372
50.0089998245	2.600372
52.010999918	0.007713
54.0119998455	2.2372
56.0169999599	2.640911
58.0119998455	2.641866
60.0179998875	2.641866
62.0119998455	2.641866
64.010999918	2.641866
66.009999752	5.391027
68.010999918	4.902418
70.0089998245	4.932091
72.0150001049	4.932091
74.0209999084	0.033543
76.010999918	2.036878
78.0119998455	3.377365
80.0119998455	4.167277
82.0119998455	0.752055
84.0209999084	0.022442
86.0179998875	0.259022
88.010999918	0.835288
90.010999918	5.198111
92.0119998455	1.835352
94.0150001049	1.304434
96.0089998245	3.809991
98.009999752	0.504195
100.013999939	0.01568
102.009999752	2.498365
104.016000032	5.017862
106.008999825	4.477176
108.012999773	0.010943
110.009999752	1.424931
112.01699996	0.014596
114.015000105	4.669323
116.016000032	0.74363
118.010999918	2.305359
120.008999825	3.731533
122.010999918	3.669678
124.008999825	0.448212
126.009999752	2.359291
128.015000105	4.74307
130.016000032	5.344153
132.023000002	5.344153
134.010999918	5.515803
136.008999825	5.515803
138.016000032	5.619564
140.009999752	5.619564
142.010999918	5.619564
144.015000105	3.846348
146.25999999	2.393692
148.013999939	1.26172
150.019999981	3.427614
152.023999929	1.482499
154.25999999	5.042467
156.262000084	4.213992
158.263000011	3.733014
160.263000011	4.052952
162.272999763	0.025557
164.262000084	3.648473
166.265999794	0.018979
168.260999918	1.419437
170.262000084	0.011439
172.263000011	2.577312
174.262000084	0.922531
176.264999866	0.014811
178.262000084	0.809132
180.265999794	1.952199
182.279999971	0.342262
184.260999918	4.137214
186.276000023	2.047773
188.265999794	2.405994
190.264999866	5.063753
192.131999969	5.063753
194.260999918	3.880853
196.269999981	0.012458
198.25999999	3.847023
200.26699996	3.790058
202.25999999	4.94594
204.25999999	4.599819
206.260999918	4.599819
208.25999999	4.599819
210.260999918	2.31773
212.269999981	2.463818
214.25999999	3.693471
216.138999939	3.821429
218.25999999	1.298171
220.25999999	4.740357
222.25999999	4.335289
224.259000063	1.514775
226.25999999	3.82691
228.263999939	3.954504
230.25999999	0.019922
232.263000011	5.763532
234.260999918	5.763532
236.263000011	0.712066
238.260999918	0.009905
240.131999969	0.886815
242.262000084	5.175168
244.263999939	4.896751
246.267999887	0.73733
248.25999999	3.227424
250.262000084	0.750244
252.262000084	0.031337
254.262000084	4.726777
256.269999981	0.029474
258.401999712	0.010954
