0.0	0.30725
0.868999958038	0.257578
1.34899997711	0.353848
1.65799999237	0.396324
1.97900009155	0.396324
2.36899995804	0.423009
2.76899981499	0.423009
3.25999999046	0.875143
3.68300008774	0.885492
4.16499996185	0.812715
8.36899995804	0.04914
9.57299995422	0.009072
10.2200000286	0.594024
13.1449999809	0.093356
14.8589999676	0.012531
16.3489999771	0.056997
26.8489999771	0.000206
27.3540000916	0.449658
27.6089999676	0.449658
27.9289999008	0.449658
28.5889997482	0.047194
29.0789999962	0.304
30.1940000057	0.295028
31.8680000305	0.28988
33.8589999676	0.331122
35.9389998913	0.466917
38.0839998722	0.150165
41.8289997578	0.007527
43.138999939	0.654861
44.6489999294	0.003584
45.9199998379	0.384778
47.8789999485	0.999256
49.876999855	1.115383
51.8789999485	0.653989
53.868999958	0.645052
57.4630000591	0.251836
58.2079999447	1.122029
61.8809998035	0.034103
63.3839998245	0.817876
64.501999855	1.322793
68.5599999428	0.38105
70.0900001526	0.631527
71.6749999523	0.626607
75.4889998436	0.36942
79.4129998684	0.378616
81.1209998131	0.228136
82.5390000343	0.009957
83.5499997139	0.768525
84.4949998856	0.677693
85.8539998531	0.80526
87.0390000343	1.11942
88.0139997005	1.153883
90.888999939	0.015116
91.8399999142	1.09955
93.9539999962	0.001672
95.8789999485	0.734082
97.739000082	0.703599
99.876999855	0.00821
101.858999968	0.642728
103.869999886	1.151922
105.898999929	0.007175
109.963999987	0.312494
111.178999901	0.613768
112.191999912	1.132475
113.86199975	0.003624
119.056999922	0.043942
119.811000109	0.548096
123.323999882	0.009494
124.90899992	0.444219
127.093999863	0.000849
129.579999924	0.002321
130.289999962	0.395265
131.444999933	0.181131
132.52699995	0.419267
133.980000019	0.058783
135.883999825	0.517825
137.878999949	0.383697
139.999000072	0.518105
143.119999886	0.408656
146.799000025	0.687285
148.111999989	0.693997
149.708999872	0.620069
154.049999952	0.013796
155.028999805	0.80327
162.368000031	0.125489
169.507999897	0.148805
171.027999878	0.006831
171.328999758	0.252006
171.660999775	0.31443
172.058000088	0.31443
172.838999987	0.011035
173.188999891	0.23714
173.519000053	0.255341
173.92200017	0.345485
176.791999817	0.045621
177.648999929	0.567561
178.678999901	0.684487
179.858999968	0.709257
181.858999968	0.00801
183.868999958	1.01405
