0.0	0.04563
0.306999921799	0.522549
0.43499994278	0.707447
0.539000034332	0.870357
0.863000154495	0.632915
0.999000072479	1.230691
1.3069999218	1.251605
1.867000103	2.317091
2.19800019264	2.907491
4.23000001907	0.09117
6.21200013161	1.376164
8.21200013161	0.086177
10.2210001945	0.09004
12.2109999657	0.022221
14.2180001736	0.013879
16.217000246	2.377518
18.2109999657	0.444757
20.217000246	0.710965
22.2090001106	5.165261
24.2290000916	4.17188
26.2100000381	1.298354
28.2100000381	2.034571
30.2109999657	0.88123
32.2109999657	1.96876
34.2109999657	1.96876
36.2120001316	0.045246
38.2109999657	5.346714
40.2180001736	2.95128
42.2090001106	4.092005
44.2180001736	4.092005
46.2100000381	1.947961
48.2100000381	1.430219
50.217000246	3.8978
52.2090001106	3.419374
54.2090001106	3.110908
56.2300000191	0.0655
58.2100000381	1.550631
60.2109999657	2.854332
62.2100000381	3.88624
64.2120001316	4.081445
66.2139999866	3.745004
68.2230000496	0.954433
70.2120001316	0.066241
72.2090001106	3.129773
74.2100000381	4.325795
76.2090001106	3.645721
78.2109999657	0.866471
80.2109999657	2.43999
82.2109999657	4.907797
84.2100000381	0.017495
86.2090001106	3.911325
88.2309999466	0.998008
90.2079999447	4.835483
92.2090001106	4.835483
94.2109999657	6.051234
96.2100000381	6.505107
98.2109999657	3.125179
100.213999987	3.008316
102.209000111	4.585351
104.210999966	4.585351
106.209000111	4.23402
108.207999945	4.23402
110.219000101	4.23402
112.213999987	3.47763
114.209000111	4.208617
116.213999987	4.208617
118.21600008	4.06864
120.209000111	0.505106
122.209000111	2.61369
124.209000111	4.564931
126.209000111	0.773819
128.212000132	3.432014
130.210999966	4.69052
132.210999966	4.794963
134.212000132	4.794963
136.207999945	5.13844
138.213999987	5.13844
140.209000111	5.916994
142.210999966	5.916994
144.294000149	5.916994
146.210999966	5.916994
148.210999966	5.916994
150.462000132	4.725982
152.462000132	0.121673
154.463000059	0.05409
156.461000204	0.022875
158.461000204	2.399972
160.462000132	3.150039
162.461000204	3.220876
164.461000204	0.629399
166.461000204	2.596185
168.302000046	1.042101
170.463999987	0.010695
172.468000174	2.015721
174.467000008	0.019882
177.111000061	0.446591
178.337000132	0.014988
180.461000204	0.161778
182.463000059	0.122601
184.46600008	0.431723
187.253000259	0.105149
188.462000132	0.021863
190.462000132	0.134497
192.461000204	0.059521
194.909000158	0.052603
200.433000088	0.082719
205.351999998	0.082291
206.023999929	0.833861
207.427000046	0.5148
208.55700016	1.798837
209.573000193	1.375691
210.5400002	0.049155
210.832000017	1.286852
212.465000153	0.014869
214.467000008	2.172356
216.325000286	1.100537
218.462000132	0.067545
220.462000132	1.630123
222.46600008	2.467252
224.46600008	0.061215
226.386000156	0.119694
228.467000008	0.37538
230.469000101	4.272222
232.487999916	0.27316
234.470000029	0.055638
236.459000111	0.021419
238.463999987	0.041693
241.412000179	0.214125
243.570000172	0.447096
245.107000113	2.867702
246.46600008	3.237006
248.459000111	5.041209
250.460000277	4.66465
252.460000277	5.289529
254.461000204	4.730367
256.460000277	4.63992
258.462000132	0.252097
260.462000132	2.22621
262.70600009	0.021819
264.475000143	3.643075
266.460000277	4.927096
268.460000277	1.551145
270.461000204	0.019044
272.460000277	0.111187
274.461000204	0.019586
276.462000132	1.684583
278.554000139	0.043638
280.458000183	0.918659
282.461000204	0.060581
284.460000277	0.981707
286.460000277	0.382125
288.461000204	0.814618
290.461000204	0.06674
292.46600008	4.680039
294.462000132	4.138695
296.461000204	2.690209
298.460000277	0.950456
300.460000277	0.188562
302.892000198	0.122736
306.033000231	0.03953
307.629000187	0.003784
308.462000132	2.659061
310.468000174	0.026389
312.461000204	1.040692
314.470999956	2.93325
316.461000204	0.897579
318.467000008	0.896132
320.459000111	3.17694
322.460000277	1.005917
324.459000111	0.02407
326.459000111	2.398379
328.459000111	2.026812
330.462000132	4.724913
332.467000008	3.500074
334.460000277	3.408482
336.460000277	0.995487
338.461000204	0.06198
340.460000277	0.015816
342.469000101	0.856598
344.461000204	4.633924
346.463000059	1.840818
348.460000277	1.626257
350.459000111	2.628284
352.459000111	5.649502
354.460000277	6.077558
356.459000111	5.850858
358.459000111	6.692038
360.482000113	6.488278
362.463000059	3.88581
364.459000111	5.070971
366.463000059	1.013782
368.458000183	2.714647
370.460000277	4.75794
372.459000111	1.919282
374.459000111	4.272347
376.463000059	1.310764
378.461000204	3.73763
380.458000183	5.398782
382.459000111	5.398782
384.458000183	5.398782
386.458000183	5.331047
388.462000132	4.546829
390.460000277	5.758699
392.461000204	2.413246
394.72300005	4.234475
396.710999966	4.415031
398.458000183	3.762763
400.710000038	3.762763
402.713000059	0.028296
404.710999966	1.129549
406.710000038	1.161491
408.710000038	0.820616
410.710999966	3.208745
412.710999966	0.014211
414.711999893	0.177177
416.710999966	5.215612
418.710000038	0.963905
420.709000111	3.597247
422.56400013	3.597247
424.710000038	0.839427
426.711999893	4.412089
428.717000246	4.412089
430.715000153	4.412089
432.715000153	1.29906
434.730999947	3.075828
436.710999966	1.840531
438.709000111	2.790354
440.711999893	4.632957
442.710999966	5.771701
444.710999966	1.611096
446.552000046	1.62704
448.716000319	4.994233
450.709000111	0.151281
452.708000183	4.69757
454.710000038	3.047485
456.711999893	2.169581
458.711999893	4.297236
460.711999893	0.829572
462.711999893	3.779856
464.709000111	4.462221
466.709000111	4.462947
468.713000059	3.839202
470.586000204	3.839202
472.711999893	3.839202
474.713999987	3.839202
476.710000038	3.573533
478.713000059	2.96694
480.713000059	2.96694
482.713000059	2.760544
484.713000059	3.354978
486.717000246	5.129357
488.708000183	4.547112
490.710999966	5.477397
492.709000111	0.032718
494.593000174	5.177739
496.715000153	5.177739
499.301000118	0.083455
502.263999939	2.08598
503.356000185	2.116797
504.709000111	1.923491
506.710000038	0.050023
508.711999893	0.04405
510.710999966	0.183426
512.877000093	0.088077
514.960000038	0.558774
516.709000111	0.085562
519.241000175	0.010233
521.021000147	0.011832
523.212000132	0.029158
527.226999998	2.411341
529.778000116	0.014116
530.471999884	0.040805
531.595000029	0.11201
532.959000111	3.716526
535.21600008	2.094664
537.209000111	0.029009
539.212000132	0.95087
541.210999966	3.229646
543.087000132	0.686027
545.218000174	4.677262
547.210000038	0.069989
549.212000132	0.017677
551.215000153	0.01285
553.209000111	1.051839
555.236000299	0.045841
557.215000153	2.899571
559.220000267	0.036442
561.210999966	0.115642
564.183000088	0.039548
566.403000116	0.712621
568.017000198	0.014975
569.084000349	2.475912
571.209000111	2.723703
573.210000038	3.699344
575.212000132	0.047639
577.212000132	0.977815
579.213999987	4.756947
581.210999966	0.114008
583.210000038	0.013536
585.210000038	0.03008
587.230999947	3.417584
589.231999874	0.370681
591.210000038	0.04133
593.210999966	0.533374
595.210999966	1.162533
597.209000111	0.003721
599.215000153	0.750748
601.210999966	4.893924
603.210000038	1.465664
605.231999874	0.849255
607.210000038	1.71801
609.213000059	3.969319
611.213000059	2.391607
613.209000111	0.156533
615.100000143	3.676721
617.213000059	0.26725
619.213000059	1.565161
621.209000111	4.476696
623.213000059	0.158307
625.181000233	0.019702
627.454999924	0.077777
629.210999966	1.098612
631.210999966	4.931569
633.210000038	2.753506
635.212000132	1.108455
637.215000153	0.414268
639.157000065	0.163587
641.653000116	0.010125
644.071000099	0.087021
645.976000071	0.036795
647.404000282	0.22144
649.21600008	0.003992
651.902000189	0.491419
653.210000038	3.618254
655.210999966	0.359746
657.213999987	0.351712
659.21600008	2.273455
661.210000038	0.043015
663.144000053	0.017783
665.210000038	2.035863
667.209000111	0.060798
669.209000111	0.10095
671.210999966	0.136823
673.221000195	1.054387
675.213000059	0.025334
677.210000038	4.13703
679.212000132	0.020436
681.210000038	0.015062
683.207999945	3.280981
685.210000038	1.531237
687.210999966	4.526153
689.234000206	0.063879
691.210999966	0.031168
693.210000038	0.245718
695.210999966	0.065622
697.213000059	0.020702
699.722000122	0.134451
702.492000341	0.013176
704.769000053	0.093671
705.950000048	0.041171
708.023000002	0.021358
710.427000046	0.093536
712.629000187	0.013117
714.407999992	0.027651
715.926000118	0.034997
717.209000111	1.030218
719.210000038	0.050581
721.212000132	5.102353
723.21600008	1.001814
725.209000111	0.804279
727.210999966	2.721443
729.210000038	1.933117
731.210000038	0.961913
733.210000038	1.001854
735.223999977	0.974213
737.209000111	0.065047
739.212000132	0.494776
741.213000059	2.959042
743.218000174	0.655955
745.217000246	2.26573
747.215000153	0.010133
749.213999987	0.01518
753.634000063	0.029832
754.327000141	0.014614
755.226999998	0.104456
757.207999945	0.029324
759.215000153	0.973951
761.967999935	0.02795
763.46600008	1.191714
765.233000278	2.883942
767.210000038	3.91903
769.231999874	0.992712
771.212000132	2.384524
773.210000038	0.288554
775.467000008	0.103921
777.212000132	0.004051
779.469000101	0.104361
781.535000086	0.496565
783.298000097	0.022442
785.463999987	1.280338
787.468000174	2.398903
789.46600008	0.089638
792.553000212	0.001277
793.26699996	0.191561
795.459000111	0.085562
797.309000254	0.800072
799.470000029	0.14855
801.46600008	0.011808
803.467000008	5.326476
805.465000153	0.01491
807.470999956	0.045501
809.46600008	2.01727
811.469000101	0.014375
813.463999987	0.19358
815.459000111	1.265998
817.460000277	3.2901
819.459000111	0.032129
821.319000006	1.041753
823.470000029	3.84816
825.46600008	4.629431
827.463000059	0.163197
829.470999956	0.05068
831.463000059	0.896399
833.469000101	0.040783
836.006999969	0.003662
837.460000277	0.115618
839.459000111	3.54552
841.34100008	0.066192
843.806999922	0.003399
845.599999905	0.027064
849.430000067	0.001508
850.194999933	0.149001
851.351000071	0.153624
853.461000204	0.122794
855.460000277	1.328758
857.468000174	0.029373
859.459000111	1.033885
861.462000132	0.485507
863.501000166	3.90533
865.463000059	1.163829
867.461000204	0.2473
869.459000111	0.999234
871.463000059	0.276321
873.463000059	0.062058
875.618999958	0.049926
877.335000038	0.01225
879.468000174	1.018245
881.462000132	0.870538
883.459000111	0.11906
885.463000059	0.119673
887.463999987	1.045116
889.461000204	1.16456
891.478000164	0.036647
893.459000111	4.051042
895.460000277	0.041788
897.459000111	1.167248
899.463999987	0.020064
901.459000111	3.623464
903.462000132	0.990141
905.475000143	3.580533
907.468000174	1.096908
909.460000277	2.856015
911.462000132	0.486764
913.733000278	0.061477
915.393000126	0.003233
918.558000088	0.034479
920.934999943	0.019435
921.653000116	0.171504
923.423000097	0.168441
925.460000277	0.246073
927.463000059	1.998369
929.462000132	0.045776
931.460000277	0.159693
933.475000143	5.622025
935.459000111	3.221627
937.473000288	4.463357
939.460000277	0.062815
941.459000111	4.729271
943.463999987	3.735772
945.463999987	0.047103
947.478000164	4.763563
949.459000111	2.492829
951.458000183	2.229381
953.459000111	3.952315
955.461000204	0.014905
957.461000204	5.221422
959.459000111	5.221422
961.473000288	4.625929
963.484000206	4.625929
965.462000132	4.748121
967.460000277	2.955071
969.459000111	3.022695
971.460000277	4.162215
973.460000277	1.043434
975.478000164	2.422364
977.459000111	0.199497
979.460000277	1.861765
981.460000277	5.118067
983.459000111	3.536963
985.458000183	1.000243
987.460000277	2.460412
989.477000237	3.026849
991.461000204	1.469347
993.461000204	4.438627
995.471999884	3.657645
997.458000183	4.417098
999.463000059	4.417098
1001.45900011	0.029781
1003.47400022	1.148477
1005.46200013	0.01922
1007.46700001	1.758784
1009.47199988	0.04179
1011.45800018	2.17466
1013.70800018	2.619902
1015.46000028	2.879927
1017.47800016	0.058434
1019.71399999	1.12732
1021.71700025	4.50146
1023.48699999	2.555554
1025.70800018	2.250286
1027.46000028	0.319341
1029.72600007	2.926737
1031.71000004	0.656921
1033.72000003	0.672164
1035.71000004	4.148997
1037.71000004	6.536979
1039.71000004	5.367661
1041.70900011	5.18791
1043.70900011	0.522064
1045.71000004	3.059148
1047.70900011	0.964761
1049.71800017	5.002851
1051.72000003	4.790769
1053.71000004	4.212033
1055.71500015	0.064094
1057.71099997	1.003806
1059.72900009	0.053709
1061.70900011	0.043185
1063.70900011	3.104173
1065.71099997	1.314968
1067.70800018	4.138004
1069.72100019	4.138004
1071.71399999	3.569669
1073.71300006	0.054914
1075.71099997	0.937742
1077.71000004	3.955208
1079.71000004	0.064269
1081.71000004	5.562185
1083.72000003	0.955816
1085.71000004	0.755977
1087.71000004	5.141754
1089.71199989	5.406956
1091.71199989	0.861636
1093.72100019	0.502265
1095.71099997	0.908724
1097.72000003	1.954382
1099.71000004	2.422682
1101.71099997	1.025991
1103.71099997	0.570173
1105.71300006	1.194924
1107.70900011	4.475557
1109.70900011	1.032368
1111.71099997	0.021741
1113.73300028	0.178158
1116.43600035	2.230695
1118.19800019	0.015176
1119.71000004	0.023612
1121.71300006	1.907584
1123.71199989	0.044078
1125.71000004	0.023236
1128.19800019	0.015642
1129.83999991	0.128048
1131.76799989	0.096895
1133.71300006	0.023463
1135.71099997	0.010668
1137.71300006	0.064312
1139.71000004	0.031372
1141.71199989	2.091621
1144.53800011	2.772715
1146.6559999	0.41106
1148.20600009	0.165573
1149.70900011	3.013376
1151.71000004	0.509975
1153.72200012	0.800186
1155.71300006	2.878231
1157.72100019	5.065354
1159.70800018	2.65234
1161.71399999	1.071259
1163.71000004	0.206473
1165.72600007	3.842933
1167.70900011	3.58268
1169.71000004	0.154922
1171.71000004	1.981374
1173.71099997	0.15969
1175.63300014	0.282282
1178.26699996	0.192425
1180.40900016	0.891654
1181.72300005	3.373336
1183.73200035	1.343837
1185.71099997	4.47611
1187.71000004	3.739197
1189.727	0.767898
1191.70900011	0.044212
1193.71000004	3.344438
1195.72300005	0.011987
1197.71300006	0.013238
1199.70900011	2.050206
1201.71300006	0.920491
1203.70900011	1.834165
1205.70900011	0.777871
1207.71000004	4.428996
1209.71000004	0.466847
1211.72400022	0.050717
1213.71300006	5.840221
1215.70900011	0.978623
1217.72400022	5.23438
1219.71099997	5.88467
1221.71199989	3.299845
1223.70800018	3.704656
1225.71300006	1.777804
1227.72300005	5.281407
1229.71500015	1.472306
1231.71000004	4.188522
1233.71500015	0.10797
1238.04200006	0.096354
1239.09200025	0.05715
1240.64400029	0.014998
1242.24600005	0.052559
1243.71099997	0.090311
1246.21000004	1.815942
1247.71500015	0.015055
1249.71099997	1.351536
1251.71199989	2.274329
1253.71600032	0.025576
1255.71000004	0.137765
1257.71099997	2.394498
1259.71000004	0.014518
1261.71000004	3.446944
1263.70900011	0.064638
1265.98600006	0.033534
1268.51200008	0.040634
1273.24799991	0.450968
1274.04699993	0.02007
1275.66700006	0.022898
1277.11500001	0.029392
1278.84400034	0.751862
1279.70900011	1.8879
1281.96300006	1.939897
1283.71000004	0.232345
1285.96200013	1.552335
1287.96200013	0.044552
1289.96400023	5.661896
1291.79500008	2.061967
1293.96000004	0.237083
1295.96700001	0.533624
1297.97500014	0.510952
1299.96500015	0.052449
1301.96400023	1.065329
1303.98800015	0.848283
1305.9610002	0.135707
1307.9610002	3.642297
1309.9610002	2.031466
1311.96400023	3.646879
1313.96700001	1.521178
1315.81800008	0.801443
1317.96000004	6.245866
1319.9610002	3.826688
1321.98399997	1.025616
1323.95800018	4.775484
1325.95900011	4.291814
1327.95900011	3.951515
1329.96000004	0.031347
1331.95900011	4.253777
1333.97600007	4.029528
1335.96000004	1.058164
1337.9610002	4.61744
1339.81100011	0.820379
1341.96500015	3.131592
1343.96200013	0.172146
1345.95900011	3.56606
1347.96000004	2.184125
1349.96000004	0.746391
1351.96700001	0.142042
1353.96300006	0.105292
1355.98100019	0.109729
1357.95900011	4.369756
1359.96000004	5.327064
1361.96000004	0.014497
1363.81200027	0.85356
1365.95900011	6.197576
1367.96400023	0.079448
1369.96700001	5.720453
1371.97000003	2.051245
1373.96000004	1.04095
1375.95800018	3.626043
1378.13100004	0.177224
1382.04299998	0.413759
1384.24900007	5.291987
1385.3670001	3.037557
1385.82900023	6.161781
1387.82600021	0.774538
1389.95900011	4.629027
1391.96000004	0.014781
1393.9610002	0.024138
1395.96000004	0.013686
1397.96000004	0.974964
1399.96600008	0.022115
1401.9610002	0.014317
1403.98600006	2.090154
1405.9610002	3.81526
1407.9610002	4.08946
1409.9610002	0.047177
1411.95900011	0.925874
1413.9610002	0.063764
1415.97000003	0.016401
1417.97099996	0.75782
1419.96000004	0.147432
1421.96200013	5.527641
1423.98600006	0.142004
1425.95900011	0.350439
1427.95900011	0.035736
1429.9690001	0.213853
1431.96300006	0.060337
1433.99199986	0.151513
1435.97200012	2.661176
1437.95800018	5.260401
1439.95900011	3.616605
1441.96400023	3.428251
1443.95800018	0.051097
1445.9610002	2.199952
1447.95900011	4.248595
1449.96000004	4.248595
1451.9610002	1.744337
1453.95900011	4.475766
1455.98300004	4.051115
1457.95800018	1.486365
1459.95900011	3.830222
1461.95900011	3.830222
1463.95900011	0.015865
1465.9610002	4.936649
1467.96000004	4.119737
1469.96000004	4.119737
1471.96000004	1.114627
1473.95800018	3.971446
1475.95900011	3.075778
1477.95800018	4.377301
1479.95900011	4.377301
1481.96000004	4.377301
1483.9610002	6.510272
1485.9610002	2.685054
1487.95900011	2.685054
1489.96000004	5.31727
1491.9610002	1.12323
1493.95800018	5.887397
1495.95900011	5.887397
1497.95800018	5.887397
1499.95900011	5.887397
1501.97000003	5.887397
1503.96400023	0.999118
1505.96300006	0.951715
1507.95900011	3.603472
1510.21099997	4.111718
1512.21200013	0.571818
1513.96000004	1.418782
1516.21399999	2.97029
1517.96000004	2.97029
1520.25200033	2.97029
1522.21200013	3.617509
1523.95800018	3.752946
1526.21000004	4.21761
1528.22900009	2.173272
1529.95900011	3.044825
1532.21099997	3.648404
1534.21500015	5.285802
1536.21000004	5.37517
1538.21000004	5.608362
1540.21200013	2.372263
1542.21300006	1.567199
1544.21200013	5.555308
1546.21200013	4.029248
1548.21300006	0.019956
1550.21099997	5.564395
1552.21200013	2.746062
1554.21000004	2.369322
1556.21500015	3.688735
1558.21300006	1.798033
1560.21399999	5.260949
1562.21000004	5.260949
1564.21000004	2.569488
1566.21500015	0.95954
1568.21000004	1.722015
1570.20799994	3.232084
1572.22200012	1.518422
1574.21600008	5.035725
1576.21000004	5.035725
1578.22800016	3.626056
1580.22100019	3.09164
1582.21500015	1.824575
1584.21000004	3.183441
1586.21000004	4.488513
1588.21000004	0.065342
1590.21500015	0.871305
1592.21300006	0.087635
1594.07600021	2.02822
1596.21099997	3.173073
1598.21099997	5.529577
1600.22300005	1.923481
1602.21700025	0.011972
1604.21099997	0.028119
1606.21500015	0.139582
1608.03500009	0.741569
1610.21099997	1.211621
1612.21099997	1.538259
1614.21700025	0.033277
1617.61000013	0.056785
1622.16799998	0.004113
1623.78500009	0.003928
1624.56900024	0.009681
1625.16900015	0.080161
1626.50000024	0.037279
1628.20100021	0.014929
1631.22900009	0.588773
1632.75600028	3.037465
1634.21600008	0.239335
1636.21600008	0.292314
1638.21200013	0.019276
1640.21200013	0.014562
1642.54699993	0.207638
1644.2190001	0.255617
1646.21099997	0.097705
1648.21099997	0.60443
1650.21099997	0.021733
1652.21099997	0.027908
1654.21099997	5.158554
1656.21099997	5.105567
1658.21099997	0.02202
1660.21700025	0.09464
1662.45000005	0.562893
1664.21099997	1.625243
1666.21099997	0.009692
1668.21200013	0.262659
1670.21600008	0.018441
1672.21300006	0.022077
1674.21099997	0.120706
1676.21200013	0.958211
1678.21099997	2.231406
1680.21200013	1.773665
1682.21000004	3.128451
1684.21099997	0.680986
1686.20900011	0.790275
1688.21099997	0.052462
1690.31000018	0.04504
1692.21399999	0.014625
1694.21099997	0.134212
1696.21099997	0.022756
1698.22000027	4.412131
1700.21600008	5.939107
1702.21099997	0.835774
1704.21099997	1.591599
1706.21099997	0.012087
1708.21099997	0.393931
1710.21200013	0.012387
1712.21200013	0.670137
1714.23199987	0.713868
1716.21099997	4.92899
1718.21000004	0.995333
1720.21099997	0.984215
1722.21099997	0.521974
1724.21099997	0.011024
1726.21099997	0.003666
1728.21399999	4.118096
1730.21099997	2.212765
1732.21300006	0.142264
1734.80800009	1.529543
1737.76100016	3.426581
1739.66400003	3.660037
1740.21099997	3.499595
1742.21200013	1.075572
1744.21099997	0.816527
1746.23500013	0.780046
1748.21099997	1.050701
1750.21099997	0.011877
1752.4610002	0.014967
1754.45900011	3.424987
1756.21099997	1.528996
1758.46000028	1.215951
1760.46000028	0.262441
1762.31999993	1.080237
1764.46500015	0.040407
1766.46000028	0.313671
1768.46000028	5.212198
1770.4610002	2.323797
1772.46000028	1.038433
1774.4610002	1.660736
1776.4610002	3.704004
1778.4610002	0.061992
1780.4610002	5.52192
1782.4610002	3.729296
1784.46000028	0.537767
1786.46200013	1.286692
1788.48799992	0.010351
1790.94400001	0.131013
1794.02200007	0.015808
1796.74300003	2.203692
1798.27800012	0.396768
1799.17200017	3.971475
1800.46300006	0.797494
1802.45900011	0.154349
1804.45900011	0.033858
1806.46200013	3.939396
1808.46200013	0.082547
1810.29400015	1.028314
1812.46200013	0.183575
1814.46000028	3.216678
1816.45800018	0.039712
1818.47800016	0.035496
1820.46200013	1.067571
1822.46200013	3.759467
1824.46200013	4.614507
1826.46200013	0.087372
1828.45900011	3.222967
1830.4610002	1.598342
1832.46200013	4.01968
1834.30299997	1.004949
1836.45800018	0.905257
1838.46300006	4.783714
1840.46399999	0.375486
1842.46200013	4.734209
1844.45900011	0.033382
1846.37700009	0.003607
1848.46500015	0.27018
1851.05700016	2.290402
1852.49300027	0.954796
1854.47099996	2.445218
1856.46800017	1.752423
1858.45900011	5.390355
1860.46000028	3.694963
1862.46399999	6.185818
1864.46399999	4.137717
1866.46000028	6.119851
1868.45900011	1.183545
1870.46000028	0.13286
1872.34800029	0.030001
1874.83899999	0.199177
1876.67600012	2.165888
1878.45900011	0.152425
1880.46200013	0.46123
1882.40700006	0.013749
1884.45800018	0.071174
1886.4610002	0.320794
1888.45900011	1.392805
1890.46000028	3.806086
1892.45900011	4.266809
1894.46200013	4.73035
1896.46300006	0.710176
1898.46000028	1.51436
1900.48100019	0.022722
1902.50699997	0.860183
1904.45900011	0.407787
1906.43000007	0.025259
1908.45900011	0.023199
1910.46000028	0.037669
1912.46200013	3.524916
1914.46700001	0.782663
1916.45900011	0.011957
1918.46000028	0.080126
1920.50699997	0.079137
1922.45900011	1.82659
1924.4610002	1.688293
1926.4610002	0.099408
1928.46300006	0.025421
1930.50000024	0.392624
1932.46000028	6.195152
1934.46000028	0.014678
1936.45900011	0.120743
1938.46000028	1.260543
1940.46200013	4.305457
1942.45900011	0.041733
1944.4690001	0.055562
1947.57200027	0.053718
1949.76799989	0.245382
1951.20200014	0.091537
1952.4610002	2.290341
1954.45900011	1.007031
1956.4610002	0.154939
1958.46000028	0.208059
1960.74300003	0.017132
1962.46200013	0.02292
1964.46000028	0.013432
1966.46500015	0.468961
1968.45900011	1.648635
1970.46000028	0.212528
1972.46000028	2.148078
1975.29700017	0.021522
1976.93200016	0.312239
1979.57300019	0.12624
1981.28200006	0.994505
1982.45900011	5.458793
1984.45800018	2.466001
1986.46399999	6.795836
1988.46000028	3.975902
1990.4610002	0.171202
1992.60100007	5.001653
1994.46000028	3.838929
1996.46200013	1.98208
1998.45900011	1.213189
2000.47199988	0.16468
2002.46000028	0.054454
2004.71199989	0.098148
2006.7980001	3.59242
2008.71000004	0.004149
2010.71000004	2.780753
2012.74399996	1.037359
2014.71000004	0.915598
2016.55999994	1.000652
2018.71000004	0.068647
2020.71399999	1.918766
2022.70900011	6.049931
2024.72100019	0.00362
2026.71099997	1.03142
2028.71099997	0.197391
2030.71099997	4.651891
2032.71000004	4.367894
2034.71000004	1.171521
2036.7190001	1.200852
2038.70800018	2.595729
2040.57500005	3.74093
2042.71099997	4.623682
2044.71000004	4.655232
2046.71099997	1.021545
2048.71000004	0.139584
2050.71399999	0.95313
2052.71199989	0.033341
2054.71199989	1.681995
2056.70900011	0.193879
2058.70800018	5.20153
2060.71199989	0.027149
2062.71099997	0.156183
2064.55200005	1.004909
2066.71099997	0.775005
2068.71300006	0.348747
2070.71099997	5.285902
2072.70800018	4.745003
2074.71199989	0.924769
2076.71099997	5.063064
2078.71099997	0.068141
2080.71600032	0.018102
2082.70800018	1.774595
2084.70900011	0.024529
2086.72100019	0.09741
2088.55600023	4.670195
2090.71399999	0.034741
2092.71300006	0.512002
2094.71300006	1.136565
2096.71300006	0.084415
2098.70900011	3.669862
2100.71000004	4.136454
2102.71399999	0.043456
2104.70800018	0.831201
2106.71300006	4.081502
2108.70900011	2.575637
2110.73800015	3.390698
2112.76799989	5.52482
2114.70800018	3.168975
2116.70800018	0.233758
2118.70800018	4.646334
2120.70800018	4.318143
2122.71500015	4.572726
2124.70800018	5.01648
2126.73400021	1.938997
2128.71300006	0.019318
2130.71000004	0.013452
2132.71099997	3.161452
2134.70900011	0.115181
2136.71000004	5.246218
2138.70900011	0.041276
2140.71300006	5.117432
2142.71000004	0.010269
2144.74900007	0.015461
2146.71000004	0.917268
2148.70900011	1.35061
2150.71500015	1.043478
2152.70900011	0.097939
2154.70900011	0.189583
2156.71700025	0.487907
2158.70900011	0.304265
2160.71000004	1.018883
2162.70900011	4.603855
2164.71199989	0.050674
2166.71000004	0.01376
2168.77200031	0.015153
2170.71099997	0.039451
2172.71000004	1.873039
2174.71000004	0.421814
2176.70900011	1.006974
2178.71000004	0.232501
2180.71000004	0.13808
2182.71099997	3.956516
2184.70900011	1.011434
2186.70900011	0.015386
2188.70900011	0.044239
2190.71000004	1.329697
2192.73200035	0.108742
2195.25200033	0.060163
2197.73700023	0.166725
2199.92500019	0.010555
2201.14000034	0.013925
2203.06100011	0.573597
2207.61200023	0.046156
2208.25800014	0.052732
2210.72600007	0.209118
2211.9460001	0.009593
2212.94300008	0.140717
2214.70900011	0.059448
2216.70900011	0.393866
2218.71199989	0.029079
2220.71099997	0.168171
2222.71800017	0.015351
2224.71000004	0.041027
2226.71000004	0.951874
2228.70900011	0.245977
2230.70900011	0.221167
2232.72100019	0.177779
2237.92799997	0.062791
2240.9519999	2.343794
2242.77200031	0.625359
2243.32200003	1.43438
2243.95800018	3.864541
2244.80200005	4.546801
2246.73300028	4.563932
2248.71000004	0.246377
2250.71300006	1.621946
2252.70900011	1.761355
2254.95900011	1.673307
2256.72300005	0.296541
2258.96300006	0.265583
2260.96000004	1.785485
2262.9610002	1.785485
2264.95800018	1.785485
2266.97099996	1.848166
2268.95900011	1.848166
2270.95800018	3.285376
2272.95900011	4.03874
2274.96500015	0.014806
2276.96000004	1.182305
2278.96200013	0.985053
2280.96000004	5.964079
2282.98300004	0.015069
2284.95900011	0.536829
2286.95900011	1.725656
2288.9610002	4.478307
2290.97500014	0.037235
2292.96200013	3.163847
2294.96000004	3.889514
2296.96000004	2.027975
2298.96000004	0.014388
2300.95900011	2.807021
2302.96799994	3.263868
2304.95900011	1.923052
2306.95900011	2.993782
2308.97000003	4.287239
2310.96200013	0.048262
2312.97500014	0.024509
2314.91199994	0.003505
2317.56200004	0.014448
2319.50800014	0.3541
2320.9610002	0.992279
2322.95900011	3.531946
2324.95800018	5.249546
2326.97500014	2.914157
2328.97500014	4.252359
2330.9610002	0.428682
2332.9610002	4.827009
2334.9610002	4.823397
2336.96500015	5.558298
2338.95900011	0.041095
2340.96300006	1.026726
2342.96200013	0.014476
2344.96600008	1.450918
2346.96200013	1.004265
2348.95900011	3.9919
2350.97000003	0.149687
2352.96300006	3.114611
2354.96300006	1.305275
2356.96200013	0.547646
2358.96200013	0.531001
2360.96400023	0.145916
2362.97000003	0.013429
2364.95900011	4.040284
2366.96300006	2.937746
2368.96600008	2.885699
2370.96300006	6.365553
2372.97000003	4.306654
2374.96300006	0.059491
2376.96400023	0.029448
2378.9690001	0.064907
2380.9610002	0.122973
2382.96000004	0.032639
2384.91900015	0.122231
2387.03000021	0.186539
2389.43499994	0.31662
2390.93300009	4.319722
2392.96400023	0.013842
2394.95900011	0.307229
2396.9610002	2.250863
2398.95900011	0.122538
2400.96400023	0.064754
2402.96799994	1.954136
2404.95900011	0.011755
2406.96000004	0.912229
2408.9610002	4.213555
2410.9610002	4.011135
2412.95800018	0.030082
2414.95800018	3.999675
2416.96799994	4.182748
2418.96000004	5.209887
2420.96000004	1.732967
2422.96400023	2.255061
2424.96000004	1.270923
2426.95900011	3.358174
2428.95800018	0.026611
2430.95800018	3.827533
2432.96000004	0.366727
2434.97700024	1.312661
2436.95900011	1.312661
2438.95900011	1.312661
2440.95900011	1.406613
2442.95900011	0.170609
2444.96200013	2.477314
2446.95800018	2.880697
2448.96000004	2.880697
2450.95800018	1.190885
2452.98100019	2.919898
2454.95900011	1.317352
2456.96000004	1.000571
2458.96700001	3.118929
2460.96000004	0.310276
2462.9610002	2.770736
2464.96000004	0.21531
2466.95900011	2.800735
2468.96000004	0.973057
2470.95800018	0.044495
2472.96600008	1.805636
2474.95800018	0.050132
2476.98000026	0.226124
2478.96000004	2.588899
2480.95800018	1.262455
2482.95800018	4.684379
2484.95800018	5.317088
2486.95700026	5.317088
2488.95900011	4.990576
2490.96000004	0.042177
2492.95800018	4.590719
2494.95700026	4.455384
2496.95800018	1.539136
2499.21000004	4.27367
2500.95800018	4.200873
2502.95700026	6.018226
2505.227	3.570825
2506.96000004	3.570825
2508.95900011	3.570825
2511.05900002	2.486462
2513.20799994	5.64744
2515.21099997	5.64744
2517.20799994	2.959813
2519.21200013	0.11277
2521.20799994	2.612438
2523.21600008	3.732686
2525.21000004	4.138387
2527.20900011	2.611698
2529.20799994	3.304292
2531.20900011	0.960301
2533.20799994	6.014746
2535.05000019	6.014746
2537.21700025	6.014746
2539.21000004	6.014746
2541.21000004	4.300671
2543.21000004	2.727776
2545.21099997	4.472772
2547.21099997	4.472772
2549.21000004	4.472772
2551.21700025	3.942655
2553.21000004	0.046408
2555.20900011	1.485222
2557.20900011	2.848319
2559.05700016	4.161525
2561.21000004	4.967342
2563.20900011	4.967342
2565.22300005	4.967342
2567.20900011	4.967342
2569.20900011	0.670616
2571.21000004	0.670616
2573.21200013	1.28064
2575.21000004	0.021095
2577.21399999	1.892568
2579.21700025	4.543598
2581.20900011	3.400635
2583.21000004	1.258036
2585.21000004	5.169595
2587.21200013	2.798377
2589.21000004	4.997384
2591.21000004	0.111745
2593.21399999	3.888282
2595.21099997	4.596445
2597.21399999	4.087086
2599.21000004	4.145577
2601.21399999	1.835234
2603.20900011	0.998971
2605.20900011	5.877627
2607.14400005	0.06023
2609.21099997	0.035931
2611.21300006	0.102698
2613.14700007	0.828241
2615.21300006	0.085387
2617.21200013	0.229661
2619.20900011	0.055746
2621.23199987	0.021782
2623.22500014	1.176363
2625.22100019	3.014057
2627.21200013	2.972454
2629.21200013	0.929735
2631.21600008	4.687374
2633.23500013	3.254997
2635.21800017	2.573828
2637.20799994	2.573828
2639.21200013	3.098299
2641.21399999	3.270678
2643.21300006	3.378928
2645.21500015	2.255049
2647.20799994	2.551863
2649.21600008	0.082775
2651.22600007	4.450918
2653.21399999	4.450918
2655.21300006	1.037565
2657.21200013	2.366575
2659.21099997	2.366575
2661.20799994	4.678063
2663.22000027	4.067951
2665.20799994	4.330398
2667.21000004	2.669546
2669.20799994	5.178777
2671.20799994	5.178777
2673.21500015	0.787416
2675.21000004	1.903212
2677.22100019	5.468242
2679.21200013	1.469029
2681.20900011	0.013799
2683.21000004	0.014544
2685.22300005	4.464262
2687.20900011	0.050084
2689.21399999	1.541701
2691.22000027	1.541701
2693.21099997	4.7331
2695.20799994	4.7331
2697.20900011	4.7331
2699.20900011	4.7331
2701.22100019	4.023521
2703.20900011	2.721424
2705.23500013	3.61826
2707.20700002	4.862761
2709.20900011	4.205695
2711.21099997	4.205695
2713.21000004	3.236152
2715.22399998	1.489824
2717.21200013	0.041779
2719.22100019	2.822464
2721.22800016	5.384491
2723.20900011	1.04704
2725.20799994	0.56302
2727.20900011	2.853333
2729.22000027	1.578276
2731.20900011	2.955397
2733.25800014	5.267202
2735.20900011	2.109261
2737.20900011	3.681684
2739.46000028	3.964865
2741.2190001	0.037889
2743.20799994	4.841584
2745.20900011	2.910846
2747.2190001	2.773596
2749.20799994	3.092278
2751.20799994	3.947208
2753.21000004	5.456829
2755.4610002	2.925567
2757.45900011	3.778906
2759.20900011	1.016029
2761.45800018	4.326016
2763.45800018	3.004943
2765.32500029	5.478848
2767.46200013	5.478848
2769.45900011	5.478848
2771.49000001	0.03781
2773.45800018	4.720045
2775.45800018	2.656433
2777.45800018	0.100816
2779.45800018	4.604929
2781.45800018	3.373786
2783.45800018	3.590249
2785.45800018	5.418418
2787.46200013	2.978198
2789.30599999	1.509353
2791.45900011	5.449834
2793.4610002	5.449834
2795.45800018	4.314514
2797.45800018	1.274081
2799.45900011	0.95287
2801.46200013	0.295011
2803.46200013	1.293776
2805.46300006	3.675126
2807.4610002	3.821741
2809.46200013	0.811179
2811.4610002	2.581
2813.30500007	3.490044
2815.45900011	0.021997
2817.4610002	4.894124
2819.45900011	2.168295
2821.46300006	5.593309
2823.46300006	5.902173
2825.47199988	5.902173
2827.46600008	5.902173
2829.46300006	5.902173
2831.45900011	5.902173
2833.45900011	5.902173
2835.45900011	5.902173
2837.34000015	5.902173
2839.4610002	5.902173
2841.4610002	5.902173
2843.45900011	5.902173
2845.46000028	5.902173
2847.4610002	5.902173
2849.48900008	5.902173
2851.46000028	5.902173
2853.4610002	1.500555
2855.4610002	0.924115
2857.46000028	0.970738
2859.4610002	3.912061
2861.46000028	5.01017
2863.45800018	0.157916
2865.46300006	3.840686
2867.47300029	3.935582
2869.4610002	3.254562
2871.46399999	2.296863
2873.4610002	3.212784
2875.4610002	0.63395
2877.45800018	0.704263
2879.45800018	0.020263
2881.47400022	2.482014
2883.46500015	5.367819
2885.40300012	0.041823
2887.46300006	2.913525
2889.46200013	0.457269
2891.45900011	0.393942
2893.46300006	5.039731
2895.46200013	1.044063
2897.46300006	5.65084
2899.46200013	4.685798
2901.45800018	4.537288
2903.46500015	4.30354
2905.46200013	0.982126
2907.46200013	3.41896
2909.45800018	2.184628
2911.45800018	0.024707
2913.45800018	1.495308
2915.47600031	0.649735
2917.46200013	4.391148
2919.46200013	4.650373
2921.46300006	4.744367
2923.45900011	0.988186
2925.46300006	4.851518
2927.45800018	0.728621
2929.45800018	4.888051
2931.46300006	5.444999
2933.46399999	5.535864
2935.46300006	1.065655
2937.45900011	0.067843
2939.45900011	0.967854
2941.45800018	1.024511
2943.45800018	5.158682
2945.45800018	3.54843
2947.45800018	3.54843
2949.45800018	1.191898
2951.46600008	0.698729
2953.45900011	1.571257
2955.45900011	3.078059
2957.45800018	0.914235
2959.45900011	5.083412
2961.45800018	4.6698
2963.45900011	4.263421
2965.46000028	1.381095
2967.45800018	4.963329
2969.45900011	3.232374
2971.45800018	3.376308
2973.45900011	0.056082
2975.45800018	2.590905
2977.45900011	2.323159
2979.45900011	0.073192
2981.46800017	1.010676
2983.46200013	0.036673
2985.45900011	0.505118
2987.46000028	4.386091
2989.70800018	0.040322
2991.45900011	3.249241
2993.45800018	3.611575
2995.45800018	4.920417
2997.45800018	4.920417
2999.46000028	0.119773
3001.45800018	4.888726
3003.45900011	4.317744
3005.71099997	4.317744
3007.73000002	1.998236
3009.46200013	4.918392
3011.72000003	1.569759
3013.70800018	1.179883
3015.70900011	6.205598
3017.71000004	4.234027
3019.71199989	0.034716
3021.73000002	3.66267
3023.74600005	4.887004
3025.70900011	3.506087
3027.70800018	3.644964
3029.70700002	5.262703
3031.71199989	5.203058
3033.71000004	1.999149
3035.71300006	4.321686
3037.727	1.603898
3039.71300006	4.060269
3041.73099995	2.028675
3043.70900011	2.877633
3045.71099997	3.168748
3047.70800018	3.846611
3049.70800018	3.098624
3051.73099995	3.098624
3053.71000004	0.015993
3055.71000004	2.990114
3057.70700002	2.990114
3059.70800018	2.990114
3061.70800018	4.598754
3063.71099997	1.640182
3065.73600006	4.503358
3067.71199989	4.503358
3069.71099997	4.503358
3071.70800018	3.923757
3073.71199989	4.382044
3075.70800018	4.382044
3077.71099997	4.382044
3079.7420001	4.382044
3081.71099997	4.073716
3083.71000004	4.073716
3085.71000004	4.073716
3087.70800018	4.073716
3089.70900011	1.880188
3091.70800018	0.015403
3093.727	4.091217
3095.70900011	5.107926
3097.70900011	2.558094
3099.70900011	4.481958
3101.70900011	5.089748
3103.70900011	2.155136
3105.71199989	3.841782
3107.72900009	1.040575
3109.70700002	4.274059
3111.70900011	4.274059
3113.70900011	4.274059
3115.71000004	4.274059
3117.70900011	4.274059
3119.71000004	5.112942
3121.76400018	4.683846
3123.71099997	2.659091
3125.71099997	2.340539
3127.71300006	0.167553
3129.71300006	4.795818
3131.73400021	1.239424
3133.71099997	3.530937
3135.73000002	3.530937
3137.71199989	3.530937
3139.71199989	4.000102
3141.71099997	0.019344
3143.71099997	1.119863
3145.71099997	3.768939
3147.70800018	1.120512
3149.72900009	5.016575
3151.71199989	5.208562
3153.71099997	0.043127
3155.71099997	5.267903
3157.71199989	3.466863
3159.71099997	4.005861
3161.71099997	0.097706
3163.73000002	2.862114
3165.71300006	4.817446
3167.70800018	4.382817
3169.71199989	4.369699
3171.71199989	4.268667
3173.71199989	0.03225
3175.71600032	0.340914
3180.46399999	0.043113
3183.03500009	0.107248
3185.99300027	0.088865
3186.44500017	0.014717
3187.27999997	0.084109
3188.07700014	0.429634
3189.71399999	4.739085
3191.73300028	3.714249
3193.70700002	4.770874
3195.70800018	3.165493
3197.70800018	5.771593
3199.71300006	0.30307
3201.71300006	4.497271
3203.70800018	0.48172
3205.70800018	0.014211
3207.70900011	0.999705
3209.73099995	5.094392
3211.7190001	6.043355
3213.70800018	0.408412
3215.71500015	5.774129
3217.71500015	0.015828
3219.70800018	2.852038
3221.71300006	0.054546
3223.70800018	3.04784
3225.71600032	4.139206
3227.71700025	0.061265
3229.71399999	5.326977
3231.70900011	1.025178
3233.73800015	0.013611
3235.71600032	0.015885
3237.7900002	0.139608
3240.22200012	0.024069
3242.02699995	0.231918
3243.70900011	2.345401
3245.97200012	0.797987
3247.70900011	3.703254
3249.71399999	0.200973
3251.70800018	1.095893
3253.70700002	0.302911
3255.70700002	3.702136
3257.97500014	2.595349
3259.70800018	4.785637
3261.95700026	0.040065
3263.95900011	5.767234
3265.96000004	3.844041
3267.95800018	3.050727
3269.9690001	6.252
3271.95900011	0.017329
3273.96000004	2.451467
3275.8840003	2.645128
3277.95800018	0.014056
3279.95800018	1.07974
3281.95900011	2.172549
3283.82700014	5.03695
3285.95900011	6.934203
3287.95800018	1.140388
3289.96000004	1.10218
3291.89700007	0.028514
3293.95800018	3.067134
3295.96400023	1.730454
3297.9940002	0.021782
3301.57300019	0.061598
3303.52200007	3.242961
3305.13899994	0.045618
3305.78699994	0.290129
3307.80599999	0.936408
3309.9610002	5.386141
3311.95800018	3.705667
3313.9940002	2.063422
3315.95900011	2.882833
3317.95800018	3.751402
3319.95900011	1.371787
3321.96000004	4.289319
3323.98200011	0.02022
3325.95900011	3.817601
3327.95900011	1.891953
3329.9610002	3.019498
3331.81800008	4.217677
3333.95900011	4.635857
3335.95700026	0.868151
3337.97500014	0.023232
3339.95800018	4.053211
3341.95700026	3.708356
3343.95900011	4.800138
3345.95800018	0.474263
3347.95900011	2.717703
3349.95900011	0.015292
3351.95800018	5.822228
3353.95800018	4.132897
3355.95900011	5.616549
3357.96200013	3.675165
3359.96000004	0.013984
3361.95900011	1.158539
3363.96400023	5.43545
3365.96000004	0.018871
3367.95900011	3.686263
3369.96300006	5.343644
3371.95800018	3.590632
3373.9610002	1.774379
3375.95900011	1.741069
3377.96200013	0.782268
3379.90100026	0.013787
3381.96000004	3.12616
3383.96000004	3.892115
3385.95800018	1.755672
3387.95700026	0.017271
3389.95700026	0.861466
3391.99199986	0.086835
3393.96000004	3.968389
3395.95900011	4.590879
3397.96000004	0.026601
3399.96000004	1.051929
3401.95800018	1.417251
3403.95700026	5.046808
3405.96000004	3.290874
3407.96000004	2.258884
3409.96200013	4.180358
3411.96000004	3.503214
3413.9690001	2.584611
3415.96300006	1.982989
3417.95900011	4.655889
3419.9610002	3.004532
3421.9610002	0.02274
3423.96200013	3.268718
3425.95900011	0.468557
3427.91400003	0.039835
3429.95800018	3.252358
3431.9610002	3.666293
3433.96200013	0.174012
3435.9610002	0.925782
3437.9940002	0.050329
3439.95800018	0.319209
3441.96000004	0.868315
3443.96200013	0.027775
3445.96200013	1.752115
3447.96200013	1.038296
3449.96500015	0.015139
3451.95800018	1.993505
3453.95700026	3.006992
3455.96500015	3.295734
3457.96200013	3.943024
3459.95800018	0.462445
3461.96200013	2.448684
3463.96200013	0.582407
3465.96400023	1.106698
3467.95800018	5.34469
3469.96600008	0.901068
3471.95900011	0.015455
3473.95900011	1.025229
3475.96500015	0.998207
3477.96300006	5.08391
3479.96300006	0.015471
3481.96300006	0.572813
3483.95700026	3.778607
3485.96300006	0.89653
3487.96500015	0.06233
3489.95800018	0.030013
3491.95900011	0.019757
3494.40900016	0.035097
3496.27000022	0.166818
3497.96500015	2.678318
3499.95800018	0.806161
3502.20900011	4.289737
3504.20799994	4.754176
3505.95800018	0.514874
3508.20799994	3.490111
3510.21099997	0.997321
3512.20799994	2.892569
3514.21200013	0.203253
3516.20900011	1.212044
3518.20799994	1.088611
3520.20900011	0.019082
3522.21200013	5.368336
3524.20799994	2.643483
3526.21099997	4.440188
3528.21600008	3.503378
3530.20799994	1.146427
3532.21099997	0.045308
3534.20799994	3.177609
3536.21000004	3.384392
3538.20700002	3.384392
3540.20799994	2.40925
3542.20799994	1.994537
3544.20700002	2.567603
3546.20700002	1.953809
3548.21099997	5.594825
3550.20700002	0.223343
3552.20700002	2.378254
3554.24000001	2.378254
3556.20600009	2.378254
3558.20700002	0.926258
3560.20700002	3.907322
3562.20700002	0.015971
3564.21099997	4.755512
3566.20799994	4.388693
3568.20600009	4.388693
3570.20700002	4.388693
3572.20799994	3.324727
3574.20900011	3.8904
3576.23000002	4.278472
3578.20799994	3.724653
3580.20799994	4.869035
3582.20700002	3.997096
3584.20700002	3.826629
3586.21099997	4.81937
3588.20799994	3.015468
3590.20700002	2.853831
3592.20700002	3.227161
3594.20700002	3.227161
3596.22000027	2.773897
3598.20799994	1.359031
3600.21000004	3.048616
3602.21500015	2.141291
3604.20799994	3.141562
3606.20700002	2.32032
3608.20799994	3.228011
3610.20700002	3.393844
3612.20799994	3.781415
3614.21099997	3.781415
3616.20799994	4.440869
3618.20700002	4.440869
3620.21099997	4.440869
3622.20700002	4.256265
3624.23199987	4.030081
3626.20700002	4.030081
3628.24100018	4.717296
3630.20799994	3.955207
3632.20799994	4.082915
3634.20799994	4.173002
3636.22399998	4.173002
3638.21099997	4.460621
3640.20700002	4.460621
3642.20799994	4.460621
3644.22200012	4.460621
3646.21099997	4.460621
3648.21200013	4.442511
3650.21099997	3.085617
3652.23800015	4.543353
3654.20600009	3.244477
3656.20600009	3.244477
3658.20900011	2.915462
3660.21099997	2.901537
3662.21099997	5.643903
3664.21099997	4.188791
3666.21099997	4.889379
3668.20700002	4.889379
3670.22399998	6.134671
3672.21099997	3.689638
3674.21300006	5.460169
3676.21099997	2.962411
3678.21300006	4.761895
3680.23400021	0.061211
3682.20900011	5.051425
3684.20799994	5.198229
3686.21099997	4.854335
3688.21099997	6.228142
3690.21200013	0.015562
3692.21200013	1.761012
3694.20900011	0.070643
3696.21000004	0.101817
3698.2420001	1.558412
3700.21200013	3.272562
3702.21099997	2.535552
3704.21099997	0.089805
3706.21099997	1.397536
3708.21600008	3.942831
3710.21099997	1.445797
3712.20799994	3.6464
3714.21099997	5.660335
3716.20799994	3.530104
3718.21200013	4.226888
3720.20799994	0.049706
3722.20799994	0.019165
3724.20799994	2.96911
3726.21500015	5.509304
3728.21099997	3.621014
3730.21399999	0.030563
3732.20700002	1.233086
3734.20700002	2.743324
3736.20700002	0.996671
3738.21200013	0.547524
3740.20799994	0.942317
3742.47300029	0.540399
3744.21099997	0.076638
3746.21500015	0.023241
3748.20799994	4.497755
3750.20700002	0.803997
3752.45700026	1.609853
3754.20799994	0.080143
3756.20799994	0.473438
3758.47600031	1.76722
3760.45900011	0.366929
3762.46000028	1.317954
3764.27600026	0.023161
3766.46200013	0.055552
3768.45800018	0.410522
3770.45700026	1.949056
3772.45900011	3.712625
3774.45800018	3.23821
3776.45900011	3.43506
3778.30800033	4.833246
3780.48600006	1.039748
3782.45700026	2.755353
3784.45800018	1.300577
3786.45700026	4.413635
3788.47700024	2.803484
3790.45800018	4.415534
3792.45800018	4.708124
3794.46000028	5.036077
3796.45600009	2.290722
3798.45700026	3.207236
3800.45900011	1.79528
3802.30100012	6.001245
3804.47700024	0.202975
3806.45700026	0.059527
3808.46200013	0.073869
3810.45900011	3.961296
3812.45800018	3.961296
3814.46000028	1.303065
3816.45700026	0.045553
3818.45700026	0.385967
3820.45800018	1.619577
3822.47600031	0.931211
3824.31100011	0.108433
3826.55999994	0.294324
3828.45800018	0.049455
3830.45900011	0.036782
3833.71099997	0.043312
3836.31900001	0.087323
3837.96000004	0.027339
3838.99700022	0.011033
3840.79600024	0.003603
3842.47300029	0.066022
3847.57200027	1.945725
3849.06399989	0.074046
3850.1880002	0.513827
3851.0250001	0.410326
3852.45800018	0.263256
3854.45800018	0.068773
3856.45900011	0.107686
3858.46000028	3.570658
3860.45700026	0.991805
3862.45700026	1.224256
3864.45800018	3.014446
3866.45700026	1.118293
3868.45800018	1.335366
3870.45700026	4.392594
3872.46000028	3.364187
3874.45800018	3.364187
3876.47099996	5.945597
3878.45900011	5.945597
3880.46000028	5.945597
3882.45700026	5.945597
3884.45600009	4.28378
3886.4610002	4.28378
3888.45700026	4.28378
3890.45800018	0.020543
3892.45900011	2.471584
3894.45800018	4.481322
3896.45700026	4.541092
3898.45800018	4.62793
3900.45800018	1.63107
3902.4610002	3.822316
3904.45800018	1.724362
3906.4610002	5.612022
3908.46200013	1.999526
3910.4690001	2.091083
3912.4610002	3.377223
3914.45800018	2.359339
3916.4940002	5.25479
3918.4610002	5.25479
3920.45800018	0.762288
3922.46200013	0.85418
3924.45900011	4.379098
3926.46200013	1.121728
3928.45900011	5.263624
3930.45700026	5.211454
3932.47300029	3.106012
3934.45900011	3.799026
3936.45900011	5.080767
3938.45800018	4.39278
3940.45600009	4.39278
3942.47900009	1.980603
3944.45700026	3.180397
3946.45800018	4.412794
3948.46000028	2.39653
3950.45900011	0.437853
3952.46000028	2.97128
3954.45900011	3.502765
3956.46000028	0.864972
3958.46300006	2.3318
3960.45900011	5.157429
3962.46000028	5.157429
3964.46000028	5.157429
3966.46000028	3.600518
3968.46000028	1.710383
3970.4610002	4.048774
3972.4610002	4.172154
3974.46000028	3.576114
3976.45800018	5.196958
3978.4610002	0.493825
3980.4610002	1.913664
3982.4610002	1.289741
3984.46000028	3.785502
3986.45700026	5.29961
3988.46700001	1.04214
3990.46300006	3.569107
3992.71000004	0.014797
3994.45800018	2.94931
3996.46500015	0.015043
3998.45700026	1.938897
4000.45600009	2.801629
4002.45700026	1.037411
4004.70800018	2.244562
4006.46200013	0.033372
4008.63899994	0.049373
4010.70900011	2.039458
4012.70700002	0.062149
4014.70700002	1.398608
4016.70800018	0.016001
4018.70800018	1.050604
4020.70800018	0.969721
4022.70900011	0.065281
4024.75099993	1.058466
4026.70900011	0.254147
4028.70900011	0.055253
4030.70800018	0.0041
4032.54699993	1.013808
4034.70800018	0.068064
4036.72900009	0.069156
4038.69800019	0.020116
4040.71000004	0.013897
4042.71800017	1.747344
4044.70800018	0.174968
4046.70600009	2.117466
4048.70600009	2.117466
4050.70600009	2.117466
4052.70700002	2.117466
4054.70800018	3.779837
4056.54699993	3.755867
4058.70800018	0.313242
4060.71300006	2.310894
4062.72100019	1.00628
4065.20600009	0.123987
4066.75500011	0.075049
4069.57800007	0.014141
4071.72799993	0.356001
4072.71199989	3.418788
4074.71800017	1.297649
4076.72799993	0.039038
4078.70900011	2.309456
4080.57200027	0.736919
4082.71600032	0.024149
4085.49800014	0.127245
4087.78500009	0.020607
4089.38600016	0.017356
4090.70800018	0.034692
4092.70800018	0.014699
4094.70800018	0.02507
4096.71199989	2.387469
4098.70700002	2.828951
4100.70800018	0.020227
4102.70700002	3.523286
4104.70800018	0.577997
4106.71300006	0.220536
4108.70800018	1.465364
4110.71000004	4.234423
4112.71099997	4.919946
4114.71300006	2.859369
4116.70700002	4.223016
4118.70700002	1.132909
4120.74399996	1.399049
4122.70800018	0.042593
4124.71099997	0.021083
4127.95499992	0.01503
4129.98900008	1.726571
4130.70800018	2.915367
4132.70700002	0.746713
4134.70700002	0.03788
4136.72100019	0.012592
4138.70900011	0.029375
4140.70900011	0.008428
4142.71199989	2.065146
4144.70600009	4.627802
4146.74300003	1.394318
4148.72100019	2.246853
4150.70700002	4.473342
4152.70600009	4.82719
4154.72900009	0.631403
4156.70800018	3.745765
4158.70700002	1.275543
4160.70800018	0.616679
4162.72100019	0.040484
4164.72000003	0.008654
4166.62400007	3.243839
4168.72799993	4.025949
4170.70700002	0.010194
4172.71000004	2.04575
4174.70900011	2.273813
4176.70800018	2.183357
4178.70700002	0.014461
4180.70700002	0.084694
4182.72200012	2.840807
4184.70700002	1.354583
4186.73600006	1.472613
4188.70700002	3.542972
4190.71099997	0.152123
4192.70700002	0.878087
4194.72200012	1.624338
4196.71700025	4.28
4198.71199989	4.000289
4200.71199989	0.852006
4202.70800018	0.578585
4204.70700002	1.243735
4206.70700002	0.020183
4208.71300006	0.2477
4210.70700002	0.718578
4212.70700002	0.016486
4215.39300013	0.128599
4218.41200018	2.671661
4221.02000022	3.66693
4222.74399996	2.556928
4223.34200001	3.015793
4224.74100018	0.824362
4226.70600009	0.021441
4228.70700002	2.3503
4230.70700002	0.755282
4232.70800018	0.096622
4234.70800018	0.022768
4236.71000004	0.04652
4239.10700011	0.074302
4242.63700008	0.124621
4244.89400005	0.535985
4246.94200015	0.427756
4248.63899994	0.517746
4249.8360002	2.260905
4251.35100007	0.013261
4252.72100019	0.022091
4254.71300006	4.612683
4256.71000004	0.088686
4258.97099996	0.967544
4260.96000004	3.546488
4262.95800018	0.033468
4264.97900009	0.04319
4268.22800016	2.484446
4271.08200002	0.558887
4271.79600024	1.505957
4272.96000004	0.028615
4274.95700026	1.161975
4276.97900009	1.963427
4278.95600033	3.099377
4280.9610002	2.996651
4282.95600033	2.828125
4284.95700026	3.665323
4286.95700026	3.402527
4288.95700026	0.678097
4290.99000001	3.390403
4292.95700026	1.355735
4294.96000004	1.058933
4296.95700026	0.038364
4298.99500012	3.612039
4300.95900011	0.020611
4302.95800018	0.770381
4305.34299994	0.003481
4308.18300009	0.08683
4310.35000014	2.997929
4313.22200012	3.990949
4314.97900009	0.956377
4315.29300022	0.272078
4316.98000026	3.247269
4318.95700026	0.082838
4320.96000004	0.017927
4322.96000004	0.029442
4324.82000017	0.012392
4327.18400002	1.696335
4328.95700026	1.948663
4330.95700026	1.357984
4332.95600033	0.971964
4334.95900011	3.201993
4336.96700001	1.904255
4338.96300006	0.010325
4340.95600033	0.039562
4342.98600006	0.260083
4347.18900013	0.02384
4349.16900015	0.389452
4349.74600005	0.151645
4350.96200013	0.084794
4352.98300004	0.003579
4354.83100009	0.101758
4356.95900011	0.08682
4359.09800005	0.7278
4361.35400009	0.018583
4362.96300006	0.008156
4365.37000012	0.427949
4367.46000028	4.657836
4368.82700014	0.535963
4370.95700026	0.045942
4372.99000001	3.576441
4374.9690001	4.046236
4376.95700026	1.066603
4379.00100017	0.34605
4380.95700026	0.873015
4382.95800018	3.702633
4384.99600029	4.364262
4386.95900011	0.613123
4388.96400023	1.611107
4390.95700026	0.029342
4392.96300006	0.040537
4394.97400022	0.053609
4396.96400023	0.113175
4398.95700026	1.511559
4400.9610002	0.015108
4402.95900011	0.031762
4404.95800018	1.326372
4406.99099994	1.670542
4408.97099996	2.806066
4410.95600033	2.959093
4412.95600033	0.763757
4414.99600029	0.628006
4416.96000004	0.038698
4418.95700026	0.156032
4420.96200013	0.114888
4422.95800018	3.198809
4424.95600033	2.781002
4426.95700026	3.158772
4428.95900011	0.13431
4430.95700026	0.535436
4432.95700026	0.410345
4434.9610002	0.170144
4436.95600033	5.238227
4438.95800018	3.914428
4440.98800015	0.707433
4442.96300006	1.236728
4444.95700026	3.030466
4446.96300006	2.251037
4448.9690001	0.023091
4450.95600033	2.764707
4452.95700026	0.038172
4454.95700026	0.00647
4456.95700026	2.72071
4458.95700026	1.338847
4460.95600033	4.210965
4462.98800015	0.756048
4464.95900011	2.475312
4466.95800018	0.025817
4468.97800016	2.512101
4470.9610002	0.021044
4472.95600033	5.229273
4474.95600033	1.032314
4476.96500015	0.439226
4478.95700026	0.0635
4480.96000004	4.766744
4482.99199986	2.264516
4484.97400022	0.898614
4486.96400023	0.013968
4488.95800018	0.041968
4490.96400023	0.012153
4493.0	0.04444
4494.95700026	0.055586
4496.99000001	1.276049
4499.21000004	0.010652
4500.95700026	0.050204
4502.96000004	0.07049
4505.43600035	0.012962
4507.21399999	0.042292
4508.95800018	0.747662
4511.21200013	0.012661
4512.96200013	3.397017
4515.20600009	0.045691
4517.20600009	0.011477
4519.20799994	1.87682
4521.20799994	2.945779
4523.20700002	1.209023
4525.23400021	2.899122
4527.05200028	0.935881
4529.20900011	0.113096
4531.23000002	0.011679
4533.22000027	3.748298
4535.20799994	0.156711
4537.21200013	2.318085
4539.20600009	2.114823
4541.2420001	1.124575
4543.20799994	4.163265
4545.28100014	4.65094
4547.20799994	1.127002
4549.24500012	3.193847
4551.06200004	3.24201
4553.20700002	3.36664
4555.20700002	1.841596
4557.20799994	0.983119
4559.20700002	5.533164
4561.20600009	2.429271
4563.24300003	2.510523
4565.21399999	3.215098
4567.20900011	3.326467
4569.20700002	2.505234
4571.22200012	2.505234
4573.20600009	2.704945
4575.06800032	3.453602
4577.22000027	3.453602
4579.21500015	3.855615
4581.21800017	0.025924
4583.20600009	3.452518
4585.23300028	3.452518
4587.20700002	3.452518
4589.20600009	3.410339
4591.20600009	1.925581
4593.20799994	2.353509
4595.20700002	1.649495
4597.23400021	1.225658
4599.22600007	2.164608
4601.20700002	3.919065
4603.20799994	1.36358
4605.20700002	0.019421
4607.20900011	1.054391
4609.20700002	3.407124
4611.20600009	4.795395
4613.22000027	0.03661
4615.20700002	4.185741
4617.20600009	2.250777
4619.20700002	4.108233
4621.20900011	1.687244
4623.20799994	3.044916
4625.2360003	3.044916
4627.21700025	0.86325
4629.20700002	3.712771
4631.20600009	3.197759
4633.22300005	0.587974
4635.21099997	6.468283
4637.20700002	3.21194
4639.23700023	2.685288
4641.21700025	1.442866
4643.22600007	2.069761
4645.21399999	2.438724
4647.11300015	5.308003
4649.21600008	4.08
4651.20700002	2.695831
4653.20799994	4.924118
4655.21300006	0.012779
4657.20799994	3.900976
4659.20600009	3.721925
4661.22300005	4.182995
4663.20700002	4.182995
4665.23800015	1.805539
4667.22800016	2.846976
4669.21099997	0.370018
4671.21000004	0.668322
4673.20600009	3.185026
4675.20600009	2.807612
4677.21099997	4.416386
4679.20700002	5.02532
4681.22600007	5.02532
4683.20600009	5.02532
4685.24900007	4.154819
4687.23800015	2.159959
4689.20700002	0.077153
4691.20799994	1.923311
4693.23000002	0.0871
4695.45700026	0.1396
4698.11100006	1.255854
4699.47300029	1.725091
4701.24100018	0.92082
4703.24000001	1.96997
4705.21700025	0.024469
4707.20600009	2.736624
4709.46600008	0.127994
4711.50600004	0.132509
4713.24699998	0.050855
4715.21800017	1.989947
4717.20799994	0.106978
4719.20700002	1.020136
4721.22200012	1.724818
4723.21800017	0.012052
4725.20600009	0.063473
4727.20700002	0.138947
4729.20700002	0.769714
4731.20600009	0.294468
4733.22000027	0.569275
4735.2190001	2.584388
4737.20799994	2.458518
4739.23500013	0.0402
4741.21399999	0.401564
4743.20900011	1.205412
4745.227	0.391216
4747.20600009	0.092924
4749.45700026	0.750822
4751.21300006	0.840218
4753.23099995	0.760293
4755.46200013	2.580309
4757.33200026	0.756637
4759.20700002	0.460729
4761.45700026	1.947944
4763.21500015	0.192556
4765.45900011	0.138599
4767.48500013	0.087155
4769.45800018	1.544006
4771.45600009	1.840654
4773.45800018	1.275799
4775.45600009	0.116141
4777.45800018	0.960203
4779.45600009	0.076995
4781.29900002	0.91766
4783.4610002	0.04203
4785.45800018	3.773524
4787.47900009	4.418307
4789.45600009	0.039452
4791.45700026	1.111536
4793.4610002	0.015987
4795.29100013	0.009812
4798.398	0.034862
4801.25400019	1.168875
4803.42700005	3.780602
4804.07200003	0.07749
4805.33300018	1.195453
4807.45700026	2.58143
4809.48200011	2.129275
4811.45499992	0.977945
4813.45800018	1.858008
4815.48300004	0.015771
4817.47099996	0.023166
4820.87899995	0.010342
4822.50800014	1.625559
4823.9940002	0.039352
4825.71399999	0.065686
4827.45700026	2.027028
4829.45600009	2.657151
4831.48000002	3.096342
4833.47000003	5.078663
4835.45800018	2.319188
4837.48900008	0.041796
4839.48699999	2.137612
4841.4610002	0.516481
4843.45600009	4.921505
4845.46200013	1.791314
4847.46600008	0.067209
4849.45900011	2.648845
4851.48600006	0.022925
4853.33100009	3.810572
4855.45800018	2.043359
4857.45600009	1.431344
4859.398	0.009999
4863.71000004	0.116614
4866.43700027	0.1743
4867.57400012	2.962539
4868.18500018	0.016755
4869.45800018	0.013474
4871.45600009	0.891346
4873.46399999	0.054542
4875.45700026	0.074663
4877.73500013	0.441308
4880.49500012	0.114841
4882.97800016	0.044247
4886.08299994	0.74812
4888.27900004	0.077381
4889.09700012	0.47523
4889.48200011	3.77965
4891.46600008	0.191252
4893.47300029	0.640913
4895.48600006	4.008439
4897.45600009	0.018117
4899.45900011	0.060089
4901.4610002	1.005435
4903.46500015	0.027389
4905.46700001	0.069698
4907.40799999	0.016628
4909.46300006	0.729236
4911.45700026	0.803295
4913.4940002	0.138128
4915.4610002	0.027704
4917.75400019	0.021095
4920.82600021	0.018971
4923.09599996	0.0855
4924.97600007	0.137917
4926.69599986	0.018371
4927.84299994	1.502152
4929.46700001	1.522639
4931.46000028	1.261869
4933.47500014	0.646195
4935.48000002	1.022506
4937.47099996	2.830012
4939.45700026	0.013749
4941.49200034	0.019587
4943.49900007	0.105917
4945.47900009	4.728694
4947.47000003	4.495156
4949.49200034	4.495156
4951.48500013	5.21693
4953.4690001	3.890186
4955.45600009	3.777591
4957.45900011	0.008101
4959.46399999	2.050341
4961.45700026	0.348038
4963.47500014	3.289338
4965.48300004	3.183063
4967.46300006	1.313965
4969.45600009	2.865929
4971.45600009	2.865929
4973.45499992	2.865929
4975.45499992	4.843742
4977.50500011	3.560293
4979.45900011	3.712778
4981.45700026	3.638575
4983.46300006	2.001527
4985.49200034	1.83011
4987.45600009	0.681704
4989.45600009	3.836147
4991.48100019	3.836147
4993.48200011	3.836147
4995.70800018	2.872048
4997.45700026	0.806003
4999.49099994	1.330396
5001.45499992	3.66268
5003.45700026	4.724234
5005.70500016	4.724234
5007.70600009	4.724234
5009.45499992	2.125502
5011.73500013	0.081201
5013.74100018	4.676921
5015.72200012	3.371713
5017.71199989	3.588724
5019.70700002	3.352409
5021.55300021	3.352409
5023.70600009	3.352409
5025.71600032	4.086526
5027.70800018	1.2982
5029.7420001	4.437015
5031.70900011	2.957099
5033.70600009	3.081163
5035.7190001	0.677512
5037.70500016	0.185772
5039.73400021	3.900706
5041.73300028	1.381889
5043.71000004	1.658288
5045.71700025	2.938367
5047.70900011	3.711217
5049.70700002	3.711217
5051.70700002	3.711217
5053.70500016	0.857415
5055.73000002	3.183689
5057.70700002	3.218254
5059.70800018	3.925639
5061.71800017	0.024468
5063.70600009	3.213255
5065.70600009	2.630023
5067.70800018	2.201449
5069.70800018	2.201449
5071.73800015	2.201449
5073.70600009	0.041257
5075.70600009	4.028212
5077.70600009	1.764145
5079.70900011	3.208791
5081.70700002	3.846853
5083.70700002	5.36267
5085.70700002	3.665039
5087.70700002	1.430444
5089.72300005	2.560299
5091.70700002	1.280081
5093.70600009	1.331178
5095.73400021	3.015665
5097.70800018	0.022118
5099.70900011	0.399154
5101.72500014	3.144811
5103.70600009	2.208508
5105.70500016	1.312693
5107.70700002	0.091262
5109.71700025	1.010206
5111.70800018	1.358337
5113.70700002	2.982571
5115.70900011	0.120195
5117.74100018	0.035997
5119.61800003	0.015427
5121.70700002	0.06141
5123.71199989	0.025804
5125.70800018	0.526443
5127.70700002	4.713954
5129.72300005	1.393355
5131.71099997	0.117432
5133.70600009	0.054832
5135.73300028	0.123867
5137.70800018	2.287923
5139.70700002	0.26688
5141.71199989	0.936106
5143.71500015	1.874358
5145.70700002	2.634442
5147.70900011	0.025006
5149.70700002	1.669679
5151.70600009	0.036262
5153.70600009	2.463643
5155.71199989	0.313661
5157.70900011	0.011581
5159.70800018	1.046378
5161.70700002	1.010141
5163.72400022	1.537575
5165.71300006	3.273718
5167.70700002	0.150399
5169.73500013	3.642035
5171.74000025	0.953097
5173.70600009	3.542533
5175.70700002	0.994418
5177.70800018	1.886137
5179.70800018	0.04656
5181.70800018	2.1225
5183.70700002	0.012101
5185.7420001	0.013556
5187.70700002	3.15567
5189.70600009	3.31476
5191.70800018	4.091431
5193.73000002	3.587852
5195.72100019	0.014617
5197.71199989	1.193133
5200.08800006	0.111652
5203.64700007	0.014816
5205.79600024	3.016014
5206.29100013	0.0429
5207.70900011	4.71832
5209.70600009	4.616145
5211.7420001	2.666862
5213.73500013	0.040012
5215.70700002	2.953572
5217.70700002	2.78025
5219.70700002	0.051819
5221.73099995	2.491482
5223.70600009	1.685893
5225.70600009	3.615736
5227.71300006	3.568207
5229.70600009	3.568207
5231.70900011	3.568207
5233.7190001	2.594297
5235.70700002	1.520177
5237.70700002	1.520177
5239.70600009	2.124421
5241.70600009	2.491791
5243.70900011	2.275348
5245.95600033	4.011162
5247.70800018	0.881493
5249.74300003	1.44996
5251.71099997	1.964151
5253.71000004	2.865214
5255.71000004	0.021044
5257.97800016	0.909656
5259.73600006	5.50246
5261.95700026	0.941731
5263.95600033	3.281661
5265.95700026	0.212419
5267.96300006	0.232584
5269.95700026	0.013641
5271.95700026	0.014817
5273.95800018	0.257316
5275.77300024	0.885132
5277.96000004	0.02581
5279.96000004	0.013423
5281.95800018	0.716155
5283.95800018	0.044061
5286.51999998	0.00377
5289.69300008	0.100292
5291.73600006	0.037165
5293.30699992	0.053664
5294.87000012	0.516456
5296.30699992	0.744855
5297.75600028	0.061967
5299.79500008	0.981162
5301.95800018	0.02525
5303.95700026	0.04671
5305.95800018	1.096443
5307.95900011	0.0434
5309.98699999	0.777078
5311.96000004	0.024198
5313.95700026	2.873938
5315.98600006	3.749016
5317.95600033	4.052512
5319.99500012	0.440441
5321.97600007	3.120584
5323.81400013	2.426761
5325.96400023	0.667855
5327.98699999	0.035388
5329.8210001	0.073692
5332.47000003	0.042056
5334.98200011	0.051971
5337.43099999	0.202989
5339.04400015	0.32001
5339.95700026	2.348449
5341.89599991	0.003387
5343.95900011	0.34165
5345.96500015	0.143457
5347.8130002	0.760555
5349.95800018	2.626042
5351.95600033	5.277485
5353.97000003	0.041424
5356.37599993	2.242712
5357.95800018	0.013748
5359.96600008	0.032948
5361.95800018	3.661738
5363.95600033	3.01132
5365.95600033	2.944561
5367.95499992	0.017748
5369.95600033	0.288611
5371.96200013	1.913789
5373.95600033	0.026351
5375.95900011	0.42019
5377.97200012	0.12671
5379.95700026	0.014116
5381.99600029	0.012744
5383.96700001	0.088947
5385.95499992	2.975811
5387.95600033	0.032379
5390.02100015	0.858449
5391.95800018	0.702645
5393.95700026	2.53287
5396.03700018	0.092884
5397.85100007	0.048405
5399.89700007	0.020465
5402.47900009	0.056488
5405.20600009	0.068035
5408.16600013	0.095919
5410.70100021	0.045572
5412.19400001	0.013768
5413.87000012	0.0874
5416.10299993	0.042503
5418.04900026	0.066044
5419.59000015	0.042096
5421.51600027	0.029441
5423.73500013	5.005092
5425.21000004	0.045278
5425.96200013	0.816883
5427.96300006	4.700913
5429.95900011	0.99381
5431.99199986	0.102126
5433.95900011	0.078659
5435.96000004	1.317619
5438.61000013	0.014372
5441.49200034	2.485603
5442.04200006	4.603176
5443.95900011	0.91652
5445.98900008	1.146716
5447.95600033	0.047158
5449.95600033	0.134136
5451.98000026	0.015482
5453.97099996	0.035135
5456.23900008	1.154288
5457.96000004	0.015309
5459.96000004	0.470747
5461.95499992	0.226149
5463.98900008	0.739334
5465.95600033	0.023924
5467.95499992	2.853811
5469.97000003	0.031156
5471.95600033	0.049072
5473.98699999	5.574975
5475.97800016	2.917907
5477.96000004	0.008023
5479.99500012	0.29781
5481.95499992	3.172448
5483.99000001	3.463301
5486.20600009	0.782142
5487.95800018	0.043442
5489.96500015	0.554212
5491.95600033	2.41026
5493.98200011	0.465865
5496.21200013	0.593561
5497.95800018	0.038245
5501.54399991	0.008642
5503.84299994	0.04593
5504.97200012	1.466114
5506.10000014	0.02621
5508.24600005	1.820938
5509.96400023	2.761142
5512.20600009	1.061408
5514.20600009	0.60086
5516.20799994	0.695862
5518.22000027	1.152424
5520.23700023	0.14207
5522.24300003	1.385543
5524.21300006	0.153444
5526.35700011	0.268965
5528.78600001	0.285452
5530.87300014	0.014067
5532.20700002	0.68787
5534.20799994	0.012802
5536.20700002	1.175214
5538.20700002	2.736246
5540.22300005	1.901716
5542.20600009	0.014836
5544.20600009	2.125543
5546.20600009	0.577977
5548.20600009	0.012699
5550.20600009	0.037544
5552.20600009	0.179167
5554.15700006	3.174396
5556.20700002	2.99318
5558.21099997	0.012248
5560.20799994	4.028264
5562.20700002	0.088773
5564.20600009	0.050882
5566.96600008	0.155077
5569.16799998	0.032691
5570.68000007	0.028579
5572.50200009	0.013616
5574.4000001	0.393972
5576.37899995	2.701747
5578.20700002	1.505903
5580.20700002	0.046598
5582.20600009	0.028343
5584.20500016	0.394379
5586.21000004	0.014267
5588.20700002	1.58859
5590.20600009	2.360017
5592.20500016	4.721515
5594.22000027	3.192563
5596.21399999	3.436686
5598.20500016	3.667755
5600.21200013	0.029049
5602.20600009	0.016171
5604.20700002	0.927913
5606.24100018	1.898578
5608.20600009	1.510894
5610.20700002	1.348951
5612.20700002	0.012273
5614.23099995	1.39055
5616.20600009	0.063957
5618.20600009	2.385838
5620.23900008	3.392655
5622.20500016	1.004999
5624.20799994	1.788582
5626.20600009	0.306283
5628.20700002	2.734187
5630.20900011	5.449015
5632.24500012	3.068057
5634.22600007	1.254149
5636.20600009	1.852978
5638.20900011	0.112236
5640.20799994	0.061231
5642.21300006	2.315856
5644.20900011	4.454571
5646.20700002	0.035649
5648.21000004	0.043126
5650.2190001	5.721985
5652.20799994	0.028625
5654.20700002	0.404423
5656.20700002	1.255674
5658.20600009	1.827227
5660.23800015	1.034399
5662.23400021	1.621897
5664.21500015	2.490145
5666.20500016	3.031686
5668.24300003	0.210086
5670.227	1.973957
5672.20600009	3.845651
5674.20600009	5.048061
5676.23000002	2.702969
5678.20700002	2.942267
5680.20700002	3.751894
5682.23800015	2.231316
5684.21800017	2.759246
5686.22600007	2.839437
5688.20600009	1.7365
5690.20600009	0.811563
5692.20799994	2.919937
5694.23000002	0.046458
5696.20900011	4.569371
5698.20799994	0.585424
5700.22000027	3.727671
5702.21800017	0.478763
5704.20600009	4.006873
5706.20600009	0.084566
5708.24500012	3.40429
5710.20600009	0.100561
5712.20900011	1.124858
5714.23700023	1.349125
5716.23800015	0.099195
5718.20799994	1.243731
5720.20500016	3.319662
5722.24000001	4.359819
5724.22100019	1.528791
5726.21200013	1.250336
5728.20700002	2.821475
5730.20700002	0.112405
5732.20600009	0.761483
5734.20600009	4.620123
5736.23800015	1.417659
5738.23500013	0.020939
5740.21399999	1.427493
5742.20700002	1.007343
5744.22900009	1.689106
5746.20600009	3.452068
5748.20500016	1.629688
5750.20500016	5.191908
5752.45600009	2.815282
5754.20600009	0.876
5756.20500016	2.764454
5758.45800018	1.740006
5760.45800018	1.076662
5762.20600009	5.094673
5764.46000028	0.132788
5766.45600009	0.022573
5768.45499992	2.419965
5770.35899997	0.692014
5772.45600009	4.449061
5774.45900011	0.090913
5776.45800018	0.100978
5778.47000003	0.173081
5780.40100026	0.018312
5783.20100021	0.009888
5785.01400018	0.008694
5787.23000002	0.276607
5788.33200026	0.007276
5790.46399999	0.026141
5795.2900002	0.160033
5800.39300013	0.021294
5801.65200019	0.151597
5802.50200009	0.127906
5803.77800012	0.057734
5807.15100002	0.073466
5808.23300028	1.700566
5808.87800002	0.105006
5809.62800026	0.491623
5810.82800031	2.256846
5812.45900011	0.825053
5814.45700026	0.04618
5816.45600009	0.149542
5818.34500027	0.019719
5820.41300011	0.00377
5822.32600021	0.137551
5824.63199997	0.087591
5826.5999999	1.631133
5828.27300024	0.017226
5830.45600009	0.012952
5832.45800018	0.015435
5834.45700026	2.081483
5836.47000003	0.031523
5838.45900011	0.885407
5840.45700026	0.029178
5842.352	0.700168
5844.46399999	1.952501
5846.45700026	0.398833
5848.45800018	0.112471
5850.45600009	0.014287
5852.45600009	1.775342
5854.45800018	2.493615
5856.45700026	3.269545
5858.49300027	2.827261
5860.47300029	4.150212
5862.46500015	0.665417
5864.45800018	2.421966
5866.30900025	4.927595
5868.45600009	0.11727
5870.45800018	1.601835
5872.45600009	6.115158
5874.45800018	0.131945
5876.45600009	0.953635
5878.45600009	0.062948
5880.72100019	0.004064
5882.45700026	0.192481
5884.74000025	0.026345
5886.80299997	4.586853
5888.45499992	0.423786
5890.35400009	2.143505
5892.4940002	3.006486
5894.47800016	0.033053
5896.48300004	1.369889
5898.45600009	2.178586
5900.4610002	2.907691
5902.45600009	0.023273
5904.45700026	3.86618
5906.45800018	0.013593
5908.45600009	0.653498
5910.45800018	1.397838
5912.45600009	2.377419
5914.47700024	0.921833
5916.45499992	4.73531
5918.45900011	4.082977
5920.46000028	3.489883
5922.47600031	0.133434
5924.46700001	0.081264
5926.45700026	2.702775
5928.48799992	0.0147
5930.4230001	0.022183
5932.45800018	2.508046
5934.45600009	2.594072
5936.45700026	0.017049
5938.4610002	0.879931
5940.46000028	3.140966
5942.51100016	4.452428
5944.47900009	0.220656
5946.45800018	1.932723
5948.45499992	4.804196
5950.48699999	1.420478
5952.46399999	2.93781
5954.454	1.349457
5956.45700026	4.78533
5958.45499992	3.317105
5960.45499992	3.317105
5962.45499992	3.317105
5964.45600009	4.307745
5966.47800016	0.484965
5968.46300006	4.574774
5970.45499992	4.574774
5972.46800017	4.574774
5974.46000028	1.137583
5976.45600009	4.307646
5978.47400022	4.307646
5980.45499992	0.711974
5982.45499992	2.325339
5984.46399999	2.325339
5986.4610002	2.973086
5988.4610002	2.973086
5990.45700026	3.377574
5992.70600009	0.020124
5994.97400022	3.660866
5996.45800018	1.798246
5998.45600009	0.080713
6000.45700026	0.230706
6002.45600009	0.703646
6004.45700026	0.02436
6006.4610002	1.397314
6008.71099997	3.608703
6010.70800018	2.17454
6012.46300006	0.157362
6014.70600009	0.187583
6016.70500016	4.223749
6018.70500016	4.223749
6020.71000004	4.223749
6022.70900011	4.167473
6024.56800008	4.167473
6026.73700023	0.767645
6028.71199989	1.813619
6030.704	1.868347
6032.74399996	1.441602
6034.72400022	3.547245
6036.70600009	2.307292
6038.74100018	2.076181
6040.73000002	3.444526
6042.70600009	3.444526
6044.704	3.444526
6046.727	0.012639
6048.55700016	0.969823
6050.70700002	5.122416
6052.70500016	2.964866
6054.70500016	4.574589
6056.70500016	3.447861
6058.70800018	3.860694
6060.71300006	4.204669
6062.70500016	1.189149
6064.704	1.464623
6066.70800018	0.011704
6068.70600009	1.779608
6070.70700002	2.402925
6072.55300021	2.402925
6074.70600009	4.400771
6076.704	4.400771
6078.73600006	4.400771
6080.71099997	3.123833
6082.70600009	3.974669
6084.70600009	3.974669
6086.72400022	0.059215
6088.70700002	0.177382
6090.5999999	0.097173
6093.0860002	0.612242
6094.81900001	0.04238
6096.55700016	2.523981
6098.70500016	1.571001
6100.70600009	0.163147
6102.73500013	0.043043
6104.73200035	0.025416
6106.71099997	4.354917
6108.72400022	5.534599
6110.70500016	2.875124
6112.74000025	0.606371
6114.70600009	0.044095
6116.73000002	5.340425
6118.70500016	0.031595
6120.70700002	1.007057
6122.73700023	0.011649
6124.71700025	2.006775
6126.70600009	0.080287
6129.17800021	0.015174
6132.16799998	0.02457
6133.62200022	0.022596
6134.75	0.051414
6136.73500013	1.811369
6138.70700002	0.846939
6140.70700002	3.279028
6142.73099995	0.326039
6144.63000011	0.017998
6146.70700002	3.195006
6148.71099997	0.054032
6150.71300006	1.02998
6152.70600009	2.200961
6154.70600009	0.01479
6156.70600009	3.453232
6158.70600009	0.015569
6160.71199989	0.338755
6162.70600009	0.112691
6164.65400004	0.025606
6166.71099997	0.028088
6168.70800018	3.395906
6170.70900011	3.338003
6172.74399996	2.382592
6174.72300005	2.91478
6176.73800015	1.509915
6178.71099997	1.20988
6180.72900009	1.082727
6182.73000002	0.427617
6184.73700023	1.215725
6186.71800017	0.058442
6190.23099995	0.010755
6193.18700004	0.013883
6195.67499995	1.798512
6197.42600012	0.053995
6198.41300011	0.051933
6199.04100013	0.533965
6200.72500014	3.071226
6202.70500016	3.202907
6204.74000025	1.20031
6206.71099997	0.127863
6208.71399999	0.317631
6210.9940002	0.010939
6212.86800027	0.021634
6214.71300006	0.022223
6216.70700002	0.008197
6218.72100019	0.80227
6220.71500015	0.020521
6222.70800018	0.01963
6224.73300028	0.176088
6226.70500016	0.749369
6228.70700002	3.62485
6230.70500016	0.033627
6232.70600009	2.809871
6234.71000004	0.268019
6236.72900009	3.013298
6238.70600009	0.837055
6240.70600009	0.666895
6242.95900011	0.024246
6245.02699995	0.110567
6246.70700002	0.0447
6248.95600033	2.714352
6250.70900011	0.00809
6252.72300005	1.821738
6254.70600009	0.009741
6256.74399996	3.56032
6258.95499992	3.374458
6260.95499992	0.020205
6262.75	1.25428
6264.95900011	0.802471
6266.95800018	0.554911
6268.7190001	0.015461
6270.95700026	0.880861
6272.9610002	2.567009
6274.95600033	0.013066
6276.95600033	0.183542
6278.95700026	0.13283
6280.9610002	0.158928
6282.97900009	0.173662
6284.96400023	5.286487
6286.95600033	0.827794
6288.96400023	0.959564
6290.9610002	1.155015
6292.97000003	3.082308
6294.95800018	3.501972
6296.97099996	2.065833
6298.99600029	3.238732
6300.97600007	0.423078
6302.96300006	0.124539
6304.95700026	0.022595
6306.98900008	0.010067
6310.95600033	0.172821
6311.79100013	0.069917
6312.95900011	0.015537
6314.9690001	0.042946
6316.95800018	0.037016
6318.99000001	0.018473
6321.97500014	0.170799
6325.51800013	0.013934
6327.1420002	0.065464
6328.30000019	1.975594
6330.40900016	1.498481
6331.71800017	1.799961
6332.95800018	3.586461
6334.9610002	0.768423
6336.9610002	1.004573
6338.95600033	0.029425
6340.97300029	3.23164
6342.95800018	0.091625
6344.95800018	2.008681
6346.95600033	4.168352
6348.96000004	3.525913
6350.95700026	3.671851
6352.99199986	1.436625
6354.97400022	0.945885
6356.95499992	4.155915
6358.96000004	3.401815
6361.02000022	0.043931
6362.95499992	0.271015
6364.99300027	0.011644
6367.898	0.178158
6369.86199999	3.417935
6371.08700013	0.404797
6372.97900009	3.898526
6374.97500014	0.05929
6376.95600033	0.397697
6378.95700026	5.162288
6380.98800015	2.353727
6382.96799994	0.110381
6384.95900011	0.081583
6386.98200011	4.738161
6388.95800018	0.016338
6390.95600033	0.055251
6393.06800032	0.010567
6394.96400023	0.169437
6397.20500016	0.036354
6398.98500013	1.030197
6400.95700026	3.084086
6402.97000003	2.598102
6404.95499992	0.947632
6406.99199986	0.015315
6408.95700026	2.533615
6410.96000004	0.215315
6412.95499992	2.929525
6414.98100019	0.021484
6416.96799994	0.12894
6419.23900008	0.034978
6421.58700013	0.036433
6423.86400008	0.023044
6426.83899999	0.256246
6428.93099999	0.108482
6430.61400008	0.52226
6431.33100009	1.106766
6432.9610002	2.515776
6434.96200013	2.292348
6436.98800015	3.682784
6438.95600033	3.163465
6440.95900011	3.292908
6442.95499992	2.704837
6444.95499992	3.688606
6446.95600033	3.329541
6448.95499992	3.804221
6450.98399997	4.396111
6452.96600008	0.01223
6454.95700026	4.633148
6456.95499992	2.325342
6458.954	4.095698
6460.96600008	4.095698
6462.95499992	3.659253
6464.95600033	3.722862
6466.95600033	3.722862
6468.95600033	3.722862
6470.95600033	3.699016
6472.99000001	3.699016
6474.95499992	1.531357
6476.95499992	3.422584
6478.95499992	3.591961
6480.95499992	2.22345
6482.95499992	3.191373
6484.95700026	3.191373
6486.95499992	3.474644
6488.95499992	3.74383
6490.96200013	2.996028
6492.95499992	0.034074
6494.95499992	3.287299
6496.95600033	0.379609
6499.2440002	3.008633
6500.95700026	1.114978
6502.95499992	0.044373
6505.22900009	3.882331
6506.99099994	1.901563
6508.95499992	3.899497
6511.22200012	4.674947
6512.95499992	2.557109
6515.20500016	1.042422
6517.21000004	2.046363
6519.05500007	2.046363
6521.22900009	3.976707
6523.20799994	3.976707
6525.26200008	0.685216
6527.24000001	1.009525
6529.23199987	2.194291
6531.21500015	3.692892
6533.20500016	0.024312
6535.227	2.496707
6537.23099995	2.586484
6539.22200012	3.232435
6541.20600009	4.02264
6543.12200022	0.601446
6545.20500016	3.487571
6547.20799994	4.08941
6549.23500013	4.08941
6551.21399999	4.052135
6553.25600004	4.052135
6555.20799994	4.052135
6557.20900011	4.104127
6559.20600009	2.829313
6561.20900011	2.829313
6563.20500016	2.829313
6565.20500016	2.829313
6567.10600019	2.829313
6569.20799994	0.943201
6571.20600009	0.673146
6573.22600007	2.167986
6575.20799994	0.848659
6577.20600009	5.034388
6579.20500016	0.15245
6581.22100019	5.854012
6583.20900011	0.014361
6585.24600005	3.410875
6587.20700002	2.135304
6589.2440002	0.557114
6591.22000027	0.022221
6593.20600009	0.994642
6595.21000004	1.205067
6597.20600009	2.264209
6599.20600009	2.147305
6601.20700002	1.038876
6603.2360003	3.212579
6605.20700002	0.134937
6607.20600009	3.315907
6609.22200012	3.224501
6611.20500016	3.537194
6613.20700002	3.951405
6615.20500016	3.488558
6617.227	0.831624
6619.21099997	0.241224
6621.20600009	0.061785
6623.22399998	1.183055
6625.20900011	0.042383
6627.20600009	0.31595
6629.23099995	4.881934
6631.20600009	0.164642
6633.20700002	3.369892
6635.20600009	0.212555
6637.23500013	5.086581
6639.22300005	2.102901
6641.20500016	0.369584
6643.23199987	3.583494
6645.22399998	0.791602
6647.21000004	4.009989
6649.21000004	0.579645
6651.22800016	0.129964
6653.20500016	0.0493
6655.20600009	2.695151
6657.20500016	0.08994
6659.21300006	2.541058
6661.20600009	5.26956
6663.171	0.049152
6665.41900015	0.016861
6668.13599992	0.480111
6669.77400017	0.241297
6671.20600009	0.03987
6673.20500016	0.00862
6675.20500016	2.723455
6677.20600009	1.455607
6679.22300005	2.540992
6681.20700002	4.100995
6683.20600009	5.193624
6685.23500013	3.496945
6687.22000027	5.173632
6689.2190001	3.046665
6691.20600009	2.626215
6693.22800016	0.015653
6695.20700002	0.039914
6697.33400011	0.033436
6699.22900009	0.010591
6701.20799994	0.012666
6703.20700002	0.007928
6705.20600009	0.051777
6707.23000002	0.020325
6715.023	3.385876
6716.0250001	2.633787
6717.00500011	1.105093
6717.77200031	0.022558
6718.19700027	2.764377
6719.20600009	0.039695
6721.227	0.036063
6723.18300009	0.047711
6725.20600009	0.011595
6727.20700002	0.01435
6729.20500016	0.039609
6732.02000022	0.013064
6733.46399999	0.051213
6735.25800014	1.004625
6737.23900008	0.03804
6739.45600009	0.180365
6742.46700001	0.924142
6747.47600031	2.41355
6748.57599998	3.565414
6749.03800011	3.227595
6749.56800008	3.405935
6751.20700002	1.802962
6753.24300003	4.399313
6755.46300006	4.802252
6757.21300006	1.608847
6759.20600009	3.457473
6761.49300027	3.457473
6763.45700026	2.873798
6765.2190001	3.555752
6767.45900011	0.841364
6769.48300004	0.929647
6771.45700026	0.064718
6773.29300022	0.971377
6775.45700026	3.272811
6777.48000002	0.015738
6779.47099996	0.711062
6781.46200013	0.191227
6783.46000028	0.295548
6785.4610002	1.054256
6787.46000028	2.612619
6789.47600031	0.013884
6791.45700026	1.43101
6793.49200034	0.012902
6795.47199988	3.529644
6797.33800006	4.300277
6799.45700026	2.877847
6801.45700026	5.339807
6803.46000028	2.193687
6805.45600009	4.030935
6807.48900008	0.961345
6809.45499992	1.263439
6811.45600009	4.140384
6813.45600009	0.029833
6815.46700001	2.218807
6817.45499992	0.985338
6819.45499992	2.760492
6821.29300022	1.113937
6823.45700026	2.18285
6825.46000028	0.033244
6827.47600031	1.882482
6829.46500015	0.011721
6831.2750001	0.020582
6833.32200003	0.011623
6835.45499992	0.014568
6837.45600009	1.690851
6839.45499992	1.162646
6841.49099994	2.946894
6843.45600009	4.685303
6845.34800029	2.026677
6847.49700022	0.031027
6849.45499992	0.035136
6851.45499992	0.62117
6853.45600009	1.650668
6855.4610002	0.786304
6857.46800017	2.593486
6859.45600009	0.790453
6861.45700026	3.248156
6863.4610002	0.074934
6865.45900011	0.025575
6867.45700026	0.062913
6870.65300012	0.017036
6872.26699996	0.024232
6874.29500008	0.025926
6876.24600005	0.595585
6877.41900015	0.126337
6879.45800018	0.065168
6881.45700026	0.14226
6883.49900007	0.031765
6885.85800004	0.003296
6887.64300013	0.01749
6890.07800007	0.018588
6892.76699996	0.014664
6895.25	0.954422
6896.78699994	0.0094
6897.69300008	1.370605
6899.48500013	0.069246
6901.45700026	0.168681
6903.46000028	0.088355
6905.45600009	0.106481
6907.46800017	0.049057
6909.45600009	1.983132
6911.45499992	0.022848
6913.45800018	0.763464
6915.45600009	2.521062
6917.45099998	0.024995
6919.45900011	0.636306
6921.45800018	0.040048
6923.45900011	0.09781
6925.45600009	0.033103
6927.47400022	0.052009
6929.51400018	0.037196
6931.45600009	1.459962
6933.68000007	0.048296
6935.45800018	0.040514
6937.45499992	2.193364
6939.46399999	0.063509
6941.48799992	0.739557
6943.46700001	4.510562
6945.45600009	2.705472
6947.45800018	0.132548
6949.45600009	0.013318
6951.75700021	0.079
6954.10400009	0.004053
6956.0940001	0.01173
6957.60900021	0.350795
6959.46200013	1.085466
6961.45700026	0.769666
6963.45800018	0.636529
6965.47099996	1.005733
6967.45499992	0.075669
6969.45700026	0.413485
6972.02399993	0.095788
6973.43000007	0.014014
6975.45700026	0.060926
6978.00900006	0.479589
6980.98200011	0.017882
6983.19300008	0.349881
6984.03999996	2.015336
6985.48400021	0.043209
6987.46300006	3.255304
6989.70600009	0.655381
6991.49099994	1.205373
6993.45600009	4.188849
6995.45800018	0.027989
6997.45600009	1.851354
6999.45600009	0.090568
7001.45499992	0.266809
7003.49700022	0.042832
7007.03400016	0.00952
7009.67499995	1.228866
7011.34900022	1.391768
7012.81700015	0.36013
7013.49900007	3.867103
7015.73099995	1.274719
7017.72000003	0.039893
7019.71099997	3.671529
7021.70500016	0.008891
7023.71199989	0.043765
7025.70700002	0.042244
7027.70700002	0.059562
7029.72799993	0.020583
7034.36300015	0.693729
7037.71199989	2.201067
7039.00300002	0.488976
7039.59600019	2.398939
7040.03500009	0.154598
7041.70600009	0.535693
7043.70700002	2.160909
7046.80200005	0.003784
7048.2750001	0.079523
7050.00300002	0.009
7051.70700002	0.10886
7053.70500016	0.132298
7055.71600032	0.041887
7057.71000004	0.029478
7059.70900011	1.699625
7061.71000004	1.027261
7063.70500016	0.081367
7065.70600009	2.809406
7067.73300028	0.810996
7069.71000004	0.350657
7071.70600009	2.576264
7073.72200012	0.914246
7075.70500016	0.976239
7077.70800018	4.696355
7079.70500016	0.554728
7081.70500016	1.015112
7083.74300003	1.801661
7085.65799999	0.012867
7087.70600009	0.244195
7089.82700014	0.135323
7092.65700006	0.037821
7095.56400013	0.067113
7097.30699992	2.585792
7098.81100011	0.598454
7099.56500006	2.921762
7101.70500016	0.042747
7103.70700002	0.039666
7105.72900009	0.065845
7107.72400022	0.129698
7110.11800003	0.924873
7112.66800022	0.010639
7114.77100015	0.012726
7116.71000004	1.05642
7118.83500004	0.049456
7120.69099998	0.011517
7123.41100001	0.042755
7125.59500003	0.014576
7126.46700001	0.089725
7127.72500014	1.214073
7129.70600009	3.946554
7131.70500016	0.150988
7133.73600006	0.803681
7135.70600009	0.045547
7137.70700002	4.218867
7139.70500016	2.228385
7141.727	3.538011
7143.74900007	1.428838
7146.01900005	0.015975
7147.62500024	0.028954
7149.73000002	3.739428
7151.73500013	0.036402
7153.71800017	0.022984
7155.70900011	0.176479
7157.73700023	1.846447
7159.70800018	0.315689
7161.70600009	0.010993
7163.74300003	0.044338
7165.73800015	0.090917
7167.63199997	0.068791
7169.71300006	0.05059
7172.20000005	0.139101
7173.74300003	0.109696
7175.7190001	0.429408
7179.14400005	0.266021
7180.78600001	0.943439
7181.74600005	4.690808
7183.71700025	3.020374
7185.70500016	3.020374
7187.73800015	3.020374
7189.72799993	0.039384
7191.70900011	3.154684
7193.70600009	2.224324
7195.70500016	0.356875
7197.72100019	3.490094
7199.70500016	4.314651
7201.70700002	2.428682
7203.70500016	0.699239
7205.70600009	2.725103
7207.70500016	1.531239
7209.74399996	2.47031
7211.70600009	4.708667
7213.70900011	2.715873
7215.704	5.226314
7217.72400022	5.226314
7219.70600009	3.39472
7221.70500016	5.420168
7223.72400022	2.852363
7225.70500016	2.698007
7227.70700002	1.691167
7229.70600009	1.119541
7231.70500016	0.070178
7233.74300003	3.602664
7235.74100018	3.32162
7237.70600009	2.646574
7239.71000004	2.57029
7241.70700002	5.08267
7243.70800018	5.08267
7245.98699999	3.508518
7247.73800015	4.951293
7249.70800018	5.007177
7251.70500016	4.957772
7253.704	3.030731
7255.70500016	3.01887
7257.98699999	3.53833
7259.70600009	3.53833
7261.95600033	3.53833
7263.99600029	0.594301
7265.70700002	0.980876
7267.80299997	3.111533
7269.98699999	3.102294
7271.95700026	2.702001
7273.95700026	4.299799
7275.95499992	2.152687
7277.95900011	2.346798
7279.98399997	4.97483
7281.95499992	5.250736
7283.95700026	5.241211
7285.98399997	3.454784
7287.97099996	1.473706
7289.95600033	2.137108
7291.81400013	2.954152
7293.96700001	4.228123
7295.98500013	2.514556
7297.954	5.599053
7299.95600033	2.289147
7301.95600033	1.754425
7303.95800018	4.451947
7305.98399997	5.566397
7307.95900011	5.566397
7309.95900011	2.884588
7311.95700026	0.933348
7313.97200012	0.696383
7315.83400011	1.945227
7317.95700026	0.011123
7319.95800018	0.014591
7321.83899999	0.011699
7323.96000004	0.01162
7325.95800018	4.186798
7327.96600008	4.027963
7329.9610002	2.961254
7331.95900011	0.310201
7333.9610002	0.170522
7335.95499992	0.93144
7337.97500014	1.904955
7339.84100008	5.785695
7341.95600033	3.376722
7343.95499992	0.149019
7345.97800016	0.071157
7347.95800018	0.068854
7349.84100008	0.165394
7351.95800018	4.007789
7353.96500015	0.708368
7355.96200013	0.023524
7357.95600033	1.505052
7359.95800018	3.086503
7361.97099996	4.349974
7363.954	2.517803
7365.95700026	2.517803
7367.96799994	2.517803
7369.95700026	2.517803
7371.954	2.517803
7373.95700026	2.517803
7375.97000003	3.471429
7377.9610002	0.473947
7379.954	1.976439
7381.95499992	2.051728
7383.95499992	2.19043
7385.95600033	1.071845
7387.95700026	1.012085
7389.95600033	0.561514
7391.98699999	0.023202
7393.95600033	0.031109
7395.95800018	0.014776
7397.95499992	1.076754
7399.95499992	0.046689
7401.95600033	0.024403
7403.95499992	2.925368
7405.9610002	0.014873
7407.99500012	0.460398
7409.97800016	2.826399
7411.96700001	1.434717
7413.95499992	0.131281
7415.95900011	0.996982
7417.97900009	0.057569
7420.37700009	0.012885
7422.33400011	0.086989
7423.95800018	4.755648
7425.95800018	5.89767
7427.954	1.514635
7429.97300029	3.808398
7431.95499992	3.315234
7433.98699999	5.10997
7435.95600033	0.872853
7437.95800018	3.73665
7439.95499992	1.338199
7441.99000001	0.019288
7443.95499992	3.183361
7445.95499992	4.027016
7447.95900011	0.051899
7449.95499992	0.003563
7451.95499992	0.016797
7453.95499992	3.842346
7455.95499992	3.381798
7457.95499992	0.013203
7459.954	2.302107
7461.954	5.032497
7463.9940002	3.650676
7466.30900025	0.703959
