0.0	0.183043
0.298000097275	0.400585
0.569000005722	0.478182
0.87299990654	0.463753
1.10600018501	0.193002
1.37399983406	0.461751
1.91900014877	0.573383
2.39400005341	0.577525
2.87199997902	0.639705
4.86899995804	0.111265
6.27600002289	0.400868
8.69900012016	0.351974
10.1780002117	0.286112
11.8110001087	0.325271
14.2660000324	0.181961
15.8529999256	0.669336
17.7380001545	0.484547
20.875	0.313146
23.2200000286	0.271478
24.6790001392	0.53088
25.7369999886	0.258567
27.736000061	0.19293
29.7009999752	0.119524
32.007999897	0.563603
33.9289999008	0.643388
35.7289998531	0.483355
38.4089999199	0.826167
39.7369999886	0.233287
42.3789999485	0.301439
44.0539999008	0.660964
45.9990000725	0.341945
50.0089998245	0.58636
51.2799999714	0.344815
51.7239999771	0.673282
53.7279999256	0.686034
56.0350000858	0.076498
58.0590000153	0.695204
59.8280000687	0.0036
62.114000082	0.588937
63.8480000496	0.02275
65.8900001049	0.543442
67.7289998531	0.084206
69.7279999256	0.209628
71.7089998722	0.340428
73.7150001526	0.305855
75.7279999256	0.760357
77.8180000782	0.399982
81.1909999847	0.026447
83.5979998112	0.461552
84.0659999847	0.584926
85.6990001202	0.246554
88.3880000114	0.202638
90.9179997444	0.624579
93.5799999237	0.166
95.4219999313	0.050363
97.3229999542	0.433113
99.5009999275	0.03999
101.436999798	0.084186
103.810000181	0.19648
107.246999979	0.632079
108.808000088	0.679154
110.09800005	0.011901
111.744999886	0.6996
113.809000015	0.07294
116.40899992	0.11109
117.631000042	0.148939
118.538000107	0.43975
120.659000158	0.59883
122.927999973	0.197488
126.208999872	0.634319
128.395999908	0.606876
129.687999964	0.816127
130.703999996	0.733506
132.218000174	0.528451
133.852999926	0.686302
137.717999935	0.441005
141.299000025	0.349958
142.674000025	0.644391
144.421999931	0.055713
145.988999844	0.352002
148.514000177	0.261266
150.133999825	0.737757
150.703999996	0.815791
151.959000111	0.715391
153.979000092	0.502824
157.528999805	0.025663
160.140999794	0.669337
161.809000015	0.316174
164.194000006	0.584307
165.818000078	0.391779
167.008999825	0.645454
168.082999945	0.759183
169.979000092	0.033848
172.527999878	0.555897
174.836999893	0.296826
177.167999983	0.551644
178.604000092	0.528842
180.917999744	0.025966
182.628000021	0.617424
184.208999872	0.584647
186.197999954	0.427361
188.07799983	0.533655
189.917999744	0.424269
192.244999886	0.568727
198.598999977	0.351076
199.496000051	0.504659
200.197999954	0.745229
200.367000103	0.578295
203.138000011	0.588714
204.338000059	0.735391
206.220999956	0.714939
207.967000008	0.171063
209.979000092	0.556932
211.946000099	0.040312
213.978000164	0.766269
216.13499999	0.704655
218.788999796	0.69554
221.608999968	0.456094
221.85800004	0.047911
223.986999989	0.728985
225.978000164	0.521959
227.979000092	0.102794
230.207999945	0.384506
234.007999897	0.207107
234.95600009	0.367993
236.19900012	0.533484
237.950999975	0.65009
239.957000017	0.845778
241.947999954	0.62942
243.979000092	0.220686
245.978000164	0.045705
248.487999916	0.832231
250.531000137	0.748598
252.434000015	0.860712
253.888000011	0.621581
255.986999989	0.175864
258.661000013	0.491495
262.535000086	0.507266
263.332999945	0.367717
267.787999868	0.335703
268.328000069	0.579006
268.822999954	0.535879
273.333999872	0.296782
273.656999826	0.450067
273.957999945	0.737551
275.960999966	0.396918
278.112999916	0.29233
280.960999966	0.070814
281.951999903	0.10746
283.986999989	0.417188
285.963000059	0.079838
288.080999851	0.158241
289.981999874	0.032218
293.16899991	0.313242
293.987999916	0.374828
295.965999842	0.1702
297.957999945	0.420947
299.978000164	0.333338
301.957999945	0.289024
303.976999998	0.409313
305.988999844	0.455727
307.981999874	0.348075
309.978000164	0.61835
311.978000164	0.70093
313.986000061	0.565381
315.976999998	0.275988
317.976999998	0.431245
319.987999916	0.292356
323.018000126	0.530474
324.547999859	0.592525
325.968999863	0.700343
328.279000044	0.103476
330.034000158	0.039905
333.052000046	0.370574
335.130000114	0.202456
336.907999992	0.467236
338.203999996	0.438499
340.018000126	0.539844
342.219000101	0.520739
344.607000113	0.570798
346.536000013	0.446077
348.012000084	0.556538
350.690999985	0.663487
353.338000059	0.040736
354.93900013	0.488712
356.559999943	0.388787
358.170000076	0.551534
360.221999884	0.349488
362.179000139	0.586533
364.218000174	0.616774
367.023000002	0.572179
370.592000008	0.579373
372.463999987	0.77342
373.016000032	0.872228
374.880999804	0.84522
376.598999977	0.048298
379.148999929	0.714223
381.345000029	0.756189
382.069000006	0.678178
384.228999853	0.494817
387.999000072	0.134735
389.818000078	0.530536
390.933999777	0.819584
392.976000071	0.966924
395.271000147	0.739989
397.088000059	0.66021
398.618999958	0.230587
400.7099998	0.004726
403.167999983	0.009766
404.912999868	0.796533
406.332000017	0.84844
408.322999954	0.790661
410.208999872	0.133214
412.173999786	0.936181
414.208999872	0.068316
416.154999971	0.069133
418.210000038	0.531789
422.428999901	0.023301
425.226000071	0.856275
427.319000006	0.583354
428.60800004	0.757662
430.792999983	0.792442
432.407999992	0.681025
433.517999887	0.907802
434.544999838	0.723993
436.227999926	0.724655
438.236000061	0.586899
441.21600008	0.425336
443.519000053	0.715439
445.376999855	0.126402
446.965999842	0.631659
448.476999998	0.637691
450.207999945	0.442819
452.275000095	0.721408
454.247999907	0.45625
456.226999998	0.601477
458.218000174	0.291304
460.228999853	0.338619
462.207999945	0.664193
464.427999973	0.043661
467.037999868	0.511378
468.839999914	0.183823
471.148999929	0.508863
473.059000015	0.687027
474.615999937	0.482524
476.539999962	0.798126
478.228999853	0.902618
480.228999853	0.547259
482.229999781	0.168572
484.227999926	0.621567
486.208999872	0.647081
488.227999926	0.753893
490.271000147	0.725319
492.620999813	0.304366
496.72300005	0.652045
498.546000004	0.129849
499.303999901	0.594001
500.398999929	0.399229
502.947999954	0.607707
504.786999941	0.692065
506.834000111	0.670254
509.66899991	0.674245
510.815999985	0.648101
512.546999931	0.181015
514.264999866	0.73258
516.459000111	1.039513
518.27699995	0.980499
520.468999863	0.813176
522.226999998	0.108343
524.811000109	0.84434
527.970000029	0.508893
528.868000031	0.949943
531.749999762	0.075924
535.411999941	0.677708
538.805999756	0.271567
540.66899991	0.607437
542.062999964	0.68448
544.437999964	0.599741
546.784999847	0.647857
549.179000139	0.803189
550.498000145	0.362215
552.160000086	0.685048
553.407999992	0.64099
554.976000071	0.658969
556.919000149	0.78987
559.221999884	0.046198
560.368999958	0.304904
562.677999735	0.02722
563.988999844	0.792055
565.292999983	0.597962
566.725999832	0.569047
568.218000174	0.684868
570.227999926	0.396701
572.207999945	0.633851
574.217000008	0.582811
576.683000088	0.674244
578.348999977	0.635729
580.230999947	0.795095
582.208999872	0.702296
584.19900012	0.151205
589.411999941	0.542842
590.117999792	0.608608
590.274000168	0.681694
592.85800004	0.446161
594.405999899	0.738389
596.43599987	0.384322
598.477999926	0.534088
601.90899992	0.21518
604.68599987	0.386523
605.023000002	0.372634
606.485999823	0.399918
608.878999949	0.068441
610.458000183	0.66757
612.498000145	0.412281
614.477999926	0.384237
616.239000082	0.186679
618.46999979	0.489821
620.458000183	0.699577
622.46600008	0.754288
624.946000099	0.635752
627.679000139	0.741716
629.892999887	0.710355
630.965999842	0.40187
632.656999826	0.066899
634.432999849	0.420191
636.976999998	0.683787
638.679000139	0.676262
641.067000151	0.641846
643.888999939	0.265835
647.711999893	0.268404
648.907999992	0.05847
650.322999954	0.478815
652.487999916	0.708679
654.319000006	0.673524
656.258000135	0.219204
657.796000004	0.471011
658.819999933	0.643032
660.338999987	0.810925
662.328999996	0.751011
664.463999987	0.777227
666.477999926	0.691587
668.48300004	0.652099
671.128999949	0.401318
674.132999897	0.692503
675.655999899	0.58856
677.896999836	0.566541
679.336999893	0.621976
680.549999952	0.66626
682.479000092	0.707854
684.978000164	0.734362
686.760999918	0.731639
688.434000015	0.552687
692.63499999	0.003798
694.269999743	0.980567
695.847000122	0.606358
696.720000029	0.793875
698.459000111	0.399189
701.154999971	0.322158
704.354000092	0.382065
705.695999861	0.542913
706.554000139	0.67207
708.557999849	0.462445
710.563999891	0.508277
712.459000111	0.875956
714.479000092	0.521086
717.207999945	0.851864
718.732999802	0.039352
720.53000021	0.65504
722.477999926	0.679129
724.376999855	0.771813
726.46600008	0.743225
728.458000183	0.62438
731.25999999	0.832989
732.728999853	0.592887
734.708999872	0.093194
737.152999878	0.094207
738.610000134	0.715466
740.557999849	0.326154
743.029999733	0.51873
746.349999905	0.843737
748.928999901	0.121757
750.778000116	0.650431
753.407999992	0.242427
754.437999964	0.059949
756.652999878	0.710836
759.011000156	0.002694
759.520999908	0.608965
760.92200017	0.490815
762.611000061	0.466687
764.458000183	0.964124
766.644999981	0.204909
768.759000063	0.766291
770.459000111	0.708475
772.93900013	0.220446
775.588000059	0.027469
778.336999893	0.003974
779.666000128	0.55847
780.707999945	0.517938
782.470999956	0.481253
784.46600008	0.027414
786.480000019	0.206424
788.595000029	0.618748
792.587000132	0.54912
794.477999926	0.447301
796.746000051	0.31136
798.690999985	0.385456
800.757999897	0.498593
802.187000036	0.311854
804.440999985	0.618529
805.467000008	0.55513
806.476000071	0.858859
809.003999949	0.483509
810.816999912	0.340247
812.458000183	0.022651
814.46600008	0.74346
818.034000158	0.074998
819.298000097	0.817363
820.760999918	0.821025
822.458000183	0.710471
824.458000183	0.789315
826.695999861	0.841936
828.68200016	0.446879
830.639999866	0.458919
833.379999876	0.293338
836.968999863	0.554853
837.867000103	0.473621
839.247999907	0.297923
840.941999912	0.72207
842.703000069	0.541059
844.596999884	0.749272
