0.0	2.856798
0.165999889374	1.291596
0.566999912262	0.74815
0.973999738693	6.838101
1.3109998703	5.835314
1.61599993706	6.654319
1.97199988365	0.757759
2.39400005341	0.18378
2.75900006294	5.558485
4.17899990082	5.975778
6.18300008774	6.844161
8.03099989891	1.097744
10.1830000877	0.069507
12.1799998283	6.420934
14.2009997368	1.07373
16.1830000877	1.429392
18.4319999218	0.304836
20.1799998283	0.252202
22.1799998283	6.095748
24.2329998016	0.073642
26.1830000877	0.045326
28.2129998207	0.03094
30.1840000153	6.875745
32.1799998283	6.884398
34.6809997559	0.054654
36.1830000877	0.048096
38.1830000877	1.011717
40.2059998512	0.128965
42.1819996834	0.024424
44.1819996834	0.037651
46.1979997158	0.157439
48.1809997559	0.153022
50.1840000153	0.111948
52.1889998913	1.079388
54.1819996834	6.944772
56.1789999008	6.865546
58.1779999733	0.826923
60.1819996834	6.906461
62.1789999008	1.693683
64.2009997368	1.383149
66.1799998283	0.350307
68.1830000877	0.022605
70.1809997559	0.042066
72.1799998283	6.661197
74.1799998283	7.005312
76.1799998283	0.014556
78.1919999123	1.745037
80.1799998283	1.429834
82.2209999561	0.093872
84.2839999199	4.394246
86.1919999123	1.110696
88.2790000439	6.177523
90.1940000057	1.961486
92.1840000153	6.034272
94.2119998932	0.253259
96.2129998207	0.118685
