0.0	3.879458
0.188000202179	0.77542
0.31299996376	1.116522
0.53400015831	0.041726
0.674000263214	2.781778
0.976999998093	1.027258
1.36800003052	10.895361
1.72600030899	7.02096
2.18600034714	0.012977
3.8060002327	0.059964
5.80400013924	9.963029
7.80300021172	10.460463
9.80800008774	1.037435
11.8110001087	3.966674
13.8080000877	0.0272
15.8070001602	0.012945
17.8060002327	0.015606
19.8090000153	0.389196
21.8120000362	9.2188
23.8070001602	10.248719
25.6489999294	10.885564
27.8070001602	10.327059
29.8060002327	5.813218
31.8100001812	0.791193
33.8080000877	0.012911
35.8090000153	0.843635
37.8080000877	6.447804
39.8130002022	0.146548
41.8110001087	3.931247
43.8100001812	0.78705
45.8080000877	0.946911
47.8080000877	5.629688
49.8070001602	0.620429
51.8090000153	1.176707
53.8130002022	0.064893
55.8060002327	3.786361
57.8110001087	0.014166
59.8130002022	0.051395
61.8080000877	0.337497
63.8190002441	1.246221
65.8090000153	0.102987
67.8270001411	0.010367
69.8160002232	0.16001
72.4150002003	0.003747
73.8680000305	5.536023
75.8080000877	0.476957
77.8090000153	0.639368
79.8070001602	0.993451
81.8090000153	0.287976
83.8120000362	0.039198
85.8070001602	0.011361
87.8100001812	0.461236
89.7430002689	0.018797
91.8060002327	0.062728
93.8220002651	0.903255
95.8130002022	2.752851
97.8100001812	0.928378
99.8120000362	8.60553
101.810000181	0.136275
103.810000181	0.11837
105.812000036	0.097205
107.810000181	0.064212
109.81400013	0.026517
111.813000202	0.11102
113.812000036	7.359547
116.058000326	6.578812
118.062000275	0.885646
120.061000347	0.030431
121.9150002	7.612322
124.060000181	2.884357
126.058000326	3.424496
128.072000027	2.449042
130.059000254	0.012255
132.058000326	5.488887
134.062000275	0.012142
136.063000202	7.641956
138.061000347	0.035485
140.062000275	0.100184
142.062000275	0.053202
144.062000275	0.011837
145.924000025	5.900052
148.065000057	1.662851
150.099000216	5.343589
152.075000286	0.793639
154.062000275	0.165184
156.066000223	0.012516
158.015000105	0.110638
159.935000181	0.51159
162.05700016	0.151376
164.083000183	0.05805
166.060000181	0.857468
168.066000223	6.107041
170.020000219	0.024405
172.066000223	5.714402
174.061000347	8.956774
176.063000202	9.06365
178.068000078	0.431907
180.065000057	4.161439
182.072999954	10.84066
184.066000223	0.025798
186.800000191	0.012738
188.536000013	0.370084
190.495000124	0.034969
192.063000202	0.130334
194.072999954	0.898597
196.065000057	3.789466
198.068000078	0.012828
200.06400013	0.104872
202.067000151	0.891425
204.062000275	0.85424
206.061000347	0.01229
208.06400013	0.039102
210.061000347	9.65125
212.178000212	0.00388
214.570000172	0.167068
216.062000275	0.183877
218.061000347	0.928583
220.061000347	0.070708
222.065000057	1.423033
224.068000078	6.58412
226.065000057	0.374435
228.339000225	0.101353
230.653000355	0.061287
232.50600028	0.106349
234.28000021	0.013179
236.066000223	0.359171
238.06400013	0.051963
240.066000223	3.046438
242.063000202	8.539349
244.066000223	8.53885
246.072999954	1.148957
248.065000057	1.95028
250.072000027	0.151254
252.06400013	7.596321
254.065000057	8.774962
256.062000275	8.862907
258.063000202	5.054583
260.071000099	9.323294
262.068000078	1.006487
264.316000223	11.052418
266.071000099	0.081295
268.069000244	4.624118
270.312999964	3.226397
272.156000137	0.01794
274.087000132	0.016397
276.31400013	0.890947
278.316000223	0.026407
280.312999964	0.903757
282.316000223	0.061182
284.323000193	0.1837
286.315000057	0.055794
288.316000223	9.75575
290.327000141	0.052108
292.318000317	1.35712
294.318000317	0.121165
296.312999964	0.550018
298.317000389	0.184531
300.320000172	0.90121
302.316000223	0.190522
304.134000301	0.08509
306.315000057	2.273503
308.326000214	0.229468
310.316000223	6.238018
312.322000265	0.042492
314.316000223	9.787584
316.320000172	0.509274
318.317000389	0.190699
320.319000244	2.021023
322.317000389	6.658052
324.45600009	9.369709
326.321000099	1.741409
328.316000223	0.364337
330.317000389	1.143883
332.319000244	0.01206
334.327000141	0.930982
336.328999996	0.089754
338.278000116	0.128733
340.317000389	1.473758
342.321000099	0.892298
344.323000193	1.082917
346.321000099	9.611468
348.323000193	0.913782
350.328000069	0.012094
352.317000389	0.215107
354.318000317	1.160342
356.320000172	0.563282
358.42200017	0.355384
360.319000244	0.381616
362.2900002	0.054833
364.323000193	0.08792
366.32400012	8.031768
368.321000099	8.031768
370.322000265	9.45387
372.319000244	9.45387
374.317000389	9.45387
376.316000223	9.45387
378.322000265	9.45387
380.319000244	9.45387
382.320000172	10.172408
384.316000223	10.172408
386.318000317	9.79622
388.316000223	0.226071
390.318000317	11.069393
392.322000265	10.456153
394.32400012	10.456153
396.325000286	10.456153
398.326000214	10.456153
400.322000265	4.238468
402.318000317	4.886762
404.319000244	5.605351
406.572000027	11.438647
408.315000057	9.210988
410.326000214	0.218078
412.323000193	0.016081
414.318000317	11.429637
416.567000151	0.740454
418.568000078	4.441116
420.569000006	0.948671
422.321000099	4.274383
424.428000212	4.274383
426.570000172	7.55673
428.576000214	0.027349
430.567000151	11.34478
432.57400012	11.34478
434.587000132	8.089385
436.575000286	10.815346
438.569000006	10.606364
440.568000078	10.606364
442.568000078	10.606364
444.572000027	10.606364
446.567000151	10.883777
448.429000378	11.558408
450.568000078	2.760809
452.569000006	5.944369
454.575000286	0.911786
456.573000193	11.679642
458.626000166	11.679642
460.573000193	11.679642
462.572000027	11.679642
464.572000027	11.679642
466.571000099	11.679642
468.570000172	11.679642
470.570000172	11.679642
472.426000118	9.028038
474.572000027	9.818122
476.572000027	10.96467
478.570000172	10.736582
480.570000172	11.391477
482.569000006	4.128128
484.570000172	11.683324
486.572000027	11.683324
488.570000172	11.683324
490.570000172	10.42294
492.573000193	5.626893
494.578000307	10.736805
496.536999941	0.055964
498.568000078	5.045455
500.576000214	6.711751
502.576000214	2.115007
504.578000307	7.80315
506.627000093	0.051304
508.57400012	7.305063
510.571000099	0.132263
512.57400012	0.962867
514.575000286	0.013011
516.57400012	11.071762
518.571000099	0.666095
520.573000193	0.917553
522.57400012	0.085725
524.575000286	0.26025
526.575000286	0.057248
528.575000286	0.464423
530.57400012	0.092611
532.579000235	0.012022
534.579000235	0.106102
536.57400012	0.072472
538.580000162	0.098489
540.584000111	7.634384
542.575000286	2.1525
544.584000111	6.086034
546.582000256	6.086034
548.575000286	6.086034
550.580000162	6.086034
552.571000099	6.086034
554.573000193	0.679949
556.576000214	1.490283
558.571000099	1.961462
560.571000099	2.635646
562.585000038	0.013718
564.57400012	3.30614
566.575000286	3.147562
568.520000219	0.045413
570.579000235	5.566776
572.581000328	6.571591
574.575000286	0.035797
576.578000307	0.159173
578.587000132	2.188649
580.575000286	2.87794
582.575000286	3.900274
584.578000307	1.124223
586.572000027	0.232004
588.576000214	0.653483
590.582000256	0.017961
592.570000172	0.134582
594.576000214	2.642402
596.576000214	7.683971
598.579000235	0.223312
600.585000038	0.880753
602.584000111	0.900772
604.577000141	0.808756
606.578000307	4.415653
608.580000162	2.450114
610.580000162	0.82101
612.579000235	0.039294
614.578000307	0.072393
616.579000235	0.012378
618.57400012	1.707886
620.578000307	1.552164
622.576000214	0.924187
624.577000141	0.012264
626.582000256	11.998857
628.579000235	2.268032
630.578000307	0.299821
632.577000141	0.016842
634.576000214	10.984168
636.822000265	9.898891
638.577000141	11.275516
640.579000235	11.275516
642.576000214	11.275516
644.578000307	11.275516
646.83100009	11.928033
648.582000256	10.155399
650.583000183	11.65764
652.834000349	11.88046
654.832000017	11.552154
656.862000227	0.130529
658.633000135	0.244456
660.827000141	12.284423
662.82400012	0.126469
664.829000235	0.911087
666.825000048	3.436035
668.830000162	1.460369
670.840000153	0.096354
672.827000141	0.013522
674.829000235	0.753667
677.287000179	0.003806
678.982000351	0.035912
680.830000162	1.079858
683.272000074	0.012298
684.830000162	0.017994
686.868000031	0.015882
688.830000162	0.950278
690.832000017	0.016142
692.829000235	0.128712
694.826000214	1.044031
696.842000246	0.324247
698.832999945	0.099599
700.832000017	0.550963
702.826000214	7.452334
704.83100009	0.252746
706.827000141	0.124763
708.83100009	0.161394
710.918000221	0.084039
712.836000204	0.909639
714.830000162	3.482185
716.832000017	2.465421
718.83100009	0.619471
720.835000277	0.802489
722.828000069	7.266183
724.832999945	8.732174
726.832999945	2.364206
728.835000277	0.050567
730.828000069	11.641248
733.08100009	0.893396
734.835000277	7.277095
736.827000141	0.919779
739.08100009	8.149508
740.842000246	10.974886
743.080000162	2.569796
745.107000113	8.913358
747.08100009	0.877846
749.080000162	0.014456
750.931000233	10.610104
753.083000183	0.037249
755.084000111	11.43762
757.084000111	0.945251
759.08100009	0.240354
761.082000256	1.743292
763.084000111	0.053704
765.088000059	0.567337
767.090000153	0.07594
769.079000235	0.121623
771.086000204	0.167631
773.083000183	0.038381
775.197000265	0.053951
777.084000111	0.660063
779.082000256	0.040649
781.080000162	2.948485
783.09100008	0.03537
785.087000132	0.055902
787.080000162	0.521928
789.102000237	9.123699
791.085000277	0.674452
793.083000183	9.23253
795.080000162	0.934994
797.082000256	10.249564
798.954000235	1.715337
801.09400034	0.017644
803.31400013	0.123115
805.08100009	6.676401
807.085000277	0.045431
809.080000162	1.549936
811.079000235	7.178691
813.09100008	7.945478
815.082000256	0.250924
817.083000183	0.011281
819.084000111	0.877662
821.084000111	0.017237
822.947000265	0.879795
825.084000111	2.832615
827.088999987	0.012161
829.087000132	0.018598
831.093000412	1.666364
833.084000111	0.0945
835.086000204	0.105278
837.088999987	0.675429
839.086000204	0.039217
841.082000256	0.835853
843.090000153	10.684617
845.088000059	11.103543
847.08100009	9.843149
849.082000256	10.859685
851.088000059	0.079871
853.084000111	0.013677
855.086000204	3.412462
857.088000059	0.930972
859.083000183	11.922482
861.090000153	12.171251
863.084000111	0.66918
865.085000277	0.029888
867.383000135	0.103005
869.090000153	0.067876
871.090000153	0.899419
873.084000111	10.666635
875.083000183	10.40228
877.085000277	3.319092
879.084000111	1.457935
881.083000183	1.944793
883.084000111	0.162452
885.088000059	10.964291
887.086000204	0.012261
889.088000059	10.808348
891.086000204	11.128758
893.098000288	0.235838
895.063000202	0.058841
897.087000132	11.557904
899.092000008	11.557904
901.083000183	11.557904
903.087000132	11.557904
905.088999987	8.599188
907.086000204	0.02108
909.086000204	0.033828
911.100000143	0.602801
913.09400034	0.156061
915.092000008	0.012532
917.088999987	8.068454
919.086000204	9.857931
921.088999987	9.857931
923.084000111	9.857931
925.088999987	10.610117
927.088999987	10.610117
929.092000008	11.662388
931.087000132	11.662388
933.093000412	11.662388
935.088999987	11.662388
937.090000153	0.049684
939.088000059	0.903972
941.088999987	3.623383
943.088999987	0.966153
945.087000132	0.194661
947.093000412	0.582811
949.095000267	1.460049
951.087000132	0.018468
953.088000059	2.852399
955.09100008	11.070022
957.087000132	0.455726
959.087000132	0.069086
961.095000267	0.50186
963.092000008	11.896855
965.09100008	11.165991
967.095000267	0.868162
969.111999989	4.363038
971.085000277	6.188774
973.088000059	0.908624
975.092000008	4.911715
977.09100008	0.966657
979.093000412	1.23974
981.09100008	0.086033
983.088999987	3.274623
985.093000412	0.069847
987.096000195	3.722181
989.099000216	0.003406
991.184000015	0.91304
993.336000204	1.084683
995.336000204	0.073063
997.342000246	1.293704
999.342000246	11.344593
1001.33700013	10.829041
1003.33900023	10.829041
1005.3380003	0.139883
1007.33900023	11.622313
1009.34700012	0.433813
1011.34100032	0.914162
1013.36100006	0.053235
1015.20800018	0.912162
1017.34100032	0.013521
1019.3360002	0.105802
1021.33900023	0.014112
1023.34100032	3.747809
1025.34000015	2.233622
1027.34000015	1.975164
1029.34600019	0.034965
1031.33700013	0.013434
1033.34000015	8.117634
1035.34000015	2.561554
1037.34300017	0.332186
1039.3440001	0.90501
1041.34100032	10.491939
1043.34300017	5.910603
1045.33900023	2.709109
1047.34100032	3.958616
1049.34900022	0.078369
1051.34300017	0.01213
1053.33900023	0.012605
1055.3440001	0.105188
1057.34000015	2.140613
1059.34000015	2.505219
1061.3440001	9.277476
1063.34200025	0.935468
1065.34000015	4.137678
1067.3440001	11.705149
1069.34000015	6.123489
1071.34300017	8.825112
1073.34300017	1.285233
1075.34800005	0.011505
1077.34900022	1.620197
1079.34100032	3.437255
1081.34100032	0.039979
1083.34300017	0.888432
1085.34500003	1.019339
1087.34200025	0.90012
1089.34300017	0.150248
1091.34200025	0.012296
1093.34500003	11.289528
1095.34000015	0.028144
1097.3440001	10.7825
1099.34100032	0.156924
1101.3440001	0.206622
1103.34100032	0.1305
1105.34500003	0.211163
1107.33900023	11.388879
1109.37500024	0.466762
1111.3440001	0.025327
1113.34300017	0.41689
1115.41300035	7.431662
1117.3440001	6.270135
1119.34200025	1.124289
1121.34300017	0.773126
1123.34200025	0.055819
1125.34500003	0.119354
1127.34000015	1.276341
1129.34700012	0.011903
1131.34700012	0.085673
1133.34100032	4.154383
1135.34600019	0.867755
1137.34600019	0.273597
1139.3440001	0.207953
1141.34200025	5.354585
1143.33900023	0.060485
1145.3440001	8.390793
1147.34700012	0.021074
1149.3440001	0.288882
1151.34500003	8.073284
1153.3440001	0.711205
1155.34500003	0.015097
1157.34200025	0.130331
1159.34600019	0.929212
1161.3440001	0.366223
1163.3440001	11.112653
1165.34200025	11.112653
1167.34300017	0.064803
1169.34200025	5.467196
1171.352	5.467196
1173.35000014	0.268363
1175.352	0.25399
1177.34800005	11.679168
1179.34300017	7.866595
1181.35400033	0.149719
1183.3440001	0.943083
1185.35000014	0.351879
1187.34700012	0.013997
1189.35000014	0.904537
1191.3440001	0.604459
1193.34800005	11.878383
1195.34700012	11.878383
1197.34000015	11.878383
1199.34700012	1.463057
1201.35299993	1.852057
1203.52300024	0.01865
1205.352	0.253647
1207.35800028	0.040693
1209.34700012	3.413017
1211.34200025	2.304153
1213.34800005	1.290777
1215.36300015	0.012125
1217.34700012	1.134518
1219.34900022	10.369909
1221.34900022	10.332507
1223.34700012	0.016513
1225.35500026	0.382859
1227.34900022	0.905576
1229.35000014	10.42071
1231.36100006	10.42071
1233.59400034	0.10525
1235.60000014	4.179116
1237.59700036	6.712868
1239.60000014	0.775289
1241.59800029	10.663861
1243.59299994	10.663861
1245.45100021	10.663861
1247.59900022	10.663861
1249.60100007	10.663861
1251.59600019	10.663861
1253.59500027	10.717471
1255.59700036	10.717471
1257.60000014	10.717471
1259.59900022	10.717471
1261.60100007	10.717471
1263.59500027	10.717471
1265.59600019	10.717471
1267.59600019	10.717471
1269.45100021	10.717471
1271.60100007	10.717471
1273.60000014	0.011926
1275.60000014	10.505541
1277.59800029	10.505541
1279.60000014	10.34063
1281.59800029	1.913961
1283.59500027	4.620739
1285.60100007	4.620739
1287.60100007	10.809575
1289.59700036	10.809575
1291.59700036	10.809575
1293.44800019	10.809575
1295.60000014	0.093996
1297.60200024	10.526447
1299.59900022	10.526447
1301.59800029	4.720273
1303.59900022	9.684314
1305.59800029	6.501119
1307.59800029	6.501119
1309.60000014	6.501119
1311.59700036	0.013633
1313.60000014	0.910358
1315.62400007	4.895102
1317.45000029	4.895102
1319.59700036	4.895102
1321.60200024	4.895102
1323.60200024	4.074813
1325.59700036	3.937203
1327.59700036	3.937203
1329.59800029	3.937203
1331.59900022	4.107633
1333.60100007	3.552689
1335.59900022	3.552689
1337.61100006	3.552689
1339.60000014	3.552689
1341.46000004	4.521338
1343.59800029	4.424485
1345.59900022	5.047669
1347.59900022	1.84145
1349.59900022	4.456605
1351.60400009	2.710702
1353.60200024	2.145159
1355.60300016	6.897066
1357.60000014	5.915354
1359.59600019	7.795519
1361.60700011	0.064243
1363.60500026	1.553979
1365.60400009	8.03034
1367.60700011	4.169894
1369.60500026	0.179849
1371.60100007	5.711482
1373.59900022	0.1374
1375.60500026	11.341685
1377.61000013	10.00986
1379.60800004	11.324629
1381.60000014	0.848168
1383.60400009	10.622956
1385.60500026	0.829151
1387.60300016	0.018058
1389.60600019	2.300698
1391.60700011	0.012401
1393.60300016	0.500761
1395.60300016	1.037518
1397.60400009	0.365454
1399.60200024	0.935237
1401.60300016	0.003783
1403.60400009	1.331665
1405.59800029	0.895203
1407.60800004	7.404899
1409.60100007	10.674118
1411.60500026	0.077338
1413.61000013	9.549426
1415.60700011	4.697149
1417.60700011	0.868492
1419.59800029	0.891656
1421.60100007	5.809654
1423.60500026	0.070874
1425.60300016	3.315205
1427.60700011	0.105889
1429.60600019	0.184631
1431.60700011	0.069937
1433.61000013	0.07091
1435.60100007	1.504039
1437.60300016	0.951334
1439.61100006	3.136411
1441.60200024	3.157754
1443.61000013	2.462096
1445.60800004	0.29409
1447.60500026	0.068898
1449.60400009	0.018229
1451.60500026	0.563252
1453.60800004	4.910133
1455.60899997	0.213749
1457.60600019	0.916603
1459.67800021	0.015928
1461.6190002	0.924659
1463.60400009	1.269946
1465.60700011	0.223035
1467.60500026	0.434777
1469.61800027	2.048625
1471.60500026	2.329382
1473.61800027	7.949021
1475.60700011	7.949021
1477.60400009	7.949021
1479.60100007	7.949021
1481.61300039	7.949021
1483.60899997	7.949021
1485.60300016	7.949021
1487.60400009	7.949021
1489.60500026	7.949021
1491.8530004	7.949021
1493.85600019	10.865212
1495.60899997	4.588883
1497.85900021	4.206847
1499.8610003	7.491336
1501.8530004	0.217333
1503.87200022	0.342721
1505.85700011	0.877604
1507.85700011	0.024993
1509.85600019	0.014062
1511.85800028	0.302343
1513.85900021	0.37415
1515.8670001	5.703193
1517.85500026	0.926116
1519.852	3.845079
1521.85400033	0.335941
1523.8610003	0.061374
1525.85500026	2.933733
1527.85400033	0.011751
1529.85600019	3.506471
1531.8610003	1.065856
1533.85700011	10.865588
1535.85600019	0.262307
1537.85700011	1.11673
1539.85800028	10.413368
1541.85900021	11.128457
1543.85400033	12.15578
1545.85600019	11.8221
1547.85800028	12.029538
1549.85800028	0.663683
1551.85700011	0.928905
1553.85700011	3.403572
1555.86500001	0.12184
1557.89800024	0.095186
1559.85500026	0.057639
1561.86800003	0.012286
1563.85700011	0.323867
1565.86000013	1.521301
1567.85600019	1.273542
1569.85800028	0.584592
1571.85800028	1.126091
1573.86300015	2.068444
1575.8670001	1.348971
1577.85800028	0.134545
1579.85600019	3.558854
1581.8610003	0.933295
1583.85800028	0.08462
1585.85600019	0.238314
1587.85600019	0.121072
1589.85800028	0.128665
1591.86000013	0.026192
1593.80300021	0.064074
1595.85700011	0.529717
1597.85700011	2.357692
1599.85800028	0.418549
1601.85900021	2.323137
1603.8670001	2.080075
1605.85800028	4.917253
1607.86000013	4.730625
1609.86300015	4.90484
1611.86300015	0.330297
1613.86200023	0.882344
1615.8610003	0.888928
1617.85600019	0.282669
1619.8610003	0.015243
1621.85700011	0.073063
1623.8610003	0.014865
1625.8610003	0.028193
1627.86400008	0.18555
1629.86000013	11.626781
1631.85600019	0.509112
1633.8610003	11.807551
1635.86500001	0.02529
1637.86200023	11.342592
1639.86000013	0.933328
1641.85900021	2.439467
1643.85900021	0.211199
1645.86200023	0.181371
1647.86000013	0.052761
1649.85600019	0.009863
1651.8610003	0.124163
1653.86200023	0.918156
1655.86000013	0.208527
1657.86400008	0.304676
1659.86000013	0.011672
1661.86200023	0.067009
1663.86200023	0.039379
1665.86200023	0.144988
1667.87300014	0.01198
1669.93500018	0.018799
1671.8670001	0.089207
1673.86200023	6.36042
1675.86200023	0.686483
1677.8610003	0.040422
1679.8610003	0.053794
1681.86400008	0.011427
1683.86400008	0.011665
1685.8610003	7.768907
1687.86500001	0.027307
1689.86000013	3.469432
1691.86600018	0.618229
1693.86300015	1.845669
1695.86800003	1.886894
1697.86600018	0.902497
1699.8610003	0.014133
1701.86800003	3.17872
1703.86600018	1.730904
1705.92200017	0.563459
1707.86300015	0.011497
1709.86300015	0.012101
1711.8610003	0.929884
1713.86500001	0.322466
1715.86200023	0.338784
1717.93400025	0.052548
1719.86800003	0.011659
1721.86500001	10.641675
1723.8610003	10.563937
1725.8670001	11.175112
1727.86300015	0.017042
1730.11700034	6.413572
1731.86400008	0.018661
1733.86400008	10.573261
1736.11300015	0.903285
1737.86800003	0.01172
1739.86800003	0.791918
1742.11800027	2.680175
1744.12700009	0.160888
1746.38900042	0.053467
1748.12700009	0.104933
1750.11300015	0.942574
1752.11600018	0.087969
1754.11300015	2.493169
1756.11500025	0.026204
1758.67000031	0.084999
1762.72099996	0.034747
1765.30600023	0.489378
1766.40900016	0.394174
1768.05800033	0.003865
1769.70900035	0.125084
1771.44099998	0.011676
1772.86200023	0.070165
1774.12100005	4.582386
1776.1190002	3.286566
1778.11500025	1.248799
1780.12500024	0.617452
1782.11700034	0.061102
1784.1190002	0.902947
1786.11500025	0.447051
1788.00300026	0.882985
1790.11500025	8.465041
1792.11700034	6.483394
1794.11500025	1.784824
1796.1190002	2.232113
1798.12500024	0.911849
1800.11600018	10.079119
1802.11700034	0.459545
1804.12300014	0.144798
1806.11800027	7.672105
1808.12800002	0.956602
1810.11600018	0.14291
1811.95700026	5.577247
1814.13200021	10.427282
1816.11500025	0.012173
1818.11400032	0.046491
1820.11700034	0.374347
1822.12100005	0.918516
1824.11700034	2.817464
1826.11800027	0.012023
1828.1190002	0.108191
1830.11700034	0.132036
1832.11500025	0.049112
1834.12400007	1.251287
1836.12200022	7.104672
1838.1190002	4.767113
1840.1190002	6.659071
1842.11600018	0.052855
1844.12000012	0.434089
1846.03299999	0.01842
1848.12200022	0.0122
1850.13000035	0.35495
1852.11700034	0.05076
1854.11500025	0.012012
1856.12200022	10.9007
1858.11800027	11.625873
1860.12100005	11.273665
1862.12300014	10.936355
1864.22200012	0.182849
1866.1190002	8.136481
1868.12700009	10.638591
1870.11800027	2.001769
1872.12000012	0.044934
1874.12300014	1.903697
1876.12200022	5.714413
1878.12100005	1.342419
1880.11700034	0.65374
1882.1190002	3.94218
1884.12300014	0.915623
1886.12100005	0.22916
1888.12200022	0.138256
1890.12500024	7.276113
1892.12600017	0.225238
1894.12000012	0.920087
1896.12000012	1.358532
1898.12000012	0.226307
1900.12000012	0.113336
1902.12500024	0.169621
1904.12500024	0.918091
1906.12200022	0.212005
1908.04900002	0.937647
1910.11700034	0.011576
1912.11800027	1.318369
1914.12000012	0.011858
1916.12100005	0.039746
1918.12000012	0.083706
1920.1190002	2.328812
1922.12100005	0.444643
1924.13100028	1.407054
1926.12100005	3.243243
1928.1190002	0.883269
1930.12800002	0.035786
1932.1190002	0.921364
1934.12300014	0.151461
1936.12000012	11.4708
1938.12000012	0.91236
1940.12300014	11.167616
1942.12000012	0.906029
1944.12000012	3.736837
1946.12200022	0.054661
1948.12200022	0.424651
1950.1190002	0.396054
1952.12200022	0.888373
1954.12100005	1.08525
1956.11700034	3.935039
1958.12100005	0.260851
1960.12000012	0.287364
1962.12700009	1.687286
1964.12100005	1.578518
1966.1190002	0.066267
1968.12400007	1.147587
1970.21700001	0.899307
1972.37000012	0.063165
1974.11800027	0.027239
1976.12500024	10.485366
1978.12600017	3.985972
1980.37100005	10.144702
1982.37500024	10.144702
1984.37100005	10.83917
1986.37600017	11.558732
1988.37100005	2.920176
1990.37000012	0.938752
1992.37700009	10.978013
1994.22600031	7.740493
1996.37400031	3.726543
1998.37100005	3.726543
2000.37000012	3.726543
2002.37600017	9.253466
2004.37000012	11.048392
2006.37600017	10.960138
2008.37300038	1.684064
2010.37700009	0.014858
2012.37100005	5.768354
2014.37500024	0.937547
2016.37900019	8.162364
2018.21400023	11.870646
2020.37100005	10.600292
2022.37000012	10.759675
2024.37400031	10.077456
2026.37400031	10.077456
2028.37300038	10.077456
2030.37200022	10.077456
2032.37300038	10.077456
2034.37300038	10.077456
2036.37300038	10.077456
2038.37000012	10.077456
2040.37000012	10.077456
2042.37000012	10.077456
2044.37400031	10.077456
2046.37100005	10.077456
2048.37100005	10.077456
2050.37300038	10.077456
2052.37400031	2.636351
2054.37600017	6.404664
2056.37500024	1.097379
2058.37500024	2.910634
2060.37300038	0.182198
2062.38300014	4.751929
2064.37300038	7.571219
2066.37200022	0.915675
2068.37500024	0.038902
2070.37500024	2.402635
2072.37800026	2.644976
2074.37800026	5.100276
2076.37500024	9.45298
2078.37800026	9.45298
2080.37800026	9.45298
2082.37700009	0.932519
2084.37500024	3.292367
2086.37400031	3.292367
2088.37800026	3.292367
2090.37500024	0.082604
2092.37400031	0.489528
2094.38100028	1.226974
2096.37900019	0.418581
2098.37800026	2.584408
2100.37700009	0.773331
2102.37200022	3.15206
2104.37600017	1.98988
2106.37300038	0.034165
2108.37700009	1.531168
2110.37600017	5.661922
2112.37500024	6.363776
2114.37600017	1.54245
2116.38300014	6.351835
2118.39000034	0.01215
2120.37900019	0.635236
2122.38000011	2.875657
2124.37600017	1.060769
2126.37900019	3.462158
2128.37700009	1.0021
2130.38100028	9.43649
2132.37800026	3.823904
2134.38000011	4.112633
2136.37500024	0.747461
2138.37900019	2.461654
2140.37500024	10.103601
2142.37700009	0.170453
2144.37700009	0.948042
2146.37900019	3.495546
2148.37300038	0.935279
2150.38100028	9.107029
2152.37900019	0.003668
2154.38499999	2.141549
2156.37900019	0.852015
2158.37500024	0.037972
2160.37800026	4.809653
2162.37700009	5.120657
2164.37800026	5.754567
2166.38000011	0.295961
2168.37600017	1.591844
2170.38200021	0.091957
2172.38000011	0.025958
2174.38499999	4.255446
2176.38000011	3.75102
2178.38300014	0.075588
2180.37700009	0.012425
2182.38100028	3.28796
2184.37700009	11.698064
2186.37900019	10.755471
2188.63000035	11.079882
2190.38100028	0.012344
2192.62700009	3.78992
2194.6340003	1.887499
2196.62900019	10.933272
2198.62900019	0.631621
2200.63000035	0.592424
2202.63100028	2.062574
2204.62700009	0.107161
2206.63000035	7.90347
2208.63100028	7.516667
2210.47400022	1.7274
2212.63100028	0.551751
2214.63000035	0.466233
2216.63100028	0.013933
2218.62600017	0.232466
2220.63500023	0.923238
2222.63200021	0.236049
2224.63300014	10.581399
2226.63200021	0.013273
2228.63000035	5.40075
2230.62800002	5.40075
2232.63100028	5.40075
2234.63900018	5.40075
2236.63300014	4.752144
2238.62800002	4.752144
2240.63100028	4.752144
2242.63100028	0.180036
2244.62900019	0.946199
2246.63300014	9.732101
2248.63200021	9.732101
2250.62900019	3.36673
2252.62800002	0.360532
2254.63100028	0.866232
2256.63100028	0.310427
2258.65700006	0.056893
2260.63000035	2.686435
2262.63500023	0.117968
2264.63100028	3.423446
2266.63100028	10.597686
2268.62800002	0.951214
2270.63300014	0.526496
2272.63100028	0.051865
2274.63200021	2.339415
2276.6340003	0.218627
2278.63100028	1.664884
2280.65000033	0.107393
2282.63300014	0.90347
2284.62900019	0.066139
2286.63000035	9.941877
2288.6340003	0.891326
2290.63500023	10.43678
2292.63200021	0.927545
2294.63300014	0.589198
2296.6420002	0.012014
2298.63300014	0.025689
2300.62900019	0.615026
2302.63200021	3.285431
2304.63300014	0.04428
2306.64300013	10.997376
2308.63200021	5.219169
2310.6340003	8.384161
2312.63100028	1.193327
2314.63200021	8.29715
2316.6340003	0.915886
2318.63200021	0.240474
2320.63900018	0.758479
2322.63600016	0.018516
2324.63700032	0.428819
2326.63900018	0.93821
2328.63200021	4.47124
2330.6340003	0.945001
2332.63300014	0.015541
2334.63200021	0.089242
2336.64300013	5.941633
2338.63500023	0.012167
2340.6340003	0.979189
2342.6340003	2.244204
2344.62900019	0.038873
2346.63900018	1.916993
2348.63500023	0.105899
2350.63600016	0.012038
2352.63500023	0.55291
2354.6400001	0.949939
2356.6340003	0.026781
2358.63500023	0.506553
2360.6420002	0.093674
2362.6340003	5.586321
2364.6340003	0.918495
2366.63600016	0.628916
2368.64300013	0.079016
2370.63800025	0.230725
2372.63500023	0.02673
2374.63700032	0.129882
2376.63300014	0.358582
2378.60600019	0.025055
2380.63900018	0.084702
2382.63900018	0.017146
2384.63100028	0.841945
2386.6400001	5.770164
2388.63700032	0.948942
2390.63100028	6.119714
2392.63500023	2.953168
2394.63600016	11.420429
2396.63500023	0.08123
2398.63300014	3.585557
2400.63500023	0.025497
2402.63700032	0.970791
2404.63300014	0.08354
2406.63800025	2.039586
2408.64100003	2.80189
2410.63300014	0.801545
2412.63700032	0.053497
2414.6420002	0.079791
2416.63800025	0.110211
2418.63500023	0.108659
2420.63600016	8.638145
2422.64300013	0.795342
2424.64100003	0.026704
2426.6420002	0.885449
2428.88700008	1.874304
2430.88600016	7.222012
2432.64100003	3.253163
2434.64400005	2.976473
2436.6400001	1.483218
2438.88800001	0.013706
2440.75100017	0.919959
2442.88899994	11.162262
2444.89300036	1.217788
2446.8920002	0.080582
2448.8920002	11.754472
2450.89100027	0.880759
2452.89000034	0.167849
2454.88800001	0.01707
2456.89000034	0.089953
2458.88899994	2.979107
2460.88700008	4.474476
2462.8920002	0.048734
2464.88700008	2.251832
2466.88700008	0.015913
2468.88500023	0.218632
2470.88700008	0.952905
2472.89600015	5.354287
2474.89000034	0.910306
2476.88700008	11.478871
2478.88899994	2.533333
2480.89000034	3.280477
2482.89000034	4.336145
2484.88800001	5.243006
2486.8920002	10.971372
2488.88899994	0.893696
2490.88899994	2.509532
2492.89900017	0.01222
2494.88700008	2.31953
2496.88800001	0.098578
2498.89100027	1.060283
2500.89000034	2.317888
2502.89400029	7.057676
2504.89400029	1.781146
2506.89700007	5.220986
2508.8920002	0.918612
2510.89000034	0.284285
2512.89400029	2.820479
2514.88899994	0.012698
2516.89000034	5.824757
2518.89100027	2.43052
2520.88899994	0.060562
2522.88899994	1.215691
2524.88800001	1.361755
2526.8920002	0.097004
2528.89100027	3.778318
2530.89100027	0.954938
2532.89000034	0.901915
2534.88899994	0.160233
2536.89300036	11.099185
2538.89500022	8.144342
2540.89000034	11.739248
2542.88899994	7.20698
2544.89900017	2.824091
2546.89500022	2.539836
2548.89400029	4.625536
2550.89400029	1.758284
2552.89400029	4.536874
2554.90100026	0.015153
2556.89400029	0.916627
2558.8920002	0.16425
2560.92500019	0.897261
2562.89700007	0.307708
2564.8920002	0.105638
2566.89100027	0.036582
2568.88800001	0.078991
2570.8920002	0.922741
2572.8920002	0.16524
2574.89000034	0.311859
2576.89300036	0.785536
2578.89600015	0.318964
2580.90799999	0.018244
2583.14300013	2.322249
2584.89400029	0.914708
2586.8920002	7.249878
2588.89500022	0.026989
2590.8920002	7.994405
2592.89300036	7.655203
2594.89300036	5.521057
2597.14100027	0.356211
2599.14400005	0.654282
2601.14300013	0.040477
2603.14499998	0.238064
2605.14400005	3.918833
2607.14300013	11.21564
2609.1420002	0.886415
2611.14400005	0.028445
2613.14400005	0.967498
2615.15600014	3.485788
2617.148	1.206224
2619.14499998	7.457744
2621.14100027	0.247421
2623.14300013	0.383412
2625.14300013	0.129651
2627.14499998	4.002004
2629.14499998	3.676391
2631.15200019	0.257776
2633.14300013	11.074302
2635.14499998	11.501372
2637.14900041	0.672774
2639.14600015	1.025457
2641.14300013	0.068568
2643.14100027	0.90525
2645.14700007	4.527552
2647.14300013	2.292117
2649.1420002	11.081106
2651.14300013	0.016557
2653.14100027	11.714705
2655.14900041	8.023242
2657.14400005	0.941938
2659.1420002	0.016325
2661.14700007	8.145609
2663.14300013	0.253644
2665.14499998	0.071474
2667.14700007	0.049733
2669.14900041	0.070393
2671.14300013	10.527316
2673.1420002	11.154919
2675.14700007	0.113806
2677.14700007	3.654258
2679.14900041	2.415534
2681.14400005	5.354748
2683.148	11.406973
2685.14499998	0.988845
2687.14499998	2.264437
2689.14600015	0.18623
2691.15200019	0.925702
2693.1420002	0.199414
2695.148	0.244264
2697.14499998	2.02865
2699.15000033	0.227661
2701.14900041	0.039581
2703.14700007	0.490176
2705.15100026	0.054223
2707.14700007	0.212376
2709.15000033	0.04954
2711.15100026	0.546387
2713.15000033	0.643099
2715.15000033	0.038929
2717.14400005	5.774007
2719.148	0.617585
2721.14700007	0.016692
2723.15600014	1.198165
2725.15200019	0.916529
2727.14900041	0.012022
2729.14700007	2.564768
2731.14700007	3.043283
2733.14900041	5.877758
2735.15000033	0.106759
2737.14499998	5.038458
2739.15500021	0.899409
2741.15100026	3.64407
2743.14900041	10.983724
2745.15100026	8.732775
2747.14700007	0.353593
2749.148	1.729974
2751.14900041	2.07005
2753.15100026	0.891695
2755.148	0.172433
2757.14600015	0.097585
2759.14400005	0.012081
2761.148	4.957871
2763.15200019	0.921684
2765.15600014	0.096811
2767.15100026	0.035965
2769.15300012	4.506396
2771.15000033	0.576433
2773.14900041	0.876214
2775.15600014	8.943703
2777.15400028	9.963811
2779.148	10.32362
2781.15900016	7.16126
2783.14900041	3.577136
2785.15300012	6.131422
2787.148	6.131422
2789.148	6.131422
2791.14700007	6.131422
2793.15200019	6.131422
2795.15000033	6.131422
2797.14700007	6.131422
2799.14700007	6.131422
2801.148	6.131422
2803.14600015	6.131422
2805.14600015	6.131422
2807.19200015	6.131422
2809.148	6.131422
2811.148	6.131422
2813.15200019	6.131422
2815.14900041	6.131422
2817.15500021	4.264506
2819.14700007	5.483682
2821.14499998	0.913365
2823.14700007	3.026807
2825.1570003	0.926035
2827.15200019	1.125165
2829.148	0.219202
2831.15200019	8.715351
2833.14900041	5.705366
2835.15300012	0.923298
2837.15000033	4.473388
2839.14900041	2.479536
2841.39900017	5.004154
2843.14900041	5.004154
2845.40400004	5.004154
2847.4000001	1.943788
2849.4000001	0.907878
2851.39900017	4.525265
2853.41300035	10.602349
2855.41300035	9.44566
2857.40300012	0.905069
2859.4000001	3.250309
2861.40100002	0.822574
2863.24900007	9.883602
2865.39800024	12.420378
2867.40100002	11.715157
2869.40100002	11.423001
2871.39900017	11.423001
2873.40500021	11.423001
2875.40100002	11.423001
2877.40100002	10.440534
2879.40500021	0.018908
2881.40400004	10.494624
2883.4000001	10.494624
2885.40500021	10.494624
2887.25000024	10.494624
2889.4000001	10.494624
2891.41400027	0.105967
2893.4000001	4.213756
2895.40400004	5.770165
2897.40100002	5.770165
2899.40200019	10.986297
2901.40300012	0.012074
2903.40300012	11.226241
2905.4000001	0.151181
2907.40200019	4.596607
2909.40700006	0.012812
2911.38200021	0.062093
2913.40200019	6.118464
2915.40100002	3.193569
2917.40700006	11.410841
2919.4000001	10.246752
2921.40300012	10.246752
2923.40200019	11.783821
2925.40100002	11.783821
2927.40900016	0.053757
2929.40300012	0.015636
2931.40400004	11.423092
2933.40200019	2.450067
2935.24600029	5.015601
2937.40300012	11.622549
2939.40600014	0.045342
2941.40700006	1.040425
2943.41100025	11.171182
2945.40300012	11.161865
2947.40400004	11.023981
2949.40200019	11.023981
2951.40100002	11.023981
2953.40300012	0.336291
2955.41100025	0.920778
2957.40200019	10.956681
2959.40100002	10.367237
2961.40400004	9.852705
2963.40900016	11.175103
2965.40100002	10.100918
2967.40700006	1.685422
2969.40500021	3.549061
2971.40500021	0.471113
2973.40900016	11.452116
2975.40900016	11.452116
2977.40100002	11.452116
2979.40400004	11.082175
2981.40500021	11.082175
2983.40799999	5.724771
2985.40500021	11.31497
2987.40300012	0.511964
2989.40500021	3.693789
2991.40500021	0.801418
2993.40600014	0.852795
2995.40400004	10.301352
2997.40900016	3.105532
2999.40500021	2.146613
3001.41400027	0.129674
3003.41100025	5.398445
3005.40799999	11.228421
3007.40400004	2.201876
3009.40700006	2.201876
3011.40300012	2.201876
3013.41100025	0.85709
3015.40500021	7.30262
3017.40300012	0.945517
3019.41900015	1.651254
3021.40600014	3.537488
3023.40600014	9.492901
3025.40600014	9.492901
3027.40900016	9.492901
3029.40700006	0.523207
3031.36200023	0.039959
3033.40600014	2.309222
3035.40799999	0.012266
3037.40700006	0.918951
3039.40700006	0.203998
3041.41000032	1.984649
3043.40799999	5.6233
3045.40799999	8.745721
3047.40700006	2.072067
3049.41100025	3.807885
3051.40500021	0.908385
3053.41100025	0.126771
3055.37200022	0.015131
3057.40700006	3.626127
3059.40799999	3.138539
3061.41200018	2.49505
