0.0	1.073454
0.0970001220703	1.170771
0.163000106812	1.170771
0.223999977112	1.170771
0.294000148773	1.170771
0.34700012207	1.170771
0.527000188828	2.364748
1.4350001812	0.051126
1.92600011826	3.158898
3.85500001907	0.066759
5.84500026703	1.738077
7.84700012207	3.910054
9.84700012207	1.608982
11.8440003395	0.239905
13.7870001793	0.094272
15.7850003242	0.085092
17.7890002728	1.880061
19.7860002518	2.982931
21.7860002518	0.122218
23.7860002518	0.023292
25.7860002518	1.766543
27.7860002518	0.338074
29.7860002518	8.661855
31.7839999199	4.084455
33.7850003242	1.810897
35.7860002518	0.35626
37.7880003452	1.55769
39.7860002518	0.071428
41.7870001793	0.727181
43.7920000553	0.113869
45.7910001278	0.005134
47.7850003242	0.070805
49.7860002518	0.027535
51.7850003242	0.021925
53.7860002518	1.734547
55.7829999924	4.130104
57.7870001793	1.431073
59.7860002518	0.860043
61.7870001793	5.104808
63.7850003242	11.067318
65.7850003242	8.310701
67.7839999199	9.462007
69.7880003452	11.51378
71.7860002518	0.043431
73.7900002003	1.752293
75.7940001488	8.597
77.7850003242	1.929761
79.7870001793	6.440297
81.7860002518	7.465972
83.7829999924	2.078915
85.7850003242	0.275997
87.7850003242	5.849397
89.7850003242	5.849397
91.7860002518	8.669644
93.7860002518	1.40558
95.7860002518	0.560696
97.7860002518	0.031609
99.7870001793	0.001851
101.786000252	0.017988
103.789000273	0.017334
105.845000267	0.02272
107.853000164	7.754071
109.788000345	9.358085
111.798000097	6.409061
113.84800005	7.8031
115.852000237	4.365031
117.846000195	7.830119
119.785000324	0.299924
121.855000019	1.801285
123.850000143	2.027907
125.845000267	2.604316
127.84800005	0.424181
129.84800005	3.489739
131.855999947	1.936691
133.785000324	0.127158
135.785000324	3.935161
137.789000273	0.184008
139.838000059	1.70982
141.855999947	5.631853
144.038000107	0.303739
146.038000107	1.982771
147.786000252	0.020806
150.095999956	1.922197
152.105000257	9.501181
153.786000252	6.50129
156.037000179	4.138312
157.792000055	1.026222
160.095999956	1.913562
162.095999956	10.16013
163.838999987	1.67815
166.034000158	1.484637
168.097000122	3.666911
170.095999956	8.63645
172.036000252	10.794746
174.037000179	9.628857
176.035000086	0.035379
178.038000107	5.248695
180.042000055	6.763481
182.037000179	4.401736
184.035000086	0.235259
186.035000086	4.284145
187.89800024	2.671977
190.042000055	6.40557
192.097000122	0.244091
194.039000034	0.252602
196.039000034	0.04523
198.035000086	1.923873
200.036000252	0.177369
202.038000107	3.113815
204.034000158	0.176091
206.039000034	0.205961
208.041000128	0.193264
210.097000122	0.138316
212.045000315	2.332482
214.100000381	0.021125
216.044000387	3.806798
218.034000158	0.037346
220.095000029	0.711841
222.036000252	1.753695
