0.0	0.600651
0.144999742508	0.810708
0.287999868393	0.913143
0.380999803543	0.913143
0.476999759674	0.913143
0.571999788284	0.913143
0.68399977684	1.339756
0.929999828339	0.780645
1.32699990273	1.005968
3.47599983215	3.625925
5.38199973106	0.405252
7.47599983215	0.260508
9.47599983215	0.694847
11.4759998322	1.578694
13.4759998322	0.234636
15.4759998322	3.219908
17.4839999676	2.552023
19.4779996872	0.413675
21.4769997597	3.610562
23.4769997597	0.233382
25.4779996872	2.988621
27.4769997597	0.63186
29.3179998398	0.903567
31.4759998322	3.348251
33.4789998531	0.756381
35.4769997597	3.522872
37.4759998322	3.712441
39.4809997082	0.015315
41.4769997597	0.915064
43.4819996357	1.277269
45.4769997597	3.460667
47.4809997082	0.016319
49.4779996872	0.90325
51.4779996872	3.744262
53.3229997158	0.879664
55.4779996872	1.03613
57.4809997082	0.10651
59.4779996872	0.291909
61.4789998531	1.026804
63.4799997807	0.270689
65.4819996357	0.918917
67.4799997807	1.201986
69.4799997807	1.620066
71.4839999676	3.755604
73.4839999676	2.61709
75.4799997807	1.552741
77.4799997807	3.746336
79.4799997807	3.764327
81.4809997082	1.555082
83.4809997082	0.026894
85.4809997082	0.251267
87.4799997807	0.013168
89.4829998016	1.459461
91.4809997082	3.356222
93.4839999676	3.584538
95.4799997807	3.469788
97.4799997807	3.465347
99.4859998226	3.671095
101.479999781	3.230659
103.479999781	1.31215
105.480999708	3.725545
107.494999886	1.955183
109.480999708	0.061517
111.479999781	0.892907
113.480999708	1.846536
115.482999802	1.732678
117.482999802	2.981417
119.480999708	3.69265
121.480999708	1.4989
123.481999636	3.183861
125.481999636	2.929183
127.480999708	1.113037
129.481999636	1.498535
131.481999636	0.870605
133.482999802	1.819354
135.482999802	0.951975
137.482999802	0.362562
139.481999636	0.034381
141.481999636	0.21131
143.480999708	0.937209
145.480999708	3.325975
147.480999708	3.510088
149.482999802	0.884516
151.486999989	2.764625
153.488999844	0.249263
155.486999989	0.41318
157.485999823	0.88516
159.481999636	0.893731
161.484999895	0.676056
163.486999989	0.085335
165.484999895	0.003703
167.484999895	1.240375
169.487999916	0.0641
171.490999699	0.79261
173.483999968	1.053917
175.485999823	1.291642
177.492999792	0.45324
179.488999844	2.195771
181.485999823	1.753696
183.484999895	3.490056
185.488999844	3.634306
187.484999895	0.633203
189.484999895	0.042667
191.486999989	0.12916
193.485999823	1.249041
195.495999813	0.297492
197.488999844	0.384794
199.492999792	1.189413
201.485999823	1.55093
203.485999823	3.406282
205.485999823	2.56163
207.486999989	0.884048
209.486999989	0.982423
211.486999989	2.882623
213.486999989	2.732533
215.486999989	3.270393
217.485999823	3.737505
219.487999916	3.712653
221.486999989	3.716919
223.489999771	0.161174
225.492999792	0.014186
227.487999916	0.106819
229.487999916	2.038361
231.737999678	0.162638
233.737999678	0.021365
235.737999678	0.971223
237.738999605	0.351881
239.737999678	0.078507
241.738999605	0.762288
243.741999865	0.61595
245.737999678	0.903516
247.738999605	0.063326
249.738999605	0.003979
251.738999605	1.344523
253.738999605	3.547198
255.741999865	3.21502
257.738999605	3.697757
259.737999678	3.365542
261.739999771	1.750735
263.743000031	2.558533
265.739999771	0.535115
267.739999771	0.27494
269.739999771	0.883958
271.739999771	3.216667
273.739999771	0.058833
275.739999771	3.586661
277.740999699	3.341838
279.743000031	0.862875
281.740999699	2.750064
283.744999886	0.745046
285.741999865	0.362935
287.740999699	1.980924
289.740999699	1.737906
291.741999865	1.429902
293.741999865	3.595295
295.740999699	3.685065
297.741999865	3.31676
299.741999865	1.273963
301.740999699	2.453495
303.740999699	0.168318
305.741999865	0.465533
307.741999865	0.316735
309.741999865	1.511076
311.741999865	0.192442
313.741999865	0.490944
315.741999865	0.593873
317.741999865	1.452874
319.741999865	1.634884
321.743000031	1.131472
323.743000031	0.063945
325.743000031	0.362403
327.743000031	2.243779
329.743000031	1.816551
331.743000031	0.853628
333.743000031	2.231873
335.743999958	3.735902
337.743999958	0.273708
339.743999958	0.587418
341.743999958	0.042576
343.743999958	0.021361
345.743999958	0.00392
347.743999958	3.689277
349.744999886	0.42417
351.744999886	0.893569
353.744999886	0.561293
355.744999886	3.30776
357.744999886	1.26479
359.743999958	1.387635
361.744999886	3.675791
363.744999886	1.412191
365.744999886	3.072067
367.744999886	3.419842
369.744999886	3.726964
371.744999886	3.716814
373.744999886	1.318852
375.749999762	3.558581
377.745999813	3.374085
379.745999813	1.630778
381.745999813	2.272158
383.745999813	3.583346
385.745999813	0.903792
387.745999813	3.662069
389.744999886	2.850294
391.746999741	1.372279
393.746999741	3.670279
395.746999741	1.288043
397.746999741	0.704087
399.746999741	0.082948
401.746999741	0.694374
403.746999741	1.302759
405.746999741	3.700454
407.747999907	3.276816
409.746999741	0.300177
411.747999907	1.724542
413.747999907	0.594698
415.746999741	0.042461
417.747999907	3.13318
419.748999834	1.137138
421.746999741	1.637252
423.747999907	3.281783
425.747999907	0.70675
427.748999834	0.942335
429.747999907	0.805513
431.747999907	1.455896
433.747999907	3.678879
435.747999907	2.307925
437.75399971	0.72647
439.750999928	3.753716
441.751999855	0.959324
443.748999834	3.66271
445.747999907	1.910129
447.748999834	3.414944
449.75399971	3.461064
451.747999907	1.17826
453.789999723	3.640327
457.643999815	2.308426
458.107999802	2.150631
459.860999823	0.784532
461.784999847	2.81978
463.749999762	2.508582
465.748999834	3.622223
467.749999762	3.453358
469.749999762	3.453358
471.750999928	3.453358
473.750999928	3.708203
475.750999928	3.329763
477.750999928	3.762965
479.751999855	3.691121
481.750999928	3.59271
483.749999762	3.811023
485.749999762	3.7126
487.751999855	3.731102
489.750999928	3.715041
491.749999762	3.743885
494.0	3.733394
495.998999834	2.518422
497.998999834	3.420002
500.252999783	3.359343
502.0	3.745413
504.001999855	1.217672
506.001999855	3.808191
508.002999783	3.731401
510.002999783	3.421958
512.001999855	3.607104
514.001999855	3.336058
516.002999783	1.18891
518.001999855	1.400573
520.001999855	3.691875
522.000999928	3.735157
523.842999697	3.760079
526.002999783	3.097269
528.002999783	0.622276
530.002999783	3.599515
532.002999783	3.609833
534.003999949	3.196169
536.004999876	3.136649
538.004999876	3.356683
540.004999876	1.060878
542.003999949	3.264159
544.004999876	0.883779
546.005999804	0.665992
547.84499979	3.710692
550.004999876	0.625514
552.004999876	3.372376
554.007999897	0.114166
556.005999804	2.105179
558.003999949	0.907892
560.009999752	1.254896
562.005999804	3.654379
564.007999897	0.042076
566.003999949	3.567419
568.005999804	3.753191
570.005999804	3.604276
571.84499979	3.735955
574.005999804	3.690197
576.004999876	0.956143
578.005999804	1.553172
580.004999876	3.606827
582.006999969	3.733023
584.004999876	1.232934
586.005999804	1.473201
588.006999969	3.693868
590.006999969	3.765036
592.006999969	3.701041
594.007999897	3.420022
596.007999897	3.764164
598.007999897	3.71863
600.007999897	3.780807
602.006999969	1.101958
604.007999897	0.282695
606.007999897	3.513352
608.007999897	3.715519
610.008999825	3.315323
612.008999825	3.721307
614.008999825	0.298646
616.008999825	1.049938
618.009999752	0.021332
620.008999825	0.872761
622.013999701	0.004151
624.009999752	2.572983
626.011999846	1.376079
628.009999752	2.475225
630.009999752	0.448023
632.009999752	0.820576
634.009999752	0.404012
636.008999825	0.588129
638.009999752	1.152855
640.012999773	0.320279
642.009999752	0.20999
643.90599966	0.812032
646.009999752	0.532742
648.009999752	3.186423
650.011999846	2.5057
652.009999752	3.705961
654.01099968	2.765596
656.01099968	1.741772
658.01099968	1.425672
660.01099968	3.714457
662.01099968	0.228099
664.01099968	3.061909
666.01099968	2.157154
668.011999846	0.5935
670.011999846	3.363473
672.011999846	3.725318
674.01099968	3.701111
676.009999752	3.600313
678.009999752	0.898959
680.009999752	3.729755
682.009999752	3.703008
684.008999825	3.576667
686.008999825	0.447838
688.009999752	0.724955
690.012999773	0.795692
692.011999846	0.106017
694.01099968	3.373615
696.01099968	0.0641
698.012999773	1.080654
700.012999773	0.725178
702.012999773	0.340689
704.012999773	1.128552
706.012999773	3.416917
708.012999773	3.489819
710.012999773	0.598403
712.013999701	3.65377
714.013999701	1.00994
716.013999701	0.531946
718.013999701	1.60114
720.014999866	0.021347
722.013999701	0.315377
724.013999701	2.498538
726.015999794	3.528935
728.014999866	0.214039
730.014999866	1.569844
732.014999866	3.376526
734.014999866	0.280664
736.023999929	0.042716
738.015999794	3.764927
740.015999794	0.619326
742.015999794	0.128198
744.015999794	0.621965
746.015999794	2.116556
