0.0	1.372103
3.1899998188	0.087661
3.93699979782	1.08078
4.45999956131	1.05828
5.38699960709	0.125006
7.75899958611	0.157781
10.3749997616	0.334487
13.7579996586	0.446117
17.6689999104	0.018304
18.0469996929	0.623228
18.9369997978	0.010178
20.1819996834	0.011029
21.3789997101	0.414549
22.5229997635	0.607279
23.7569997311	0.036019
25.8129997253	0.029322
31.0139997005	0.342166
33.5279998779	0.359174
35.6609997749	0.037855
37.4459998608	0.157502
38.5969998837	0.140022
40.0429997444	0.801859
41.029999733	1.046511
41.7579996586	0.047304
42.7889997959	0.273355
44.2509996891	0.637484
46.0999996662	0.227267
47.7099997997	0.718788
49.3209998608	0.056443
50.795999527	0.692947
52.7399995327	0.793838
53.8429996967	0.715057
55.4509997368	0.132412
56.6169998646	0.141866
57.6499998569	0.605366
58.8269996643	0.25563
62.0829997063	0.249671
65.5689997673	0.697756
68.1279997826	0.058252
69.9509997368	1.18588
71.9679999352	0.248343
73.7199997902	0.441185
74.9269998074	0.098745
76.9449999332	0.059296
79.6249997616	0.266884
82.523999691	0.146207
84.904999733	0.380255
85.2400000095	0.970904
85.6669998169	0.781889
86.9639997482	0.220538
88.8419997692	0.656193
90.9199998379	0.579496
93.3709998131	0.310008
96.3659996986	0.844053
97.5469996929	0.360882
98.8269996643	0.087783
100.839999914	1.027406
102.827999592	0.195323
104.825999737	0.456994
106.843999624	0.102527
108.839999914	0.238481
110.827999592	0.608976
112.828999758	0.614909
116.457999706	0.543566
119.660999775	0.350814
121.229999781	0.693714
123.696999788	0.036282
126.108999729	0.297059
128.057999849	1.199298
129.366999626	0.674241
131.520999908	0.379327
133.930999756	0.692187
135.790999651	0.584431
138.124999762	0.013109
140.370999813	0.103898
142.27099967	0.702742
144.103999853	0.155724
146.289999723	0.230487
149.923999548	0.042852
152.337999821	0.042538
153.821999788	0.444841
155.333999872	0.344362
156.731999636	0.357344
158.544999838	0.05268
160.879999876	0.568517
163.202999592	0.380065
165.857999802	0.030383
167.888999939	0.011461
169.515999556	0.021949
171.642999649	0.424509
173.797999859	0.072708
176.790999651	0.137135
181.319999933	0.293693
184.989999771	0.425171
186.603999615	0.418022
188.149999857	0.517091
189.388999939	0.51918
191.910999775	0.330072
194.336999893	0.306717
195.781999826	0.122231
196.985999823	0.225911
198.37899971	0.526262
199.135999918	0.145666
199.960999727	0.907328
200.688999891	0.168566
202.307999611	0.01789
204.51099968	0.210987
205.597999811	0.601963
207.169999838	1.074643
209.362999678	0.840697
211.495999813	0.390504
213.277999878	0.874431
213.913999796	0.87212
215.37899971	0.281019
217.014999628	0.068857
219.132999897	0.628816
221.933999777	0.132962
225.242999792	0.202929
228.191999912	0.287915
230.731999636	0.770643
233.289999723	0.231201
235.919999838	0.15391
239.274999619	0.304466
241.856999874	0.295059
243.93599987	0.370446
245.674999714	0.723677
247.004999876	0.588044
248.970999718	0.264969
251.198999643	0.251876
254.392999887	0.134212
258.099999666	0.363476
260.487999916	0.423884
263.407999992	0.251177
264.971999645	0.752753
266.333999872	0.196433
267.906999588	0.244465
269.291999578	0.526233
270.946999788	0.320199
272.706999779	0.6367
274.18599987	0.799343
276.492999792	0.0109
277.893999815	0.710451
280.867999554	0.859615
283.877999783	0.027813
286.615999937	0.003288
288.66899991	1.279221
290.335999966	0.618855
292.224999905	0.818617
294.540999889	1.043891
296.008999825	0.271414
296.703999996	0.010979
297.589999676	0.233457
298.47699976	0.090866
299.573999882	0.144977
300.301999807	0.676465
300.816999912	0.74617
301.839999914	0.819194
302.971999645	0.266739
305.098999739	0.856987
307.102999687	0.74545
309.083999634	0.843332
311.129999876	0.275149
313.105999708	1.464966
315.076999903	0.026439
317.079999924	1.108829
319.07799983	1.548387
321.106999636	0.105246
323.078999758	0.496708
325.07799983	0.437092
327.095999956	0.169115
329.07799983	0.702015
331.07799983	0.162439
333.100999832	0.011249
335.078999758	0.090503
337.075999737	0.675569
339.025999784	0.742911
341.086999655	0.916167
343.103999853	0.652332
345.086999655	0.018251
347.076999903	0.286134
349.07799983	0.827467
351.079999924	0.436903
353.098999739	1.280853
355.07799983	0.257291
357.105999708	0.003184
359.085999727	0.127266
361.092999935	0.468588
363.100999832	0.23189
365.078999758	0.942372
367.07799983	0.221245
369.075999737	1.185022
371.103999853	0.424929
373.081999779	0.23169
375.076999903	0.209018
377.098999739	1.247803
379.07799983	0.279464
381.07799983	1.52003
383.096999884	0.113783
385.092999935	1.356909
387.108999729	0.621014
389.09499979	1.382126
391.096999884	0.051764
393.095999956	1.815013
395.07799983	0.029502
397.078999758	1.728006
399.104999781	1.637196
401.07799983	0.118119
403.085999727	0.490339
405.087999821	0.984062
407.104999781	0.236562
409.100999832	0.97241
411.076999903	0.489617
413.07799983	1.325009
415.096999884	1.215103
417.078999758	0.660085
419.07799983	0.276763
421.088999748	0.020445
423.240999937	0.363628
425.07799983	0.141315
427.087999821	0.065109
429.081999779	0.22137
431.256999731	0.003418
433.245999813	0.12126
435.370999813	0.936425
437.135999918	1.260971
439.348999739	1.086852
441.328999758	1.856608
443.362999678	0.751945
445.33199954	0.261404
447.32799983	1.106415
449.210999727	0.178184
451.332999945	0.735617
453.382999659	0.065508
455.850999594	0.945665
457.457999706	1.215322
459.129999876	0.029299
461.115999699	1.029918
463.3349998	0.242661
465.336999893	1.419867
467.346999645	0.286959
469.329999685	1.15749
472.440999746	0.222641
473.805999756	1.062113
475.473999739	1.037109
477.329999685	0.126999
480.011999607	0.17351
482.252999783	0.259964
484.627999544	0.291979
487.320999861	1.276973
488.607999802	0.894823
489.756999731	0.366612
491.15199995	1.196784
493.330999613	0.771297
495.32799983	0.8286
497.349999666	0.860811
499.989999771	0.02431
502.406999588	0.119078
504.568999767	1.30863
506.128999949	0.235358
508.371999741	0.551909
512.31799984	0.251497
514.798999786	0.344992
516.745999813	0.086087
518.3349998	0.193779
520.849999666	0.950369
523.446999788	0.620684
526.184999943	0.317378
528.653999805	0.159996
530.165999651	0.105174
531.723999739	1.003699
533.348999739	0.410246
534.93999958	0.550688
536.972999811	0.352676
538.978999615	0.162852
541.092999935	0.321983
544.038999796	0.181701
547.042999744	0.663477
549.36199975	0.142104
551.325999737	0.094264
553.25399971	0.434331
556.074999809	0.208281
558.715999603	0.48002
560.634999752	0.44232
562.824999809	0.79034
565.034999609	0.774861
567.553999662	0.16668
570.515999556	0.274613
572.995999575	0.8683
575.643999577	1.121245
577.261999846	0.784361
579.309999704	0.071438
581.597999811	0.578685
584.047999859	0.019135
585.743999958	0.615282
586.982999802	0.416422
587.634999752	0.614283
588.284999847	0.614283
588.427999735	0.614283
589.632999897	0.561177
590.107999563	0.590909
590.888000011	0.243534
591.359999895	0.455197
593.329999685	0.058347
595.328999758	0.731865
597.329999685	0.271629
599.329999685	0.032342
601.348999739	0.2849
603.42299962	0.245967
605.3349998	0.158056
607.328999758	0.158056
609.328999758	0.747472
611.328999758	0.289431
613.355999708	0.816567
615.329999685	0.057246
617.328999758	0.052194
619.332999945	0.185992
621.328999758	1.13427
623.347999573	0.045732
625.3349998	0.106555
627.3349998	0.218907
629.360999823	0.207371
631.328999758	1.09826
633.338999748	0.341338
635.341999769	0.02507
637.328999758	0.543696
639.342999697	0.543696
641.332999945	0.543696
643.329999685	0.575756
645.330999613	0.097903
647.358999729	1.019131
649.330999613	1.257378
651.328999758	0.574956
653.33199954	0.574956
655.329999685	0.586363
657.342999697	1.606365
659.329999685	0.137233
661.328999758	0.582171
663.338999748	1.685699
665.342999697	0.640695
667.329999685	0.008289
669.341999769	1.273302
671.34499979	0.449101
673.34499979	0.01328
675.382999659	0.107704
677.335999966	0.398361
679.350999594	0.320024
681.328999758	0.80814
683.596999884	1.213273
685.590999603	1.690123
687.578999758	0.30289
689.579999685	1.441626
691.580999851	0.696102
693.580999851	1.291004
695.57799983	0.591145
697.616999865	0.365675
699.5849998	0.525401
701.59499979	0.809969
703.614999771	0.247344
705.578999758	0.290197
707.484999895	0.042451
709.579999685	0.48788
711.403999567	0.843056
713.539999723	1.014799
715.603999615	0.095275
717.586999655	0.555598
719.750999689	0.847615
722.644999743	0.125242
725.33199954	0.105071
727.734999657	0.327357
730.067999601	0.169617
732.308999777	0.145666
733.9599998	0.138831
736.262999773	0.775232
738.40899992	0.266567
740.349999666	0.789837
741.907999754	0.525851
743.137999773	0.699765
745.451999664	0.272486
747.948999882	0.457627
750.820999861	0.941941
753.049999714	0.587068
755.404999733	0.202877
757.737999678	0.523057
759.531999588	0.446817
761.57199955	1.181257
763.233999729	0.048302
764.747999668	0.56313
766.095999956	1.173275
767.417999744	0.216802
768.625999689	0.509539
770.332999945	0.120948
772.091999531	0.699514
773.675999641	1.085941
775.593999863	0.012411
777.580999851	1.387471
779.607999802	0.546055
781.597999811	0.444873
783.61199975	0.49952
785.705999851	0.794348
788.538999796	0.157455
790.899999619	0.032569
792.424999952	0.074879
793.579999685	1.092654
795.470999718	0.051931
797.590999603	0.009422
800.358999729	0.140792
802.457999706	0.349504
804.140999794	0.283546
806.307999611	0.859477
808.624999762	1.051197
810.814999819	0.271851
813.089999676	0.029431
814.967999935	0.555886
816.463999987	0.519258
818.194999695	0.270133
821.059999704	1.307617
822.502999783	0.972167
824.005999804	1.041821
825.581999779	0.499579
828.018999815	0.307192
829.588999748	0.980237
831.579999685	0.575596
833.579999685	0.781751
835.596999884	0.48914
838.10199976	0.051104
840.266999722	0.676569
842.117999792	1.023805
843.680999756	0.850578
845.609999657	0.843496
847.581999779	0.066065
849.760999918	0.688044
852.853999853	0.577974
854.920999765	0.550409
857.34499979	0.876056
859.678999662	1.035137
862.0	0.080992
863.068999767	0.676926
866.186999798	0.39531
869.303999901	0.530444
871.593999863	0.755564
873.3349998	1.17846
875.100999832	0.981493
876.744999886	0.265888
878.708999872	0.148134
880.847999811	0.022858
882.843999624	0.419734
884.413999796	0.934935
885.752999783	0.174093
886.631999969	0.305833
887.56799984	1.084133
889.588999748	0.420399
891.579999685	0.445869
893.581999779	0.486386
895.683999538	0.696688
898.10199976	0.073846
899.580999851	0.414845
901.592000008	0.088244
903.580999851	0.543919
905.97699976	0.541178
908.343999863	0.379237
911.157999754	0.703095
913.698999643	0.584424
915.837999821	0.709673
917.621999741	0.924284
919.301999807	0.742939
921.213999748	0.235749
923.193999767	0.304723
924.556999922	1.192138
926.002999783	0.863376
927.580999851	0.087404
929.581999779	1.31165
931.580999851	0.012112
933.833999872	0.75001
935.822999716	0.946277
937.957999706	0.368142
940.025999784	0.394935
941.864999771	0.385664
943.847999811	0.459037
945.950999737	0.909035
947.830999613	0.048159
949.872999907	0.200591
952.206999779	0.839873
953.90899992	1.767594
955.831999779	1.050769
957.84499979	0.043511
959.829999685	0.767612
961.830999613	0.166086
963.832999945	0.639652
965.831999779	0.025615
967.779999733	0.816433
969.735999823	1.02904
971.830999613	0.236732
973.841999769	0.689688
977.330999613	0.439161
980.636999846	0.994354
982.190999746	0.882575
983.373999834	0.269433
984.435999632	1.006539
986.394999743	0.015055
987.846999645	0.083348
989.831999779	0.110005
991.785999775	0.669483
993.846999645	0.819911
995.849999666	0.182075
997.932999849	0.947732
1000.0909996	0.170911
1002.47199988	0.189053
1005.0139997	0.546798
1007.48399973	0.775696
1009.42699981	0.27381
1010.89499974	0.478656
1012.09799981	0.587698
1013.84599972	0.042391
1015.75899959	0.452313
1017.85699987	0.143721
1019.83799982	0.776445
1021.88800001	0.374346
1023.72599983	0.1171
1026.59499979	0.286661
1030.70599985	0.254293
1035.39099979	0.143607
1037.94199967	0.20226
1040.0619998	0.207689
1041.67599964	1.205334
1043.41699982	0.423485
1043.89599991	0.756852
1045.14099979	0.707722
1047.19599962	0.341357
1048.60499978	1.192924
1050.69499969	1.241455
1053.16299963	0.121356
1055.81999969	0.011826
1058.01499963	1.269326
1059.93599987	0.280153
1061.22599983	0.165499
1062.55799985	1.342851
1063.87199998	0.317232
1065.87099981	1.094101
1067.85199976	0.344267
1070.49799967	0.114029
1073.57199955	0.054316
1076.55299973	0.100066
1079.33099961	0.19026
1081.05299973	0.259699
1083.40899992	0.904455
1086.32599974	0.95809
1089.75499964	0.062991
1093.7639997	0.865575
1097.27999997	0.78189
1099.67899966	0.123339
1101.31499982	0.21304
1102.28999972	0.208519
1103.0079999	1.365556
1103.99599957	0.316185
1105.48899984	0.222129
1107.29899979	0.068273
1109.70199966	0.009199
1111.97099972	0.892533
1113.40099978	0.951122
1114.89299989	0.83834
1117.56299973	0.189485
1121.51699972	1.118098
1122.77699995	0.092028
1125.93199968	0.048371
1127.02399993	0.371994
1127.93999958	0.20971
1130.35599971	0.286918
1132.73099971	0.790973
1134.53499961	0.723747
1135.15699983	0.168085
1135.91099977	0.099573
1136.6619997	0.398926
1137.55099964	0.182018
1138.45299983	0.468913
1139.67399979	0.359412
1140.50099993	0.752351
1141.83199978	0.045775
1143.83099961	0.399806
1145.86899972	0.122521
1147.83099961	0.631432
1149.83199978	0.539158
1151.83199978	0.678486
1153.83099961	0.720018
1155.83199978	0.446796
1157.84599972	0.446796
1159.85199976	0.424811
1162.01499963	0.437775
1163.83199978	1.251432
1165.83399987	0.009878
1167.83299994	0.202617
1169.82999969	1.316965
1171.83199978	0.555176
1173.9289999	0.062093
1175.8349998	0.826694
1177.84699965	0.760756
1179.85399985	0.261108
1181.83199978	0.361554
1184.11099982	0.457667
1186.08599973	0.043549
1188.08299971	0.893617
1190.10899973	1.144063
1193.34099984	0.377675
1197.46899986	0.765263
1199.24299979	0.555123
1200.59599972	0.06613
1201.76899981	0.132831
1203.05299973	0.645378
1204.00699973	0.975683
1206.08299971	0.064291
1208.08799982	0.547097
1210.08199978	0.105846
1212.08299971	0.551739
1214.08199978	0.303132
1216.08199978	0.22849
1218.08799982	1.287131
1220.08299971	0.389911
1222.08299971	0.244496
1224.08599973	0.228154
1226.08199978	0.112946
1228.11099982	0.021326
1230.08699965	1.429724
1232.08199978	1.719549
1234.08299971	1.310836
1235.93899965	0.318179
1238.10799956	0.160327
1240.0	0.106287
1242.08299971	0.808177
1244.08199978	0.252768
1246.10299969	0.447347
1248.08199978	0.017791
1250.12099981	0.357088
1252.08599973	0.781781
1254.09199953	0.218739
1256.08199978	1.181922
1258.08299971	1.458009
1260.08299971	0.45612
1261.9519999	1.120957
1264.25399971	0.220874
1267.70599985	0.370886
1269.77999973	0.090327
1270.94499993	0.034556
1272.2809999	0.713491
1274.35299993	0.012546
1276.45099974	0.713526
1278.36499977	0.078717
1280.12199974	0.791287
1282.09299994	0.110284
1284.12599969	1.502566
1286.08299971	0.877225
1288.05699992	0.234703
1290.39799976	0.978424
1291.95299983	0.257043
1294.08399963	0.009529
1296.21199965	1.014059
1299.13599992	0.290006
1302.25099969	0.786783
1302.84499979	0.262474
1304.0909996	0.436998
1306.0909996	0.133356
1308.08299971	0.758636
1310.09499979	1.274098
1312.08299971	0.01051
1314.08399963	0.111105
1316.09199953	1.644925
1318.08399963	0.284194
1320.91599965	0.269273
1322.69799972	0.103799
1324.08199978	1.756824
1326.08299971	1.808761
1328.0849998	0.608665
1330.08399963	0.316595
1332.09199953	0.344222
1334.09599996	1.567773
1336.08399963	0.88219
1338.89699984	0.436015
1342.4909997	0.032521
1344.09299994	1.148557
1345.16899991	1.386422
1347.42599988	0.233833
1349.1309998	0.387931
1350.81199956	0.699798
1352.82099986	0.649544
1354.93199968	0.185543
1356.08199978	1.528121
1358.08399963	1.809183
1360.31299973	1.171202
1362.33599997	0.297579
1364.27899981	0.126118
1366.09799981	0.063711
1368.09399986	0.929885
1370.08399963	0.326893
1372.0849998	0.908116
1374.38799953	0.160339
1376.08399963	1.516689
1378.0909996	1.791519
1380.28999972	0.953561
1382.05199957	0.766782
1384.08299971	0.115351
1386.67299986	0.439507
1388.08199978	0.043335
1390.10199976	0.069221
1392.58999968	0.135968
1394.72199988	0.254656
1397.2809999	0.334162
1399.51099968	0.94298
1401.13599992	0.325724
1402.74799967	1.034553
1404.58699965	0.208436
1406.08299971	0.019687
1408.37499976	0.045853
1412.03999996	0.656091
1413.2889998	0.960831
1414.53199959	0.352047
1416.08299971	0.398039
1418.08399963	0.14577
1420.31599975	0.469225
1423.54699969	0.139622
1426.52499986	0.911016
1428.97599983	0.183855
1430.62699962	0.488167
1432.16899991	1.045241
1433.55699992	1.063258
1435.08699965	0.503446
1436.4829998	0.764703
1438.34799957	1.414741
1440.23899961	0.103075
1442.85999966	0.925112
1444.93599987	0.85197
1446.2889998	1.562173
1448.33299994	0.158413
1450.34399986	0.268042
1452.34099984	0.335573
1454.34199977	0.151435
1456.34399986	1.322696
1458.33399987	0.253532
1460.3349998	0.281943
1462.31599975	0.48979
1464.33599997	0.17988
1466.33299994	0.030958
1468.52899981	0.857676
1470.6559999	0.189573
1473.9139998	0.655092
1476.61099982	1.144834
1478.55299973	0.675594
1480.38899994	0.231421
1481.85299993	0.149374
1483.67399979	0.413912
1485.04699969	0.192621
1487.36899972	0.778532
1488.4429996	0.051749
1490.49699974	0.090886
1492.33299994	0.402073
1494.3349998	1.39226
1496.33399987	1.161998
1498.3349998	0.088725
1500.3349998	1.454625
1502.3349998	1.819291
1504.34199977	1.822507
1506.33399987	0.143751
1508.33399987	1.810612
1510.25199962	0.646736
1512.34199977	0.359294
1514.34399986	0.283562
1516.3429997	0.429013
1518.3349998	0.127906
1520.34399986	0.617481
1522.3349998	0.991358
1525.27199984	0.248435
1527.99199986	1.449916
1529.50299978	1.361634
1531.12299967	0.606522
1533.38599968	0.039235
1535.94099975	1.209374
1539.03499961	0.041492
1542.25199962	0.810516
1543.9349997	0.616966
1545.47799969	0.511576
1547.14599967	0.209547
1548.4289999	0.828466
1550.1329999	0.068357
1551.5389998	0.813334
1552.57999969	0.828433
1554.33399987	1.588182
1556.3349998	0.713302
1558.34499979	0.266249
1560.33299994	1.412886
1562.3349998	0.013582
1564.33299994	0.619316
1566.33399987	1.830038
1568.34599972	0.638659
1570.34999967	0.312032
1572.33999968	0.981461
1574.3349998	1.328183
1576.33399987	0.184864
1578.34699965	0.038669
1580.3429997	1.272084
1582.33299994	0.63257
1584.34099984	1.80122
1586.33399987	1.809564
1588.34799957	0.651731
1590.33899975	0.564218
1592.33599997	1.130103
1594.34599972	1.244514
1596.34599972	0.301745
1598.34399986	0.251634
1600.33899975	0.929579
1602.34399986	1.52669
1604.33399987	0.160424
1606.33299994	0.755883
1608.33399987	1.805976
1610.33399987	1.617888
1612.33399987	1.542143
1614.34399986	1.528135
1616.34199977	1.848169
1618.35099959	1.805945
1620.34599972	0.282843
1622.33899975	1.820932
1624.34699965	0.133208
1626.34199977	0.406198
1628.34199977	0.974949
1630.33999968	0.529001
1632.34199977	0.125601
1634.3349998	1.646287
1636.34399986	0.91025
1639.11199999	0.307332
1640.92699981	0.94481
1642.65999961	0.467892
1644.52699971	0.063217
1646.4119997	0.492476
1648.3429997	0.143672
1650.33599997	0.162308
1652.3349998	1.825095
1654.34199977	1.782406
1656.34499979	1.79797
1658.34399986	0.002963
1660.34499979	1.802515
1662.34399986	1.252752
1664.33399987	0.043111
1666.352	1.202593
1668.34099984	0.882606
1670.35599971	0.158529
1672.34599972	0.633366
1674.6079998	0.276759
1676.33399987	0.598769
1678.3349998	0.686013
1680.33399987	0.913249
1682.36199975	0.190863
1684.59299994	0.744795
1686.58399987	0.993103
1688.5849998	0.585726
1690.59200001	1.176242
1692.6079998	1.306802
1694.58299971	0.039996
1696.59299994	1.526253
1698.58299971	1.526253
1700.5849998	0.88517
1702.79999995	0.551799
1704.58399987	1.404725
1706.59599972	1.814246
1708.58399987	0.521216
1710.59599972	1.557314
1712.59399986	0.627972
1714.60899973	0.328656
1716.58399987	0.218865
1718.61299992	1.44838
1720.58399987	0.203234
1722.5849998	0.861843
1724.5849998	0.090691
1726.50799966	0.066442
1728.5999999	0.166864
1730.6079998	0.750139
1732.5849998	1.496839
1734.59299994	1.535688
1736.55799985	1.316172
1738.39999986	1.09215
1740.58699965	0.521451
1743.0079999	0.735892
1745.65499973	0.073598
1747.83199978	0.064345
1750.36199975	0.296269
1753.11299992	0.960698
1755.39699984	0.043034
1755.96899986	0.009122
1756.69599986	1.216975
1758.58399987	0.098029
1760.58399987	0.495747
1762.58399987	0.375757
1764.58399987	1.184965
1766.5849998	0.392378
1768.58799958	1.357483
1770.85399985	1.100917
1773.04999971	0.253009
1774.59200001	0.072258
1776.58399987	0.494914
1778.61299992	0.051838
1780.61999965	1.028099
1783.19799972	0.07797
1784.79999995	0.99997
1786.91499972	0.16976
1789.3099997	0.972478
1791.77499962	0.051253
1793.6639998	1.089135
1794.60999966	0.021952
1796.58599973	0.452914
1798.67199993	0.49843
1801.16799998	0.752245
1804.18400002	0.122733
1806.68599987	0.247631
1809.0909996	0.833825
1810.4679997	0.064463
1811.91099977	0.222491
1813.70299959	0.700434
