0.0	0.059037
0.44000005722	0.472806
0.72000002861	4.394035
1.08800005913	5.576737
1.43899989128	0.374605
1.81200003624	4.105749
2.12400007248	0.449018
2.67300009727	0.511521
3.16899991035	1.330309
3.51899981499	5.469735
5.73699998856	3.926419
7.98099994659	1.838407
9.80900001526	5.031751
11.9900000095	0.148691
13.7460000515	5.149648
15.9859998226	4.47318
17.987000227	0.860341
19.995000124	3.473254
21.9900000095	0.549474
23.9849998951	2.807789
25.995000124	3.130423
27.995000124	0.568185
29.987000227	0.029525
31.9900000095	0.343866
33.8510000706	0.694973
35.995000124	0.004026
37.9849998951	0.383309
39.9909999371	0.02861
41.992000103	0.973265
43.989000082	4.393863
45.996999979	5.233068
48.0	0.267509
49.9979999065	3.665124
51.9880001545	2.218813
53.9880001545	0.088706
55.9900000095	0.59164
57.8080000877	1.208227
59.995000124	1.529388
61.9979999065	2.166293
63.9839999676	0.303138
65.9960000515	5.179727
67.9979999065	1.14355
69.987000227	6.413683
72.001999855	3.538938
73.9930000305	0.322531
75.9930000305	3.207933
77.992000103	1.137957
79.9849998951	3.232435
81.8250000477	5.404943
84.0009999275	3.615225
85.993999958	3.508333
87.989000082	5.582957
89.9909999371	0.079691
91.996999979	0.638937
93.996999979	3.945685
95.992000103	1.361568
97.989000082	5.347492
99.989000082	0.086942
102.0	5.470205
104.289000034	0.588131
105.992000103	2.672819
108.0	0.340773
109.998999834	4.532701
112.000999928	1.479655
113.988000154	4.750345
115.989000082	3.424767
117.998999834	0.665234
119.984999895	4.025416
121.998999834	1.239575
123.988000154	0.030058
125.989000082	2.605242
127.99000001	4.770036
129.988000154	4.408173
131.987000227	2.522844
134.0	2.450906
135.995000124	0.992915
137.996000051	0.194796
139.987000227	4.574147
142.032999992	0.21618
143.993999958	3.588402
145.985999823	4.087429
147.998999834	4.640756
149.993000031	1.312112
151.99000001	1.70879
154.001999855	6.39819
155.998999834	0.909598
157.993999958	5.120672
160.000999928	4.194514
161.99000001	2.25211
164.003000021	0.089263
165.996000051	1.204227
168.0	1.101084
170.0	0.150453
172.001999855	4.034107
173.995000124	0.02839
176.000999928	0.115606
177.99000001	0.373153
180.0	0.121763
181.990999937	0.629943
183.993000031	0.117877
185.993999958	4.565739
188.0	4.621809
190.001999855	0.538799
191.993999958	4.030464
193.992000103	1.050806
196.003999949	0.37418
197.989000082	3.241846
199.993000031	1.248868
201.992000103	2.014301
203.995000124	1.802961
205.99000001	5.724558
207.992000103	1.8565
209.998999834	2.98256
211.99000001	1.30931
214.003999949	0.117454
216.005000114	0.998125
218.000999928	0.027794
219.998999834	5.521651
221.996999979	2.957603
223.998999834	5.236414
225.990999937	5.384956
228.003000021	4.38249
229.990999937	1.595739
232.006000042	2.200994
233.992000103	0.04745
235.996999979	1.282481
238.001999855	0.108166
240.00999999	3.434135
241.996000051	0.964738
243.990999937	3.510831
246.006000042	2.050561
247.992000103	4.45888
249.99000001	3.662189
251.997999907	2.365084
254.0	5.081254
256.248000145	5.658991
258.238999844	1.964835
260.246000051	5.231308
262.001999855	5.0963
264.070999861	4.897185
266.256000042	4.897185
268.253999949	4.970045
270.246000051	5.128582
272.253999949	4.886122
274.241999865	3.122817
276.253999949	3.674778
278.253000021	3.674778
280.241999865	4.704901
282.575999975	4.31518
284.240999937	3.898606
286.253000021	5.374824
288.360000134	0.203099
290.251000166	5.175808
292.252000093	4.885444
294.246000051	4.202648
296.244999886	1.768474
298.253999949	3.819039
300.244999886	4.242515
302.251000166	3.53174
304.246000051	0.943219
306.249000072	4.510259
308.252000093	1.392924
310.25	0.178385
312.065000057	4.591684
314.246000051	4.77568
316.252000093	5.177649
318.248000145	5.29123
320.252000093	4.286259
322.25999999	4.849917
324.25	5.43232
326.246999979	4.907728
328.243000031	3.295421
330.248000145	4.222455
332.246999979	1.547391
334.246000051	2.645443
336.257999897	2.981119
338.252000093	4.088867
340.25	4.470378
342.256000042	1.137409
344.256999969	0.262361
346.256999969	4.88138
348.257999897	4.88138
350.254999876	4.874317
352.25	4.874317
354.249000072	4.747569
356.252000093	4.966834
358.253000021	5.36701
360.253999949	5.837353
362.252000093	5.896771
364.252000093	3.290635
366.25	2.219718
368.248000145	0.316268
370.254999876	5.027331
372.25	4.936507
374.244999886	5.848036
376.259000063	5.874612
378.25	0.094417
380.253999949	5.203451
382.253999949	4.543617
384.253000021	4.827411
386.811000109	6.194402
388.253999949	6.321551
390.582999945	0.274559
392.251000166	4.379412
394.248000145	4.379412
396.249000072	5.808548
398.253000021	5.841418
400.246999979	5.113534
402.249000072	4.83517
404.256999969	4.511353
406.251000166	5.758089
408.254999876	3.097853
410.256999969	4.468861
412.262999773	5.684281
414.251000166	5.931396
416.256000042	6.366068
418.257999897	5.343599
420.251000166	2.880887
422.25	2.880887
424.261999846	2.880887
426.254999876	5.497304
428.25999999	2.872167
430.259000063	4.326383
432.251000166	5.360846
434.257999897	2.806893
436.246999979	5.553864
438.253999949	6.094546
440.249000072	5.205089
442.265000105	1.191978
444.253999949	5.370378
446.257999897	5.181292
448.252000093	6.773433
450.261999846	4.828189
452.261999846	5.221781
454.257999897	5.457116
456.259000063	4.967005
458.25999999	5.281531
460.25	3.67106
462.246999979	1.276913
464.256000042	5.257774
466.25999999	6.159409
468.259000063	6.111144
470.254999876	5.551453
472.249000072	3.992321
474.25999999	5.716163
476.259000063	1.35241
478.25999999	4.705623
480.25	0.385658
482.257999897	2.002511
484.252000093	2.002511
486.25	1.911224
488.256999969	5.85424
490.267000198	1.93267
492.254999876	5.485853
494.253999949	5.062949
496.249000072	5.188179
498.262999773	0.955952
500.256999969	1.098961
502.262999773	5.861777
504.253000021	5.437275
506.501999855	5.437275
508.5	0.6156
510.572000027	6.647752
512.503999949	3.997499
514.50999999	5.694753
516.513999939	5.498075
518.512000084	4.124137
520.500999928	4.577026
522.510999918	5.102043
524.510999918	3.015613
526.501999855	2.32383
528.517999887	4.792896
530.501999855	5.451109
532.502999783	5.80025
534.517999887	1.264686
536.506000042	0.531876
