0.0	4.324406
0.358999967575	8.491746
0.601999998093	2.679903
0.813999891281	7.972263
1.19099998474	0.065837
1.60800004005	2.544559
2.11500000954	0.424895
2.64899992943	0.671814
3.19900012016	10.691983
3.7380001545	6.645978
5.67599987984	6.865363
7.67799973488	4.665784
9.67699980736	1.829943
11.6779997349	11.050324
13.6820001602	0.545187
15.6779997349	1.101826
17.6790001392	0.375304
19.6809999943	1.09592
21.6800000668	3.169966
23.6809999943	2.214682
25.7119998932	1.064691
27.6840000153	1.256852
29.6800000668	1.039162
31.6779997349	3.619245
33.6759998798	1.214974
35.6800000668	11.185031
37.6779997349	5.445082
39.6779997349	8.735236
41.6779997349	0.13468
43.6820001602	5.989958
45.6800000668	1.34386
47.6769998074	1.197819
49.6800000668	0.0159
51.6759998798	7.738048
53.6790001392	0.357015
55.6779997349	0.661562
57.6779997349	0.021288
59.6820001602	1.050036
61.6820001602	0.541314
63.6779997349	4.800852
65.6809999943	0.027085
67.6820001602	3.011578
69.6830000877	0.029328
71.6790001392	6.505169
74.0249998569	4.730623
75.6800000668	4.830526
77.6830000877	7.732977
79.6790001392	1.470585
81.7000000477	0.144016
83.6790001392	0.655787
85.6919999123	5.927813
87.6769998074	0.692015
89.6759998798	0.162427
91.6800000668	0.33907
93.6809999943	0.81718
95.6790001392	6.562277
97.6769998074	7.338214
99.6790001392	4.129155
101.68599987	0.015248
103.68200016	0.026561
105.68200016	0.838989
107.690000057	0.569242
109.684999943	0.216362
111.690000057	0.279424
113.688999891	3.656609
115.684000015	11.254743
117.684999943	0.654269
119.68200016	3.555573
121.684000015	0.998758
123.684000015	3.400217
125.68599987	10.457353
127.687000036	0.931256
129.684999943	7.383362
131.687000036	0.57894
133.684999943	5.057076
135.687999964	17.22903
137.690999985	0.318927
139.684999943	0.163688
141.684999943	8.277045
143.687999964	0.117375
145.703999996	0.298231
