0.0	1.17673
0.756000041962	1.552033
0.869999885559	1.916505
0.96599984169	1.916505
1.09699988365	0.24383
1.27300000191	1.928876
1.57099986076	1.244073
1.8710000515	2.296455
2.58599996567	2.393759
4.14400005341	4.493078
6.11499977112	0.002143
8.12599992752	1.254931
10.1259999275	4.608
12.1309998035	5.391058
14.2589998245	5.407239
16.2179999352	0.806872
18.1480000019	5.513061
20.1499998569	5.551942
22.1499998569	5.728466
24.1879999638	5.564558
26.1759998798	0.992163
28.1789999008	1.500599
30.1939997673	4.60267
32.2170000076	6.189501
34.1919999123	0.284927
36.1970000267	1.362139
38.2099997997	2.248108
40.2150001526	4.058453
42.2150001526	5.794459
44.2139997482	0.272841
46.2419998646	1.26162
48.2299997807	1.480825
50.268999815	5.838565
52.3099999428	2.636708
54.885999918	0.375643
56.256000042	5.945956
58.013999939	5.843191
60.3080000877	6.016674
62.3219997883	1.067385
64.2799999714	0.119852
66.3139998913	0.072189
68.2999999523	5.345941
70.1749999523	1.699563
72.1440000534	2.078714
74.0649998188	0.233691
76.0720000267	5.875743
78.0759999752	5.850685
80.1400001049	5.761273
82.1169998646	5.761273
84.0929999352	3.721693
86.1040000916	5.900965
88.118999958	0.434331
90.1569998264	0.018106
92.128000021	0.125173
94.1480000019	0.105657
96.1689999104	0.36908
98.2679998875	5.144607
100.623000145	0.86627
102.14199996	6.07557
104.164999962	0.066293
106.164999962	4.971285
108.144000053	5.605904
110.225999832	2.801405
112.183000088	0.633734
114.18599987	5.272091
116.188999891	2.147834
118.243999958	0.211975
120.23300004	1.18346
122.211999893	5.106164
124.207000017	5.865871
126.215000153	5.927495
128.22300005	0.009104
130.227999926	1.307021
132.23300004	4.428091
134.24000001	0.139476
136.370999813	3.038231
138.255000114	1.656133
140.25999999	0.297939
142.263999939	2.316073
144.273000002	0.545638
146.394999743	0.290255
148.381999969	1.934414
150.297999859	1.299535
152.305999756	4.216586
154.313999891	4.633062
156.414999962	0.340623
158.389999866	1.833797
160.328999996	1.056033
162.336999893	5.545914
164.339999914	6.098249
166.355999947	0.463107
168.353999853	0.380989
170.157999754	5.908142
172.367000103	3.702801
174.555999994	0.372953
176.370999813	1.434468
178.386999846	0.045467
180.388000011	4.95557
182.400000095	5.811965
184.171999931	5.8923
186.160000086	1.867335
188.161000013	5.142797
190.177000046	5.868777
192.178999901	5.935069
194.19299984	5.651135
196.356999874	0.969168
198.203999996	4.938251
200.200999975	4.078586
202.2099998	5.475705
204.325000048	5.566789
206.22300005	5.566789
208.221999884	5.566789
210.223999977	5.908702
212.284999847	5.908702
214.316999912	5.908702
216.247999907	0.130619
218.257999897	5.588229
220.268999815	5.215348
222.298999786	5.795838
224.295000076	0.211601
226.28399992	1.592672
228.290999889	5.849004
230.34800005	4.650962
232.30099988	6.225191
234.30099988	0.399368
236.360999823	5.361239
238.31799984	5.546461
240.321999788	6.12398
242.269999981	0.437011
244.332999945	0.437011
246.335000038	5.818533
248.345999956	5.912724
250.497999907	5.657412
252.449999809	2.199314
254.355999947	5.297514
256.364000082	6.091619
258.371999979	5.94853
260.415999889	5.835731
262.39199996	1.69659
264.395999908	6.366936
266.402999878	5.514124
268.412999868	6.214323
270.535000086	5.681395
272.420000076	1.766313
274.427999973	5.841922
276.429999828	6.032189
278.545999765	5.27956
280.559000015	3.372415
282.45299983	1.228103
284.460999966	5.75072
286.464999914	5.765569
288.493000031	5.765569
290.537999868	0.397945
292.488999844	1.916767
294.488999844	5.862656
296.5	5.855603
298.598999977	5.836327
300.540999889	1.527781
302.517999887	5.925492
304.517999887	5.888156
306.524999857	6.876427
308.532000065	1.443623
310.285999775	1.985855
312.546999693	5.453489
314.297999859	4.293647
316.302999973	5.973
318.333999872	0.859501
320.309999943	2.504034
322.311000109	2.504034
324.313999891	3.380714
326.480999947	5.55635
328.343000174	1.744183
330.336999893	0.320007
332.337999821	3.066584
334.345000029	5.241041
336.348999977	5.496183
338.477999926	0.259829
340.365999937	2.875765
342.370999813	6.014384
344.376999855	1.274397
346.460000038	0.267126
348.38499999	0.745395
350.389999866	5.71938
352.392999887	5.883077
354.59499979	5.664529
356.470999956	0.042637
358.41899991	0.724669
360.412999868	6.029528
362.413999796	1.320242
364.431999922	5.299944
366.460999966	1.729463
368.463999987	5.283589
370.441999912	6.0265
372.448999882	1.42821
374.474999905	1.740812
376.481999874	3.36012
378.46999979	2.820418
380.480000019	2.426018
382.482999802	5.848363
384.495000124	1.274247
386.489999771	1.548144
388.496999979	5.809788
390.497999907	5.734241
392.575999975	5.770992
394.631000042	0.374331
396.519999981	2.179976
398.524999857	3.660439
400.529999971	4.95287
402.619999886	5.16178
404.597999811	0.00858
406.536999941	5.713315
408.542999983	0.328055
410.354999781	5.753096
412.610999823	0.920291
414.60199976	0.537162
416.578999758	5.822068
418.569000006	6.1147
420.585000038	1.855328
422.584000111	1.249623
424.593999863	0.298335
426.616999865	5.391889
428.59499979	3.058807
430.600999832	4.858493
432.640000105	0.274368
434.61500001	1.295726
436.617999792	4.491428
438.640000105	4.994183
440.628000021	6.084323
442.748999834	0.009896
444.653999805	3.130715
446.647000074	6.305905
448.648000002	5.881363
450.669999838	0.835751
452.489999771	1.012382
454.664000034	0.919328
456.420000076	2.574931
458.421000004	1.271492
460.437999964	1.958517
462.68599987	0.421289
464.696000099	4.398151
466.441999912	5.349335
468.471999884	0.056527
470.453999758	0.430062
472.460000038	0.301878
474.466999769	3.718494
476.466999769	4.817729
478.621999979	2.056591
480.578999758	0.008829
482.474999905	5.430505
484.490999699	5.436002
486.496999979	5.653376
488.57799983	6.209006
490.500999928	3.362631
492.508999825	4.750972
494.513999939	2.778179
496.521999836	6.307092
498.536000013	0.451003
500.549999952	0.013235
502.548000097	5.724663
504.552999973	6.097974
506.59100008	4.101299
