0.0	3.928326
0.197000026703	1.394088
0.325999975204	1.793201
0.580999851227	0.01391
0.684000015259	1.042317
0.782999992371	1.042317
0.915999889374	1.651345
1.09200000763	4.156095
1.95500016212	0.002848
3.63100004196	2.888617
5.62999987602	0.902649
7.66300010681	3.08447
9.62700009346	0.222128
11.7369999886	2.302851
13.6919999123	0.172225
15.628000021	1.187366
17.6260001659	4.287933
19.6289999485	0.214459
21.629999876	1.100349
23.628000021	0.163528
25.628000021	0.977363
27.6449999809	0.071625
29.6270000935	1.933755
31.632999897	6.81713
33.628000021	3.687193
35.628000021	0.726057
37.6289999485	2.564686
39.6270000935	5.288883
41.6440000534	1.606665
43.6270000935	3.530579
45.625	0.008786
47.628000021	3.501162
49.625	2.150258
51.6260001659	3.557964
53.6270000935	4.917286
55.628000021	2.787238
57.628000021	5.169438
59.632999897	4.459703
61.6270000935	2.344433
63.6270000935	0.839459
65.6289999485	5.397041
67.6270000935	4.96377
69.6270000935	3.340979
71.628000021	5.736196
73.6289999485	1.875789
75.6289999485	3.178382
77.625	4.712026
79.6260001659	2.69924
81.6260001659	2.079655
83.6440000534	6.43082
85.6289999485	3.431323
87.628000021	2.495987
89.6539998055	0.84302
91.6260001659	1.666446
93.625	5.1354
95.625	6.822479
97.625	5.589894
99.6260001659	1.904939
101.627000093	3.522074
103.628000021	2.080499
105.63499999	0.308689
107.628000021	3.844447
109.626000166	4.683543
111.627000093	0.966753
113.627000093	0.698901
115.627000093	4.119995
117.626000166	0.706954
119.629999876	3.962334
121.628000021	5.684616
123.627000093	7.139958
125.628000021	0.966227
127.626000166	1.186734
129.625	2.279253
131.627000093	4.316743
133.627000093	3.688584
135.648000002	7.101693
137.627000093	6.035293
139.629999876	0.15273
141.628999949	3.230823
143.636999846	5.023434
145.627000093	0.94605
147.878999949	6.295263
149.875	1.249677
151.876999855	1.659785
153.876999855	1.933805
155.877999783	0.762185
157.875999928	5.747178
159.885999918	1.518749
161.876999855	2.366092
163.876999855	0.016431
165.877999783	0.810086
167.875999928	5.596822
169.876999855	0.879649
171.875	1.18567
173.876999855	2.031902
175.880000114	4.940246
177.878999949	3.659414
179.876999855	5.043175
181.875	5.403133
183.875999928	4.466492
185.881000042	2.883321
187.877999783	0.612638
189.877999783	5.592893
191.912999868	0.026089
193.876999855	0.945465
195.875999928	5.204726
197.877999783	2.639445
199.876999855	2.607964
201.876999855	4.591123
203.878999949	4.169465
205.875999928	2.786951
207.876999855	1.335522
209.875	3.001679
211.875	0.791395
214.203000069	2.22171
215.875	0.203041
217.878999949	0.973045
219.877999783	4.155362
221.877999783	0.966478
223.875999928	3.465615
225.875999928	3.465615
227.899000168	3.744592
229.875	5.150662
231.875	4.703215
233.890000105	4.703215
235.92200017	4.703215
237.878999949	5.744303
240.440000057	0.013784
241.955000162	3.362305
243.875999928	3.068079
245.875999928	3.447673
247.876999855	3.447673
249.877999783	3.447673
251.89199996	3.653561
253.880000114	3.562803
255.901000023	6.084805
257.878999949	1.391577
259.875	2.602889
261.875	2.855711
263.875	2.855711
265.875	0.137766
267.877999783	0.63815
269.880000114	0.954778
271.875	4.269085
273.876999855	0.698043
275.888000011	4.214142
277.874000072	4.214142
279.880000114	4.214142
281.875999928	4.214142
283.876999855	4.258229
285.880000114	0.014537
287.876999855	0.015388
289.876999855	1.024352
291.875	1.969323
293.876999855	2.201461
295.883000135	2.201461
297.876999855	5.717592
299.877999783	0.446658
301.878999949	2.614218
303.875	0.9407
305.876999855	3.36608
307.875	3.36608
309.877999783	3.36608
311.875999928	0.013638
313.877999783	3.318967
315.881000042	0.202882
317.888000011	4.624655
319.878999949	2.310269
321.878999949	0.953985
323.878999949	4.19732
325.877999783	5.666356
327.877999783	0.660973
329.875999928	2.298752
331.883000135	6.937112
333.881000042	5.043994
335.880000114	2.845757
337.877999783	1.32274
339.878999949	4.164908
341.876999855	0.971594
343.888000011	0.971594
345.875999928	6.694942
347.875	5.039102
349.877999783	0.0417
351.876999855	0.601111
353.876999855	6.339977
355.875	1.644034
357.903000116	4.72344
359.875999928	7.092728
361.876999855	1.3969
363.876999855	7.034031
365.875999928	4.71256
367.881000042	0.060704
369.881000042	0.413518
371.878999949	0.446738
373.877999783	1.005039
375.877999783	0.996596
377.875999928	0.053751
379.881000042	0.083612
381.876999855	1.589728
383.89199996	0.014032
385.89199996	0.85574
387.876999855	0.978261
389.875999928	3.191415
391.876999855	3.282324
393.876999855	5.839645
395.894999981	0.496966
397.880000114	0.053291
400.135999918	4.985364
402.155999899	0.157705
404.036000013	0.509536
406.125999928	0.153126
408.128999949	0.013635
410.125999928	6.937184
412.127000093	0.003441
414.127000093	4.72847
416.127000093	0.482377
418.130000114	0.078355
420.128999949	1.440422
422.148000002	0.043636
424.125999928	0.984646
426.127000093	2.459476
428.036999941	0.233053
430.13499999	0.812836
432.125999928	0.041216
434.125999928	0.032041
436.127000093	0.007838
438.127000093	5.094409
440.128000021	2.964737
442.128000021	6.423972
444.125999928	4.05942
446.131000042	6.914188
448.127000093	1.097927
450.125999928	1.050927
452.036000013	0.336709
454.128000021	0.0321
456.221999884	0.033017
458.154999971	0.158366
460.024999857	0.950796
462.157999754	0.139195
464.177000046	0.813532
466.217000008	4.582341
468.701999903	5.498177
470.132999897	4.061767
472.125	0.653493
474.127000093	0.673236
476.027999878	0.328745
478.125999928	4.205719
480.125999928	2.960319
482.125999928	7.105602
484.132999897	1.775489
486.128000021	1.965393
488.128000021	0.318776
490.132999897	5.84331
492.128000021	4.598368
494.13499999	5.847754
496.125	3.939301
498.125999928	4.504986
499.988999844	0.970449
502.127000093	0.070377
504.128000021	3.592083
506.127000093	2.679773
508.13499999	2.575208
510.125999928	6.749144
512.125999928	7.170845
514.127000093	2.312772
516.141000032	5.635082
518.128999949	6.390584
520.139000177	4.704054
522.127000093	6.465289
524.135999918	3.979615
526.127000093	6.558097
528.125999928	0.407251
530.128000021	2.829804
532.128999949	4.310779
534.139000177	0.61075
536.128999949	3.665071
538.147000074	4.317849
540.127000093	0.114615
542.127000093	1.7061
544.127000093	4.473944
546.127000093	3.91083
548.062999964	0.430458
550.127000093	1.428048
552.128000021	4.888094
554.148999929	5.408603
556.125999928	4.111722
558.125	4.288762
560.125999928	3.70787
562.125	2.860508
564.128000021	5.640868
566.128000021	1.280541
568.128999949	0.019693
570.136999846	5.918588
572.125999928	2.91437
574.139000177	0.810006
576.128000021	1.207572
578.128999949	4.471283
580.125999928	1.047453
582.128999949	5.353049
584.128999949	6.706159
586.125999928	5.825265
588.125999928	3.026359
590.127000093	4.604453
592.125999928	1.596246
594.125999928	0.129696
596.125	3.475332
598.130000114	0.754325
600.128000021	2.112232
602.125999928	6.95927
604.125999928	5.521433
606.125999928	1.158413
608.125999928	0.578717
610.128000021	0.858118
612.125	3.386057
614.125999928	1.497702
616.127000093	2.141404
618.141000032	0.388238
620.125	2.233343
622.125999928	5.868679
624.151000023	6.317071
626.131999969	3.156965
628.125	2.994544
630.125999928	2.975966
632.127000093	1.30863
634.128000021	0.785317
636.125999928	2.983145
638.14199996	2.609193
640.125	4.876347
642.151000023	0.151859
644.125	0.975144
646.128000021	6.790957
648.378000021	6.895051
650.378999949	6.895051
652.383000135	4.975298
654.375	0.697495
656.375999928	0.496031
658.320999861	4.336191
660.380000114	2.783996
662.378999949	3.244975
664.378000021	1.415871
666.380000114	1.415871
668.394000053	1.159144
670.380000114	4.32287
672.381000042	3.303543
674.380000114	0.72733
676.378999949	4.724176
678.403000116	4.724176
680.378999949	4.161661
682.220000029	4.161661
684.380000114	4.161661
686.380000114	4.161661
688.38499999	0.899906
690.378999949	5.686262
692.378999949	4.735773
694.378999949	0.768365
696.376999855	3.108259
698.381000042	3.323498
700.376999855	5.036729
702.375	0.731427
704.375999928	2.727948
706.261999846	2.727948
708.376999855	2.836552
710.375	4.932782
712.380000114	4.265965
714.375999928	4.265965
716.381000042	4.265965
718.375999928	2.939365
720.375999928	5.800086
722.376999855	5.800086
