0.0	1.537733
0.178999900818	0.619535
0.31500005722	0.643083
0.421000242233	0.643083
0.517000198364	0.643083
0.710000038147	1.749063
1.09599995613	1.702804
1.61400008202	0.533243
2.42100024223	0.426556
3.84900021553	0.939308
6.71199989319	0.683625
9.28200006485	1.67526
11.0550000668	0.554841
12.4319999218	3.376694
13.5299999714	3.128444
15.4260001183	0.252167
17.4270000458	3.449299
19.4260001183	3.170892
21.4270000458	3.39935
23.4270000458	0.539104
25.4280002117	1.28095
27.5000002384	2.795102
29.4270000458	0.191013
31.3389999866	3.558872
33.4280002117	0.505103
35.4280002117	3.324107
37.4280002117	0.554142
39.4280002117	3.334804
41.4280002117	0.538454
43.4280002117	0.590149
46.6719999313	0.725637
51.003000021	0.383827
54.3080003262	0.042091
56.1620001793	0.149457
57.378000021	1.924403
58.6610002518	0.724806
59.9260001183	1.010204
61.6240000725	3.329589
63.2790000439	1.572694
64.5080001354	1.262334
65.9290001392	0.128172
67.9279999733	1.308915
69.9320001602	3.754336
71.9300000668	3.589592
73.9300000668	3.488707
75.9300000668	0.166535
77.9300000668	0.915134
79.9300000668	0.471449
81.9300000668	0.107455
83.9309999943	0.020727
86.2180001736	0.106686
88.0140001774	0.505402
89.9309999943	0.233365
91.9309999943	1.317571
93.9309999943	2.710082
95.9300000668	3.481732
97.9349999428	1.140857
99.9320001602	2.624036
101.934000015	1.587293
103.93200016	0.928837
105.933000088	0.975067
108.153000116	1.106301
110.049000263	1.446109
112.294000149	0.004246
113.933000088	1.44929
115.933000088	0.926127
117.933000088	0.063233
119.933000088	3.65888
121.933000088	3.529256
123.934000015	1.795382
126.430999994	0.042108
129.310000181	0.747374
131.634000063	2.888224
133.381999969	2.555268
133.881000042	0.298822
135.933000088	3.579276
137.99000001	1.260509
139.934000015	1.088871
142.43900013	0.832654
145.322000027	0.004044
147.677000046	1.515723
149.886000156	0.463265
151.618999958	0.10635
153.312000036	3.554285
154.529000044	0.360434
155.934000015	1.711456
157.93599987	1.549492
159.93599987	0.378837
161.938000202	1.853852
163.934999943	2.744634
165.938000202	0.507381
167.93599987	2.410358
169.958000183	0.424635
171.941000223	0.8206
173.93599987	0.234885
175.93599987	2.177979
177.941000223	1.590405
179.93599987	0.682601
181.937000036	0.45109
185.389000177	0.062719
187.710000038	0.845865
190.230000019	0.082415
191.940000296	1.318897
193.412000179	2.5841
194.162000179	1.751686
195.940000296	1.803488
197.937000036	0.337463
200.054000139	2.114834
202.639999866	0.17074
206.353000164	1.068118
209.970000029	0.277596
211.60800004	0.136573
212.961000204	2.575411
215.34100008	1.510691
216.898999929	3.290191
217.342999935	3.293327
217.941000223	3.545317
219.942000151	3.37546
221.938000202	0.467003
223.938000202	0.169705
225.938000202	1.440077
228.279999971	0.853001
230.526000023	2.478565
232.877000093	0.834531
234.921000242	1.597513
236.310000181	0.891387
238.18900013	0.013197
240.18900013	0.167143
242.031000137	0.878953
244.18900013	1.144094
246.190000057	0.021215
248.190000057	0.23136
250.279999971	0.042719
252.41899991	0.465968
254.214999914	0.10584
256.190000057	1.152753
258.190000057	0.834578
260.190999985	0.061411
262.190000057	0.768287
264.190000057	1.558077
266.190999985	0.800034
268.863999844	0.808522
271.398000002	1.19594
273.516000271	1.440665
274.006000042	0.258988
276.190999985	0.106772
278.190999985	2.822606
280.190999985	1.15781
282.190999985	0.721859
284.190999985	0.405932
286.191999912	2.126993
288.190000057	1.888333
290.09800005	0.04271
292.191999912	0.983602
294.888000011	0.483355
296.511999846	0.526247
300.755000114	0.256186
303.621000051	0.84849
304.571000099	0.128038
305.614000082	1.357367
306.875	0.857365
308.193000078	3.165052
310.193000078	1.748277
312.193000078	3.28862
314.036000252	2.970767
316.193000078	2.328566
318.194000006	3.453358
320.193000078	0.042116
322.065999985	1.495541
324.263000011	0.191576
326.651000023	2.637562
328.193000078	0.210331
330.193000078	0.363106
332.193000078	0.149413
334.197000265	3.092856
336.194000006	0.403197
338.101000071	0.149554
340.194000006	1.195584
342.194000006	3.701694
344.194000006	3.181915
346.194000006	3.329032
348.194999933	1.760226
350.194999933	2.145722
352.194000006	3.642088
354.194000006	2.682118
356.194999933	3.742806
358.194999933	0.78388
360.194999933	0.149257
362.196000099	1.758024
364.450999975	0.363202
366.198000193	0.231455
369.43900013	1.528398
371.885000229	2.732422
373.2900002	0.837446
374.198000193	0.561342
376.197000265	0.457597
378.459000111	0.204633
382.263999939	1.110434
384.833000183	0.02132
387.450000048	0.202311
388.867000103	3.558424
389.822000027	3.051361
390.463999987	3.743514
392.197000265	1.612652
394.196000099	0.185519
396.197000265	3.691403
398.196000099	3.242017
400.196000099	3.3728
402.197000265	1.569913
404.203000069	1.025484
406.197000265	3.690594
408.198000193	3.19109
410.138000011	0.014521
412.197000265	0.28366
414.197000265	1.761691
416.198000193	0.167829
418.197000265	0.763603
420.19900012	1.431194
422.205000162	0.703027
424.19900012	0.789536
426.19900012	2.487575
428.19900012	3.494206
430.198000193	1.758778
432.198000193	3.502425
434.198000193	3.451399
436.200000048	2.186651
438.19900012	1.479633
440.203000069	3.518945
442.200000048	3.692597
444.200000048	2.248983
446.19900012	1.662446
448.19900012	3.724263
450.19900012	3.683569
452.200000048	0.17201
454.200000048	3.67088
456.19900012	3.546509
458.200000048	0.063638
460.19900012	2.347132
462.200000048	3.598564
464.200000048	3.695924
466.204000235	2.412988
468.204000235	3.075392
470.200000048	3.729254
472.204000235	3.74554
474.205000162	1.675841
476.200000048	3.679409
478.205000162	1.668835
480.204000235	3.663476
482.205000162	3.51512
484.205000162	1.269514
486.204000235	3.606727
488.204000235	3.538356
490.205000162	3.732272
492.204000235	3.631876
494.201000214	3.512982
496.205000162	3.512982
498.452000141	1.799752
500.452000141	3.483638
502.452000141	3.665934
504.452000141	3.529364
506.452000141	3.529364
508.453000069	3.52345
510.453000069	3.713395
512.455999851	3.599678
514.453000069	3.433041
516.453000069	3.520143
518.453000069	0.532523
520.296000004	3.43759
522.454999924	3.667451
524.454999924	0.736713
526.454999924	0.890638
528.453000069	0.874579
530.453000069	3.477355
532.468000174	3.646222
534.453999996	3.715944
536.454999924	2.387045
538.455999851	3.690995
540.457000256	3.444793
542.455999851	3.392389
544.296000004	3.666718
546.454999924	1.994813
548.455999851	0.021069
550.457000256	0.539583
552.455999851	1.286271
554.454999924	1.279576
556.457000256	1.979887
558.842000008	1.549999
560.269000053	3.373863
562.457000256	0.276607
564.459000111	0.423756
566.457000256	1.47779
568.29700017	0.888953
570.913000107	0.18234
573.90500021	0.014517
576.761000156	0.725317
579.355000019	0.631569
581.485000134	2.219172
583.170000076	1.054136
584.819000006	3.061306
585.578999996	0.69885
586.458000183	3.540008
588.459000111	0.467872
591.337000132	0.33669
594.383000135	1.964788
597.910000086	0.170006
601.108000278	1.064438
603.146000147	0.981528
605.036000252	1.49941
606.284000158	1.879473
608.111000061	0.376463
609.184000015	0.682149
610.677000046	3.703026
611.895999908	2.020017
612.367000103	1.280705
614.459000111	3.378271
616.361000061	0.42748
618.459000111	0.439657
620.463000059	0.504699
623.185000181	0.85135
627.051000118	0.003973
630.114000082	1.238488
632.434000015	1.378816
634.34100008	0.126123
635.194999933	0.635077
636.951999903	0.342074
640.034000158	0.064065
641.930999994	0.064079
644.361000061	0.962198
646.085000038	0.125424
647.779000044	0.378639
649.373000145	0.36308
651.150000095	1.402755
652.917999983	2.477378
654.578000069	0.182751
655.705000162	3.363354
656.462000132	1.425309
658.461000204	3.736718
660.460000277	3.752373
662.461000204	3.411735
664.461000204	3.31167
666.460000277	2.92979
668.462000132	1.077984
670.465000153	2.791466
672.461000204	3.684637
674.461000204	1.965676
676.462000132	0.907613
678.463000059	1.003898
680.463000059	0.190606
682.467000008	0.320539
686.238000154	0.953721
691.02699995	2.572739
692.457000256	1.601736
694.121999979	1.273349
695.378999949	0.12855
695.713000059	0.662087
696.463999987	2.463318
698.465000153	0.170527
700.46600008	2.435967
702.46600008	3.314223
704.463000059	3.752961
706.463000059	3.609346
708.463000059	1.471343
710.463999987	0.559637
712.463999987	1.827515
714.465000153	0.421113
716.465000153	0.937819
718.465000153	0.99312
720.886000156	0.190198
723.039000034	0.660075
724.956000328	0.667035
727.019000053	2.091596
728.465000153	1.370428
730.465000153	0.447615
732.465000153	0.849184
734.527999878	0.448246
736.463999987	0.509525
738.463999987	1.056326
740.467000008	0.280081
742.468000174	1.640987
746.135999918	0.105939
748.124000311	3.461213
749.601999998	0.063645
751.914000034	0.127208
754.889000177	0.042696
758.468000174	0.105043
759.926000118	0.064104
761.926000118	0.021054
764.343999863	0.064066
766.265000105	0.339465
766.671999931	1.290629
768.694999933	1.558182
770.322999954	3.522872
770.979000092	2.184456
772.717000246	3.360315
774.717000246	3.48401
776.718000174	3.708973
778.717000246	3.232204
780.718000174	3.559115
782.722000122	3.703026
784.720000029	3.430214
786.718000174	0.128883
788.719000101	3.374389
790.719000101	0.03033
792.718000174	3.314054
794.718000174	0.888508
796.718000174	1.729098
798.719000101	1.528358
800.719000101	0.492241
802.718000174	3.713185
804.718000174	0.412846
806.719000101	2.333484
808.718000174	1.6467
810.720000029	1.725015
812.720000029	1.368135
814.719000101	1.81199
816.719000101	3.6966
818.720000029	3.735345
820.720000029	0.619357
822.719000101	3.630302
824.720000029	2.214346
826.720000029	3.29462
828.720000029	3.486333
830.720000029	1.814872
832.720000029	1.879098
834.720000029	3.202414
836.720000029	1.378331
838.721000195	3.599577
840.721000195	3.283373
842.721000195	0.213516
844.722000122	0.530815
846.722000122	3.74243
848.726000071	3.354474
850.722000122	3.371458
852.722000122	0.848713
854.72300005	1.647048
856.721000195	3.738553
858.722000122	3.738553
860.721000195	2.68481
862.721000195	2.316365
864.721000195	2.316365
866.72300005	1.499634
868.72300005	1.053441
870.722000122	3.75501
872.722000122	3.366452
874.722000122	3.620335
876.722000122	3.498795
878.72300005	3.435193
880.72300005	0.275537
882.72300005	3.720059
884.724000216	3.61573
886.72300005	3.660882
888.72300005	3.38333
890.724000216	0.27731
892.72300005	3.418717
894.724000216	3.418717
896.724000216	3.418717
898.724000216	3.306512
900.724000216	3.355046
902.725000143	1.184061
904.724000216	1.039278
906.727999926	0.832446
908.725000143	3.414194
910.726000071	3.637202
912.726000071	1.402845
914.726999998	1.718255
916.726000071	1.733591
918.726000071	0.027939
920.726000071	3.703654
922.726000071	1.109479
924.727999926	3.330275
926.726000071	0.802595
928.726000071	0.463339
930.726000071	3.628986
932.726000071	0.210413
934.726000071	1.218342
936.726999998	3.705683
938.726999998	0.212934
940.725000143	0.883774
942.726999998	0.346519
944.726000071	3.130687
946.730000019	3.453218
948.726999998	3.693711
950.726999998	0.912899
952.726000071	3.284388
954.726999998	3.215016
956.726999998	3.669165
958.726999998	3.69385
960.727999926	3.654112
962.727999926	3.350597
964.726999998	3.719789
966.726999998	3.274162
968.729000092	1.129235
970.729000092	3.710023
972.729000092	3.790956
974.729000092	1.062145
976.727999926	1.13999
978.727999926	2.556486
980.727999926	2.605817
982.727999926	0.759564
984.729000092	1.737188
986.729000092	0.916828
988.730000019	0.859044
990.729000092	1.694776
992.730000019	0.553361
994.729000092	3.132818
996.729000092	0.341626
998.729000092	0.532902
1000.73000002	3.738947
1002.72799993	1.633887
1004.73000002	3.51747
1006.85899997	0.609307
1009.88800001	0.144348
1013.48100019	1.702206
1015.91400003	0.277735
1017.75099993	3.57888
1018.8440001	3.569353
1019.10399985	3.538893
1020.73000002	3.658305
1022.73000002	3.315825
1024.98100019	3.764709
1026.98100019	3.54328
1028.98500013	3.513837
1030.98200011	0.363
1032.98200011	0.386455
1034.98200011	0.788731
1036.98200011	0.328935
1038.87999988	0.68425
1040.98300004	0.042705
1042.98399997	2.32606
1044.94200015	0.315104
1046.98300004	3.129461
1048.98300004	2.021441
1050.98300004	0.857001
1052.98399997	3.150864
1054.98500013	0.147629
1057.22500014	0.021343
1060.35600019	1.298429
1062.92100024	0.084177
1065.10299993	0.912446
1067.24799991	0.035431
1069.20000005	1.393926
1070.77400017	3.44506
1072.24900007	0.68207
1073.87300014	0.436535
1075.51199985	0.222143
1076.90900016	0.456414
1078.98399997	0.376216
1080.98399997	0.789605
1082.98699999	0.717205
1085.56599998	0.234661
1088.43900013	3.134181
1090.37100005	2.819376
1091.77099991	3.43302
1092.98500013	3.646895
1094.98500013	0.589473
1096.98500013	3.664729
1098.98800015	1.397999
1100.98500013	3.539911
1102.98500013	3.690721
1104.98500013	1.217619
1106.98600006	0.879341
1108.98600006	0.178998
1111.08100009	0.212956
1113.03700018	1.726858
1114.98699999	2.593163
1116.98699999	0.487212
1118.98800015	1.100613
1120.98699999	3.602141
1122.98600006	3.69091
1124.98600006	0.103024
1126.98600006	0.725687
1128.98699999	1.178136
1130.98600006	3.408768
1132.98600006	1.488933
1134.98699999	0.88344
1136.98699999	0.063782
1138.98699999	0.27778
1140.98800015	2.621865
1142.98699999	0.548593
1144.98800015	0.106073
1146.98900008	1.144477
1148.98800015	1.178821
1150.98800015	0.850328
1152.98800015	1.314526
1154.98800015	1.845684
1156.98800015	1.845684
1158.98800015	3.667137
1160.98900008	0.564029
1162.98800015	3.757223
1164.98900008	3.542601
1166.98900008	1.262315
1168.98900008	1.757337
1170.99000001	3.686569
1172.99000001	3.639254
1174.98900008	0.021277
1176.99000001	3.39926
1178.99000001	0.147308
1180.99000001	3.66235
1182.99600029	3.693859
1184.99099994	3.693859
1186.99099994	2.847478
1188.9940002	1.273125
1190.99099994	2.350411
1192.99099994	2.450618
1194.99000001	1.108762
1196.99099994	0.986352
1198.99099994	3.707023
1200.99099994	3.664698
1202.99099994	0.147148
1204.99000001	3.746259
1206.99099994	3.737693
1208.99099994	3.648036
1210.99099994	0.004245
1212.99199986	0.126233
1215.43099999	1.314123
1216.98100019	1.171005
1218.99199986	1.211682
1220.99300003	2.222287
1222.99300003	0.568462
1224.99600029	0.167375
1226.99600029	0.786093
1228.99300003	0.597469
1230.99300003	2.558363
1232.99300003	0.106072
1234.99300003	0.769079
1236.99300003	0.778349
1238.99300003	0.585452
1240.99300003	3.185335
1242.99300003	1.819086
1244.9940002	1.567668
1246.99500012	0.680773
1248.97600007	3.755604
1250.9940002	0.168203
1252.9940002	0.399681
1254.9940002	0.885966
1256.9940002	3.728586
1258.99500012	3.682163
1260.9940002	1.247531
1262.9940002	1.792961
1264.9940002	1.970367
1266.9940002	1.796709
1268.99500012	1.041112
1270.99600029	0.909101
1273.01099992	0.168299
1274.9940002	1.213655
1276.99500012	1.267265
1278.99500012	1.348054
1280.99500012	1.879455
1282.99500012	3.141474
1284.99500012	0.004033
1287.00300002	0.179467
1289.24799991	0.170708
1292.8130002	0.201504
1297.5480001	1.006498
1298.85300016	0.882484
1300.14700007	2.234081
1302.34700012	3.509554
1302.71199989	3.445933
1303.171	2.209043
1305.24799991	3.359962
1307.24699998	3.229771
1309.24699998	3.764872
1311.25099993	1.779149
1313.24699998	3.538258
1315.24799991	3.093705
1317.09100008	1.613958
1319.24799991	0.126326
1321.24799991	3.73366
1323.24799991	0.337659
1325.24900007	0.729898
1327.24699998	0.357853
1329.24799991	0.467149
1331.24799991	3.694656
1333.25099993	3.223345
1335.24799991	0.22224
1337.24699998	3.754898
1339.24699998	3.640276
1341.09000015	3.713342
1343.24900007	3.471039
1345.24900007	3.576807
1347.24799991	3.736457
1349.24799991	2.587441
1351.24900007	3.621355
1353.25300026	0.042032
1355.25099993	0.426669
1357.25	3.540929
1359.25	0.210322
1361.25	0.128083
1363.25	0.336388
1365.15799999	0.168345
1367.25300026	3.61132
1369.26399994	1.253715
1371.25099993	1.39896
1373.25099993	1.496733
1375.25099993	0.898514
1377.25200009	0.378145
1379.38500023	1.064547
1381.88600016	1.968614
1383.25200009	0.252521
1386.66100025	1.318116
1389.33599997	2.37296
1391.25500011	1.289327
1392.1960001	1.565988
1393.25099993	1.05434
1395.25200009	3.73665
1397.25099993	3.377005
1399.25099993	3.291307
1401.25200009	1.233875
1403.25200009	3.738627
1405.25200009	1.524209
1407.25200009	3.670415
1409.25200009	0.444123
1411.25300026	3.109133
1413.25300026	0.605478
1416.32900023	0.189484
1418.84700012	1.29272
1420.81100011	3.651003
1421.34500027	1.868097
1423.25300026	3.670728
1425.25300026	3.691665
1427.25200009	3.446552
1429.25300026	0.79274
1431.25400019	1.282345
1433.25400019	3.715049
1435.25400019	3.428182
1437.25400019	3.374376
1439.25500011	3.315237
1441.25400019	1.194623
1443.25400019	3.684018
1445.25500011	3.355569
1447.25800014	0.899162
1449.25400019	3.648983
1451.25500011	3.464285
1453.25500011	3.639403
1455.25500011	3.762965
1457.25400019	3.703061
1459.25500011	3.630876
1461.25500011	3.676365
1463.25900006	3.703661
1465.25400019	3.710744
1467.25500011	3.603739
1469.25500011	2.689837
1471.25500011	3.340915
1473.25400019	1.135459
1475.25600004	1.285328
1477.25600004	1.411568
1479.25600004	1.545463
1481.25600004	2.527359
1483.25600004	2.313165
1485.25700021	0.917259
1487.25700021	1.161431
1489.25700021	0.827447
1491.25700021	0.757927
1493.25700021	3.651055
1495.25700021	0.873198
1497.25600004	3.631857
1499.25600004	3.661037
1501.25700021	3.542139
1503.25700021	3.511036
1505.25800014	3.511036
1507.25700021	3.727479
1509.25800014	3.658096
1511.25900006	3.484242
1513.25800014	3.484242
1515.25800014	3.484242
1517.25900006	3.484242
1519.25900006	3.484242
1521.25800014	3.691912
1523.25900006	3.721361
1525.25800014	3.684707
1527.26200008	3.708128
1529.25800014	0.892115
1531.25800014	0.125717
1533.25900006	3.660212
1535.25900006	1.402381
1537.26200008	3.639556
1539.25900006	3.561847
1541.25900006	3.40096
1543.25900006	3.7212
1545.26000023	3.587758
1547.26000023	3.391862
1549.26300001	3.709001
1551.50900006	3.559164
1553.50999999	3.743929
1555.50999999	3.247266
1557.50999999	3.649691
1559.51099992	3.649691
1561.51099992	3.529577
1563.51400018	3.541847
1565.51099992	0.5437
1567.51300025	0.254057
1570.37300014	0.551035
1571.32599998	0.014518
1573.47399998	1.241076
1575.4610002	0.048385
1578.40600014	0.799814
1579.5150001	3.640158
1581.51199985	0.883599
1583.51199985	3.740975
1585.5150001	3.698336
1587.51300025	1.397946
1589.51400018	3.71138
1591.51199985	3.677397
1593.51199985	2.565371
1595.51199985	3.465532
1597.51099992	3.718363
1599.51199985	3.718363
1601.51300025	3.079268
1603.51199985	2.902858
1605.51300025	0.33944
1607.51400018	0.177272
1609.72100019	0.254049
1611.77800012	1.145896
1613.80900025	0.206267
1615.51300025	0.361633
1617.5150001	3.728716
1619.5150001	3.628093
1621.51400018	0.042444
1623.51400018	1.371862
1625.51600027	0.307423
1627.51400018	1.59563
1629.51400018	3.655717
1631.5150001	0.421602
1633.5150001	0.298932
1635.5150001	0.906773
1637.51400018	0.147711
1639.5150001	0.934807
1641.5150001	3.770053
1643.5150001	1.534298
1645.51600027	1.904128
1647.51900005	1.468747
1649.51600027	1.138351
1651.51600027	0.803647
1653.51600027	0.870114
1655.51600027	3.361374
1657.51800013	3.002962
1659.5170002	3.315735
1661.51600027	0.937056
1663.51600027	0.882744
1665.51600027	3.534012
1667.51999998	1.633329
1669.51600027	0.517897
1671.51600027	0.711572
1673.5170002	2.794564
1675.5170002	0.149402
1677.5170002	2.491472
1679.5170002	1.088583
1681.5170002	0.469578
1683.51600027	0.082963
1685.5170002	1.589834
1687.51900005	0.168487
1690.36299992	0.490857
1693.37000012	1.259934
1695.04200006	0.286624
1697.92200017	0.835626
1700.03600025	3.450095
1701.75700021	3.714722
1702.70700002	3.589218
1703.51800013	3.165645
1705.51800013	3.552096
1707.51800013	3.648087
1709.51800013	3.529983
1711.51800013	3.539065
1713.51800013	3.771866
1715.51900005	3.510846
1717.523	0.532141
1719.51999998	3.670751
1721.51999998	0.36085
1723.52100015	3.732594
1725.51999998	1.743195
1727.51900005	2.537068
1729.51900005	3.115721
1731.51900005	1.960217
1733.52400017	2.05096
1735.51999998	1.132085
1737.51999998	0.294702
1739.51999998	0.294711
1741.523	1.389207
1743.51999998	0.26569
1745.51999998	1.03858
1747.52100015	1.292127
1749.52200007	1.230742
1751.52100015	1.20817
1753.52100015	0.469578
1755.523	1.027804
1757.55200005	0.525485
1759.5250001	1.067446
1761.52200007	0.014523
1763.52200007	1.201637
1765.52200007	3.304618
1767.52200007	3.660556
1769.52100015	3.639607
1771.52200007	0.402145
1773.52200007	2.285947
1775.52200007	3.660416
1777.52200007	3.096865
1779.52200007	3.648862
1781.52200007	3.39989
1783.523	3.421733
1785.52200007	0.128117
1787.52200007	3.711539
1789.523	1.676535
1791.52200007	3.638486
1793.77300024	3.490667
1795.77200031	1.826014
1797.77200031	3.588071
1799.77200031	3.509993
1801.77200031	3.684499
1803.77300024	1.788549
1805.77300024	3.73382
1807.77300024	3.484892
1809.77300024	3.767164
1811.61400008	0.916558
1813.77900004	3.73536
1815.77400017	3.68016
1817.7750001	3.438902
1819.77400017	3.374946
1821.77400017	3.522074
1823.77400017	3.490903
1825.77600002	3.385232
1827.77400017	3.620845
1829.77400017	3.44608
1831.77700019	3.4909
1833.77600002	3.727211
1835.61599994	3.531987
1837.7750001	3.306392
1839.7750001	1.420007
1841.7750001	3.442399
1843.77600002	3.4213
1845.7750001	0.461018
1847.77600002	3.688521
1849.77600002	3.719861
1851.77700019	3.64428
1853.77700019	3.694867
1855.77700019	3.63623
1857.7750001	3.289724
1859.61599994	1.413777
1861.77700019	0.996408
1863.77700019	0.192184
1865.77700019	1.068581
1867.77800012	0.791257
1869.63499999	0.490796
1871.77900004	2.141002
1873.77800012	1.268971
1875.77800012	0.923964
1877.61400008	3.547504
1879.77800012	0.084891
1881.77800012	2.46236
1883.77800012	0.639891
1885.77800012	1.739608
1887.77900004	1.216455
1889.77800012	1.173911
1891.77900004	1.127808
1893.77900004	0.33944
1895.77900004	0.896044
1897.77900004	0.126904
1899.77900004	3.580941
1901.78699994	3.293434
1903.77800012	3.675793
1905.78000021	1.716877
1907.78000021	1.174429
1909.78000021	3.203119
1911.77900004	1.438276
1913.78000021	1.680922
1915.78000021	1.164416
1917.77900004	1.761492
1919.78100014	0.029023
1921.78399992	0.794676
1923.78100014	3.770771
1925.78100014	0.716993
1927.78000021	0.042412
1929.78000021	2.429436
1931.79400015	3.565565
1933.78000021	0.702178
1935.78100014	3.172553
1937.78100014	1.221389
1939.78000021	3.310923
1941.78000021	3.701285
1943.78000021	3.701285
1945.78100014	3.718093
1947.78100014	0.083435
1949.78000021	0.581192
1951.78399992	2.536859
1953.78200006	2.536859
1955.78100014	1.348786
1957.80100012	3.764654
1959.78100014	1.177511
1961.78299999	0.188863
1963.78299999	0.737184
1965.8360002	1.274173
1967.84200001	0.019879
1969.78699994	0.017802
1971.78500009	0.316308
1973.78299999	0.528161
1975.78299999	0.232716
1977.78399992	1.426768
1979.78299999	0.777533
1981.82000017	0.004067
1983.78299999	0.00404
1985.78600001	0.016614
1989.66600013	1.305958
1993.07800007	1.434814
1995.27999997	0.20053
1996.60400033	0.711087
1998.13000011	2.774642
1999.60600019	0.419471
2000.86600018	3.552245
2001.78299999	3.168946
2003.78299999	3.54749
2005.78399992	1.105238
2007.78500009	3.383145
2009.78500009	0.669365
2011.78500009	3.228762
2013.78500009	3.629294
2015.78699994	3.533999
2017.78399992	3.420427
2019.78399992	0.084983
2021.78600001	3.641558
2023.78600001	3.641456
2025.78500009	3.631669
2027.7900002	0.030873
2029.78500009	0.610614
2031.78600001	2.591305
2033.78600001	3.570017
2035.78600001	3.644578
2037.78600001	3.644578
2039.78600001	3.599715
2041.78600001	3.693081
2043.78600001	3.74934
2045.78699994	3.74934
2047.78699994	3.610535
2049.78600001	3.417408
2051.78699994	3.667707
2053.7900002	3.426354
2056.03600025	3.492459
2058.03700018	3.659542
2060.03600025	3.659542
2062.08200002	3.659542
2064.03800011	3.659542
2065.87899995	3.56455
2068.03800011	0.702271
2070.03800011	0.615494
2072.03700018	0.397498
2074.03800011	2.585797
2076.03800011	0.893721
2078.03900003	1.369576
2080.03900003	3.713979
2082.03900003	3.301047
2084.03900003	3.712122
2086.03900003	1.169093
2088.03900003	2.947539
2089.87999988	0.883151
2092.03900003	3.467094
2094.03900003	3.467094
2096.03900003	3.467094
2098.03999996	1.398896
2100.03999996	3.581696
2102.03999996	2.068959
2104.03999996	3.632154
2106.03999996	3.659336
2108.04299998	2.213442
2110.04299998	2.853732
2112.04100013	2.853732
2113.90700006	3.752642
2116.04100013	3.260479
2118.03900003	0.747276
2120.04100013	0.163975
2122.04100013	0.464012
2124.04100013	1.436201
2126.03999996	0.63801
2128.03999996	1.177172
2130.03900003	1.177155
2132.04100013	1.088398
2134.04200006	1.430773
2136.04200006	1.735345
2137.91199994	0.66563
2140.04200006	0.509205
2142.04100013	3.407512
2144.04100013	0.873159
2146.04200006	1.963777
2148.04400015	0.011042
2150.04200006	3.392567
2152.04200006	3.560908
2154.04200006	3.444656
2156.04299998	3.510088
2158.04200006	3.405394
2160.04200006	0.988297
2162.04299998	3.432398
2164.04299998	3.516456
2166.04200006	3.465855
2168.04400015	3.465855
2170.04299998	1.560587
2172.04400015	1.871286
2174.04799986	2.449841
2176.04400015	2.354044
2178.04400015	1.265434
2180.04400015	3.684123
2182.04500008	0.701993
2184.04500008	3.720557
2186.04500008	2.036822
2188.046	0.774411
2190.04500008	0.447903
2191.94400001	3.611132
2194.04799986	3.095613
2196.04500008	0.882029
2198.15799999	0.445606
2200.04400015	1.250994
2202.04400015	1.409239
2204.04400015	1.392157
2206.04500008	1.33876
2208.046	1.767011
2210.21800017	0.170466
2212.29500008	3.658496
2214.296	0.082379
2216.30100012	0.236447
2218.296	1.63368
2220.296	1.306465
2222.29500008	3.612793
2224.296	3.681437
2226.296	3.705409
2228.29700017	3.689411
2230.296	1.245425
2232.29900002	3.653088
2234.13800001	3.60883
2236.30000019	3.772859
2238.29700017	3.440025
2240.29700017	1.991828
2242.29700017	3.77466
2244.2980001	3.714828
2246.296	3.188925
2248.2980001	3.19763
2250.29900002	0.73077
2252.30100012	2.463033
2254.2980001	0.02724
2256.29900002	0.098122
2258.296	0.467063
2260.29700017	1.443626
2262.29700017	0.071766
2264.29700017	0.657071
2266.29700017	0.212769
2268.18600011	0.042683
2270.30000019	1.709591
2272.2980001	0.393078
2274.2980001	1.733047
2276.2980001	0.633327
2278.29900002	0.929252
2280.29900002	0.381002
2282.30100012	0.776001
2284.29900002	0.374226
2287.11899996	0.25262
2290.91100001	1.205497
2293.29100013	1.105006
2296.57700014	1.046137
2298.79100013	1.76801
2299.52400017	2.566822
2300.37100005	1.835651
2301.34600019	0.83529
2302.875	1.464672
2304.5400002	1.349952
2306.67700005	2.671631
2308.30100012	2.145352
2310.30100012	1.579441
2312.30200005	1.238616
2314.30000019	0.239811
2316.17700005	1.108458
2318.30200005	1.072821
2320.30200005	1.639846
2322.30299997	3.693186
2324.30200005	1.731243
2326.30200005	3.739253
2328.30200005	3.639405
2330.30200005	1.731457
2332.30500007	3.353565
2334.30200005	0.021292
2336.31700015	3.629585
2338.78500009	2.670531
2340.75500011	0.607014
2342.67600012	0.367832
2344.61400008	0.790116
2346.45499992	1.055142
2348.30299997	0.145274
2350.30200005	1.316462
2352.3039999	1.148154
2354.30500007	0.864151
2356.30800033	0.192074
2358.70700002	0.004195
2361.55900002	1.84215
2363.69099998	2.532814
2365.58500004	1.012927
2366.90400004	1.451509
2368.30500007	0.492857
2370.30500007	3.66235
2372.30500007	1.053504
2374.30500007	0.921865
2376.26800013	0.003945
2378.30500007	0.04266
2380.83000016	0.97319
2383.1650002	0.063621
2384.98200011	2.465365
2386.5250001	0.343688
2388.30599999	3.207988
2390.30500007	0.738373
2392.30500007	3.363794
2394.30500007	3.732327
2396.30599999	3.083116
2398.30599999	0.661231
2400.30599999	3.164555
2402.30599999	3.374694
2404.30500007	0.299095
2406.30699992	3.662225
2408.30599999	3.569037
2410.30599999	0.210547
2412.68300009	0.188348
2415.37800002	0.805183
2417.36600018	1.055094
2419.42900014	0.889564
2420.30800033	1.92854
2422.31400013	0.401982
2424.30900025	1.374439
2426.30800033	2.927761
2428.30800033	3.709897
2430.30800033	3.497848
2432.30800033	3.392963
2434.30900025	1.107801
2436.30900025	1.26281
2438.30900025	1.862087
2440.30900025	1.387104
2442.31200004	3.198914
2444.30900025	3.041911
2446.30900025	0.655072
2448.55999994	1.034116
2450.39199996	0.276275
2452.55999994	0.21357
2454.4460001	0.341375
2456.47300005	1.595674
2458.56500006	1.434187
2460.56299996	0.491016
2462.55900002	0.627942
2464.40300012	0.924522
2466.55999994	0.400819
2468.35000014	1.75
2470.56400013	2.41481
2472.55999994	0.384862
2474.56100011	0.451472
2476.56100011	2.90051
2478.56100011	3.659149
2480.55999994	3.438856
2482.56100011	3.789574
2484.56100011	3.59593
2486.56100011	3.691875
2488.40400028	1.385368
2490.56100011	0.105092
2492.56100011	3.616134
2494.56100011	3.741178
2496.56100011	3.715174
2498.56100011	3.758321
2500.56100011	3.671719
2502.56100011	3.56801
2504.56100011	3.452845
2506.56100011	3.713767
2508.56100011	3.564191
2510.56299996	2.608994
2512.40300012	1.284842
2514.56299996	3.489347
2516.56299996	3.695026
2518.56299996	3.312871
2520.56299996	3.542094
2522.56200004	3.734805
2524.56299996	1.956844
2526.56599998	3.732538
2528.56400013	2.415938
2530.58100009	0.038202
2532.56299996	1.747715
2534.56400013	0.778168
2536.73300004	0.592247
2538.72000003	3.411385
2540.56500006	0.602592
2542.56400013	2.603631
2544.56799984	3.710865
2546.56299996	1.044681
2548.56400013	3.475402
2550.56400013	0.608685
2552.56500006	1.773019
2554.56400013	3.714423
2556.56500006	3.371181
2558.56500006	3.369552
2560.56500006	1.018537
2562.56500006	1.46334
2564.56500006	1.352737
2566.56500006	0.083015
2568.56699991	1.341333
2570.57000017	0.021302
2572.56699991	0.764054
2574.47000003	0.412752
2576.56599998	2.28204
2578.56599998	3.635788
2580.56599998	1.238962
2582.56699991	0.610269
2584.47399998	0.214269
2587.88500023	0.02105
2591.20799994	0.106733
2594.08400011	0.289569
2596.58299994	1.430832
2598.53700018	3.484428
2599.61300015	3.185607
2599.9380002	3.511795
2600.56699991	3.484614
2602.56699991	1.769769
2604.56699991	3.446585
2606.56699991	1.340082
2608.53800011	0.020448
2610.56699991	3.434428
2612.56900024	1.490344
2614.56900024	0.192374
2616.56799984	0.617929
2618.57200027	0.662748
2620.57000017	0.665306
2623.1730001	0.082971
2625.91600013	2.161765
2628.19499993	1.217626
2630.46200013	0.693179
2632.74100018	0.217158
2635.00900006	1.26605
2637.00300002	0.019619
2638.89300013	1.025499
2641.15499997	1.582358
2643.3039999	0.336334
2645.02000022	1.103133
2646.59100008	3.01518
2647.58399987	0.4783
2648.96600008	1.211078
2650.65100002	0.011257
2652.57000017	0.084772
2654.5710001	1.605493
2656.5710001	2.636813
2658.57000017	0.128034
2660.57000017	0.231578
2662.57000017	0.259264
2664.57000017	3.722317
2666.57000017	3.605726
2668.5710001	1.083416
2670.57400012	3.266261
2672.57400012	3.658357
2674.5710001	1.492305
2676.5710001	3.547699
2678.5710001	1.822432
2680.57200027	0.014688
2682.57300019	0.530748
2685.26900005	0.28485
2687.37400007	0.552365
2689.0150001	1.214827
2690.79400015	3.643433
2692.57200027	3.71593
2694.57200027	3.711539
2696.57200027	2.200975
2698.82299995	0.234451
2700.82399988	1.768164
2703.37300014	0.360924
2706.66900015	2.30341
2708.53100014	0.085385
2710.20500016	1.404224
2711.37000012	1.143868
2712.78000021	1.430044
2714.82399988	1.068985
2716.82399988	0.844797
2718.82399988	3.276701
2720.82399988	0.512334
2722.82399988	0.084164
2724.82299995	1.098543
2726.76600003	0.613945
2728.82500005	0.275401
2730.62600017	0.406896
2732.71800017	0.211316
2734.82500005	0.811042
2736.82500005	1.351861
2738.82399988	1.823403
2740.82500005	0.757971
2742.82900023	3.707694
2744.82500005	0.347887
2746.82500005	3.393933
2748.73500013	2.22407
2750.82500005	3.599647
2752.82800031	0.180148
2754.82500005	0.630135
2756.82599998	0.988155
2758.82599998	0.021366
2760.82599998	3.710391
2762.82800031	0.810569
2764.82599998	0.891503
2766.82599998	1.229287
2768.82599998	0.648612
2770.87400007	0.0641
2772.98100019	1.984656
2774.87400007	1.097002
2776.82599998	3.136727
2778.8269999	3.691832
2780.8269999	3.220369
2782.83200002	0.664131
2784.82800031	3.672219
2786.82800031	0.821483
2788.82800031	0.10731
2790.82800031	1.271917
2792.8269999	0.420863
2794.8269999	0.8408
2796.8269999	3.660572
2798.8269999	3.726646
2800.82800031	0.015058
2802.82800031	1.859344
2804.82800031	0.467824
2806.83000016	0.106716
2810.32900023	2.179121
2812.54200006	1.009571
2814.32900023	1.077935
2816.33000016	0.847247
2818.32900023	2.054982
2820.32900023	3.061368
2822.32900023	2.966786
2824.32800007	3.52937
2826.32900023	3.52937
2828.33000016	1.76137
2830.33000016	1.645555
2832.33000016	2.387952
2834.33000016	3.669912
2836.33000016	3.658717
2838.33000016	3.445776
2840.33000016	3.759644
2842.33000016	3.607705
2844.33000016	1.155267
2846.33100009	2.776107
2848.33100009	3.458345
2850.33000016	0.908346
2852.33100009	3.234783
2854.33000016	2.076779
2856.33100009	2.076779
2858.33200026	3.223801
2860.33100009	3.253174
2862.33100009	1.767394
2864.33100009	3.767785
2866.33100009	1.168842
2868.33100009	3.706913
2870.33200026	3.706913
2872.33200026	3.288664
2874.33200026	0.892551
2876.33200026	1.773237
2878.33300018	3.417638
2880.33200026	3.768967
2882.33200026	3.234573
2884.33300018	3.71085
2886.33500004	1.921099
2888.33500004	3.649683
2890.33700013	1.218917
2892.33599997	3.350597
2894.33300018	3.321387
2896.33599997	3.321387
2898.33400011	3.321387
2900.33500004	3.321387
2902.33400011	3.575131
2904.33400011	3.301425
2906.33700013	3.511795
2908.33500004	0.909049
2910.33400011	1.341624
2912.33400011	3.727558
2914.33400011	0.098153
2916.33599997	3.149446
2918.33500004	3.351628
2920.33599997	3.693291
2922.33500004	3.712759
2924.33599997	3.203008
2926.33700013	3.403228
2928.33599997	0.911498
2930.33500004	0.911498
2932.33599997	3.723343
2934.33599997	1.850263
2936.33700013	3.423843
2938.33700013	0.571619
2940.33700013	3.73384
2942.33700013	3.289766
2944.33700013	3.180675
2946.33599997	1.587625
2948.33599997	1.206378
2950.33599997	3.594751
2952.33700013	1.394447
2954.33899999	1.466044
2956.33800006	0.273616
2958.33800006	0.469565
2960.33899999	3.040519
2962.33800006	0.399646
2964.59200001	0.683163
2966.58700013	3.237577
2968.59200001	2.929221
2970.5880003	2.871956
2972.5880003	2.840081
2974.5880003	3.132025
2976.5880003	1.320774
2978.58900023	2.339945
2980.5880003	1.556181
2982.5880003	3.729026
2984.43000007	2.950356
2986.58900023	0.445372
2988.58900023	1.782238
2990.59000015	1.804396
2992.5880003	3.658249
2994.5880003	3.680297
2996.5880003	1.612101
2998.5880003	1.298645
3000.58900023	2.9064
3002.58900023	1.36238
3004.58900023	3.500367
3006.59000015	3.749923
3008.43000007	3.316131
3010.59000015	3.272879
3012.58900023	3.135228
3014.59000015	3.589669
3016.59300017	0.59619
3018.59000015	0.062996
3020.59899998	0.936021
3022.42100024	1.009542
3024.59000015	1.778244
3026.59000015	3.63818
3028.59100008	3.276691
3030.59100008	1.05902
3032.49000001	0.449893
3034.59100008	0.004148
3036.59200001	0.979729
3038.59200001	1.13516
3040.59200001	3.206517
3042.59300017	1.739459
3044.59200001	3.26615
3046.59200001	0.847114
3048.59300017	1.406819
3050.59200001	2.503808
3052.59300017	1.204967
3054.59200001	0.410919
3056.44000006	0.878857
3058.59200001	0.382077
3060.59200001	0.616723
3062.5940001	3.476597
3064.59300017	0.621437
3066.59800005	0.552543
3068.71499991	0.003662
3071.41100001	0.034166
3073.68500018	1.126504
3075.6500001	2.807875
3077.34700012	2.798009
3078.80799985	0.170733
3080.49000001	0.840253
3082.59300017	3.528529
3084.5940001	1.045679
3086.5940001	3.724624
3088.5940001	3.723666
3090.5940001	1.825854
3092.5940001	3.702214
3094.59500003	3.163259
3096.5940001	3.684965
3098.5940001	3.3556
3100.59500003	1.31907
3102.59500003	3.398411
3104.59600019	3.737986
3106.59500003	3.435974
3108.59500003	2.540126
3110.59600019	1.24135
3112.59600019	1.10638
3114.5999999	1.948702
3116.59600019	3.740554
3118.59600019	3.72983
3120.59600019	3.704029
3122.59600019	3.317045
3124.59600019	3.467289
3126.59800005	3.642038
3128.59500003	3.642038
3130.59600019	3.613044
3132.59600019	3.393404
3134.59899998	3.682824
3136.59600019	3.724987
3138.59600019	3.724987
3140.59600019	3.724987
3142.59600019	3.558677
3144.59700012	3.744154
3146.59700012	3.243663
3148.59800005	0.913987
3150.59700012	3.587301
3152.59700012	3.783329
3154.59700012	3.754864
3156.59700012	3.605088
3158.59800005	3.643715
3160.59800005	1.001172
3162.59800005	3.467186
3164.59800005	3.408496
3166.59800005	3.675426
3168.59800005	0.163483
3170.59800005	0.77976
3172.59899998	3.584269
3174.59899998	0.632535
3176.59899998	0.170705
3178.59899998	3.658975
3180.59899998	3.749815
3182.5999999	0.986266
3184.59899998	1.068369
3186.60600019	0.662555
