0.0	1.839661
0.271000146866	1.028541
0.466000080109	0.34076
0.775000095367	0.007326
1.01400017738	0.050191
1.3060002327	0.858733
1.71800017357	0.047849
2.14800024033	0.01888
2.43099999428	1.740319
3.54900026321	0.267685
5.55500006676	0.891805
7.54700016975	0.989611
9.55100011826	0.689195
11.5500001907	1.313607
13.5780000687	0.271941
15.5480003357	2.253056
17.5480003357	0.792918
19.5480003357	3.25737
21.5510001183	3.25737
23.5480003357	2.854217
25.5480003357	1.266956
27.5520000458	0.372499
29.5480003357	1.248722
31.5629999638	1.676772
33.5490002632	1.676772
35.5490002632	3.506685
37.5310001373	0.364123
39.5520000458	2.419683
41.5490002632	0.44915
43.5480003357	3.830879
45.5480003357	0.330993
47.5500001907	1.025374
49.5510001183	1.750057
51.5480003357	0.146868
53.5470001698	2.958981
55.5490002632	4.321259
57.5470001698	0.866688
59.5470001698	4.512078
61.5500001907	3.308067
63.5490002632	0.021635
65.5530002117	2.083591
67.5490002632	4.35807
69.5550000668	1.773408
71.5480003357	4.775441
73.5690002441	0.385013
75.5490002632	0.014048
77.5540001392	1.492605
79.5470001698	1.430726
81.5550000668	1.872978
83.5480003357	5.409285
85.5470001698	0.820557
87.5490002632	0.03484
89.5500001907	1.8854
91.5710000992	0.915623
93.5560002327	1.154588
95.5540001392	6.384663
97.5510001183	0.118511
99.5500001907	0.01103
101.798000097	2.48686
103.553000212	2.48686
105.548000336	2.48686
107.552000046	1.883785
109.802999973	1.329436
111.815999985	1.254341
113.799000025	2.689073
115.598999977	0.229844
117.799000025	1.671365
119.799999952	0.941805
121.804000139	2.612313
123.801000118	3.015914
125.798000097	2.893536
127.798000097	0.371147
129.799000025	4.052207
131.801000118	4.707833
133.799999952	3.76352
135.799999952	0.940798
137.79700017	4.315023
139.802000046	1.817691
141.79700017	5.085325
143.808000088	2.469384
145.815999985	0.030063
147.798000097	2.366511
149.806000233	5.207474
151.802999973	0.081241
153.799999952	3.819949
155.799999952	1.979781
157.798000097	0.529092
159.805000305	1.692172
161.809000254	1.242061
163.811000109	1.982783
165.799999952	0.036662
167.79700017	0.729337
169.799000025	0.729337
171.802000046	0.037597
173.801000118	0.106495
175.804000139	3.316833
177.798000097	0.336215
179.798000097	2.270778
181.799000025	2.270778
183.811000109	0.021498
185.801000118	0.017789
187.801000118	0.11967
189.804000139	0.169364
191.806000233	0.047512
193.798000097	0.235906
195.761000156	1.380442
197.805000305	1.502982
199.802000046	1.502982
201.804000139	1.502982
203.801000118	1.897728
205.945000172	0.02244
207.798000097	0.006779
209.801000118	0.049861
211.83100009	1.498527
213.798000097	0.049407
215.798000097	0.022623
217.799000025	0.026978
219.75999999	1.248585
221.802999973	2.25453
223.799000025	2.25453
225.799999952	0.786987
227.80700016	0.075103
229.808000088	0.019964
231.802999973	1.779406
233.804000139	0.076936
235.804000139	2.020765
237.819000006	2.914213
239.799000025	0.643009
241.798000097	0.643009
243.746999979	0.72927
245.804000139	2.526998
247.799000025	0.908373
249.799000025	0.023918
251.804000139	2.888896
253.799000025	0.735126
255.799000025	2.740434
257.799999952	1.1056
259.802000046	0.403462
261.802000046	3.235889
263.799000025	0.615267
265.799999952	0.864579
267.733000278	1.364381
269.799000025	1.740884
271.801000118	1.636195
273.799000025	1.764343
275.805000305	1.305048
277.802999973	2.859137
279.799999952	3.631723
281.871999979	1.804491
283.799000025	3.383991
285.815999985	3.383991
287.799999952	2.65906
289.962000132	4.537299
291.802000046	3.422813
293.877000093	3.0903
295.802000046	4.750098
297.920000076	2.549816
299.799999952	2.549816
301.81400013	2.810009
303.806000233	4.851355
305.883000135	4.411149
307.799000025	2.443194
309.802999973	1.627852
311.801000118	4.408813
313.854000092	1.205673
315.798000097	0.983748
317.921000242	2.126572
319.799999952	2.449875
321.808000088	0.74702
323.799000025	5.856935
325.908000231	4.230276
327.802999973	4.547294
329.893000126	6.57047
331.798000097	3.753017
333.812000275	0.342416
335.810000181	3.814258
337.855000019	6.626968
339.802999973	6.784111
341.871999979	6.077186
343.804000139	4.177281
345.818000078	1.124164
347.809000254	3.732089
350.050000191	6.110253
352.050000191	4.131456
353.865000248	4.131456
355.804000139	2.78581
358.050000191	1.625323
360.050000191	0.680872
362.050000191	0.37814
364.055000067	0.023356
366.052000284	0.793538
368.052000284	2.100017
370.063999891	0.018982
372.722000122	1.389968
374.051000118	0.425884
376.051000118	1.574848
378.051000118	3.379535
380.050000191	0.085515
382.049000263	4.147535
384.161000252	1.867579
386.052000284	1.011646
388.08100009	3.535846
390.052000284	2.736743
392.123000145	7.217785
394.052000284	0.175249
396.166000128	5.357085
398.050000191	3.225166
400.129000187	3.724997
402.052000284	2.753098
404.129000187	4.14239
406.052000284	0.188867
408.049000263	0.054788
410.061000109	0.537006
412.194000006	0.900446
414.051000118	1.266737
416.134000063	4.88413
418.055999994	0.029646
420.054000139	0.070252
422.049000263	0.027988
424.159000158	1.759203
426.052000284	2.629417
428.140000343	5.338939
430.055000067	6.162743
432.151000023	2.668812
434.060000181	5.463497
436.103000164	0.876773
438.051000118	4.19515
440.142000198	3.99345
442.049000263	5.57915
444.065000296	1.816598
446.050000191	6.230636
448.107000113	1.670506
450.051000118	0.281704
452.127000093	1.013503
454.053000212	0.285887
456.141000271	0.098591
458.051000118	0.149066
460.11500001	0.846279
462.051000118	2.439931
464.102000237	0.981142
466.048000097	0.094349
468.109000206	1.129288
470.058000088	0.829289
472.100000143	0.213799
474.050000191	4.903168
476.623000145	5.134139
478.050000191	0.736787
480.082000017	0.009877
482.051000118	0.12292
484.08100009	0.076511
486.067000151	2.956971
488.07400012	1.830962
490.050000191	1.445938
492.055999994	0.69545
494.052000284	0.620553
496.065000296	1.155481
498.054000139	5.327457
500.059000015	0.011135
502.050000191	1.381806
504.051000118	0.013522
506.450000048	0.167505
508.052000284	0.026566
510.050000191	0.39832
512.378999949	0.213411
514.050000191	1.655565
516.049000263	2.477722
518.049000263	3.80359
520.054000139	0.031677
522.052000284	0.046216
524.051000118	5.052325
526.059000015	2.117843
528.066000223	2.131585
530.050000191	2.189348
532.063999891	0.902691
534.053000212	2.472509
536.051000118	0.012655
538.051000118	0.058845
540.050000191	0.026717
542.050000191	4.439062
544.050000191	0.057361
546.051000118	0.23049
548.061000109	0.058774
550.052000284	2.91348
552.051000118	2.875671
554.052000284	0.037103
556.050000191	0.68312
558.050000191	0.220031
560.050000191	4.500921
562.062000036	0.002109
564.05700016	0.027516
566.051000118	0.006422
568.052000284	0.055739
570.052000284	0.110928
572.053000212	0.243248
574.054000139	0.024715
576.735000134	0.039227
579.193000078	0.06549
580.413000107	1.94621
582.051000118	0.032405
584.061000109	0.013691
586.063999891	0.314031
588.059000015	0.050776
590.065000296	0.010064
592.051000118	0.41887
594.061000109	0.079544
596.051000118	0.027003
598.053000212	1.549187
600.319000006	3.467982
602.058000088	0.011925
604.053000212	5.05058
606.059000015	5.238811
608.300000191	4.573838
610.310000181	2.349252
612.303999901	5.569988
614.302999973	3.871084
616.306000233	6.006612
618.309000254	1.791777
620.302000046	0.018131
622.310000181	0.45273
624.299000025	1.146095
626.302999973	1.701061
628.302999973	1.384646
630.300000191	0.906248
632.302000046	3.410242
634.301000118	2.249955
636.302999973	2.586374
638.301000118	1.391539
640.301000118	0.374285
642.274000168	1.490159
644.299000025	0.009336
646.305000305	2.340502
