0.0	0.039614
1.00900006294	0.048247
1.43000006676	0.053687
4.28400015831	0.136745
6.24400019646	0.03471
8.08400011063	1.857363
8.87700009346	0.062704
9.89800000191	0.040413
11.2290000916	2.138818
12.4190001488	0.025422
13.8519999981	2.517117
16.2990002632	0.220511
18.7049999237	1.115089
19.9539999962	2.253577
20.8619999886	1.09937
22.5840001106	0.383491
24.8519999981	0.012862
26.2690000534	1.236897
28.3250000477	0.291081
29.603000164	2.378081
31.8680000305	2.453483
33.0650000572	0.332317
33.9690001011	2.1387
34.9379999638	0.658947
36.0030002594	0.455935
36.7850000858	0.436809
38.356000185	1.616092
40.856000185	0.07539
43.0400002003	0.88912
45.0980000496	1.424481
46.4030001163	0.818985
48.3380000591	2.17257
50.3680000305	0.647538
52.3329999447	1.968011
54.3450000286	2.008318
56.4249999523	0.236462
58.3470001221	0.32676
60.3380000591	0.041684
62.3459999561	0.325236
68.0250000954	0.922578
72.9349999428	0.591327
75.8469998837	1.157162
76.7760000229	1.133086
79.9230000973	0.94441
84.3120000362	0.581516
85.1579999924	0.5365
86.9850001335	0.105676
87.8880000114	2.358541
89.1989998817	0.416547
89.9639999866	2.476046
91.4830000401	0.374935
92.1380000114	3.671027
92.7320001125	3.403963
93.5369999409	0.115911
94.8830001354	0.343561
96.3250000477	1.772511
98.4190001488	2.521442
100.345000029	0.011625
102.328000069	0.174777
104.351999998	1.107337
106.352999926	0.009953
108.555000067	0.770077
110.31799984	2.431234
112.325999975	1.23252
114.3349998	0.019536
116.332999945	0.499803
118.388999939	0.008266
120.568000078	1.556955
123.059000254	0.591791
124.332999945	1.872148
126.406999826	0.023349
128.342999935	2.93645
130.350999832	1.976888
133.497999907	0.085928
135.827000141	1.152884
138.987000227	0.001189
141.681999922	0.415937
146.438999891	0.89296
148.579000235	0.624499
151.075000048	0.300071
152.568000078	1.26221
154.787000179	0.361332
157.388999939	2.927775
159.66899991	2.263496
161.713000059	0.077976
162.859000206	1.976384
164.549999952	1.833345
166.217000008	0.419577
168.513999939	1.519331
170.528000116	1.477147
175.52300024	1.886867
176.667000055	2.055281
177.809999943	0.060833
179.79399991	1.899476
181.724999905	0.092296
183.638000011	0.330227
185.859000206	0.287674
187.82400012	1.278881
190.792000055	0.969401
193.268000126	0.05227
194.881000042	0.021255
196.069000006	0.507387
197.468000174	1.890449
198.424999952	1.23175
200.61500001	0.031441
202.312999964	1.226727
203.820000172	2.570321
204.986000061	1.0574
205.948000193	2.631966
206.853999853	2.795767
207.269999981	3.018164
208.603000164	2.638187
210.588999987	1.429842
212.582000017	1.32006
214.693000078	3.349999
216.587000132	4.239428
218.598999977	3.564119
220.589999914	3.432438
222.590999842	3.432438
224.582999945	2.251794
226.592000008	2.545294
228.585999966	3.11522
230.582999945	3.538671
232.59800005	0.705976
234.588999987	3.743927
236.589999914	2.74871
238.846999884	0.873859
243.36500001	0.0443
244.566999912	1.35949
245.032999992	3.250987
246.708000183	2.260756
248.86500001	3.675929
250.865999937	2.153676
252.842000008	2.916245
254.845000029	3.884749
256.833999872	3.929096
258.851000071	3.584556
260.838999987	0.029211
262.838000059	5.024262
264.861000061	2.685051
266.848999977	5.138646
268.837000132	5.167706
270.697999954	4.957845
272.838000059	5.301399
274.853999853	4.64926
276.837000132	5.03737
278.838999987	0.005861
280.694999933	2.814873
282.859000206	5.093009
284.827000141	3.902832
287.001999855	3.248047
288.84100008	0.013147
290.844000101	0.659356
292.849999905	4.222572
294.73300004	2.001964
296.843000174	3.949732
298.877000093	3.582758
300.844000101	2.71603
302.875000238	4.418101
304.838999987	4.209708
306.833999872	4.308987
308.84800005	4.308987
310.849999905	5.407069
312.835000038	3.764693
314.837000132	4.545769
316.840000153	0.778632
318.792999983	4.795005
320.953999996	0.00597
322.872999907	5.887407
324.832000017	1.289796
327.053999901	0.008536
328.845999956	0.758291
330.860000134	0.952798
332.837000132	5.220489
334.845999956	5.220489
336.851000071	5.220489
338.838999987	5.508446
340.845000029	6.849785
342.963000059	1.104723
344.877000093	1.104723
346.837000132	2.248943
348.838999987	6.119098
350.836000204	0.454411
352.860000134	6.015246
354.837000132	0.042102
356.838000059	0.719435
358.90199995	0.135368
360.84100008	0.327554
362.898000002	0.011063
365.169999838	0.333531
367.812000036	2.111896
369.361999989	2.458375
372.177999973	0.512594
373.536000013	2.391468
375.459000111	0.231117
377.312999964	2.699587
378.874000072	1.820628
380.844000101	2.141339
382.84100008	2.715717
384.842000008	0.002038
386.830999851	0.015148
388.838999987	3.148677
390.901000023	0.313099
392.849999905	1.800561
394.838000059	1.011829
396.849999905	1.33461
398.845000029	0.545864
400.846999884	3.263614
402.845000029	0.714285
404.838999987	2.379276
406.852999926	1.532797
408.846999884	0.992028
410.84800005	2.745297
412.838999987	0.042474
414.844000101	0.64931
418.592999935	0.005777
421.758999825	0.426479
425.145999908	0.725411
427.758999825	2.190264
429.635000229	0.157675
431.406999826	2.126807
432.024000168	3.60934
432.513999939	3.807324
433.213999987	0.92709
434.838999987	0.805375
436.840000153	3.942821
438.845999956	0.769267
441.230999947	0.06798
443.781000137	0.01271
446.934999943	0.037657
448.093999863	0.234419
449.00999999	1.582582
450.848999977	1.744969
452.838000059	0.451
454.840000153	0.474516
456.842000008	0.938721
460.27699995	1.89825
462.709000111	1.166023
464.421000004	1.580539
466.604000092	0.007159
468.338000059	0.095779
469.263000011	1.312208
470.888999939	1.580597
472.846999884	2.334997
474.843000174	0.125202
477.184000015	2.33752
479.083000183	1.202399
481.088999987	0.544745
483.089999914	1.791804
485.117000103	3.772074
487.083000183	3.177541
489.085000038	4.678055
491.09100008	1.986424
493.086999893	0.032632
495.10800004	0.91843
497.086999893	0.764325
499.089999914	0.075085
501.101999998	0.967768
503.105000019	2.283202
505.088999987	1.849627
507.084000111	4.246592
509.09100008	2.390278
511.105000019	1.417464
513.109999895	0.924536
515.093999863	1.569115
517.101000071	0.034577
519.424999952	0.005601
523.142999887	0.060253
526.605000019	0.101842
528.842000008	1.646437
530.121000051	1.659706
530.913000107	1.948473
532.06400013	0.806373
533.726000071	0.372181
535.493000031	1.071534
539.144000053	0.039034
542.352999926	0.577821
545.677000046	0.316304
548.470999956	1.380338
550.992000103	1.603029
554.371999979	0.502695
557.220000029	0.789898
558.15500021	1.253741
558.653000116	0.637201
560.613999844	1.240273
562.631999969	0.969215
563.739000082	2.925332
564.753000021	2.441422
565.881000042	0.273535
567.069000006	0.670699
568.634000063	0.104797
571.710999966	0.025836
574.884000063	2.037011
578.138000011	0.828054
581.536000013	0.066258
582.737999916	0.093668
584.096000195	0.113123
586.784000158	0.692347
588.696000099	0.213681
590.463999987	0.009295
592.980999947	0.363525
598.128000021	0.513363
600.057999849	0.48467
600.985000134	0.904538
602.656000137	1.775476
603.749000072	2.262083
604.590999842	3.272385
606.621000051	3.065194
607.969000101	0.524448
608.161000013	4.331849
608.486999989	2.162519
609.388000011	3.367108
611.10800004	4.257525
613.09499979	4.172303
615.092999935	3.48483
617.09499979	0.616223
619.096000195	4.170183
621.09800005	4.37754
623.167999983	3.810934
625.09499979	3.196119
627.100000143	5.268595
629.088000059	0.313015
631.088000059	5.2673
633.099000216	5.2673
635.088999987	4.96028
637.096000195	6.078155
639.088000059	6.078155
641.092999935	6.031412
643.111999989	3.318166
645.09499979	0.006437
647.093999863	2.575564
649.10800004	5.913526
651.093999863	5.913526
653.144000053	3.288709
655.09100008	5.101464
657.099000216	5.101464
659.10800004	3.311242
661.093999863	1.453769
663.269999981	2.496013
665.128999949	2.75904
667.097000122	5.359289
669.109999895	3.257621
671.093999863	1.489567
673.086999893	2.143871
675.093999863	3.946993
677.088999987	4.171303
679.089999914	3.406325
681.089999914	3.950933
683.09499979	1.067818
685.086999893	0.013845
687.10800004	2.348231
689.128999949	1.443895
691.092999935	1.470523
693.099000216	1.470523
695.115000248	1.011091
697.128000021	1.957501
699.097000122	0.433017
701.137000084	3.54362
703.113999844	1.790241
705.084000111	4.720599
707.092999935	3.563458
709.09499979	2.245256
711.096000195	1.986964
713.085000038	3.784834
715.092999935	4.274045
717.093999863	4.028988
719.09800005	0.941714
721.092000008	0.002228
723.097000122	0.346595
725.138000011	2.577105
727.092000008	4.641762
729.097000122	4.79701
731.100000143	3.300447
733.092000008	0.608789
735.093999863	0.206694
737.093999863	5.503447
739.093999863	0.267282
741.197000027	0.706207
743.398999929	4.242051
745.381999969	0.691669
747.342999935	0.25845
749.358999968	0.024833
751.381000042	2.487928
753.345000029	1.370212
755.345999956	1.066205
757.342999935	0.120307
759.344000101	2.136114
761.360000134	3.100711
763.344000101	4.753893
765.203999996	3.088159
767.345000029	5.399654
769.342999935	5.638487
771.355000257	0.010066
773.360000134	0.369707
775.345999956	0.044264
778.051000118	0.147829
783.536999941	1.739486
786.914000034	1.321955
789.251000166	0.405962
791.291000128	0.701004
792.977999926	1.43821
795.825000048	0.654591
797.555000067	1.207202
800.008000135	0.077131
801.368999958	0.974353
803.138000011	0.024613
804.772000074	1.499699
808.812000036	0.924544
811.161999941	0.558398
812.953999996	0.833471
814.368000031	0.017436
816.312999964	0.143269
818.032999992	0.019976
819.608999968	0.935379
820.97300005	1.274788
826.806999922	0.124669
828.440000057	0.026708
830.430999994	0.119822
832.025000095	1.473116
832.888999939	1.272155
834.053999901	0.047534
835.584000111	1.682473
836.296999931	1.347941
839.309000015	1.949372
841.238999844	0.049241
842.605000019	0.308204
844.164999962	0.715255
845.420000076	0.583174
846.982999802	1.725445
848.798999786	1.577298
849.528000116	3.515893
849.868000031	3.934841
851.347000122	3.934841
853.347000122	3.934841
855.339000225	4.244364
857.34800005	3.868531
859.344000101	3.868531
861.339000225	3.868531
863.344000101	3.868531
865.339000225	3.868531
867.339000225	0.470542
869.51699996	4.513114
871.377000093	1.125507
873.365999937	1.433595
875.344000101	2.112871
877.352999926	3.891739
879.34100008	5.317293
881.361999989	0.028447
883.34800005	3.164461
885.361999989	2.423684
887.347000122	5.337723
889.34800005	4.877051
891.348999977	4.861902
893.34800005	4.861902
895.361999989	3.165078
897.352999926	4.08244
900.812999964	0.423344
901.345999956	3.231582
903.342000008	0.743022
905.352999926	2.925153
907.398999929	3.175844
909.500999928	2.374504
911.339000225	2.898484
913.360000134	1.594565
915.380000114	1.184877
917.348999977	2.048568
919.483999968	1.40621
921.358999968	0.602982
923.349999905	0.432386
925.375	0.007091
927.436000109	0.638714
929.424000025	0.359197
931.404999971	1.158288
933.404999971	0.265674
935.459000111	1.013274
937.42599988	1.240209
939.454999924	1.02227
941.448000193	1.271745
943.588000059	0.007485
945.427000046	0.325611
947.468000174	1.268607
949.424000025	0.682087
951.448000193	1.18006
953.448000193	0.733579
956.424000025	1.132554
958.90199995	0.634039
961.161000013	1.63131
962.309000015	1.074245
964.174999952	0.472269
965.35800004	1.401473
967.697000027	1.13341
969.574999809	0.063507
971.356000185	0.558105
973.604000092	0.498981
975.862999916	0.752945
977.424999952	1.786266
979.605000019	0.993557
981.605000019	2.156189
983.593999863	1.885866
985.59800005	2.385387
987.600000143	3.049067
989.601999998	3.285283
991.611000061	2.824881
995.630999804	0.010618
1000.47799993	0.007273
1004.56100011	0.01409
1008.35899997	0.926327
1010.10899997	0.133705
1011.66499996	0.613639
1012.77999997	1.104387
1013.8670001	0.683482
1015.86400008	3.749261
1017.26099992	4.04246
1018.35399985	2.173985
1019.46299982	0.444986
1019.75899982	4.309892
1020.02400017	4.679242
1021.66000009	4.38003
1023.60000014	3.629811
1025.58700013	0.729125
1027.59899998	4.562023
1029.60699987	0.840278
1031.60000014	3.60649
1033.64999986	3.195085
1035.59299994	2.046288
1037.60000014	0.589249
1039.59500027	0.025571
1042.50999999	0.051518
1045.1400001	1.170667
1048.11099982	1.661844
1051.0309999	0.030688
1052.79200006	1.267627
1054.8210001	0.304771
1056.14499998	1.769878
1057.39600015	2.721815
1058.95600009	0.799089
1060.75999999	1.648481
1061.69900012	2.615862
1063.59899998	1.595634
1065.59800005	0.862972
1067.61100006	0.076981
1069.6190002	0.448523
1071.62999988	0.630381
1073.59899998	0.334732
1075.60100007	0.032756
1077.60400009	1.173663
1079.65200019	0.220689
1081.60000014	0.17355
1085.06999993	0.022253
1087.13300014	0.36796
1088.73300004	0.506356
1090.28800011	0.25726
1092.49699998	0.03907
1097.68499994	0.025998
1102.13199997	2.612755
1105.09600019	0.046516
1108.00699997	0.034968
1109.88499999	0.19844
1111.40499997	0.787391
1112.96700001	1.282433
1115.00900006	1.070603
1116.86100006	2.582853
1118.8499999	1.109464
1120.12999988	2.513839
1121.13700008	1.883358
1122.64999986	0.305128
1124.89600015	0.049081
1125.96099997	1.731978
1128.36000013	0.023777
1130.9749999	0.167724
1132.87199998	1.575384
1135.18499994	1.449482
1137.11099982	1.826013
1139.47200012	1.156047
1141.53499985	0.275746
1144.08599997	0.508898
1145.7579999	2.045055
1147.06000018	0.134696
1149.26300001	2.142367
1152.9829998	0.052063
1155.44099998	0.002655
1157.6400001	0.109341
1159.6190002	0.107421
1162.0250001	0.129616
1165.97900009	0.255604
1167.8440001	0.666316
1168.45600009	0.701877
1169.12000012	1.082082
1172.04999995	0.893588
1174.66000009	0.097021
1176.44300008	0.025366
1177.65300012	1.392438
1178.86899996	0.459943
1180.58599997	2.0857
1182.06400013	1.605673
1183.898	1.645926
1185.33200002	0.265802
1185.94400001	0.110839
1186.8360002	1.939184
1187.30700016	3.148643
1187.7650001	0.436004
1189.59800005	3.516937
1191.65700006	4.401858
1193.59399986	0.014486
1195.602	4.374764
1197.6099999	4.019493
1199.59600019	0.007093
1201.60100007	2.087887
1203.59899998	4.427275
1205.61299992	4.355101
1207.59899998	4.497137
1209.62100005	4.701062
1211.60400009	4.701062
1213.60400009	0.046723
1215.6099999	4.712349
1217.6099999	2.795025
1219.59899998	1.265554
1221.85600019	3.621253
1223.60899997	0.055416
1225.8499999	3.582408
1227.84699988	0.013818
1229.86800003	1.162599
1231.84500003	1.736955
1233.8499999	4.343449
1235.70299983	3.12326
1237.84800005	4.537424
1239.84000015	4.537424
1241.85399985	5.296455
1243.84899998	2.53867
1245.84800005	5.146351
1247.84899998	5.146351
1249.85100007	0.771039
1251.84500003	1.665787
1253.85299993	0.053528
1255.85299993	3.135081
1257.85499978	3.585558
1259.74500012	0.650956
1261.85399985	0.255957
1263.84599996	1.848064
1265.85399985	2.951392
1267.88800001	1.24839
1269.92199993	2.602573
1271.85299993	0.570855
1273.8440001	0.011611
1275.84800005	1.786598
1277.84899998	2.155862
1279.852	0.014465
1281.86199999	2.325847
1283.71500015	2.325847
1285.84500003	2.325847
1287.83899999	2.158954
1289.8499999	3.250577
1291.84800005	1.609605
1293.85399985	0.009404
1295.84000015	0.826956
1297.85800004	3.693963
1299.86299992	2.274601
1301.85900021	4.194958
1303.8670001	1.170593
1305.86999989	1.170593
1307.71200013	1.943312
1309.86400008	4.767852
1311.86199999	4.767852
1313.86400008	4.609449
1315.85100007	4.609449
1317.84899998	4.609449
1319.84899998	4.732592
1321.8499999	4.985693
1323.84699988	0.154109
1325.8440001	1.098517
1327.85100007	0.515324
1329.8499999	1.735289
1331.81699991	2.01857
1334.58400011	0.010087
1336.82999992	0.267476
1338.11899996	1.29558
1339.88599992	0.551406
1341.85499978	0.016322
1343.87899995	0.907965
1345.89300013	1.754462
1348.63400006	0.161255
1351.148	0.116049
1353.57599998	1.929044
1355.68599987	1.430807
1356.97600007	2.872422
1357.80100012	3.470066
1359.88699985	3.470066
1361.87500024	0.384401
1363.85299993	1.451824
1365.85900021	3.312595
1367.8499999	3.312595
1369.85499978	3.312595
1371.86599994	0.01608
1373.85299993	0.725163
1375.8670001	0.026482
1378.20599985	0.792429
1379.88000011	0.752055
1381.85700011	1.718432
1384.25300002	0.097271
1387.40699983	0.066721
1390.49100018	0.490782
1393.44900012	0.020322
1396.04900002	0.58486
1399.57599998	0.08021
1402.94900012	0.761182
1404.83899999	0.991116
1407.96099997	0.118511
1409.37100005	2.427754
1410.96399999	0.877438
1412.81499982	0.956584
1413.99099994	1.562008
1415.40100002	2.522161
1416.21300006	1.86967
1417.42799997	1.816692
1418.99899983	1.16113
1420.17100024	1.899804
1421.37400007	1.309288
1422.38599992	1.126577
1427.45300007	0.398241
1429.82299995	0.06695
1431.53699994	0.074257
1433.00999999	0.129292
1438.08000016	0.053087
1440.56100011	1.154332
1442.0389998	0.675152
1444.35399985	0.033849
1447.15799999	0.001359
1452.77600002	0.016667
1453.62299991	1.396468
1454.72300005	1.142571
1455.79399991	1.444136
1457.19400001	1.210376
1458.73300004	0.676735
1459.78900003	0.72163
1461.25	0.105633
1463.35899997	0.670197
1466.71799994	0.596153
1468.18400002	0.048305
1470.73399997	0.002426
1473.15300012	0.285265
1473.94000006	0.247319
1477.24600005	0.06477
1480.04200006	0.402883
1482.48600006	0.161061
1486.91400003	0.683545
1488.39600015	1.391045
1489.98399997	0.010014
1491.73699999	1.010396
1493.05599999	1.95407
1494.86199999	1.775403
1495.55500007	1.88822
1496.25399995	2.715781
1496.70000005	2.575533
1497.45300007	0.076693
1500.34299994	0.30933
1502.71799994	0.156623
1503.21399999	0.755233
1504.42400002	0.903282
1505.04900002	1.602912
1506.08999991	1.601685
1508.10100007	0.632795
1510.10299993	2.514733
1512.10000014	2.784509
1514.02700019	2.868021
1516.10100007	1.458548
1518.11399984	2.913408
1520.10400009	0.021955
1522.10400009	1.701727
1524.08300018	0.033938
1526.10400009	0.012676
1528.11399984	1.595451
1530.50900006	2.624534
1532.10000014	2.699048
1534.16499996	3.098029
1536.10700011	3.028565
1538.00800014	0.523054
1540.04699993	0.731124
1542.05499983	0.93691
1544.10400009	0.011501
1546.125	1.647876
1548.20300007	1.764823
1550.352	0.189506
1552.77399993	0.240473
1554.09600019	1.725472
1556.08999991	0.629269
1558.10800004	0.531493
1560.10400009	0.682598
1562.11899996	0.252452
1564.10299993	0.48179
1566.11399984	1.161761
1568.11399984	1.537778
1570.10899997	1.521787
1572.10100007	1.105025
1574.12699986	1.497292
1576.10400009	1.497292
1578.1099999	1.073307
1580.10000014	1.833135
1582.12800002	1.632242
1584.09900022	1.828156
1586.10899997	1.745249
1588.10299993	1.173577
1590.13300014	1.855508
1592.10299993	1.40613
1594.11299992	1.956917
1596.10700011	0.660231
1598.10899997	1.192952
1600.09900022	0.011522
1602.1099999	0.00986
1604.10100007	0.589559
1606.12199998	2.481716
1608.10299993	2.481716
1610.00800014	2.481716
1612.102	2.481716
1614.1170001	2.481716
1616.1099999	2.481716
1618.13700008	0.011278
1621.37700009	0.069693
1625.79899979	0.024902
1630.82999992	0.99219
1634.57800007	1.265481
1637.50900006	1.355187
1639.73799992	0.532398
1640.6789999	0.008471
1641.46000004	1.551795
1643.50199986	0.003089
1644.90700006	0.035566
1646.95700002	0.075131
1651.4000001	0.056094
1653.55299997	0.179674
1655.00999999	0.003214
1656.36800003	0.080866
1657.76199985	0.135996
1660.98000002	0.155244
1663.22299981	0.013433
1665.16100001	0.122482
1666.68599987	0.239518
1669.70800018	0.071175
1671.87800002	0.047428
1672.57900023	0.660591
1673.00400019	1.105156
1674.44599986	1.698626
1679.15300012	0.625252
1681.08400011	0.268371
1682.92799997	0.523461
1683.4059999	0.070895
1685.28300023	0.322022
1686.28300023	0.064796
1687.99300003	0.035983
1689.71799994	0.03946
1691.83700013	1.649529
1694.68199992	0.955889
1698.70800018	0.029888
1706.80500007	0.053327
1707.83800006	0.658181
1708.79500008	0.317262
1709.59399986	0.18537
1710.20099998	0.639076
1710.78400016	0.913391
1711.20099998	0.85524
1716.17900014	0.490486
1718.48600006	2.294533
1719.57299995	0.134536
1720.4059999	0.882931
1721.88000011	0.005039
1722.81599998	0.097267
1723.80900002	0.175384
1728.34299994	0.015747
1730.58899999	0.000768
1731.64100003	0.4524
1733.15899992	1.44919
1735.33100009	0.059087
1737.58200002	0.161585
1739.3829999	0.024922
1741.26900005	0.143097
1741.99000001	1.709683
1743.477	0.046742
1746.32000017	0.393786
1748.82700014	3.091218
1753.25399995	0.088432
1755.47099996	0.199641
1756.95899987	0.047421
1758.26900005	0.100088
1759.73000002	1.395489
1760.59099984	1.962517
1761.92799997	0.683492
1763.81799984	0.026201
1765.73699999	0.407466
1768.34899998	0.036645
1770.58599997	0.207713
1772.89600015	1.228722
1778.58200002	1.195276
1780.76600003	1.971755
1782.03600001	1.679264
1783.36599994	0.082555
1784.0480001	2.314553
1786.02200007	1.73611
1788.60100007	0.010961
1789.97900009	0.899196
1791.95000005	2.388552
1793.43000007	1.921075
1794.70800018	2.052295
1796.01999998	2.334799
1797.02600002	0.344586
1797.70900011	2.357568
1798.15400004	2.619971
1798.87800002	0.282095
1800.86000013	1.720162
1802.79099989	0.459968
1805.12899995	0.021978
1806.87500024	0.029164
1808.85700011	1.226008
1810.85900021	2.523089
1812.86800003	2.648359
1814.86999989	0.695186
1816.86100006	1.905635
1818.85700011	2.760308
1820.852	2.752224
1822.85800004	1.617497
1824.86500001	2.80139
1826.85399985	1.945322
1828.85499978	2.277745
1830.86500001	0.579557
1832.86100006	1.473125
1834.85399985	0.023917
1836.8670001	1.97427
1838.86199999	2.801601
1840.86999989	0.753339
1842.85399985	2.511883
1844.87099981	0.886696
1846.89499998	2.680064
1848.86299992	2.680064
1850.87700009	0.432223
1852.87299991	0.334557
1854.92499995	3.238571
1856.85600019	2.416125
1858.86899996	2.831838
1860.85600019	2.531541
1862.85800004	1.797709
1864.86599994	1.041574
1866.86299992	1.798269
1868.86199999	1.583098
1870.85900021	2.793951
1872.85800004	2.162806
1874.86500001	2.977351
1876.85700011	0.16431
1879.74199986	0.338988
1880.87299991	2.636951
1882.86000013	1.714831
1884.86400008	0.01096
1887.1099999	1.860212
1888.86299992	0.211075
1890.86599994	1.169528
1892.87800002	0.572465
1894.86299992	0.855273
1896.86199999	1.933905
1898.86199999	2.029452
1901.12999988	0.025531
1903.12199998	0.245647
1905.11299992	1.188067
1907.10299993	2.75998
1909.11399984	1.709803
1911.10800004	2.532039
1912.98399997	0.968398
1915.11399984	3.190449
1917.12199998	3.70682
1919.1170001	4.062354
1921.10000014	3.563948
1923.102	0.418818
1925.1099999	0.607264
1927.22000003	0.008724
1929.11299992	1.011264
1931.21700001	0.249689
1933.12400007	2.673303
1935.10899997	3.183457
1936.98199987	3.183457
1939.10800004	3.183457
1941.11299992	3.183457
1943.10899997	3.031282
1945.1099999	3.828544
1947.10800004	1.741037
1949.12199998	0.927502
1951.10800004	2.512099
1953.10700011	1.292101
1955.10299993	2.820522
1957.10700011	2.592652
1959.10800004	2.961435
1960.98900008	3.439992
1963.1400001	3.439992
1966.07800007	2.392438
1971.14599991	0.12352
1973.84000015	0.024318
1975.20300007	0.033544
1980.33900023	0.004737
1982.70900011	0.024184
1984.67600012	0.03214
1987.42000008	0.073255
1990.61600018	0.751115
1992.23600006	0.582914
1993.96199989	0.524586
1996.65400004	1.007056
1998.23000002	1.085309
2001.0539999	1.224226
2004.6170001	0.263078
2006.15700006	0.342137
2007.66899991	0.863558
2008.30700016	1.327152
2009.96700001	0.099209
2011.67600012	0.05705
2012.91600013	0.418025
2014.36999989	0.478845
2017.75500011	0.349702
2019.5630002	0.160958
2022.11500025	0.364669
2024.62000012	0.439547
2029.41499996	0.004354
2031.25999999	0.208229
2032.73399997	0.914396
2033.08899999	0.023571
2033.38999987	0.481583
2033.88999987	0.798401
2035.41400003	1.018744
2037.0400002	0.892353
2038.54999995	1.273726
2039.98000002	1.668839
2041.52300024	2.491521
2042.83200002	1.641838
2044.15600014	1.183107
2045.66400003	0.39062
2046.37900019	0.192503
2047.22199988	0.2799
2049.12000012	0.775236
2051.46299982	1.008647
2054.56800008	0.384858
2056.45000005	0.382618
2059.79799986	0.299914
2063.36100006	0.005735
2066.93799996	0.028609
2069.70299983	0.924501
2071.90899992	0.012986
2073.71000004	1.146555
2075.71500015	0.026769
2077.00400019	2.254864
2078.09900022	1.959284
2081.93400002	0.669798
2084.63500023	0.100137
2086.2579999	1.967368
2087.37800002	0.629438
2088.47899985	0.12416
2090.13499999	0.102817
2092.02999997	0.181033
2093.73100019	0.241971
2096.19500017	1.424943
2099.86599994	0.501958
2104.67600012	0.073134
2106.86400008	0.032636
2108.59399986	0.032508
2110.51799989	0.043246
2112.52900004	0.729116
2113.25999999	0.032197
2115.125	0.448099
2116.66100001	0.169172
2118.41600013	1.1504
2120.70000005	0.31515
2123.39300013	0.20693
2124.84200001	0.774024
2125.59399986	0.029316
2126.52900004	1.509163
2128.02999997	0.527848
2131.56500006	0.987346
2134.10899997	0.976529
2135.99399996	1.857369
2137.82400012	1.079453
2140.1880002	0.650255
2141.67500019	1.533845
2143.54500008	0.131998
2145.04699993	1.666258
2147.45499992	0.418174
2149.11800003	2.3239
2149.55099988	2.292494
2155.30100012	0.028808
2157.05200005	0.927609
2158.55799985	0.038365
2160.01300001	0.671346
2161.52900004	0.01105
2163.59500027	0.062475
2165.90799999	0.075968
2167.65400004	0.067999
2169.23600006	0.1673
2171.92599988	0.343103
2174.79399991	0.166937
2177.32599998	0.06246
2179.30800009	0.595039
2181.5480001	1.061264
2183.40300012	1.930356
2184.78500009	2.550914
2186.65300012	0.757553
2187.59299994	3.532316
2188.31900001	0.182411
2188.76900005	4.435047
2189.148	4.306813
2190.12300014	0.035594
2191.38599992	1.443856
2193.36199999	0.353266
2195.35099983	0.055532
2197.36300015	0.015061
2199.36199999	1.323814
2201.36899996	0.699719
2203.46399999	0.008717
2207.88100004	0.046209
2210.50199986	0.41206
2213.37299991	0.091055
2215.58400011	0.064528
2217.58400011	0.05279
2220.54900002	0.088602
2224.01600003	0.1069
2225.7579999	0.383188
2227.61299992	0.034778
2229.79899979	0.048268
2231.50500011	0.493915
2234.37600017	0.453824
2236.64899993	0.016662
2238.5539999	2.073405
2240.09900022	0.13598
2241.25499988	0.84893
2242.16100001	1.112216
2243.36300015	0.341245
2244.71899986	0.04746
2246.43400002	1.044298
2248.54299998	0.07694
2251.13100004	1.734752
2254.21000004	0.235072
2256.73799992	0.016554
2258.75899982	0.048909
2260.8499999	0.003667
2263.16000009	0.252268
2267.00600004	0.814769
2268.66100001	0.05934
2271.29699993	1.133057
2272.7249999	0.335294
2274.62800002	1.1046
2276.00900006	2.364996
2277.82299995	1.370904
2279.08800006	2.026126
2280.65700006	2.522792
2281.59399986	2.170886
2282.44499993	1.559157
2283.70700026	1.68432
2284.20000005	3.629695
2285.35899997	0.011779
2287.58299994	1.264785
2289.36899996	0.047624
2291.72300005	0.025069
2293.56699991	0.145687
2296.19500017	0.236335
2298.98099995	0.080845
2300.79899979	0.011063
2303.58100009	0.178556
2305.88499999	0.021581
2308.39300013	0.023449
2311.68000007	0.139879
2314.95899987	0.111152
2317.96499991	0.267537
2320.72900009	0.759633
2322.29499984	1.926493
2324.78200006	0.790308
2327.09600019	1.447994
2328.01399994	1.901952
2333.5400002	0.257642
2334.48300004	1.488609
2335.69100022	0.036213
2339.05299997	0.041298
2340.22199988	0.325221
2341.99799991	0.188686
2345.16100001	0.392473
2346.82000017	0.107649
2348.57399988	0.213043
2351.01999998	0.104713
2352.26900005	0.499976
2353.80300021	0.013802
2355.37900019	1.283609
2357.25399995	1.437576
2358.54900002	1.266906
2360.47000003	2.391287
2362.0309999	2.532592
2363.88899994	0.042926
2365.17799997	1.155038
2366.59899998	2.060846
2367.55799985	1.821917
2368.65300012	0.960535
2370.14999986	0.048446
2371.55599999	1.161763
2372.56599998	0.060683
2374.18900013	0.020276
2375.95500016	0.054965
2377.40999985	0.124745
2380.81299996	0.100969
2383.21399999	0.767384
2387.6190002	0.078708
2390.13600016	1.965348
2392.16699982	1.550949
2394.58899999	1.642208
2397.11399984	1.752582
2398.77200007	0.021846
2399.85800004	1.844067
2400.69499993	0.734399
2401.55299997	1.067426
2402.11899996	0.149103
2403.61800003	1.451058
2405.61199999	3.910612
2407.47500014	2.472122
2409.6170001	0.729537
2411.62299991	1.974247
2413.60800004	3.387106
2415.61299992	2.36201
2417.72800016	1.351564
2419.8210001	1.932704
2421.61800003	0.951607
2423.63600016	2.626704
2425.68400002	2.152181
2427.78999996	2.313485
2429.62299991	0.079858
2431.81499982	0.974592
2433.704	2.271686
2435.648	1.516391
2437.648	0.017092
2439.63400006	1.413141
2441.65100026	0.496531
2443.99000001	0.012755
2445.64300013	1.508558
2447.75399995	2.313552
2449.62999988	0.009795
2451.648	0.005423
2453.62800002	1.776447
2455.60899997	1.794839
2457.63500023	0.628896
2459.60699987	1.167656
2461.67700005	2.05015
2463.73300004	0.727543
2465.64300013	1.44605
2467.61199999	0.80046
2469.6170001	1.959782
2471.62000012	0.780602
2473.61299992	2.533458
2475.61399984	1.150239
2477.61199999	0.016002
2479.80500007	1.556894
2481.61199999	1.556894
2483.62000012	0.010994
2485.61500001	2.792331
2487.62800002	1.583957
2489.62299991	3.581699
2491.61399984	1.740286
2493.62999988	2.312794
2495.61299992	2.063898
2497.61100006	0.017254
2499.61399984	0.819781
2501.61299992	2.758346
2503.48000002	0.7656
2505.61299992	0.950714
2507.49300003	0.920097
2509.61100006	2.42907
2511.6190002	0.490156
2513.61199999	3.215783
2515.61500001	1.07572
2517.61399984	0.122829
2519.61500001	2.765402
2521.61500001	0.004873
2524.70000005	0.002052
2525.84000015	0.031347
2527.73799992	1.904481
2529.62299991	2.773337
2531.61800003	1.173044
2534.61399984	1.658595
2535.62100005	1.658595
2537.61800003	0.01453
2540.2190001	0.255263
2542.04999995	0.090925
2543.97600007	2.094054
2545.61299992	1.613075
2547.70299983	0.031326
2549.61299992	2.44031
2551.625	0.772026
2553.6190002	2.720107
2555.71500015	0.237017
2557.6190002	0.240509
2559.73300004	1.749743
2561.61299992	0.84028
2563.61399984	0.486635
2565.61399984	1.681299
2567.61500001	1.59987
2569.6190002	1.520888
2571.61500001	2.143053
2573.61399984	0.754036
2575.61399984	0.072147
2577.6099999	0.009481
2580.71799994	0.168529
2584.51600003	2.068988
2587.26400018	0.904158
2588.96300006	0.034758
2590.57299995	0.006198
2592.47200012	0.0161
2595.72099996	0.121276
2599.15899992	0.02093
2602.44800019	0.055336
2605.24699998	0.251799
2607.80900002	0.824221
2609.7579999	0.017222
2611.78400016	0.007166
2612.99500012	0.633271
2613.99399996	2.08188
2615.97100019	1.135728
2617.15600014	2.407437
2618.90400004	2.467442
2620.23300004	3.259576
2621.02900004	2.423833
2621.77900004	2.583968
2622.94299984	1.588409
2623.61399984	3.309045
2625.62100005	1.896698
2627.66299987	2.419111
2629.61600018	0.927047
2631.61199999	0.645826
2633.62000012	0.707613
2635.6190002	1.313836
2637.61600018	1.669654
2644.06200004	0.032337
2647.52699995	0.023523
2651.67700005	1.538324
2654.04400015	2.713625
2655.6789999	1.974625
2660.56699991	0.639588
2661.58000016	1.274782
2662.773	1.323326
2663.4690001	3.12378
2665.00999999	1.403715
2666.72800016	0.750247
2669.79899979	0.083157
2672.26999998	0.69301
2673.85499978	0.012421
2674.90100002	1.001938
2675.67600012	0.381165
2676.329	1.290962
2678.05100012	1.61989
2679.13300014	0.712886
2682.70900011	0.387378
2683.5539999	3.204186
2684.5400002	1.884246
2685.36999989	0.214097
2686.23000002	1.961366
2687.88699985	2.321683
2689.86299992	2.044
2691.86899996	0.014932
2693.80699992	0.00998
2695.86000013	0.809745
2697.87800002	0.094811
2700.80900002	0.041887
2705.08200002	0.199291
2709.71899986	0.273127
2713.57299995	1.271016
2716.23699999	1.74694
2719.40300012	0.770553
2721.94400001	0.586062
2723.35800004	0.333496
2724.204	1.467069
2725.22900009	0.048946
2725.94000006	2.560906
2727.91099977	0.73569
2730.47799993	0.035302
2733.33399987	0.178346
2734.85800004	0.007573
2736.2440002	0.061747
2737.25	0.265889
2740.18700004	1.451469
2743.66299987	0.383504
2744.88499999	0.449248
2747.28999996	0.744222
2749.29799986	0.512815
2751.49300003	0.940187
2752.51899981	1.029953
2753.40799999	1.958053
2754.45799994	1.517526
2755.5630002	2.532741
2756.74099994	2.056751
2758.625	1.504322
2759.93000007	0.856559
2760.62299991	3.379247
2761.87199998	0.050657
2764.32800007	0.030751
2767.08999991	0.019922
2769.2110002	0.134093
2771.01300001	0.031951
2772.62100005	1.216596
2774.08300018	1.010407
2775.86999989	2.216146
2777.86400008	0.33239
2780.13900018	2.847539
2781.86500001	0.770396
2783.88300014	1.726145
2785.8920002	1.09464
2787.87400007	0.757789
2789.86899996	3.08035
2791.86599994	3.588673
2793.88000011	4.222924
2795.87099981	1.036883
2797.87800002	3.998215
2799.87500024	4.561284
2801.86999989	3.067303
2803.87600017	1.386599
2805.87400007	2.783069
2809.53799987	1.478403
2811.19300008	0.004963
2811.87500024	2.185015
2813.86800003	0.028072
2816.05699992	0.00769
2817.88100004	0.056402
2820.33200002	0.146093
2822.82400012	0.067368
2825.04900002	1.376113
2826.96800017	1.45974
2828.81799984	0.012592
2830.43300009	0.580892
2831.87800002	2.501737
2833.88400006	2.963471
2835.87600017	1.848996
2837.87800002	0.583806
2839.93499994	1.24687
2841.86899996	0.102525
2844.86000013	0.002522
2849.23300004	2.671587
2852.852	0.402641
2855.07800007	1.732045
2856.19000006	1.497573
2856.89100003	1.882456
2858.96000004	0.17178
2860.73000002	1.965348
2862.35099983	0.022884
2864.39400005	0.084901
2866.07500005	1.067567
2868.95899987	0.009714
2870.81599998	1.665581
2872.80100012	1.547957
2874.44499993	0.160615
2875.51899981	0.268996
2876.25	1.454566
2877.86500001	1.924275
2879.86899996	0.638667
2881.86999989	0.31406
2884.52800012	0.409728
2886.98399997	2.00538
2888.6309998	0.306024
2889.86500001	0.045566
2891.86999989	1.582926
2893.88400006	0.510094
2896.38000011	0.024857
2899.58100009	1.122653
2901.99000001	2.895143
2903.80599999	0.891905
2904.63800001	2.292379
2906.13400006	0.092842
2908.11800003	2.95836
2910.13400006	0.01634
2912.12400007	1.444654
2914.15300012	4.443021
2916.125	0.187718
2918.11500025	4.40117
2920.11800003	2.475216
2922.125	4.381474
2924.12699986	2.099926
2926.125	0.604436
2928.13300014	1.268061
2930.11399984	4.440669
2932.19799995	0.333088
2934.17100024	3.522545
2936.12800002	3.522545
2938.12599993	1.593752
2940.12400007	2.708993
2942.14999986	3.308464
2944.12300014	1.478889
2946.13800001	3.529932
2948.11899996	3.529932
2950.12899995	0.011234
2952.12000012	0.042699
2954.12300014	2.208962
2956.12199998	3.062008
2958.15300012	2.100241
2960.11899996	0.918911
2962.12400007	1.761338
2964.11800003	1.761338
2966.14499998	2.657479
2968.12800002	2.657479
2970.14999986	2.657479
2972.1170001	2.657479
2974.14199996	3.826701
2976.12999988	2.555627
2978.14400005	3.40459
2980.11800003	3.40459
2982.12300014	3.40459
2984.12199998	3.40459
2986.14999986	3.584513
2988.12800002	2.752129
2990.13199997	4.156356
2992.12999988	1.997532
2994.12899995	4.182901
2996.12000012	1.643036
2998.13700008	4.983034
3000.14299989	0.873048
3002.12999988	2.43532
3004.11899996	2.183078
3006.15799999	4.20181
3008.10800004	0.014433
3010.24699998	0.364628
3012.12100005	1.579782
3014.14100003	2.783515
3016.11899996	2.656564
3018.25399995	2.420737
3020.12000012	2.644977
3022.12000012	3.12556
3024.12000012	1.52909
3026.12899995	2.57879
3028.125	0.409734
3030.11899996	3.264025
3032.125	1.984153
3034.15799999	2.994886
3036.13199997	1.846306
3038.13400006	1.582351
3040.13100004	1.519657
3042.125	1.666648
3044.1400001	3.403476
3046.12999988	0.012005
3048.148	2.711353
3050.13100004	4.043769
3052.11899996	2.113282
3054.11800003	1.237832
3056.11899996	0.023273
3058.13100004	1.959575
3061.41600013	2.82879
3062.97900009	0.924953
3064.13400006	1.115709
3066.12999988	1.857657
3068.12000012	0.85909
3070.14199996	0.049983
3072.94599986	0.256265
3076.77900004	0.626809
3079.70900011	0.12215
3081.04100013	0.152283
3087.079	0.001353
3089.52999997	0.103995
3094.39899993	0.007286
3095.97600007	0.436633
3098.39600015	0.583921
3100.89600015	0.075645
3103.53699994	0.734277
3105.30100012	0.688133
3108.09600019	1.072646
3109.18000007	1.485215
3110.59099984	0.079151
3113.90799999	0.007293
3115.44900012	0.008828
3116.97399998	0.043685
3119.14899993	0.989173
3120.15899992	1.033357
3121.61600018	0.190821
3123.05499983	0.410698
3125.13800001	0.024955
3127.71700001	0.009149
3129.92599988	0.34921
3131.40899992	0.024375
3133.09399986	0.939748
3134.90100002	1.065384
3137.05699992	0.787175
3138.72900009	0.926886
3140.6309998	1.329603
3143.43799996	0.289803
3144.6789999	1.661965
3145.81399989	0.162886
3147.9150002	0.042314
3149.65900016	0.364312
3152.71399999	0.102667
3154.73600006	0.228639
3155.88000011	0.215143
3156.8920002	0.596246
3160.16999984	0.092332
3164.17700005	0.874973
3166.81100011	0.107612
3169.29299998	0.365472
3170.37600017	0.786149
3171.97200012	0.204006
3173.47500014	0.023743
3175.35700011	0.151782
3176.9059999	0.975255
3178.773	0.864946
3180.04999995	1.73969
3183.0250001	1.540272
3184.77499986	0.026303
3186.51399994	0.019766
3189.24900007	0.400478
3190.52400017	0.024824
3191.66899991	1.589664
3192.65200019	0.076499
3194.15600014	0.012396
3196.36500001	0.064275
3197.89499998	0.16907
3200.10899997	0.011402
3202.546	0.098815
3204.39600015	1.692516
3206.44199991	1.25347
3209.78500009	1.50775
3213.47200012	1.170714
3215.12999988	1.155916
3216.16899991	0.978162
3217.17100024	0.535408
3219.09399986	1.508215
3221.13700008	2.199244
3223.37100005	1.859784
3225.5710001	0.08719
3228.53299999	0.486038
3230.03200006	0.017083
3231.35399985	0.359072
3232.63199997	1.678601
3234.0539999	1.304436
3235.94000006	1.751958
3238.93200016	0.789362
3240.24199986	0.917755
3241.93100023	0.507568
3243.32500005	2.136672
3244.80000019	1.437703
3246.03399992	2.151284
3247.19799995	1.661644
3248.66599989	0.27473
3249.83899999	0.025462
3251.11600018	0.370347
3253.19700003	0.099244
3258.12699986	0.001592
3264.38999987	0.010315
3268.62299991	0.026192
3271.00099993	1.270779
3272.80900002	0.958083
3274.2650001	0.838433
3275.26800013	0.772569
3276.27399993	1.480283
3278.80999994	0.217465
3281.62999988	0.370477
3283.25200009	0.322916
3285.76999998	0.243886
3289.477	0.95029
3290.57399988	1.334329
3292.49600005	0.012155
3293.60500002	0.134294
3295.38700008	0.522291
3296.76400018	1.204725
3297.82500005	1.097469
3299.25699997	1.963602
3301.16000009	0.002828
3303.08000016	0.444319
3304.30900002	0.017883
3305.37600017	1.158624
3308.26999998	0.258138
3310.10500002	0.020476
3314.33399987	0.035822
3317.19000006	0.853046
3319.046	0.831759
3321.33700013	0.930743
3323.24900007	1.151674
3325.38400006	2.034117
3327.08400011	1.49606
3327.8499999	1.947265
3329.51600003	2.08282
3331.10800004	1.51047
3332.148	1.448707
3333.55200005	0.007803
3335.94900012	0.157823
3337.8210001	0.48551
3340.48699999	0.539824
3344.602	0.37266
3346.51200008	0.790392
3349.99099994	1.115102
3351.83500004	0.034397
3353.73900008	0.211023
3354.98700023	0.34376
3355.72199988	0.708696
3358.125	1.698627
3359.75600004	2.770912
3361.58999991	0.134921
3365.25	0.032734
3366.91400003	0.074769
3368.35099983	1.348263
3370.34500003	0.996982
3371.92400002	0.72713
3374.91200018	0.200311
3378.91600013	0.0348
3380.2650001	0.229653
3380.8499999	0.142303
3382.08800006	0.003484
3384.65600014	0.102739
3386.30400014	0.856468
3387.95600009	0.050677
3389.55299997	2.554347
3390.62899995	2.830705
3393.30200005	0.113745
3396.77499986	0.056888
3397.27600002	0.175522
3397.71600008	1.734382
3399.80699992	0.502444
3404.15400004	0.034825
3407.42700005	0.002754
3409.1170001	0.06475
3410.54100013	0.088263
3411.77999997	0.346707
3413.13400006	1.279873
3414.80400014	1.009517
3416.1880002	1.888493
3419.1099999	0.064947
3422.01399994	1.479754
3425.03600001	0.135121
3426.13499999	0.407897
3427.44499993	0.025652
3428.76099992	0.144537
3430.97600007	0.183497
3433.99500012	0.028556
3437.03699994	0.076133
3438.61299992	0.226528
3440.85900021	0.002556
3443.0309999	0.155727
3444.05100012	0.029434
3445.17400002	1.069886
3447.31099987	0.038584
3449.00600004	2.2356
3452.16899991	2.549559
3454.41499996	1.896277
3456.10800004	1.229764
3457.11399984	1.816547
3457.80500007	2.785083
3459.17600012	0.646445
3460.73399997	0.706893
3462.704	0.505759
3464.2750001	0.263385
3465.59700012	0.429694
3467.921	0.217852
3470.14100003	0.039542
3472.52900004	0.815932
3475.58299994	0.347987
3479.60400009	0.2915
3481.49399996	1.770593
3483.38999987	2.398702
3484.57399988	1.042617
3486.06999993	1.646677
3487.96199989	1.211735
3489.31399989	2.21179
3489.88300014	1.637435
3491.26099992	1.350885
3492.67200017	2.908762
3493.65300012	3.27064
3494.60400009	1.087645
3496.64899993	2.824377
3498.63500023	3.077625
3500.62000012	0.178716
3502.64599991	0.021023
3504.63700008	2.73455
3506.64400005	0.262705
3508.62599993	2.789441
3510.63400006	2.100976
3512.62400007	3.418101
3514.64300013	0.288096
3516.65100026	2.305267
3518.62599993	2.413086
3520.62800002	0.01206
3522.70499992	0.781736
3524.65400004	0.294616
3526.62700009	1.473294
3528.62700009	0.012033
3530.66999984	2.212899
3532.78299999	0.002439
3534.64300013	0.18782
3536.72600007	0.390555
3538.64899993	2.120726
3540.6400001	0.458372
3542.72300005	0.737267
3544.63400006	0.37706
3546.62999988	0.290107
3548.61199999	0.039931
3550.62999988	2.608637
3552.63400006	0.63728
3554.62899995	0.193452
3556.63199997	1.020488
3558.6400001	0.050166
3560.63899994	0.911045
3562.64499998	0.141682
3564.62199998	0.890362
3566.63700008	2.399506
3568.62599993	2.725372
3570.62700009	3.810524
3572.625	3.058977
3574.62800002	2.552497
3576.66000009	3.022468
3578.625	0.696804
3580.64100003	3.981658
3582.64300013	1.907102
3584.6400001	0.786306
3586.64199996	0.139893
3588.6309998	3.338555
3590.62899995	3.665725
3592.66199994	2.381871
3594.63899994	3.521213
3596.7019999	2.054241
3598.64599991	0.037568
3600.6309998	0.462438
3602.81499982	0.440254
3604.68099999	0.968781
3606.648	0.259915
3608.66599989	0.566142
3610.66400003	1.394617
3612.6789999	0.015237
3614.64499998	1.46381
3616.6960001	0.016941
3618.6309998	0.082853
3620.64100003	0.048722
3622.71600008	1.287561
3624.7249999	1.61559
3626.60899997	0.366869
3628.6309998	1.135863
3630.7349999	0.304412
3632.704	0.682539
3634.81100011	0.504064
3636.96800017	0.57259
3639.9690001	0.254711
3642.5400002	0.128536
3644.34700012	1.346537
3646.46000004	0.061387
3648.80999994	0.924274
3650.61199999	0.019671
3652.4920001	0.111487
3654.59800005	0.112863
3656.6400001	0.570512
3658.89600015	0.122315
3662.27099991	0.057465
3667.09299994	0.002896
3670.329	0.847882
3671.92900014	0.169735
3673.48900008	0.394374
3676.56500006	0.568041
3679.43700004	0.19929
3680.4690001	0.064367
3682.68900013	0.09422
3684.17799997	0.011861
3685.38599992	0.985221
3687.00900006	0.425085
3689.54900002	1.905888
3691.92199993	0.185857
3693.66499996	0.107483
3696.46000004	0.124981
3698.89700007	0.28653
3700.55899978	0.081423
3702.45200014	0.022672
3703.40999985	1.45559
3705.39700007	1.215481
3708.85600019	0.112477
3713.20000005	0.762793
3714.58400011	1.395092
3715.33200002	0.021359
3716.31099987	1.771776
3717.48500013	0.596194
3719.37199998	1.039352
3720.84699988	1.585291
3722.19799995	0.743021
3723.6869998	2.828903
3724.60599995	3.44365
3725.77399993	1.901612
3726.83200002	3.545605
3726.97100019	3.545605
3728.87600017	3.545605
3730.88000011	3.545605
3732.99000001	3.545605
3734.88999987	3.545605
3736.88000011	0.027898
3738.87800002	2.546702
3740.88699985	0.283758
3742.88100004	1.837776
3744.87899995	1.346782
3746.88999987	2.068655
3748.88100004	0.016845
3750.88100004	0.113773
3752.8920002	0.686815
3754.89600015	1.594871
3756.89300013	2.534187
3758.87500024	3.135499
3760.87700009	0.021839
3762.921	2.045646
3764.79099989	0.010671
3766.88499999	0.328477
3768.88000011	3.041279
3770.90799999	3.60043
3772.88999987	2.621099
3774.88599992	2.018918
3776.87899995	0.492918
3778.95200014	0.023604
3780.82599998	0.137022
3784.32599998	0.245294
3788.27200007	1.350628
3790.49699998	1.529297
3792.30800009	1.82959
3793.37600017	1.939412
3794.02900004	1.860613
3794.80900002	1.587208
3796.90499997	0.163898
3798.88300014	3.390445
3800.88199997	3.036083
3802.88499999	0.907234
3804.87899995	0.011976
3806.95700002	0.036233
3809.18700004	0.204205
3811.98700023	1.112799
3813.95099998	0.041416
3815.56800008	1.324185
3816.88599992	2.364975
3818.8360002	1.979744
3820.88699985	2.252348
3822.94099998	0.008157
3824.95600009	0.797459
3826.90400004	1.492569
3828.89600015	0.838888
3830.88000011	0.608016
3832.88000011	1.723869
3834.88199997	0.842697
3836.88300014	2.32683
3838.88000011	0.007349
3840.8920002	1.842093
3842.87600017	0.53783
3844.88199997	0.061681
3847.28699994	0.011214
3849.47600007	0.148004
3852.18199992	0.763091
3855.26300001	1.704794
3858.45300007	0.016401
3860.727	0.07598
3862.02900004	0.576094
3864.00800014	1.613811
3867.06200004	0.752521
3870.34700012	0.45761
3872.71000004	2.245072
3875.07299995	1.139176
3877.18499994	1.819055
3879.12899995	1.253519
3879.96099997	0.619844
3880.73399997	1.318006
3881.35399985	2.675444
3882.10400009	1.544627
3882.954	1.165163
3884.898	1.620614
3886.96599984	0.648804
3888.88499999	0.011056
3890.89600015	0.328252
3892.88300014	3.357951
3894.93700004	0.057062
3896.89100003	3.951809
3898.92199993	4.190302
3900.92799997	4.190302
3902.94099998	4.190302
3904.88199997	4.190302
3906.90100002	2.893797
3908.88699985	0.513662
3910.88499999	4.809527
3912.89600015	0.225718
3915.148	1.621993
3917.1880002	3.883109
3919.13900018	4.993436
3921.13100004	3.706825
3923.12899995	0.010721
3925.12999988	4.56342
3927.13300014	2.512879
3928.9920001	1.555553
3931.15500021	1.244688
3933.12899995	1.768617
3935.13199997	5.296854
3937.13199997	2.837908
3939.14400005	0.408111
3941.12999988	2.307476
3943.15300012	1.785744
3945.13100004	3.307402
3947.14899993	3.393977
3949.13600016	2.041784
3951.15700006	2.944164
3953.01100016	3.355271
3954.93100023	2.795637
3957.18099999	3.728868
3959.13900018	2.797396
3961.14599991	3.926281
3963.13900018	1.25364
3965.16000009	2.341904
3968.31200004	0.597742
3969.14100003	3.657926
3971.23300004	3.915095
3973.43200016	3.915095
3975.18599987	3.915095
3977.13600016	3.915095
3979.13600016	0.521245
3981.13800001	2.04414
3983.16999984	3.882114
3985.15600014	3.376864
3987.32599998	3.357959
3989.6170001	0.394726
3991.16000009	1.426348
3993.18499994	2.698605
3995.15400004	3.494275
3997.14899993	1.804483
3999.13400006	3.401529
4001.01200008	3.401529
4003.2440002	3.401529
4005.18599987	3.401529
4007.26900005	2.359005
4009.12899995	2.359005
4011.15099978	3.999931
4013.15099978	3.999931
4015.12899995	3.999931
4017.13400006	2.649956
4019.14499998	1.25887
4021.36199999	1.25887
4023.28300023	1.596941
4025.0769999	0.467289
4027.14199996	0.079303
4029.19700003	0.212029
4031.24699998	1.066848
4033.22900009	1.066848
4035.14499998	2.001294
4037.28999996	2.001294
4039.15899992	2.264188
4041.23399997	1.899723
4043.50500011	0.011366
4045.1400001	1.739711
4047.28800011	3.166508
4049.16899991	0.318197
4051.20699978	0.984482
4053.30900002	1.371513
4055.43200016	1.615489
4057.14599991	2.040972
4059.17600012	1.54385
4061.13499999	2.049672
4063.23699999	1.934412
4065.14999986	0.48229
4067.14599991	1.353529
4069.148	0.717967
4071.55799985	0.473035
4073.69100022	0.019295
4075.79799986	0.086218
4077.7650001	0.116436
4081.00099993	0.40727
4083.79099989	0.835695
4086.16000009	0.028082
4088.66400003	3.004427
4093.0309999	0.155869
4094.59600019	2.124087
4095.89400005	2.882589
4096.60500002	4.197311
4097.38599992	3.811983
4097.58100009	5.789788
4099.14400005	2.911752
4101.13600016	4.072277
4103.13400006	4.072277
4105.14100003	4.072277
4107.13400006	4.072277
4109.13199997	4.072277
4111.12800002	4.439325
4113.13100004	0.001559
4115.13400006	1.72923
4117.13300014	2.33878
4119.148	2.33878
4121.13900018	2.33878
4123.15099978	2.33878
4125.13400006	2.33878
4127.12800002	1.636112
4129.25399995	1.883277
4131.14299989	0.603295
4133.13499999	2.509696
4135.17400002	2.682661
4137.13400006	2.682661
4139.38400006	0.011557
4141.38599992	1.327303
4143.18099999	0.411427
4145.38700008	0.525764
4147.66000009	0.013106
4149.39600015	1.191696
4151.43200016	0.649572
4153.38400006	1.974807
4155.40100002	2.375361
4157.58599997	2.375361
4159.19300008	2.375361
4161.19099998	0.007608
4163.4920001	0.919968
4165.41200018	1.160988
4167.46099997	1.434006
4169.40400004	1.481857
4171.38400006	0.27243
4173.3829999	0.17861
4175.39099979	1.759386
4177.38899994	1.467011
4179.40999985	0.007108
4181.42199993	1.499879
4183.54500008	0.160787
4185.41600013	0.071699
4187.41300011	2.063023
4189.44499993	1.656475
4191.454	2.188065
4193.38700008	2.021017
4195.38599992	0.614622
4197.39700007	0.011159
4199.46599984	1.06243
4201.49900007	2.600534
4203.44099998	0.70865
4205.40100002	3.527415
4207.38400006	3.315659
4209.48000002	3.068838
4211.47000003	3.578763
4213.46700025	3.804193
4215.48300004	3.843704
4217.40100002	0.564475
4219.5630002	3.302872
4221.47799993	3.873422
4223.60400009	2.327499
4225.38899994	1.86785
4227.38999987	3.232172
4229.38199997	2.763868
4231.38199997	4.133406
4233.39400005	4.133406
4235.38800001	4.133406
4237.38400006	4.133406
4239.58500004	0.007293
4241.38100004	0.010627
4243.38499999	1.556487
4245.38700008	2.668241
4247.39600015	0.013466
4249.38899994	2.490947
4251.38499999	3.374525
4253.38999987	3.691029
4255.38999987	3.627219
4257.38199997	4.053444
4259.38700008	4.053444
4261.3920002	0.672873
4263.39600015	1.88969
4265.47899985	0.623302
4267.44199991	2.510627
4269.39700007	1.690841
4271.48199987	3.104333
4273.44599986	0.016678
4275.43000007	1.548588
4277.38700008	1.828168
4279.4000001	0.749739
4281.40999985	0.007253
4283.49600005	0.449357
4285.39500022	0.006278
4287.421	0.024224
4289.42400002	0.599589
4291.41700006	1.47009
4293.42400002	1.47009
4295.46499991	1.971969
4297.63500023	1.971969
4299.45900011	1.971969
4301.41200018	1.971969
4303.44900012	1.971969
4305.44199991	1.971969
4307.49699998	1.971969
4309.46700025	1.971969
4311.45700002	1.971969
4313.49799991	1.971969
4315.54400015	1.971969
4317.41900015	1.971969
4319.38499999	0.042513
4321.39099979	1.688726
4323.38499999	2.076077
4325.39700007	1.749056
4327.43200016	1.826968
4329.40400004	2.092984
4331.50199986	0.694125
4333.40699983	1.2095
4335.36400008	1.187431
4337.38999987	1.550118
4339.39500022	0.52898
4341.38499999	0.01309
4343.38400006	0.146106
4345.38999987	1.595398
4347.39400005	1.552661
4349.38700008	0.799947
4351.38499999	1.540938
4353.40400004	2.658037
4355.39300013	1.133708
4357.39099979	0.049941
4359.38700008	1.472827
4361.42499995	0.609897
4363.39899993	1.405943
4365.38400006	2.229268
4367.38700008	0.341526
4369.4920001	1.88064
4371.38499999	2.765799
4373.38400006	2.759992
4375.3829999	2.899201
4377.43099999	0.323078
4379.42299986	1.905259
4381.39600015	1.466794
4383.39099979	2.360842
4385.45300007	3.817508
4387.72300005	3.817508
4389.73900008	3.817508
4391.75699997	2.43795
4393.7349999	4.163914
4395.74500012	0.010126
4397.73900008	3.803749
4399.57800007	2.856138
4401.72399998	0.212841
4403.65499997	1.606724
4405.66999984	4.329374
4407.64300013	1.782015
4409.63600016	4.60901
4411.67700005	4.60901
4413.69799995	0.460707
4415.73300004	2.940321
4419.87500024	1.270211
4421.148	1.615791
4422.30500007	0.022806
4423.43600011	0.704738
4425.63899994	0.00308
4427.64199996	1.452308
4429.63899994	0.013802
4431.64599991	1.866927
4433.63899994	0.737346
4435.70000005	0.013134
4437.6400001	2.606171
4439.65200019	1.363117
4441.64699984	0.023149
4443.63800001	0.015968
4445.64199996	0.787291
4447.64199996	2.067824
4449.63899994	1.947762
4451.6400001	1.727096
4453.65200019	1.427657
4455.64899993	1.036513
4457.64899993	2.671557
4459.63600016	1.934905
4461.64599991	2.699107
4463.66299987	0.006832
4465.63899994	2.935479
4467.66499996	1.383467
4469.64699984	0.019066
4471.50600004	1.701736
4473.63300014	2.760529
4475.63899994	3.153135
4477.63899994	0.016531
4479.64899993	2.932386
4481.64199996	3.996312
4483.6400001	4.456637
4485.64199996	4.513896
4487.63500023	0.003058
4489.65200019	0.131251
4491.64599991	0.011484
4493.64499998	0.812691
4495.54999995	1.276746
4497.7579999	2.241208
4499.6400001	1.296013
4501.6400001	2.443567
4503.6400001	0.00693
4505.64100003	1.282212
4507.67400002	2.069538
4509.65200019	1.137816
4511.64599991	1.865076
4513.67200017	1.983995
4515.65200019	2.148276
4517.73100019	2.148276
4519.6099999	2.148276
4521.71899986	2.148276
4523.72000003	2.250137
4525.64100003	1.476078
4527.63600016	1.012353
4529.64100003	2.938489
4531.63700008	2.974126
4533.63700008	2.974126
4535.64100003	3.561516
4537.64899993	3.853761
4539.64300013	4.004239
4541.66199994	4.004239
4543.78600001	1.002668
4545.67700005	0.312802
4547.6960001	2.094037
4549.64300013	2.094037
4551.64499998	2.094037
4553.63300014	2.094037
4555.64499998	4.145398
4557.63899994	0.80908
4559.63700008	2.650306
4561.63899994	1.852963
4563.65100026	4.361498
4565.64300013	3.294572
4567.64499998	3.04114
4569.63899994	3.120172
4571.70099998	4.480781
4573.63899994	4.457047
4575.73399997	4.080832
4577.69000006	4.080832
4579.70499992	4.080832
4581.68000007	0.032426
4583.69100022	0.592344
4585.71300006	4.409977
4587.72099996	1.499846
4589.66100001	4.997902
4591.63400006	0.006752
4593.66599989	1.064825
4595.74099994	2.043173
4597.77999997	3.788454
4599.73300004	1.691172
4601.77600002	1.691172
4603.65600014	1.691172
4605.82400012	4.230397
4607.68400002	4.230397
4609.68199992	4.230397
4611.7019999	1.427096
4613.74700022	2.870971
4615.66100001	2.961545
4617.81299996	4.08902
4620.03399992	4.08902
4621.75300002	3.331534
4623.66999984	0.066372
4625.68000007	4.051864
4627.64300013	4.360031
4629.67799997	3.668102
4631.68199992	4.321449
4633.70900011	4.209603
4635.70900011	3.050502
4637.69900012	3.470707
4639.68900013	0.61734
4641.66199994	0.136758
4648.69799995	0.011853
4652.36199999	0.069597
4653.78200006	1.387751
4655.83800006	2.449396
4657.65200019	2.801321
4660.55599999	4.492569
4662.36800003	0.379508
4662.7440002	1.8721
4663.07099986	3.733202
4663.35700011	4.711559
4664.04200006	0.308721
4665.89400005	1.160308
4667.89900017	2.966404
4669.91300011	1.326742
4672.00600004	0.627661
4673.95600009	2.822045
4675.96800017	1.057486
4677.89100003	2.483573
4679.8920002	0.01594
4681.89700007	1.49357
4683.88899994	1.576095
4685.90199995	3.178758
4687.89300013	0.836178
4689.89600015	0.371413
4695.32599998	0.117748
4698.0539999	0.7968
4700.66499996	0.013256
4702.56900001	0.009774
4704.37199998	0.100691
4706.37100005	0.163947
4708.96800017	0.087625
4711.99000001	2.075449
4714.15099978	1.949217
4715.91600013	1.472476
4717.18700004	2.851117
4717.9150002	4.165767
4719.20099998	0.150013
4719.82000017	2.670848
4720.22800016	2.968156
4721.90499997	2.354838
4723.90999985	1.730956
4725.88999987	3.052684
4727.8920002	0.665232
4729.88999987	3.316936
4731.89499998	2.531897
4733.88999987	2.889981
4735.89700007	1.491612
4737.94299984	0.012162
4742.46399999	0.013708
4749.19899988	1.159683
4754.30900002	0.006699
4755.98900008	1.446587
4757.66400003	0.006962
4758.70299983	1.311831
4760.21700001	0.013759
4760.94000006	1.157714
4762.18099999	0.010278
4770.36699986	0.021595
4771.30000019	1.178946
4771.87299991	0.008217
4772.77600002	0.83838
4775.18400002	1.161328
4776.66799998	1.372798
4778.85499978	0.623891
4779.40999985	2.507859
4780.88300014	1.076421
4782.45000005	0.01031
4783.51399994	2.579301
4784.78900003	1.044109
4785.58599997	1.036656
4786.06900001	2.738638
4787.125	0.726497
4788.65200019	0.333242
4790.18499994	0.491701
4791.91600013	0.180752
4793.91099977	0.445844
4795.97900009	1.084273
4797.82999992	1.937226
4799.90999985	1.997036
4801.89499998	2.432918
4803.89100003	0.010613
4805.90999985	3.060862
4807.89300013	0.661275
4809.88899994	2.734241
4811.88999987	0.954248
4813.92400002	2.26826
4815.89700007	1.810167
4817.89700007	2.168866
4819.91200018	0.760151
4821.89300013	0.767755
4823.91799998	0.777406
4825.90400004	0.675248
4827.91400003	0.441918
4830.07599998	0.117587
4833.06800008	0.799246
4835.86800003	0.037316
4837.42299986	1.781819
4838.87899995	0.241716
4839.99500012	0.92293
4841.92000008	0.50945
4843.88400006	0.012636
4845.96199989	0.718785
4848.50199986	1.00021
4851.95899987	0.002392
4854.32400012	0.207232
4856.41200018	0.546188
4857.80100012	1.182793
4859.00400019	2.601247
4860.71500015	2.839465
4861.9150002	2.225706
4863.90499997	0.157823
4865.96000004	1.016612
4867.91300011	0.007264
4869.91200018	0.382477
4873.64899993	0.183424
4874.84500003	2.164116
4875.96300006	1.789081
4878.08699989	2.801354
4879.94800019	1.534737
4881.9150002	0.966206
4883.91600013	1.018764
4886.26900005	0.774717
4888.15799999	0.142052
4890.16000009	2.442869
4891.89900017	0.01102
4893.90100002	0.503502
4896.15400004	0.294766
4898.47899985	0.899426
4900.81599998	0.930617
4903.5250001	0.545084
4905.78100014	0.291028
4909.01499987	1.420632
4911.58400011	1.934554
4913.96599984	0.282772
4916.12000012	0.453403
4917.90899992	1.144491
4919.43200016	1.179903
4920.86999989	1.954048
4923.79200006	1.436871
4925.25999999	1.081017
4926.15200019	1.52235
4926.68400002	2.190225
4928.16100001	2.558881
4930.17100024	0.237651
4932.14599991	1.466138
4934.27999997	0.491962
4936.16999984	0.021869
4938.18499994	0.0125
4940.17900014	0.071755
4942.13800001	2.612567
4944.15600014	1.864512
4946.16100001	1.454372
4948.19899988	0.882068
4950.29399991	1.798558
4952.13499999	0.554825
4954.15099978	1.313994
4956.19899988	0.620301
4958.49399996	0.005613
4962.77600002	0.716791
4965.95500016	0.049172
4968.62800002	0.002987
4970.22600007	0.766487
4971.83700013	2.139981
4973.20599985	1.216829
4974.80200005	0.262695
4975.82200003	0.248706
4977.93400002	0.054382
4979.87099981	1.762356
4982.37100005	0.05539
4985.16499996	0.203344
4988.21600008	1.299101
4990.6960001	1.581238
4993.16499996	1.280517
4994.65700006	2.386487
4996.32000017	2.361049
4996.99000001	1.284974
4997.93799996	0.774086
4998.84500003	0.802094
5000.45100021	1.507432
5002.19000006	1.484926
5004.25499988	1.484926
5006.15500021	2.369159
5008.16999984	1.513698
5010.16799998	0.569184
5012.38999987	0.529238
5014.16000009	0.026726
5016.16199994	1.119674
5018.18000007	1.389361
5020.15700006	0.002304
5022.18400002	1.198229
5024.16000009	0.652999
5026.15600014	1.18382
5028.22199988	1.123846
5030.18299985	0.832726
5032.16499996	1.472375
5034.20499992	0.366855
5036.16000009	0.410567
5038.16999984	1.226452
5040.2190001	1.049968
5042.15300012	1.086549
5044.13700008	1.130136
5046.15600014	0.740731
5048.28900003	0.825785
5050.15600014	1.042554
5052.15700006	0.013056
5054.1730001	1.09824
5056.16999984	0.620551
5058.15600014	0.942176
5060.14299989	1.137707
5062.148	0.666085
5064.15799999	0.955726
5066.18599987	0.882463
5068.16799998	0.733845
