0.0	5.010085
0.192999839783	4.877327
0.263999938965	4.877327
0.324999809265	4.877327
0.398999929428	4.877327
0.440999984741	4.877327
0.545999765396	5.12194
0.68799996376	4.591538
1.39599990845	4.721888
3.40700006485	4.384375
5.39499998093	3.149045
7.39999985695	5.165264
9.39800000191	4.947666
11.4030001163	4.552609
13.3910000324	4.420616
15.401999712	0.043415
17.396999836	4.952663
19.3980000019	5.178514
21.388999939	4.993981
23.4009997845	0.117161
25.3989999294	4.94747
27.3999998569	1.466425
29.4110000134	4.605915
31.4030001163	5.17854
33.4049999714	4.890935
35.4009997845	5.056842
37.3989999294	5.242998
39.3999998569	1.149643
41.4040000439	1.424661
43.3959999084	0.208157
45.4079999924	5.259025
47.4030001163	4.813509
49.4040000439	1.634432
51.401999712	5.106847
53.4089999199	0.115
55.3999998569	4.852361
57.3999998569	1.244973
59.4009997845	1.625582
61.3900001049	1.250137
63.3959999084	1.440321
65.4099998474	5.133809
67.393999815	5.133809
69.3910000324	2.607633
71.401999712	2.607633
73.4129998684	4.873659
75.3980000019	4.873659
77.3999998569	4.873659
79.3959999084	4.873659
81.4049999714	4.873659
83.401999712	4.873659
85.3919999599	0.391826
87.4030001163	1.808609
89.4040000439	0.047468
91.4009997845	0.036833
93.3919999599	4.964523
95.3919999599	4.939524
97.4070000648	0.072218
99.3989999294	3.934791
101.404000044	0.626615
103.394999981	1.89383
105.407999992	0.045746
107.643000126	1.924893
109.644000053	0.590515
111.403000116	1.055283
113.657999754	0.098352
115.407000065	4.319426
117.656999826	0.148785
119.659999847	4.248012
121.654000044	2.115919
123.65899992	2.363928
125.654000044	4.754069
127.646000147	4.978871
129.655999899	5.075937
131.652999878	0.053583
133.65199995	5.116939
135.446000099	5.255253
137.647000074	0.049758
139.65899992	5.155854
141.647000074	0.958189
143.651000023	4.559019
145.647000074	1.553787
147.648000002	2.88492
149.644000053	0.096545
151.664999962	5.103143
153.651000023	5.003861
155.654999971	1.517385
157.655999899	1.596176
159.460000038	1.549626
161.649999857	0.27725
163.648000002	0.278671
165.662000179	5.200417
167.652999878	4.320591
169.649999857	2.857067
171.654000044	5.051129
173.655999899	5.212084
175.640999794	5.166598
177.647000074	4.408572
179.648999929	5.168393
181.654000044	1.91948
183.641999722	5.062065
185.654000044	5.167
187.659999847	5.033233
189.656999826	1.323851
191.652999878	5.198958
193.647000074	5.03335
195.65199995	5.033629
197.644999981	3.274516
199.641999722	5.082349
201.644999981	0.035525
203.651000023	1.561962
205.647000074	4.051612
207.651000023	3.291348
209.659999847	5.055011
211.652999878	4.995728
213.667999983	1.959514
215.654000044	0.796424
217.649999857	1.585939
219.643000126	0.116801
221.648000002	5.131323
223.647000074	0.265531
225.65899992	0.10226
227.647000074	0.0335
229.649999857	0.148854
231.65199995	1.438633
233.656999826	5.236767
235.664000034	5.281542
237.649999857	5.102782
239.657999754	2.542735
241.648000002	0.082582
243.646000147	0.673984
245.656999826	0.431409
247.65199995	4.88282
249.649999857	0.26391
251.659999847	4.142699
253.656999826	5.349103
255.644000053	0.201739
257.65899992	4.897018
259.659999847	4.971972
261.646000147	5.050639
263.648000002	0.024395
265.648000002	2.376496
267.654000044	0.264721
269.647000074	0.557742
271.654000044	5.101764
273.65199995	1.351989
275.644999981	1.589411
277.657999754	5.159914
279.660999775	0.130587
281.654000044	0.318649
283.649999857	0.053526
285.656999826	0.410243
287.654999971	0.106072
289.65899992	4.997819
291.655999899	4.537914
293.652999878	2.121773
295.657999754	1.748417
297.652999878	5.092382
299.654999971	5.075012
301.65899992	0.507907
303.648000002	1.538105
305.644999981	4.805603
307.648000002	4.998995
309.649999857	0.189284
311.654000044	5.038395
313.65199995	2.119925
315.647000074	5.038167
317.655999899	3.892103
319.641999722	5.080749
321.649999857	5.070014
323.654999971	1.579787
325.646000147	4.996813
327.654000044	0.057861
329.649999857	4.985064
331.659999847	0.632501
333.65199995	0.495073
335.648999929	5.013499
337.655999899	2.553502
339.646000147	5.050497
341.656999826	5.192876
343.657999754	1.674338
345.649999857	5.174402
347.644000053	0.022013
349.65899992	0.102811
351.65899992	4.917953
353.660999775	5.056174
355.651000023	5.239362
357.895999908	3.269207
359.900999784	4.899421
361.660999775	1.584128
363.660999775	4.191356
365.789999962	0.076697
367.910000086	5.253169
369.90899992	1.027344
371.907999992	5.02638
373.899999857	0.41397
375.90899992	0.091309
377.900999784	0.055501
379.902000189	5.279736
381.907999992	4.915754
383.898999929	0.741418
385.902000189	1.592708
387.897999763	5.131857
389.712999821	1.609204
391.902000189	0.039288
393.905999899	4.389257
395.904000044	4.979496
397.895999908	4.967184
399.896999836	5.037195
401.907999992	5.119153
403.892999887	5.139092
405.897999763	4.977509
407.903000116	4.977509
409.896999836	4.914398
411.904000044	4.49381
413.720999956	5.24442
415.903000116	5.070334
417.911000013	5.061132
419.907999992	4.980318
421.902000189	4.980966
423.902000189	1.61008
425.898999929	5.155854
427.905999899	1.641388
429.903000116	2.134131
431.902000189	4.073859
433.90899992	4.073859
435.902000189	2.231432
437.903000116	1.574619
439.895999908	5.108504
441.897999763	0.171311
443.896999836	4.034734
445.894999981	4.034734
447.904000044	4.707564
449.907000065	5.269522
451.902000189	0.081802
453.905999899	1.637688
455.897999763	5.093911
457.903000116	4.920251
459.910000086	4.256431
461.902000189	4.256431
463.905999899	5.155481
465.896999836	4.846438
467.903000116	5.04709
469.898999929	5.04709
471.902000189	4.534892
473.898999929	5.077638
475.905999899	1.605861
477.899999857	4.794755
479.907999992	4.377321
481.905999899	5.123693
483.90899992	0.187023
485.907000065	2.530803
487.899999857	5.187279
489.907999992	3.349899
491.899999857	5.125415
493.896999836	5.125415
495.905999899	5.05571
497.900999784	5.034452
499.894999981	5.044765
501.903000116	5.105827
503.894999981	0.422492
505.903000116	5.056501
507.911999941	5.084436
509.900999784	1.453956
511.905999899	4.910284
513.910000086	1.100662
515.911000013	5.080198
517.903000116	1.749621
519.903000116	3.415158
521.898999929	1.774974
523.907000065	1.29835
525.907999992	2.105819
527.899999857	2.231979
529.911999941	3.418933
531.897999763	0.289553
533.898999929	1.615748
535.895999908	4.959763
537.904000044	0.584625
539.903000116	0.66434
541.913999796	0.912477
543.907999992	1.60807
545.905999899	1.043131
547.907000065	3.40543
549.903000116	1.387794
551.912999868	0.61747
553.895999908	4.367658
555.903000116	0.253966
557.900999784	0.113619
559.904999971	5.094089
561.90899992	5.139954
563.904999971	1.612746
565.897999763	1.757826
567.907999992	5.172204
569.903000116	0.39136
571.895999908	1.184367
573.90899992	5.091501
575.912999868	1.300886
577.907999992	4.009638
579.898999929	5.144286
581.900999784	1.507788
583.912999868	5.038867
585.904000044	3.359214
587.902000189	1.914832
589.904999971	1.154213
591.911000013	4.213011
593.903000116	5.151427
595.898999929	0.02623
597.903000116	0.051773
599.905999899	1.993808
601.898999929	0.273118
603.911000013	5.196712
605.910000086	2.393111
608.152999878	0.087261
609.910000086	5.098062
612.15199995	0.082471
613.907999992	0.879771
615.910000086	5.062599
618.15899992	3.497174
620.154999971	5.089902
622.15199995	5.166153
624.147000074	0.22889
626.157999992	5.173396
628.157999992	3.615795
630.153999805	1.60995
632.15199995	5.143744
634.164000034	1.864371
636.159999847	4.207267
638.171000004	2.518101
640.164999962	4.990593
642.154999971	1.312318
644.15199995	0.101082
646.154999971	2.600238
648.15899992	0.863258
650.15899992	2.483324
652.155999899	0.260842
654.161999941	5.049874
656.15899992	0.219816
658.164999962	0.350837
660.155999899	0.267375
662.154999971	1.294381
664.163000107	5.248672
666.151000023	4.87573
668.157999992	0.247359
670.164999962	4.851267
672.161999941	2.127888
674.148000002	2.920223
676.148999929	2.27003
678.15899992	5.085282
680.156999826	5.073511
682.15199995	5.147299
684.148000002	0.372594
686.156999826	5.168221
688.152999878	5.02549
690.155999899	0.038403
692.151000023	5.143961
694.153999805	5.102021
696.152999878	4.957157
698.159999847	0.079559
700.147000074	2.756371
702.153999805	1.623368
704.148000002	4.963229
706.154999971	5.034027
708.153999805	5.157946
710.154999971	5.279882
712.161999941	2.408014
714.153999805	4.375352
716.15899992	4.347861
718.155999899	2.569183
720.160999775	2.600537
722.163000107	1.167407
724.15899992	2.493651
726.159999847	1.619746
728.151000023	5.209207
730.155999899	0.120818
732.151000023	0.599191
734.150000095	0.061327
736.15199995	1.638725
738.152999878	0.444784
740.164999962	4.683603
742.150000095	4.629264
744.153999805	0.922057
746.156999826	0.024402
748.15899992	5.063092
750.155999899	5.03958
752.151000023	4.832499
754.160999775	1.786157
756.164000034	1.861278
758.150000095	0.550469
760.15899992	1.607973
762.15899992	5.00888
764.151000023	5.177769
766.15199995	5.176234
768.150000095	0.071474
770.151000023	0.027197
772.153999805	5.101555
774.150000095	2.94372
776.155999899	4.49857
778.154999971	5.168617
780.155999899	1.592232
782.148000002	5.062173
784.161999941	5.19129
786.157999992	4.852709
788.163000107	3.702757
790.155999899	5.159564
792.154999971	4.719219
794.156999826	1.623401
796.148000002	3.632554
798.154999971	2.698249
800.163000107	5.165823
802.153999805	0.13924
804.153999805	2.059574
806.15199995	1.104027
808.155999899	1.602681
810.157999992	5.159643
812.15899992	0.495267
814.161999941	4.523144
816.160999775	0.603541
818.15899992	5.040281
820.153999805	2.199702
822.163000107	4.415795
824.15199995	5.388483
826.152999878	4.83544
828.15199995	5.121285
830.15899992	5.263968
832.159999847	1.548585
834.15899992	4.99664
836.148999929	5.080647
838.15899992	4.733761
840.148000002	5.176128
842.157999992	5.037672
844.157999992	3.646743
846.151000023	4.384326
848.150000095	5.188756
850.155999899	5.158927
852.157999992	5.121761
854.155999899	4.643441
856.160999775	5.141459
858.159999847	0.106712
860.160999775	5.08651
862.407000065	2.423584
864.40899992	5.139279
866.161999941	2.009566
868.414000034	2.300606
870.411999941	3.920049
872.398999929	4.216729
874.412999868	0.258232
876.403000116	4.998025
878.409999847	5.20349
880.409999847	5.20349
882.401999712	5.20349
884.207999945	5.087541
886.407999992	5.09136
888.406000137	0.092451
890.411000013	1.635637
892.407999992	5.156791
894.404999971	5.021441
896.40899992	5.099334
898.411999941	5.020316
900.401999712	4.880672
902.411999941	5.031855
904.412999868	5.164614
906.407999992	5.001397
908.210999966	4.709299
910.412999868	3.91216
912.404999971	4.702953
914.414000034	3.295217
916.412999868	4.016773
918.407000065	0.437663
920.404999971	4.880602
922.398999929	5.034336
924.406000137	5.137584
926.40899992	5.113379
928.404999971	5.113379
930.409999847	5.002517
932.415999889	2.275532
934.411999941	4.830871
936.404000044	0.982879
938.404999971	0.052805
940.404000044	4.277943
942.400999784	5.0765
944.411000013	5.0765
946.414000034	5.097103
948.404000044	0.083925
950.414000034	4.204799
952.403000116	5.117395
954.407999992	0.976908
956.400999784	5.163611
958.407000065	5.168135
960.40899992	4.595719
962.414999962	1.599477
964.411000013	5.19332
966.404999971	3.011465
968.400999784	3.121916
970.403000116	5.065202
972.407999992	0.982337
974.403000116	5.111721
976.411999941	1.591217
978.403000116	4.165537
980.414000034	5.042462
982.407999992	5.054406
984.409999847	0.208318
986.414000034	1.629031
988.409999847	5.148661
990.403000116	2.807822
992.409999847	0.921446
994.40899992	2.618366
996.406000137	2.091342
998.406000137	4.421731
1000.41400003	5.130469
1002.41199994	0.026963
1004.39999986	1.835108
1006.39999986	2.746196
1008.40799999	5.057243
1010.40300012	5.070427
1012.40700006	5.084693
1014.41199994	4.530531
1016.41400003	3.442424
1018.40099978	5.01802
1020.41299987	5.051887
1022.40099978	5.182834
1024.40499997	5.085552
1026.40099978	5.101196
1028.40899992	5.11138
1030.41299987	5.346184
1032.41599989	0.324449
1034.41100001	5.070156
1036.41400003	5.106682
1038.41400003	1.578853
1040.41299987	4.640213
1042.40899992	5.106218
1044.41799974	5.034723
1046.41599989	2.736259
1048.40300012	3.114721
1050.40799999	5.053593
1052.41499996	4.976554
1054.41699982	5.246966
1056.41799974	0.837748
1058.40199971	4.442103
1060.41299987	0.177776
1062.41199994	1.611933
1064.40300012	4.023052
1066.41199994	0.555288
1068.40999985	3.818863
1070.41400003	0.025673
1072.40499997	5.126895
1074.40600014	5.209393
1076.40999985	4.557779
1078.41299987	5.021062
1080.40999985	5.062515
1082.40799999	0.621415
1084.40700006	3.605927
1086.40999985	4.6396
1088.41699982	4.950615
1090.41199994	2.231349
1092.41899991	1.116064
1094.40499997	5.186996
1096.41799974	0.110428
1098.41100001	1.142772
1100.40799999	1.613594
1102.41100001	1.071069
1104.41400003	0.024273
1106.41999984	3.50833
1108.41699982	5.067666
1110.6559999	5.252998
1112.65999985	0.309316
1114.65499997	5.063139
1116.6559999	2.745932
1118.65899992	4.915059
1120.66300011	0.055636
1122.65299988	5.2178
1124.65199995	4.407446
1126.65299988	0.318604
1128.6559999	4.984552
1130.6559999	5.116197
1132.6559999	4.720017
1134.65999985	5.082363
1136.65699983	0.135929
1138.6559999	5.083036
1140.65699983	5.119803
1142.66300011	2.968229
1144.66700006	0.154126
1146.66300011	5.082308
1148.65899992	5.001653
1150.66400003	2.650676
1152.66599989	5.149753
1154.65499997	0.145214
1156.65699983	4.995203
1158.65699983	1.628101
1160.65899992	5.027561
1162.46499991	5.115113
1164.66700006	4.596996
1166.65799975	2.434051
1168.65699983	0.539946
1170.65999985	5.006896
1172.66200018	2.070068
1174.66400003	2.998911
1176.65499997	0.237915
1178.6559999	5.044168
1180.65799975	5.125687
1182.66799998	0.050719
1184.65199995	0.041507
1186.66200018	5.119294
1188.65799975	0.76757
1190.66200018	5.102005
1192.66400003	1.593248
1194.66099977	5.136839
1196.6559999	1.607843
1198.65899992	0.18751
1200.671	0.71339
1202.66899991	0.377319
1204.66099977	0.374371
1206.65899992	1.633629
1208.66599989	5.091452
1210.66599989	5.218621
1212.65499997	4.912518
1214.66899991	0.073185
1216.66700006	1.632561
1218.66700006	5.064764
1220.66700006	4.664709
1222.66599989	4.944681
1224.66300011	5.126869
1226.66400003	5.035744
1228.65999985	4.967962
1230.66700006	5.07946
1232.66099977	5.178316
1234.66899991	5.159234
1236.66899991	0.050992
1238.67299986	1.163621
1240.66400003	3.296254
1242.67199993	0.474213
1244.66599989	4.944642
1246.67199993	0.124817
1248.66300011	1.907873
1250.66700006	0.931964
1252.66799998	4.896349
1254.66300011	5.109052
1256.66099977	5.229471
1258.67000008	2.108908
1260.66499996	0.067051
1262.66599989	4.623296
1264.66499996	4.81774
1266.66899991	5.19239
1268.66099977	5.268505
1270.65799975	4.972279
1272.66200018	0.44218
1274.66300011	5.146198
1276.66799998	5.039735
1278.65899992	5.160954
1280.67199993	0.027361
1282.66099977	5.09524
1284.66799998	0.601535
1286.66300011	0.187836
1288.67199993	3.19037
1290.65899992	4.402649
1292.65799975	5.078775
1294.66099977	5.09207
1296.65499997	5.266267
1298.66300011	4.997
1300.66400003	5.231342
1302.68099999	0.072138
1304.67499995	3.666495
1306.66599989	3.839002
1308.66599989	0.06139
1310.66899991	0.361578
1312.65899992	1.370355
1314.67000008	5.159661
1316.66599989	1.59519
1318.67499995	0.59645
1320.6559999	4.917836
1322.67000008	4.975909
1324.67399979	2.016381
1326.67399979	3.620476
1328.66799998	0.049317
1330.66099977	4.14761
1332.66300011	1.184919
1334.65899992	4.818877
1336.66599989	4.891209
1338.66599989	0.713964
1340.66099977	5.053845
1342.66400003	5.12922
1344.66899991	5.056995
1346.66099977	0.080979
1348.67199993	0.050004
1350.66400003	5.11408
1352.66899991	5.190245
1354.68000007	1.391119
1356.67499995	5.297574
1358.66799998	5.165769
1360.91599989	1.987462
1362.66799998	0.899739
1364.66899991	4.651037
1366.67000008	4.826628
1368.67399979	5.243253
1370.9230001	5.302944
1372.91899991	0.176068
1374.91599989	1.56582
1376.92199993	5.264372
1378.92400002	4.964712
1380.91699982	0.865373
1382.9059999	2.877085
1384.91899991	4.89269
1386.91299987	4.991098
1388.91299987	1.552639
1390.91599989	0.203829
1392.91899991	3.616438
1394.921	0.275779
1396.91799998	0.228285
1398.91599989	0.167184
1400.91999984	2.691307
1402.9059999	1.6886
1404.91199994	1.651418
1406.92199993	4.879138
1408.91299987	5.051131
1410.921	2.436657
1412.91699982	4.872117
1414.91000009	5.081858
1416.91999984	5.153664
1418.91699982	5.350839
1420.91799998	1.172608
1422.91299987	0.024167
1424.91100001	3.791397
1426.91299987	4.847812
1428.921	5.075162
1430.91599989	2.612304
1432.91499996	3.484939
1434.91799998	4.746479
1436.91999984	4.944583
1438.91000009	5.015834
1440.91499996	5.015834
1442.9139998	4.923538
1444.9139998	2.498301
1446.91999984	0.117873
1448.91299987	0.320671
1450.91899991	0.024638
1452.9059999	0.081214
1454.92400002	0.586497
1456.91000009	0.108418
1458.90799999	4.277259
1460.91599989	5.165088
1462.91899991	0.090559
1464.91699982	4.444263
1466.91100001	4.980435
1468.9230001	3.664797
1470.91599989	5.238379
1472.91699982	1.463639
1474.91000009	5.155355
1476.91799998	4.880607
1478.92199993	4.850104
1480.90899992	2.713883
1482.91899991	0.064177
1484.91299987	1.577816
1486.91799998	0.210606
1488.91699982	4.852526
1490.90899992	0.042067
1492.91899991	0.0414
1494.9139998	5.168341
1496.91899991	2.346341
1498.91199994	2.346341
1500.91299987	5.117984
1502.91699982	5.252025
1504.91199994	3.451882
1506.91899991	5.048557
1508.91000009	1.384367
1510.9059999	4.978912
1512.9139998	5.065199
1514.92400002	0.302965
1516.91999984	4.153398
1518.9059999	5.037792
1520.91899991	4.876249
1522.90700006	5.131987
1524.91499996	4.501017
1526.90799999	4.961913
1528.91000009	4.961913
1530.91499996	5.187983
1532.921	5.118915
1534.92199993	2.806023
1536.90799999	4.68292
1538.91499996	4.969823
1540.91599989	5.28928
1542.91499996	5.28928
1544.91199994	5.063703
1546.90700006	4.97476
1548.91100001	5.181632
1550.91100001	5.181632
1552.91799998	5.169928
1554.9139998	5.178514
1556.91000009	5.179296
1558.91499996	0.050957
1560.91999984	1.009146
1562.92499995	0.249241
1564.92600012	0.075709
1566.91799998	0.774313
1568.90899992	5.091079
1570.9230001	2.570195
1572.91199994	4.978823
1574.91199994	5.277201
1576.91299987	3.420011
1578.91799998	3.424448
1580.91599989	1.498227
1582.91499996	5.026844
1584.91699982	5.038984
1586.9230001	5.072749
1588.91100001	1.317451
1590.91000009	0.026347
1592.92199993	1.689855
1594.91599989	5.098984
1596.91199994	5.199989
1598.91299987	4.180226
1600.91599989	4.887673
1602.91599989	5.215465
1604.921	3.547327
1606.91499996	5.139463
1608.921	0.125801
1611.16099977	2.619236
1613.16400003	5.105061
1615.16400003	5.213823
1617.16799998	5.0734
1619.16099977	5.070524
1621.17299986	4.995505
1623.16099977	5.112133
1625.16799998	5.098525
1627.17499995	0.157853
1629.16700006	4.064134
1631.16499996	5.099773
1632.977	5.207825
1635.16600013	5.001303
1637.16400003	1.986153
1639.16799998	0.854314
1641.16600013	3.711337
1643.16499996	4.851222
1645.17199993	5.213991
1647.17299986	0.022808
1649.171	0.038827
1651.16999984	5.216521
1653.15999985	4.761118
1655.17299986	5.0159
1656.98000002	5.265147
1659.16899991	4.574493
1661.16499996	5.089717
1663.16600013	5.060358
1665.16099977	1.706227
1667.16499996	0.080876
1669.17599988	3.791556
1671.17199993	0.241995
1673.17699981	2.204533
1675.16499996	4.421829
1677.16999984	0.026343
1679.16600013	5.247911
1681.16099977	5.130179
1683.16999984	0.115664
1685.16899991	0.138146
1687.16499996	0.052526
1689.17199993	5.070875
1691.16199994	5.070795
1693.16999984	0.030022
1695.17499995	5.239054
1697.16600013	0.148485
1699.16999984	5.127071
1701.17499995	1.609723
1703.16400003	5.05648
1705.171	5.134317
1707.171	0.07117
1709.16199994	4.108326
1711.16700006	0.050876
1713.18200016	2.711168
1715.17699981	0.073293
1717.16400003	5.146405
1719.17799973	4.895186
1721.17499995	0.147959
1723.16799998	0.118488
1725.16999984	0.024986
1727.17599988	0.125627
1729.17299986	4.738308
1731.17400002	1.848078
1733.171	5.134453
1735.17499995	2.194076
1737.16099977	0.075046
1739.15999985	0.407133
1741.17199993	0.590766
1743.17400002	4.930326
1745.16300011	0.137266
1747.16999984	1.864804
1749.16400003	4.970981
1751.17400002	5.332689
1753.16600013	4.563365
1755.16499996	5.112961
1757.17599988	0.392333
1759.17499995	1.717282
1761.16899991	4.927571
1763.16899991	3.290058
1765.16700006	2.663405
1767.16499996	5.655044
1769.15999985	0.661642
1771.16499996	0.023193
1773.17400002	1.591407
1775.16999984	0.149664
1777.15999985	2.719688
1779.16999984	5.1542
1781.16199994	2.719492
1783.17499995	4.943702
1785.16799998	5.099452
1787.16600013	5.099452
1789.16899991	5.307181
1791.171	0.136274
1793.16199994	1.605548
1795.16400003	1.605548
1797.16899991	3.790847
1799.15899992	4.718445
1801.16899991	1.610925
1803.17199993	5.045573
1805.16499996	4.947919
1807.16700006	5.203458
1809.16999984	2.304505
1811.16600013	4.548051
1813.16199994	4.696755
1815.16700006	0.088943
1817.17400002	4.986317
1819.15999985	0.167836
1821.16300011	4.737171
1823.16999984	4.945244
1825.15899992	4.945244
1827.16700006	3.0088
1829.17499995	5.172177
1831.16999984	3.464475
1833.16799998	5.201788
1835.16999984	5.188193
1837.17699981	4.64426
1839.17400002	5.049198
1841.16300011	5.073182
1843.17400002	2.389939
1845.17599988	5.049126
1847.17299986	4.941831
1849.1789999	5.063898
1851.17299986	5.101666
1853.16700006	1.638354
1855.17199993	5.217866
1857.16799998	4.99711
1859.17400002	1.627238
1861.17499995	0.250674
1863.17699981	4.974306
1865.1789999	5.084523
1867.17599988	0.024097
1869.41899991	1.528033
1871.43000007	5.173396
1873.42400002	1.58919
1875.42599988	0.335994
1877.42599988	5.005384
1879.42599988	5.075894
1881.42499995	5.187313
1883.41999984	5.284771
1885.41499996	3.289101
1887.41899991	0.274361
1889.41999984	2.183397
1891.42700005	0.078377
1893.42400002	0.047738
1895.42799997	2.404137
1897.41999984	2.685987
1899.42499995	5.037033
1901.42599988	0.053296
1903.41499996	2.207098
1905.41899991	0.245408
1907.42799997	1.598094
1909.41499996	0.071616
1911.42499995	3.233043
1913.42200017	0.005073
1915.42400002	5.193204
1917.41799974	4.682836
1919.42400002	4.801118
1921.42799997	5.229828
1923.41599989	5.253125
1925.4230001	5.28361
1927.42799997	0.304345
1929.421	1.569621
1931.41999984	5.272947
1933.42400002	0.226606
1935.43000007	5.218989
1937.41899991	0.081754
1939.42499995	4.958558
1941.42799997	0.02274
1943.42499995	5.09231
1945.4289999	4.94366
1947.41699982	0.027835
1949.4289999	4.241224
1951.43299985	0.004635
1953.43499994	0.143005
1955.4289999	1.37875
1957.42200017	5.21384
1959.421	1.629426
1961.43799996	0.134503
1963.4369998	2.806119
1965.42499995	1.105503
1967.41799974	0.095936
1969.41999984	3.699284
1971.421	1.720379
1973.42700005	5.130975
1975.42599988	5.08344
1977.43099999	5.0706
1979.42599988	1.554815
1981.421	0.312695
1983.41599989	3.716977
1985.43900013	5.405831
1987.42599988	0.381971
1989.41799974	2.050268
1991.42499995	0.669723
1993.4230001	2.626236
1995.42599988	0.135293
1997.41599989	2.302098
1999.41299987	0.777784
2001.42799997	0.082954
2003.41400003	1.628998
2005.41599989	0.102437
2007.42499995	0.155352
2009.42400002	0.02482
2011.43499994	0.435691
2013.42499995	0.353935
2015.41400003	4.973376
2017.4230001	3.477465
2019.41599989	5.131661
2021.42200017	0.427043
2023.42499995	5.114082
2025.41999984	0.404926
2027.41999984	0.051214
2029.4289999	0.025312
2031.41999984	0.250931
2033.42700005	4.761317
2035.42599988	0.510297
2037.41999984	0.56153
2039.42200017	0.557068
2041.421	5.048702
2043.4289999	4.948758
2045.41799974	3.448931
2047.42400002	0.599818
2049.41799974	0.123148
2051.42499995	5.064148
2053.42700005	1.761135
2055.41299987	1.224785
2057.41699982	0.024668
2059.42799997	4.677349
2061.41699982	3.212167
2063.421	5.200863
2065.42599988	5.09168
2067.41499996	4.843524
2069.42499995	0.359237
2071.41999984	0.324624
2073.42200017	5.086231
2075.42200017	1.594311
2077.4230001	5.167785
2079.42400002	5.164576
2081.42200017	5.095565
2083.42499995	5.268152
2085.42499995	3.177901
2087.41599989	1.53505
2089.41499996	1.550378
2091.41799974	4.708194
2093.41699982	4.921007
2095.41799974	2.609946
2097.43499994	4.060402
2099.43799996	0.048603
2101.41599989	5.060597
2103.41599989	0.875678
2105.43199992	3.117628
2107.41899991	5.17094
2109.4230001	4.937315
2111.66599989	5.115838
2113.43000007	5.002037
2115.66700006	5.088255
2117.67299986	5.219819
2119.67199993	3.368514
2121.67399979	5.047596
2123.67399979	1.610015
2125.67599988	4.941536
2127.47800016	5.106218
2129.67799997	0.471237
2131.67699981	0.994611
2133.67699981	4.995451
2135.66799998	4.055174
2137.67499995	4.023165
2139.67699981	0.102206
2141.6789999	5.168257
2143.66599989	2.270119
2145.67399979	5.11398
2147.67599988	3.579552
2149.671	3.25369
2151.47800016	5.163752
2153.67399979	1.461009
2155.67299986	1.874505
2157.68000007	5.001619
2159.66899991	3.778044
2161.66599989	1.609983
2163.671	0.630934
2165.671	2.393383
2167.68099999	5.160892
2169.67799997	5.039408
2171.67499995	5.033277
2173.66700006	4.380876
2175.6789999	2.482607
2177.67399979	0.064153
2179.6789999	3.917733
2181.68000007	0.654127
2183.66499996	2.323624
2185.67399979	0.084726
2187.67699981	5.113201
2189.67699981	0.453286
2191.68199992	5.097886
2193.67499995	0.302012
2195.66499996	5.236341
2197.66700006	5.076654
2199.6789999	1.567326
2201.6789999	0.080077
2203.67299986	0.025193
2205.6789999	1.277887
2207.66899991	3.289202
2209.66599989	5.144035
2211.66899991	5.011659
2213.67499995	0.034647
2215.68099999	5.118599
2217.68099999	5.209529
2219.68199992	0.023429
2221.67699981	5.081792
2223.68300009	5.085683
2225.68400002	5.071367
2227.68199992	0.33435
2229.67799997	0.532423
2231.66599989	0.081837
2233.67499995	5.085637
2235.67299986	0.374731
2237.67299986	0.159991
2239.66899991	5.000056
2241.68000007	3.49186
2243.68099999	4.492574
2245.67199993	4.990777
2247.68199992	5.092202
2249.68000007	3.49203
2251.67699981	5.121629
2253.66599989	0.864481
2255.67299986	0.659858
2257.68499994	1.611087
2259.67499995	5.014665
2261.68099999	4.718507
2263.67699981	0.330392
2265.67199993	0.559295
2267.67199993	1.524889
2269.67199993	4.990586
2271.67399979	5.208599
2273.671	5.09735
2275.66899991	0.075977
2277.67199993	0.803163
2279.67499995	0.026815
2281.67799997	1.626642
2283.68300009	5.191657
2285.66899991	5.085701
2287.67399979	1.797443
2289.67699981	4.31833
2291.67499995	1.622972
2293.67599988	4.895344
2295.68199992	1.61008
2297.671	0.161437
2299.67299986	0.050685
2301.67599988	1.275995
2303.67599988	5.1488
2305.68000007	0.025043
2307.6789999	5.092401
2309.68000007	2.170577
2311.67199993	1.442848
2313.67499995	0.548999
2315.68400002	2.321674
2317.67199993	0.042093
2319.66799998	2.224884
2321.68000007	5.093307
2323.66700006	1.816289
2325.66799998	0.109454
2327.66899991	5.139823
2329.67699981	1.609042
2331.6789999	0.305248
2333.67699981	4.882421
2335.66799998	1.369416
2337.67599988	2.546572
2339.66700006	5.045574
2341.66700006	0.024837
2343.67199993	1.611542
2345.68199992	4.535491
2347.68300009	3.702888
2349.67299986	1.763993
2351.67599988	5.059109
2353.68199992	2.733835
2355.671	0.02554
2357.68099999	1.09772
2359.68300009	3.561402
2361.67799997	5.04608
2363.9230001	5.00899
2365.9230001	4.996029
2367.6789999	5.084488
2369.92999983	4.536932
2371.68300009	0.358221
2373.92499995	2.679981
2375.92199993	4.216509
2377.92600012	1.624006
2379.9289999	5.100844
2381.72799993	1.613398
2383.92999983	4.063203
2385.92700005	4.829268
2387.91799998	4.192676
2389.92700005	5.03486
2391.92199993	5.090614
2393.921	0.230892
2395.92700005	4.788039
2397.93099999	4.742208
2399.92999983	5.057764
2401.9289999	0.086187
2403.921	5.139891
2405.72799993	1.613854
2407.92199993	5.094736
2409.92700005	3.096565
2411.92600012	4.518972
2413.92799997	5.104049
2415.92499995	5.104049
2417.93099999	5.018176
2419.93299985	4.676389
2421.93099999	4.96166
2423.92999983	5.152508
2425.93099999	4.831097
2427.91899991	0.02919
2429.91899991	2.065433
2431.93199992	0.024743
2433.92499995	3.946969
2435.93099999	4.371539
2437.93400002	4.865996
2439.93400002	1.579103
2441.91999984	5.028541
2443.92600012	5.142898
2445.9289999	0.204363
2447.93400002	5.135312
2449.921	5.105881
2451.92799997	4.93387
2453.9230001	5.166598
2455.91999984	0.240218
2457.91899991	3.754735
2459.92799997	5.059233
2461.92600012	5.09995
2463.9289999	5.175254
2465.91999984	1.937268
2467.92199993	1.366338
2469.92799997	5.174452
2471.921	3.173222
2473.91899991	1.610307
2475.92799997	0.174116
2477.93099999	5.102066
2479.9289999	5.11897
2481.92700005	5.012476
2483.92799997	1.614474
2485.92400002	4.983751
2487.93099999	2.852652
2489.9289999	2.852652
2491.92499995	5.244478
2493.92999983	4.90918
2495.91799998	5.264853
2497.93099999	5.119159
2499.93299985	5.119159
2501.9230001	5.054443
2503.93400002	5.15588
2505.921	4.291977
2507.92999983	5.076669
2509.93599987	5.076669
2511.92799997	1.61467
2513.91999984	5.299659
2515.92999983	5.05019
2517.93299985	2.847845
2519.92799997	2.847845
2521.92700005	1.610015
2523.91999984	0.163695
2525.921	4.499778
2527.9289999	5.137207
2529.93400002	5.118683
2531.93599987	5.08967
2533.91999984	4.302908
2535.92600012	4.065752
2537.93400002	5.102371
2539.93299985	5.237281
2541.92700005	5.141801
2543.92499995	1.271028
2545.93199992	2.775736
2547.93099999	2.975748
2549.93199992	4.078651
2551.93199992	3.97908
2553.93299985	0.401315
2555.91999984	0.195723
2557.92600012	0.119205
2559.92199993	3.720235
2561.93599987	1.616926
2563.92499995	2.039419
2565.92600012	1.723608
2567.92999983	5.133429
2569.92600012	1.619188
2571.92700005	0.679027
2573.92499995	1.61034
2575.92999983	0.824765
2577.921	5.177567
2579.93099999	1.594139
2581.93099999	0.369904
2583.93199992	5.013838
2585.921	5.151284
2587.9230001	0.078564
2589.91999984	5.207603
2591.93499994	0.064478
2593.93400002	2.665496
2595.93400002	0.848667
2597.92400002	5.103626
2599.92600012	5.116482
2601.92799997	0.022326
2603.94200015	5.294011
2605.93499994	5.122232
2607.9289999	4.741224
2609.93400002	4.370152
2611.92999983	2.631984
2614.17400002	1.252859
2616.17699981	0.497407
2618.17599988	0.087221
2620.18200016	0.053957
2621.93499994	4.8642
2624.18200016	1.002967
2626.1789999	5.212648
2628.18599987	1.951097
2630.17599988	1.116831
2632.17199993	1.619418
2634.17799973	1.503572
2636.17599988	0.070595
2638.18499994	5.231977
2640.18300009	4.72855
2642.18400002	0.152945
2644.17599988	5.065722
2646.18099999	1.597391
2648.18499994	5.196648
2650.1789999	5.068855
2652.18200016	5.083835
2654.18499994	5.06244
2656.18200016	1.690337
2658.18499994	5.060454
2660.18099999	5.225154
2662.1789999	0.04118
2664.18499994	1.82238
2666.17299986	4.263653
2668.18099999	4.079519
2670.17199993	0.027549
2672.18799996	5.224566
2674.18799996	5.105408
2676.18499994	0.316339
2678.17400002	2.205037
2680.17799973	4.470492
2682.17799973	0.053475
2684.17799973	3.106015
2686.17599988	0.005332
2688.17400002	0.323268
2690.18099999	4.253825
2692.17799973	2.107147
2694.18200016	1.922738
2696.171	2.947427
2698.18099999	4.769647
2700.17599988	2.037764
2702.18000007	3.08966
2704.18400002	5.140543
2706.18000007	5.131238
2708.17599988	3.543875
2710.18099999	0.158437
2712.18499994	5.115951
2714.17199993	2.121718
2716.18099999	5.016551
2718.17499995	1.603646
2720.18300009	0.396439
2722.18200016	5.060134
2724.18899989	1.540397
2726.19000006	5.129726
2728.18099999	1.618269
2730.18200016	0.492126
2732.17499995	1.66323
2734.18599987	5.15354
2736.18499994	5.180151
2738.18000007	4.539063
2740.17400002	5.0234
2742.18200016	1.618194
2744.18300009	1.417183
2746.18499994	4.995236
2748.17699981	0.022731
2750.18099999	5.080749
2752.18300009	5.086598
2754.1789999	3.165572
2756.17499995	5.071264
2758.17699981	4.627369
2760.17799973	5.12547
2762.1789999	0.023809
2764.18200016	5.228052
2766.17400002	1.604846
2768.17400002	0.231458
2770.17799973	4.64344
2772.18099999	2.010523
2774.18099999	4.838345
2776.17499995	3.806166
2778.17799973	3.2834
2780.18700004	4.98363
2782.18499994	4.725312
2784.17799973	0.683919
2786.17699981	0.11992
2788.18200016	0.709697
2790.17199993	5.146428
2792.1789999	0.287232
2794.18000007	5.160962
2796.17299986	5.056699
2798.18300009	5.260328
2800.18000007	4.029233
2802.1789999	4.498093
2804.18799996	0.029337
2806.18700004	3.710114
2808.17499995	3.880987
2810.17699981	0.392081
2812.1789999	5.099003
2814.17299986	4.748948
2816.18200016	0.041122
2818.18899989	1.046782
2820.17599988	4.896071
2822.1789999	0.049737
2824.18300009	1.413526
2826.18799996	5.225726
2828.19299984	5.119105
2830.18200016	5.393387
2832.18099999	5.226254
2834.18300009	4.581339
2836.17299986	5.194574
2838.17799973	1.552699
2840.18400002	2.202595
2842.18300009	5.451768
2844.18700004	0.270365
2846.17799973	5.146476
2848.18400002	4.98402
2850.1789999	1.788911
2852.19099998	0.274076
2854.18300009	4.876599
2856.18099999	3.385742
2858.18099999	1.616239
2860.42799997	0.317577
2862.4289999	4.885191
2864.18200016	5.124985
2866.43099999	1.319538
2868.42400002	5.316863
2870.43000007	3.0822
2872.43599987	4.184336
2874.42599988	0.224783
2876.29999995	0.094669
2878.4289999	0.12456
2880.43299985	4.993602
2882.43599987	1.61164
2884.4289999	4.959798
2886.43799996	5.202116
2888.43599987	5.430828
2890.4369998	0.357699
2892.43399978	4.575158
2894.4369998	4.932939
2896.42799997	5.262069
2898.43399978	5.021459
2900.24399996	3.195942
2902.42700005	5.119273
2904.42599988	4.589532
2906.42700005	1.619878
2908.42799997	0.049359
2910.42799997	5.172481
2912.4460001	5.226346
2914.43099999	5.113244
2916.43000007	5.124443
2918.43399978	1.396716
2920.43099999	2.878211
2922.43199992	0.046825
2924.26799989	0.636859
2926.43799996	4.225885
2928.4289999	4.941977
2930.43099999	4.773516
2932.44000006	4.310322
2934.43199992	1.505154
2936.43900013	4.393464
2938.43399978	3.140914
2940.43099999	4.391459
2942.44000006	5.219947
2944.43399978	1.477384
2946.4369998	5.252086
2948.44400001	1.494358
2950.43399978	5.167774
2952.43099999	1.68101
2954.43599987	0.0421
2956.42400002	0.486853
2958.42700005	2.352993
2960.43000007	5.03903
2962.42799997	5.013536
2964.4369998	0.929981
2966.42599988	5.01449
2968.4369998	4.830919
2970.4369998	5.269247
2972.42799997	0.081258
2974.42799997	0.124371
2976.4369998	0.356564
2978.43000007	0.051364
2980.43599987	4.849748
2982.43199992	1.585813
2984.42799997	5.095106
2986.44000006	4.999867
2988.43499994	5.093954
2990.43499994	4.815527
2992.43900013	2.489078
2994.43099999	5.097989
2996.4369998	0.241329
2998.4289999	5.046179
3000.43399978	3.599335
3002.43599987	4.777987
3004.43000007	0.330262
3006.42799997	1.553303
3008.43399978	4.77226
3010.44300008	2.452439
3012.43900013	5.081142
3014.43599987	0.257898
3016.42799997	0.024173
3018.4289999	0.314064
3020.43599987	5.107994
3022.43099999	0.024478
3024.42499995	4.56111
3026.43599987	0.041696
3028.43599987	3.045102
3030.43900013	2.072293
3032.44099998	2.899932
3034.44300008	1.69159
3036.44400001	2.921926
3038.42599988	1.053289
3040.43499994	1.544949
3042.43499994	0.358056
3044.43799996	0.769382
3046.42799997	2.250401
3048.43599987	4.976554
3050.42799997	0.805473
3052.42700005	3.708417
3054.43900013	5.081068
3056.43099999	1.089656
3058.4289999	5.04542
3060.43399978	4.789108
3062.43900013	0.53012
3064.43299985	1.598254
3066.43099999	0.041834
3068.43599987	0.028298
3070.4369998	1.551134
3072.44400001	1.195338
3074.43399978	4.27761
3076.44199991	0.375798
3078.43499994	0.077999
3080.43900013	2.367246
3082.44099998	0.226482
3084.4369998	5.117504
3086.43000007	1.969288
3088.43000007	1.275922
3090.42799997	0.11353
3092.44000006	4.726536
3094.44000006	0.123686
3096.43900013	0.480251
3098.44300008	0.022351
3100.44000006	0.167175
3102.42700005	0.041056
3104.43499994	0.376526
3106.43499994	5.01771
3108.44099998	4.797041
3110.43900013	2.774923
3112.44000006	2.199212
3114.43499994	5.073008
3116.68099999	2.481808
3118.4369998	5.137025
3120.6789999	5.059233
3122.68499994	4.963224
3124.68899989	4.454184
3126.68099999	1.612649
3128.68999982	0.733222
3130.48600006	3.407414
3132.68499994	0.68169
3134.68499994	5.018124
3136.67699981	5.000773
3138.68300009	3.728759
3140.68000007	4.107214
3142.68000007	5.073262
3144.68499994	5.154887
3146.68899989	2.395466
3148.67799997	4.443189
3150.68400002	1.581762
3152.67699981	0.074724
3154.68099999	3.657534
3156.68999982	2.95695
3158.68899989	5.169244
3160.69299984	0.157838
3162.59899998	0.415938
3164.69099998	0.123866
3166.68600011	0.331595
3168.68000007	0.308542
3170.69199991	5.177149
3172.68199992	2.202224
3174.67799997	5.166149
3176.68099999	0.310649
3178.68000007	0.051165
3180.68300009	5.056716
3182.68099999	5.036932
3184.69400001	5.036932
3186.68199992	5.036932
3188.68000007	1.609593
3190.68799996	5.085576
3192.68400002	0.905323
3194.67799997	1.559552
3196.68700004	5.049779
3198.68199992	1.610437
3200.6789999	4.873189
3202.68600011	0.918432
3204.67799997	5.148793
3206.68600011	5.136933
3208.69099998	5.27722
3210.68899989	2.30227
3212.68099999	5.153163
3214.68199992	5.276913
3216.69099998	1.66028
3218.68400002	4.995111
3220.68799996	1.074063
3222.68300009	5.09851
3224.68099999	3.282722
3226.68000007	3.282722
3228.68300009	5.01011
3230.68000007	2.195564
3232.68499994	5.090899
3234.68400002	5.039012
3236.68600011	5.037175
3238.68400002	5.084086
3240.68600011	5.086175
3242.68999982	5.074268
3244.68000007	5.032285
3246.69199991	2.003485
3248.68199992	0.023893
3250.67799997	4.991028
3252.69199991	5.108741
3254.68000007	5.013396
3256.6789999	5.215437
3258.6789999	5.094736
3260.68400002	4.987085
3262.68999982	5.266321
3264.67799997	5.002202
3266.69299984	4.022732
3268.69299984	4.652974
3270.68199992	5.036984
3272.69299984	4.822071
3274.68300009	5.216766
3276.69299984	5.128093
3278.68300009	0.024228
3280.68999982	4.453863
3282.68600011	4.960737
3284.69499993	4.339326
3286.68300009	3.712756
3288.68799996	4.488569
3290.68600011	4.939912
3292.68000007	0.98494
3294.68999982	4.966031
3296.68300009	5.165908
3298.68199992	0.406836
3300.69299984	0.206745
3302.68700004	0.00522
3304.69199991	0.208351
3306.68700004	0.027
3308.69199991	1.5563
3310.68600011	5.29003
3312.68300009	0.291817
3314.68999982	2.312627
3316.68400002	5.040445
3318.69199991	4.861102
3320.69699979	5.159715
3322.68199992	1.907377
3324.68999982	5.12002
3326.69099998	5.077061
3328.68499994	5.09252
3330.68499994	5.159859
3332.68700004	5.264825
3334.68700004	0.163302
3336.68300009	5.119181
3338.68400002	5.102635
3340.68600011	4.695296
3342.69499993	5.081431
3344.69400001	5.316349
3346.68600011	4.970999
3348.69299984	4.910248
3350.69199991	5.28127
3352.68999982	5.036226
3354.68999982	4.955631
3356.68799996	5.130007
3358.68400002	5.146683
3360.69299984	5.012616
3362.68600011	2.996688
3364.69199991	0.5938
3366.69499993	5.100838
3368.68899989	5.143039
3370.76499987	0.65692
3372.93299985	2.824165
3374.9369998	0.407435
3376.94099998	0.287204
3378.94899988	5.165339
3380.93299985	1.590836
3382.94000006	4.537298
3384.94000006	0.109717
3386.93599987	0.024607
3388.93299985	1.049082
3390.93599987	3.926462
3392.9369998	5.07899
3394.74300003	5.028474
3396.93299985	5.304706
3398.94400001	0.393686
3400.94000006	0.28664
3402.94200015	4.583973
3404.94000006	4.996129
3406.94799995	0.470069
3408.94200015	2.508614
3410.94300008	5.150231
3412.94499993	5.143689
3414.93199992	5.143324
3416.93900013	0.025779
3418.94300008	5.119543
3420.93199992	2.926149
3422.93199992	4.981719
3424.93299985	2.593651
3426.94400001	0.148087
3428.93199992	5.116329
3430.94599986	1.302426
3432.93299985	3.761061
3434.94200015	0.08685
3436.94300008	0.585882
3438.94400001	2.986343
3440.94300008	5.107322
3442.93099999	1.503595
3444.93299985	5.11363
3446.93799973	5.145454
3448.93199992	4.409718
3450.93799973	4.504994
3452.94000006	0.203258
3454.94400001	5.007984
3456.94099998	0.816234
3458.93499994	0.7913
3460.94300008	0.447507
3462.93299985	0.20939
3464.93400002	5.098758
3466.9369998	1.656703
3468.94000006	5.165421
3470.94000006	4.953056
3472.93499994	5.150458
3474.93499994	5.13156
3476.94099998	4.114526
3478.93400002	5.14015
3480.93900013	0.797977
3482.94400001	5.162491
3484.93299985	5.24354
3486.94300008	1.599407
3488.93599987	3.260479
3490.94599986	5.078216
3492.93099999	5.095143
3494.94400001	0.441538
3496.94200015	0.40845
3498.94300008	5.03026
3500.93199992	5.183317
3502.93400002	1.430424
3504.94400001	5.081815
3506.94000006	4.907348
3508.94400001	3.351204
3510.93599987	0.040224
3512.94400001	0.16409
3514.93499994	1.47107
3516.93900013	1.518669
3518.94300008	5.133676
3520.93499994	5.112004
3522.94499993	5.1885
3524.93400002	1.59201
3526.95000005	4.9069
3528.9369998	4.996458
3530.93799973	5.128113
3532.93799973	5.239363
3534.94599986	0.393218
3536.94400001	0.838206
3538.93900013	1.593789
3540.94300008	2.313212
3542.94700003	3.499621
3544.94200015	5.30782
3546.93900013	3.802973
3548.94300008	5.160133
3550.93499994	3.974516
3552.93599987	4.750562
3554.94099998	4.990507
3556.93900013	5.088571
3558.93900013	5.057701
3560.93499994	4.180057
3562.93599987	5.146386
3564.94099998	2.921126
3566.94000006	4.13963
3568.94000006	5.085043
3570.94099998	1.734719
3572.95099998	0.16127
3574.94599986	0.175652
3576.94300008	0.860145
3578.94300008	2.910041
3580.93499994	0.296818
3582.93499994	1.606556
3584.94000006	5.190382
3586.93799973	4.582888
3588.94700003	5.08414
3590.93599987	1.149549
3592.94200015	5.114336
3594.94599986	5.18375
3596.93400002	1.605807
3598.93299985	4.334927
3600.94700003	5.188655
3602.93299985	4.643034
3604.94200015	4.91223
3606.94400001	1.547854
3608.93499994	4.51671
3610.93799973	1.593269
3612.9369998	1.529189
3614.94200015	1.365253
3616.94300008	1.021097
3619.19199991	0.745843
3621.19699979	0.025612
3623.19299984	0.041993
3624.98899984	5.222477
3627.19299984	0.071797
3629.19699979	4.967705
3631.18599987	4.954442
3633.18700004	3.827982
3635.19599986	1.609399
3637.18700004	5.023638
3639.18700004	0.070561
3641.19399977	1.16573
3643.18899989	0.16362
3645.19299984	5.079281
3647.18400002	2.20113
3648.99800014	1.490259
3651.19099998	5.255345
3653.19199991	2.177643
3655.19699979	0.40395
3657.19000006	4.97178
3659.19399977	4.276877
3661.19399977	4.434185
3663.19399977	1.468182
3665.19299984	5.10475
3667.18499994	0.321808
3669.19699979	1.93894
3671.19800019	0.939311
3673.00199986	1.571561
3675.19800019	5.114111
3677.19499993	0.02528
3679.19399977	2.581873
3681.19699979	1.078977
3683.19699979	0.05726
3685.19800019	0.024729
3687.19699979	4.979579
3689.18899989	2.572723
3691.19699979	4.95843
3693.19199991	0.74655
3695.18700004	0.068484
3697.19199991	5.338509
3699.19699979	1.160791
3701.18799996	5.136174
3703.19299984	4.945528
3705.18499994	0.26093
3707.18799996	5.065982
3709.19800019	5.184161
3711.19099998	0.841942
3713.19800019	0.030423
3715.19800019	2.886839
3717.19299984	1.600721
3719.20300007	5.387023
3721.19099998	1.586506
3723.19000006	0.021914
3725.19800019	5.019751
3727.18599987	5.217445
3729.19499993	1.491507
3731.19900012	5.254342
3733.20099998	1.554973
3735.19000006	0.026811
3737.18499994	0.439915
3739.19699979	0.550402
3741.18799996	1.621918
3743.19299984	5.109156
3745.20000005	5.096413
3747.18899989	5.070819
3749.19199991	0.305643
3751.19099998	0.645189
3753.20099998	0.781948
3755.20000005	0.1271
3757.19699979	0.023291
3759.19699979	2.206866
3761.19199991	5.109835
3763.20000005	5.128594
3765.19800019	4.647239
3767.19299984	4.263514
3769.20000005	4.999508
3771.19900012	3.706051
3773.2019999	4.965846
3775.19900012	2.401509
3777.19199991	5.016548
3779.20099998	5.056275
3781.20099998	5.123851
3783.19800019	1.94147
3785.20099998	5.236902
3787.20000005	5.205374
3789.20099998	1.59246
3791.2019999	4.968551
3793.18499994	5.095937
3795.19800019	0.336007
3797.20499992	0.091043
3799.18799996	5.307737
3801.19800019	5.120802
3803.19499993	5.136137
3805.19699979	1.306146
3807.18799996	5.049841
3809.18599987	5.030766
3811.18700004	5.002007
3813.19299984	5.145234
3815.18899989	0.142714
3817.19399977	1.473105
3819.19199991	5.1502
3821.18899989	0.640726
3823.18700004	2.219628
3825.18899989	2.823323
3827.19900012	5.064058
3829.19599986	5.025813
3831.19499993	5.133434
3833.19000006	5.188609
3835.19499993	4.026532
3837.19599986	4.178738
3839.204	5.106682
3841.20099998	5.087596
3843.19399977	0.025207
3845.18700004	5.138423
3847.18799996	1.577847
3849.19000006	0.119853
3851.20300007	2.017254
3853.20300007	0.665337
3855.2019999	3.725907
3857.19699979	4.877142
3859.20099998	1.953629
3861.43799996	1.932392
3863.19699979	5.143437
3865.19299984	4.908149
3867.20000005	5.21078
3869.44999981	5.193761
3871.44099998	4.073922
3873.44000006	4.91601
3875.4519999	5.066579
3877.4460001	0.0774
3879.43900013	1.361444
3881.43599987	0.712935
3883.43599987	5.024221
3885.44099998	5.001647
3887.44700003	4.900622
3889.44700003	0.080536
3891.44899988	1.333963
3893.44099998	1.709023
3895.44700003	5.020799
3897.44899988	5.034019
3899.44799995	5.045667
3901.44799995	1.076481
3903.44799995	5.083707
3905.43599987	0.201831
3907.44000006	0.270114
3909.45799971	1.603993
3911.44799995	5.286754
3913.44199991	1.441334
3915.44099998	5.343692
3917.44300008	0.516641
3919.44400001	5.175029
3921.44499993	0.387789
3923.44499993	1.61863
3925.44899988	5.03321
3927.44799995	5.10768
3929.44799995	0.029207
3931.45099998	5.194923
3933.44300008	4.488577
3935.44199991	0.250425
3937.44300008	0.561469
3939.44799995	0.20103
3941.43900013	0.454875
3943.44300008	0.138198
3945.44099998	0.157062
3947.44199991	5.273651
3949.45299983	0.08133
3951.44899988	0.029962
3953.43799996	5.12518
3955.44400001	1.142407
3957.44300008	1.535975
3959.44400001	5.120623
3961.45299983	1.629895
3963.45299983	1.723783
3965.4519999	5.069168
3967.44199991	0.245733
3969.4460001	2.647672
3971.44499993	0.05364
3973.44300008	1.848321
3975.44499993	0.63699
3977.44499993	5.150584
3979.45599985	5.155665
3981.45299983	1.568219
3983.4369998	2.810429
3985.44899988	1.611217
3987.44300008	4.79233
3989.45099998	0.960393
3991.44999981	5.089702
3993.44199991	4.915598
3995.43799996	0.055994
3997.44899988	3.237458
3999.4369998	0.597186
4001.4519999	3.660562
4003.44899988	0.534191
4005.44300008	0.057864
4007.44799995	0.050749
4009.44499993	1.599471
4011.45099998	0.028032
4013.44000006	5.185192
4015.44499993	0.171284
4017.44000006	0.562245
4019.44999981	1.607649
4021.43799996	1.638511
4023.4460001	1.792908
4025.44499993	2.152014
4027.45099998	4.993728
4029.44300008	5.138225
4031.44999981	5.079862
4033.4369998	5.232971
4035.44899988	5.204849
4037.44099998	4.407782
4039.44400001	5.105782
4041.45099998	0.104858
4043.4519999	2.537792
4045.44999981	4.203072
4047.45699978	5.247976
4049.46000004	5.485931
4051.45099998	0.37724
4053.46499991	0.121967
4055.44700003	0.330252
4057.4519999	0.082026
4059.44999981	4.761587
4061.44400001	5.075099
4063.44700003	0.582742
4065.44899988	4.077379
4067.44300008	4.455909
4069.44899988	4.828163
4071.45799971	0.734429
4073.4519999	1.852392
4075.44400001	4.627531
4077.44999981	0.052499
4079.44000006	5.04895
4081.44899988	0.079169
4083.4460001	0.027918
4085.44300008	0.067774
4087.45099998	5.122304
4089.44099998	1.115855
4091.45499992	5.062861
4093.44899988	0.021934
4095.44499993	5.321504
4097.44300008	0.163748
4099.44099998	4.986344
4101.44999981	5.169826
4103.4519999	0.04967
4105.44499993	4.751551
4107.45099998	2.913666
4109.44300008	5.086417
4111.45699978	2.09423
4113.45299983	0.082916
4115.45099998	1.379369
4117.45299983	0.051346
4119.4940002	5.097347
4121.69900012	0.134921
4123.69699979	0.056449
4125.69699979	4.83471
4127.70300007	0.1235
4129.70099998	1.476783
4131.704	5.395934
4133.69799972	5.004887
4135.69799972	1.278885
4137.69699979	0.251664
4139.704	0.049908
4141.70099998	5.066957
4143.5150001	1.499746
4145.70599985	1.840449
4147.69499993	5.127527
4149.69400001	0.158837
4151.68999982	5.146466
4153.69199991	0.204951
4155.68999982	5.147238
4157.69699979	2.908986
4159.69799972	0.051151
4161.71299982	4.771742
4163.69699979	1.625715
4165.68899989	5.157367
4167.69199991	3.31041
4169.69400001	1.090116
4171.69400001	2.423761
4173.70200014	0.155244
4175.704	3.056006
4177.70300007	1.602423
4179.69199991	5.15865
4181.69499993	5.241877
4183.69299984	5.070175
4185.71000004	0.106504
4187.70499992	1.427626
4189.69199991	3.527368
4191.70000005	5.072329
4193.69699979	0.316378
4195.69199991	5.375428
4197.69400001	1.15522
4199.70000005	5.263321
4201.69400001	4.942164
4203.70200014	4.338737
4205.68999982	5.182314
4207.69799972	0.184383
4209.70300007	4.382626
4211.69900012	5.06772
4213.69299984	1.58951
4215.69699979	0.02976
4217.69599986	4.992435
4219.704	0.289828
4221.704	0.041647
4223.70700002	0.336752
4225.70300007	1.62116
4227.69900012	5.14563
4229.71099997	0.174763
4231.70899987	0.507628
4233.704	5.493545
4235.70300007	5.12567
4237.69199991	0.243958
4239.69699979	4.939999
4241.70499992	1.123317
4243.70200014	4.955155
4245.69699979	1.503883
4247.70599985	5.286156
4249.69499993	5.119505
4251.71399975	1.541033
4253.72199988	1.867504
4255.69900012	0.043209
4257.71800017	0.771787
4259.69900012	0.1309
4261.704	4.220053
4263.71399975	3.363971
4265.70200014	0.066022
4267.70200014	3.94148
4269.69900012	4.629882
4271.69299984	1.867937
4273.69400001	1.61909
4275.70000005	4.250052
4277.69199991	4.49483
4279.69299984	5.105092
4281.69599986	0.865733
4283.70099998	0.058613
4285.69299984	0.054277
4287.69499993	5.083164
4289.69400001	4.846552
4291.69799972	0.150626
4293.70499992	5.041159
4295.69199991	0.700116
4297.69900012	5.161564
4299.69499993	3.250746
4301.69599986	1.583876
4303.69699979	5.129009
4305.69900012	0.949289
4307.69900012	1.613463
4309.70000005	0.076417
4311.69900012	4.961913
4313.704	3.626816
4315.70700002	2.504819
4317.69299984	1.320075
4319.69799972	2.187625
4321.70499992	0.024364
4323.69499993	1.30169
4325.69699979	4.296646
4327.69900012	5.0495
4329.70200014	2.987936
4331.70300007	2.911892
4333.70599985	0.495365
4335.69499993	1.468149
4337.70499992	4.617826
4339.704	5.139336
4341.69499993	4.723132
4343.69499993	0.295806
4345.69900012	5.020551
4347.70300007	4.938533
4349.69499993	0.080927
4351.70499992	5.163943
4353.70499992	5.292616
4355.69900012	4.817615
4357.69699979	5.238449
4359.70599985	5.015241
4361.70099998	3.807397
4363.69599986	5.064568
4365.69699979	1.605968
4367.70000005	3.330036
4369.94599986	5.10278
4371.704	1.603382
4373.74799991	5.090624
4375.95599985	5.10905
4377.94200015	0.231151
4379.95499992	4.924816
4381.94499993	5.085603
4383.95099998	4.850528
4385.94200015	5.068954
4387.95499992	5.1742
4389.94899988	4.667605
4391.94499993	5.117146
4393.95599985	4.624437
4395.95800018	5.091321
4397.74899983	1.613691
4399.95399976	5.041401
4401.94200015	4.936634
4403.94200015	1.61151
4405.95599985	2.363703
4407.94899988	5.177406
4409.94400001	5.01591
4411.95699978	5.164651
4413.95499992	5.11553
4415.95099998	5.032366
4417.9519999	1.606128
4419.94799995	4.935699
4421.75600004	5.255626
4423.95699978	0.042857
4425.95000005	4.965334
4427.95599985	0.778903
4429.95699978	5.178263
4431.95299983	4.40455
4433.94499993	0.264123
4435.95000005	5.21574
4437.94300008	4.949185
4439.94599986	5.093843
4441.94799995	1.617876
4443.94099998	2.504671
4445.94300008	2.929573
4447.9519999	5.056892
4449.95299983	0.231787
4451.95599985	4.89024
4453.95099998	4.781112
4455.95800018	5.085047
4457.94599986	4.867708
4459.94700003	5.106066
4461.95000005	4.980622
4463.95399976	5.129572
4465.95399976	4.517959
4467.94499993	5.129659
4469.95699978	5.106037
4471.94799995	5.087881
4473.95599985	5.182216
4475.95099998	4.592727
4477.9519999	5.096045
4479.9519999	1.615291
4481.9519999	0.055001
4483.95099998	3.990028
4485.95399976	0.158477
4487.95099998	5.141181
4489.94700003	0.004912
4491.95800018	5.077194
4493.95299983	5.15011
4495.95399976	0.554939
4497.95399976	5.07778
4499.95499992	5.047134
4501.95000005	5.131984
4503.94499993	5.087541
4505.95499992	5.12
4507.95699978	5.31198
4509.95800018	5.070093
4511.9519999	0.168455
4513.95000005	4.164682
4515.95499992	5.142857
4517.95499992	1.600593
4519.94400001	5.013499
4521.94799995	0.053031
4523.95599985	4.033228
4525.94400001	5.078258
4527.95800018	1.576889
4529.95299983	0.052955
4531.94700003	0.217235
4533.94899988	5.097519
4535.95599985	4.661756
4537.95800018	1.572883
4539.94300008	1.841789
4541.94700003	1.620601
4543.94799995	4.381226
4545.95000005	5.120642
4547.95800018	1.627238
4549.94899988	0.052498
4551.95699978	5.194548
4553.94799995	5.143464
4555.94400001	4.567646
4557.95599985	2.394365
4559.94899988	5.137534
4561.95800018	0.040314
4563.95000005	0.27753
4565.95800018	1.627869
4567.94899988	0.099395
4569.95499992	1.097659
4571.95000005	4.811896
4573.95800018	0.400551
4575.94599986	0.189987
4577.95299983	0.050954
4579.96000004	2.607398
4581.95900011	5.145938
4583.95800018	4.997496
4585.95900011	1.609723
4587.96000004	3.721804
4589.94700003	1.623533
4591.94899988	0.846019
4593.95499992	0.080615
4595.9519999	5.249363
4597.94799995	5.222032
4599.95099998	1.543456
4601.96099997	5.161001
4603.95499992	0.074277
4605.95499992	5.148936
4607.94899988	0.046439
4609.94700003	5.134226
4611.95099998	5.137977
4614.19499993	0.131493
4616.19900012	4.832896
4617.95299983	0.61184
4619.95699978	1.625384
4621.95699978	2.957825
4624.20300007	0.052629
4626.20899987	0.893064
4628.20700002	3.246579
4630.20700002	5.132137
4632.20899987	5.169181
4634.19399977	5.227013
4636.19900012	5.116739
4638.2019999	1.561992
4640.20899987	5.196707
4642.19599986	0.350071
4644.19800019	1.858432
4646.21099997	1.354116
4648.2019999	5.01292
4650.20300007	4.782298
4652.19800019	4.881666
4654.20000005	4.94135
4656.20600009	0.103582
4658.20099998	0.040714
4660.19499993	2.307758
4662.19699979	5.125038
4664.20799994	5.082325
4666.20799994	5.126177
4668.20499992	4.967454
4670.20099998	0.490692
4672.20899987	0.880922
4674.2099998	1.472653
4676.21099997	5.145204
4678.21099997	5.260589
4680.2099998	5.020285
4682.19800019	4.945428
4684.20099998	3.641705
4686.20600009	3.879602
4688.20300007	5.061846
4690.20799994	5.092567
4692.20600009	4.179304
4694.20700002	4.860079
4696.2019999	4.954243
4698.20600009	4.006463
4700.19800019	1.275432
4702.204	3.089
4704.19599986	5.025733
4706.2099998	1.595506
4708.21099997	0.02721
4710.19699979	0.025874
4712.20099998	4.59589
4714.19599986	5.037294
4716.19499993	5.150535
4718.20899987	5.148399
4720.19699979	5.010849
4722.2019999	5.174509
4724.2019999	4.50423
4726.2019999	4.966584
4728.20000005	5.133314
4730.20099998	5.097498
4732.204	1.689477
4734.21199989	5.043104
4736.21099997	5.12651
4738.2019999	0.440061
4740.21199989	0.332227
4742.20899987	4.026941
4744.20799994	5.112306
4746.19699979	4.574767
4748.19900012	2.924401
4750.19699979	5.059755
4752.20600009	0.33462
4754.20700002	5.124437
4756.19900012	3.32658
4758.19900012	2.270223
4760.19800019	5.088282
4762.20799994	5.081903
4764.19800019	0.024485
4766.20700002	3.6672
4768.20499992	5.074079
4770.20799994	5.016949
4772.19599986	0.498969
4774.20700002	5.140382
4776.20000005	5.112533
4778.20600009	3.455207
4780.19800019	4.907038
4782.20499992	5.209222
4784.20600009	0.682651
4786.20300007	5.072725
4788.20099998	5.223021
4790.2019999	0.880727
4792.20899987	5.18015
4794.19900012	5.072522
4796.20099998	4.719429
4798.20700002	4.893106
4800.20000005	0.059723
4802.204	0.402416
4804.21499991	2.231786
4806.2019999	0.090022
4808.21499991	5.037322
4810.20799994	4.637946
4812.21299982	2.163022
4814.21299982	4.457025
4816.21299982	0.172347
4818.20700002	0.055498
4820.19900012	5.031027
4822.2019999	4.699515
4824.20300007	5.21597
4826.21299982	3.47898
4828.2099998	5.108515
4830.21699977	1.476777
4832.21199989	4.992507
4834.204	5.134029
4836.20099998	2.374078
4838.204	4.893729
4840.20000005	5.005209
4842.20799994	5.01299
4844.20000005	0.603115
4846.20499992	0.97754
4848.20000005	0.049404
4850.2019999	0.024081
4852.20099998	4.514344
4854.20499992	1.614148
4856.2099998	5.14135
4858.20899987	5.053624
4860.21099997	0.025832
4862.21199989	4.199675
4864.44799995	5.089634
4866.20799994	5.002789
4868.25199986	4.538975
4870.454	2.221378
4872.46099997	2.304484
4874.46000004	3.963907
4876.46399999	5.05108
4878.46499991	1.590139
4880.46300006	1.858659
4882.46399999	3.705504
4884.46399999	4.102688
4886.46200013	0.217685
4888.46000004	0.039165
4890.46300006	3.721575
4892.25500011	3.093328
4894.46700001	0.100929
4896.46700001	0.065482
4898.45799971	0.371094
4900.45900011	0.024949
4902.44999981	1.835397
4904.46099997	4.71837
4906.44999981	0.067012
4908.46000004	4.932043
4910.46099997	0.255665
4912.46399999	1.479656
4914.44999981	0.076104
4916.45599985	5.091624
4918.4519999	4.981379
4920.45299983	3.117065
4922.45799971	4.659163
4924.46300006	2.931774
4926.46000004	1.610827
4928.46000004	1.975265
4930.44899988	5.129389
4932.4519999	1.791335
4934.45599985	0.487892
4936.46300006	1.5822
4938.45499992	0.402104
4940.45799971	1.531205
4942.46000004	5.032686
4944.45699978	5.051396
4946.45699978	3.294802
4948.45900011	0.019683
4950.45099998	4.490599
4952.454	0.981591
4954.45599985	0.516293
4956.454	1.293821
4958.46099997	0.447407
4960.45599985	0.649101
4962.46300006	0.026006
4964.45299983	2.273723
4966.45499992	3.909606
4968.45599985	0.176082
4970.45299983	4.984361
4972.45799971	1.172201
4974.45499992	1.601235
4976.46499991	5.28084
4978.45799971	4.530757
4980.46799994	0.412382
4982.4519999	4.919777
4984.46200013	1.507208
4986.46000004	4.444952
4988.4519999	5.035414
4990.45699978	5.035414
4992.454	4.920496
4994.45799971	5.098802
4996.45900011	1.35303
4998.46399999	1.613034
5000.45299983	0.841556
5002.44799995	5.04517
5004.44899988	2.595362
5006.46099997	4.93864
5008.45799971	1.612681
5010.45900011	4.722396
5012.45499992	5.091031
5014.45599985	4.727521
5016.45099998	4.881571
5018.45900011	5.059751
5020.46300006	2.618938
5022.46300006	5.210154
5024.45099998	5.210154
5026.45799971	0.054214
5028.4519999	0.226203
5030.46099997	5.000874
5032.46000004	5.000874
5034.46599984	5.000874
5036.45599985	4.891258
5038.45599985	5.18244
5040.46399999	5.160763
5042.4519999	1.636508
5044.46799994	5.019228
5046.454	4.00782
5048.46399999	4.892671
5050.454	5.147197
5052.45599985	5.005645
5054.46599984	5.034175
5056.46099997	0.074236
5058.4519999	1.333919
5060.4519999	5.167117
5062.46399999	5.077437
5064.44899988	1.174058
5066.45699978	2.473025
5068.45599985	1.050048
5070.45799971	5.282356
5072.46300006	4.664043
5074.454	0.645061
5076.45900011	0.419774
5078.47399974	2.053357
5080.46599984	2.053357
5082.46000004	5.059878
5084.45599985	5.171349
5086.45699978	5.143184
5088.45499992	2.33042
5090.45799971	4.987869
5092.44899988	4.987869
5094.45799971	0.97649
5096.46399999	5.11239
5098.45499992	5.162448
5100.46399999	5.083516
5102.46300006	0.33137
5104.45099998	1.590942
5106.45599985	4.940467
5108.46000004	5.083984
5110.46000004	5.110066
5112.46499991	5.018045
5114.46000004	4.99146
5116.46499991	5.218865
5118.45900011	0.059033
5120.70300007	5.110903
5122.5079999	5.206488
5124.71499991	5.459978
5126.70499992	5.318027
5128.71000004	4.940386
5130.71399975	5.078321
5132.72000003	4.63445
5134.70700002	4.930136
5136.71499991	5.08481
5138.70499992	0.382034
5140.70300007	4.128443
5142.70499992	1.499661
5144.71599984	4.654704
5146.50999999	3.455759
5148.71000004	4.882888
5150.71499991	5.035664
5152.71199989	2.070107
5154.71399975	4.664006
5156.71399975	1.596741
5158.71000004	0.022759
5160.704	5.027082
5162.704	0.152424
5164.70899987	4.353275
5166.70499992	1.504776
5168.7190001	4.695115
5170.72600007	2.315965
5172.7249999	4.964864
5174.71599984	0.340916
5176.71099997	3.174301
5178.72199988	4.199387
5180.71399975	5.049284
5182.70799994	0.457094
5184.70799994	0.099989
5186.70899987	0.865564
5188.70700002	4.469965
5190.70300007	1.597998
5192.71399975	4.973543
5194.71299982	5.001035
5196.71399975	0.114389
5198.71599984	5.073222
5200.70200014	5.187746
5202.71199989	0.102798
5204.71499991	5.17765
5206.70700002	5.21888
5208.70499992	5.192061
5210.71099997	2.33453
5212.71399975	2.659264
5214.70700002	5.134313
5216.71199989	0.501392
5218.71099997	1.430234
5220.71800017	0.13631
5222.70700002	0.132185
5224.704	0.047
5226.70799994	5.114609
5228.71299982	3.325546
5230.70899987	0.025
5232.704	5.244012
5234.71099997	0.103315
5236.71000004	5.209995
5238.70499992	3.370212
5240.70700002	4.739182
5242.70499992	4.069567
5244.71199989	0.237116
5246.71399975	2.078842
5248.70200014	1.590646
5250.70300007	0.338033
5252.704	5.16686
5254.71299982	1.996333
5256.70700002	5.044287
5258.71299982	5.118155
5260.71099997	1.251874
5262.70599985	5.060825
5264.70300007	3.780492
5266.70300007	5.154027
5268.71599984	3.798538
5270.70899987	0.365773
5272.71399975	1.598574
5274.7190001	0.924303
5276.71800017	0.859125
5278.71800017	1.754478
5280.71599984	3.930937
5282.72300005	5.309676
5284.71299982	0.898557
5286.70200014	0.188372
5288.70700002	0.37025
5290.70899987	2.351036
5292.7190001	0.368696
5294.71199989	0.318851
5296.70899987	0.96135
5298.70700002	0.124624
5300.71199989	1.604065
5302.71000004	4.202604
5304.71699977	4.837294
5306.71000004	2.614987
5308.71000004	0.483378
5310.71499991	2.133676
5312.72399998	0.253865
5314.70899987	0.17931
5316.71399975	3.760517
5318.72199988	0.022149
5320.70499992	1.494717
5322.71099997	4.175644
5324.72000003	4.924276
5326.71199989	0.025615
5328.71800017	4.824133
5330.71699977	3.386454
5332.71499991	5.157367
5334.70599985	5.083652
5336.71499991	3.611076
5338.70799994	1.491873
5340.70300007	5.07785
5342.70599985	0.464251
5344.71199989	4.909584
5346.70799994	0.260348
5348.70499992	5.183069
5350.71000004	5.015602
5352.72300005	0.481158
5354.71299982	5.050094
5356.71699977	4.41682
5358.70899987	5.064449
5360.72099996	5.117472
5362.95800018	4.255311
5364.71399975	1.959406
5366.95599985	4.075789
5368.72199988	4.949105
5370.96099997	0.228774
5372.95399976	1.791413
5374.96600008	4.994559
5376.95800018	0.180649
5378.96399999	3.156521
5380.95800018	0.866393
5382.97099996	4.502716
5384.95800018	5.067699
5386.96199989	5.018861
5388.96399999	0.07101
5390.96000004	5.063439
5392.95599985	2.026062
5394.96799994	5.077329
5396.97199988	4.931163
5398.96099997	4.917064
5400.96399999	0.048104
5402.96300006	2.600429
5404.9519999	1.741048
5406.96000004	1.632928
5408.96300006	1.541764
5410.96700001	1.583161
5412.96799994	0.624459
5414.95399976	3.661119
5416.96600008	1.593237
5418.97099996	5.059744
5420.96300006	5.039968
5422.96000004	3.198687
5424.96199989	5.011021
5426.95599985	5.144443
5428.96099997	5.144443
5430.95699978	3.733913
5432.96899986	5.214001
5434.96300006	2.612181
5436.96600008	4.326026
5438.95699978	4.986068
5440.95800018	5.01005
5442.96700001	1.36322
5444.96600008	4.647066
5446.96199989	4.453631
5448.96899986	3.991386
5450.96199989	5.111144
5452.97099996	1.808475
5454.96099997	1.569132
5456.96999979	5.076245
5458.96000004	5.076245
5460.95499992	5.076245
5462.96000004	4.949207
5464.97299981	4.946833
5466.97099996	0.384126
5468.95499992	1.467906
5470.95499992	4.958138
5472.96199989	4.0
5474.96600008	1.097656
5476.96899986	4.694326
5478.96799994	1.767873
5480.95599985	5.085814
5482.96700001	2.098503
5484.96000004	5.241748
5486.96999979	5.109024
5488.95800018	5.105594
5490.96000004	4.134315
5492.96000004	1.622643
5494.95499992	5.095321
5496.96300006	4.794088
5498.96499991	5.140065
5500.96899986	5.205024
5502.95699978	1.603389
5504.96499991	0.239867
5506.95599985	5.142113
5508.95699978	5.074057
5510.96300006	2.079881
5512.96300006	4.880102
5514.96000004	0.082156
5516.96399999	0.090879
5518.97299981	1.05133
5520.97299981	0.55966
5522.95800018	0.149467
5524.96099997	0.862769
5526.96000004	0.248587
5528.96000004	5.065852
5530.95599985	3.17962
5532.95800018	1.593153
5534.96700001	4.187902
5536.95900011	5.289822
5538.96199989	5.31981
5540.96700001	1.597652
5542.96999979	2.068199
5544.96700001	4.922467
5546.96600008	2.092748
5548.97199988	4.352614
5550.96799994	5.184807
5552.97299981	0.227752
5554.97299981	1.612388
5556.97099996	0.267349
5558.96999979	4.867737
5560.96999979	5.046583
5562.96899986	0.378591
5564.97099996	4.965608
5566.9749999	4.545528
5568.95900011	0.801236
5570.96099997	4.022495
5572.96899986	5.184985
5574.97099996	0.256926
5576.96000004	0.153401
5578.95599985	0.086738
5580.95800018	4.935045
5582.96799994	5.088159
5584.96099997	1.538876
5586.96300006	0.496593
5588.96799994	4.984815
5590.96199989	1.584182
5592.97299981	3.130284
5594.95599985	0.028115
5596.95800018	4.607611
5598.96799994	0.460129
5600.98300004	0.124457
5602.95900011	4.951547
5604.96399999	0.554758
5606.96099997	2.147178
5608.96700001	4.623903
5610.96899986	2.916279
5612.96700001	0.004988
5615.22099996	3.153909
5616.96999979	0.147993
5618.96899986	0.8534
5621.21299982	0.918333
5623.2190001	0.005041
5624.96999979	5.204664
5627.22000003	1.448545
5629.2190001	0.114213
5631.21199989	4.737107
5633.22099996	0.394758
5635.21499991	0.048405
5637.22200012	0.108154
5639.21499991	4.741452
5641.01699996	5.202924
5643.22099996	4.924216
5645.21799994	1.350051
5647.20799994	1.602391
5649.23000002	0.292295
5651.21499991	1.40423
5653.21499991	0.001871
5655.22099996	0.142837
5657.20899987	0.123988
5659.21699977	0.34986
5661.22000003	1.523377
5663.21299982	0.110489
5665.0710001	0.147441
5667.21099997	0.395424
5669.21799994	0.441046
5671.20600009	0.288603
5673.22599983	0.190481
5675.2099998	1.572449
5677.21799994	4.84304
5679.21099997	1.710903
5681.21599984	2.844381
5683.2099998	0.235599
5685.20700002	0.028221
5687.21599984	0.083505
5689.08099985	0.075908
5691.21499991	0.049475
5693.21799994	0.411261
5695.21199989	1.526113
5697.21499991	0.040848
5699.22099996	1.593916
5701.21299982	4.692448
5703.21399999	0.07898
5705.21099997	1.367231
5707.21299982	0.248965
5709.21499991	0.054711
5711.21799994	0.030067
5713.2099998	1.619484
5715.2249999	0.299484
5717.22300005	0.211072
5719.21399999	0.137959
5721.22099996	2.416453
5723.2190001	1.567595
5725.21099997	5.137293
5727.21799994	0.020704
5729.20700002	0.080882
5731.21499991	0.708784
5733.2190001	3.03183
5735.21699977	0.199295
5737.22200012	1.456639
5739.21399999	0.08311
5741.22000003	0.026494
5743.2190001	0.534942
5745.22799993	4.897727
5747.21499991	1.451102
5749.21199989	0.232196
5751.21399999	1.231715
5753.22200012	1.373952
5755.21399999	3.85009
5757.20799994	1.531899
5759.21499991	0.107896
5761.22000003	4.111079
5763.22099996	2.245499
5765.22000003	2.662475
5767.21799994	0.637751
5769.21199989	1.548059
5771.21299982	5.115031
5773.21699977	2.530994
5775.20899987	4.648206
5777.21699977	5.204575
5779.22399998	4.367021
5781.21499991	4.885373
5783.22399998	4.938649
5785.21599984	1.546265
5787.22200012	4.930568
5789.2249999	0.147701
5791.22799993	0.225454
5793.22899985	0.988142
5795.22899985	1.531675
5797.21599984	0.339613
5799.22200012	4.832812
5801.21799994	0.113405
5803.2190001	5.211689
5805.21499991	5.055823
5807.21599984	0.467595
5809.20899987	0.087762
5811.2190001	1.279888
5813.22599983	1.504923
5815.22099996	4.549522
5817.2249999	2.349977
5819.21099997	2.953858
5821.21499991	5.086685
5823.21199989	1.123458
5825.227	1.909359
5827.2190001	5.293001
5829.22099996	1.590555
5831.22599983	5.001025
5833.21199989	1.576705
5835.22099996	0.558662
5837.22000003	3.966129
5839.22099996	0.108992
5841.22200012	3.721328
5843.21299982	1.612388
5845.20799994	5.071508
5847.2190001	5.126283
5849.21399999	2.311376
5851.21799994	0.027039
5853.2099998	4.531886
5855.22000003	0.060575
5857.21599984	1.63383
5859.21099997	4.916082
5861.22099996	5.035471
5863.21699977	1.910937
5865.46000004	5.066599
5867.21699977	2.607268
5869.46000004	4.529347
5871.22099996	5.03038
5873.22300005	1.055026
5875.46200013	3.074399
5877.46599984	5.127036
5879.47199988	1.78895
5881.46399999	5.354599
5883.47000003	5.119887
5885.46399999	0.239953
5887.47600007	1.654272
5889.46700001	4.93335
5891.46200013	2.352185
5893.47199988	4.997119
5895.47099996	5.089252
5897.46200013	4.250197
5899.46200013	5.084883
5901.46899986	5.139555
5903.46099997	4.76925
5905.46799994	4.636082
5907.47099996	5.337145
5909.46099997	0.423061
5911.47199988	5.062663
5913.46499991	2.330218
5915.46300006	5.069073
5917.46399999	5.139344
5919.46799994	5.105406
5921.47600007	4.152161
5923.47199988	5.223516
5925.47399974	5.330202
5927.47000003	2.841765
5929.46300006	5.048427
5931.47000003	4.40962
5933.47299981	4.797395
5935.46200013	2.846783
5937.46899986	5.121062
5939.46000004	4.508807
5941.46599984	5.124658
5943.47299981	0.420333
5945.46799994	4.917308
5947.46200013	4.971893
5949.46700001	0.162232
5951.47299981	5.075963
5953.46799994	4.889962
5955.46499991	4.663768
5957.46000004	5.110761
5959.47199988	4.833577
5961.47199988	5.051183
5963.47399974	5.143987
5965.47000003	0.186786
5967.47299981	0.443088
5969.47299981	3.705445
5971.47600007	2.732184
5973.47600007	5.100129
5975.46200013	5.088695
5977.46599984	3.288662
5979.47299981	3.662147
5981.47299981	5.134152
5983.46599984	0.124198
5985.46599984	0.815363
5987.46399999	5.17789
5989.47199988	4.819511
5991.4849999	5.260107
5993.46700001	5.212413
5995.46899986	2.322286
5997.47600007	3.715714
5999.46899986	5.3099
6001.4749999	1.61886
6003.47099996	5.077933
6005.47600007	0.050024
6007.477	0.572619
6009.4749999	3.035486
6011.46799994	4.582248
6013.47299981	5.10297
6015.4749999	5.125789
6017.47299981	0.452477
6019.46599984	5.112023
6021.47299981	2.797935
6023.47199988	0.331327
6025.46399999	1.61216
6027.4749999	2.829778
6029.47600007	2.313293
6031.47000003	3.442103
6033.47099996	0.121801
6035.46700001	1.425511
6037.47199988	4.929447
6039.4749999	4.752915
6041.47900009	2.312264
6043.46300006	2.374374
6045.47399974	4.30698
6047.46599984	0.025973
6049.46599984	1.51802
6051.47299981	4.908385
6053.47000003	3.558823
6055.47299981	0.040158
6057.47600007	1.566418
6059.48600006	1.507418
6061.4749999	5.181666
6063.46700001	0.43284
6065.47199988	3.562792
6067.47399974	0.364074
6069.47399974	1.862632
6071.46899986	0.38506
6073.47199988	1.544143
6075.47099996	0.70419
6077.46700001	4.754865
6079.47600007	5.166887
6081.47000003	4.798085
6083.4749999	0.025085
6085.47900009	2.708423
6087.48199987	0.591941
6089.48999977	2.823362
6091.47099996	0.932802
6093.4849999	5.137614
6095.46399999	1.20404
6097.477	5.059361
6099.4749999	2.054605
6101.47900009	2.817808
6103.46300006	3.81856
6105.48199987	5.124103
6107.48099995	1.273075
6109.47800016	3.170144
6111.46899986	0.31891
6113.477	4.866999
6115.47299981	5.023014
6117.7190001	5.049932
6119.47900009	3.093085
6121.71699977	1.589633
6123.48099995	0.460739
6125.48000002	0.111576
6127.72199988	0.287078
6129.72399998	2.081641
6131.72999978	4.484358
6133.72799993	2.871508
6135.5150001	4.98072
6137.71800017	5.025715
6139.7249999	0.087658
6141.71699977	5.105884
6143.72799993	5.177552
6145.727	5.148655
6147.72199988	4.918095
6149.71699977	0.270252
6151.727	0.125247
6153.7249999	1.792332
6155.72899985	4.827876
6157.72099996	5.167385
6159.55800009	0.476521
6161.72600007	1.099425
6163.71699977	1.82851
6165.72199988	5.08096
6167.72000003	5.06155
6169.71299982	5.157307
6171.7249999	5.054069
6173.727	4.556918
6175.71800017	4.556918
6177.73600006	2.633169
6179.71399975	5.119532
6181.71699977	4.935071
6183.71199989	4.935071
6185.7190001	4.935071
6187.72300005	4.935071
6189.72799993	4.643598
6191.72399998	5.105657
6193.72600007	1.603517
6195.71199989	5.117371
6197.72199988	2.401565
6199.72799993	4.968317
6201.71699977	5.198877
6203.72099996	1.586538
6205.71800017	5.092976
6207.71399975	5.067143
6209.71699977	4.597382
6211.72799993	1.80288
6213.71699977	5.172811
6215.71699977	4.410604
6217.71699977	5.086773
6219.7249999	3.969246
6221.71699977	5.060924
6223.72300005	4.875604
6225.72099996	5.137809
6227.72099996	5.129898
6229.7249999	1.955578
6231.72199988	5.065835
6233.72399998	0.348109
6235.71399975	5.038386
6237.72300005	4.929157
6239.72999978	4.929157
6241.73099995	0.410424
6243.727	0.943744
6245.72399998	2.076243
6247.72199988	4.127579
6249.727	5.154505
6251.72799993	0.048552
6253.727	5.066623
6255.72000003	5.107267
6257.72199988	0.741152
6259.72799993	4.936825
6261.72300005	4.198236
6263.72199988	0.15555
6265.71599984	4.58915
6267.71499991	5.06732
6269.72999978	3.536073
6271.71499991	5.128353
6273.72300005	4.513222
6275.71299982	4.817947
6277.72000003	4.810289
6279.7190001	1.605602
6281.72600007	0.029187
6283.71399975	5.113885
6285.727	4.815413
6287.72300005	0.246407
6289.71499991	1.681065
6291.72399998	0.389403
6293.72399998	5.117273
6295.72300005	5.09859
6297.71499991	5.166436
6299.72600007	4.492895
6301.72199988	4.624817
6303.72099996	5.109174
6305.72899985	1.400761
6307.727	1.618336
6309.72099996	5.079971
6311.727	0.372254
6313.72000003	4.947254
6315.71699977	0.072417
6317.72000003	4.929344
6319.72399998	5.113101
6321.72600007	5.183208
6323.72399998	4.246681
6325.72600007	0.089495
6327.72099996	2.007546
6329.7249999	1.046203
6331.73099995	5.131997
6333.72099996	2.753735
6335.73399997	3.671952
6337.71599984	1.696982
6339.72199988	2.768242
6341.72300005	5.085016
6343.72899985	5.164244
6345.72799993	4.865299
6347.71499991	1.591724
6349.73099995	5.084259
6351.71599984	1.607617
6353.727	4.902623
6355.72300005	0.079586
6357.727	4.857631
6359.7190001	4.246344
6361.71699977	1.609983
6363.72899985	5.184019
6365.73099995	0.393484
6367.96799994	0.344284
6369.7249999	5.170203
6371.73099995	0.772664
6373.977	2.579861
6375.97299981	0.640476
6377.97399998	2.189617
6379.977	5.246373
6381.97299981	5.220934
6383.9749999	4.5055
6385.96600008	5.103822
6387.97099996	0.784749
6389.82800007	0.024515
6391.96899986	5.094038
6393.97399998	5.00593
6395.96999979	4.423584
6397.9749999	0.92602
6399.96899986	1.61177
6401.96899986	0.045963
6403.97199988	0.046713
6405.9749999	5.090683
6407.97600007	5.105186
6409.97399998	1.89141
6411.98200011	0.517292
6413.82499981	0.030449
6415.97600007	5.099345
6417.97099996	5.12803
6419.96999979	1.600193
6421.97099996	0.166009
6423.96700001	1.612063
6425.98000002	4.566675
6427.98099995	5.013053
6429.96700001	5.089017
6431.97199988	3.547067
6433.97399998	0.465425
6435.97099996	4.027105
6437.83100009	0.274215
6439.96999979	0.251008
6441.977	0.071324
6443.97399998	3.801589
6445.97900009	5.03511
6447.96899986	0.041819
6449.98200011	5.210526
6451.97600007	2.275994
6453.97799993	4.433379
6455.97799993	0.756303
6457.96999979	1.601845
6459.9749999	1.228634
6461.96799994	1.625582
6463.97399998	0.140625
6465.97299981	2.649377
6467.97199988	0.553188
6469.97799993	0.381743
6471.97600007	0.053072
6473.97600007	0.022391
6475.97099996	0.173449
6477.97199988	4.97636
6479.98200011	5.235397
6481.96700001	1.600391
6483.96799994	1.602195
6485.98399997	1.601716
6487.97299981	5.189505
6489.97399998	5.230125
6491.96899986	5.148796
6493.97600007	1.542916
6495.97799993	0.030438
6497.97799993	1.646118
6499.97600007	0.052496
6501.977	4.495466
6503.96999979	0.197202
6505.98200011	4.555204
6507.97299981	0.335732
6509.98300004	5.113786
6511.98200011	0.126878
6513.96899986	5.133991
6515.97199988	1.631424
6517.98300004	5.044817
6519.97900009	0.108152
6521.98200011	5.089379
6523.97099996	1.853932
6525.97900009	4.552616
6527.98000002	1.976388
6529.96999979	0.054388
6531.97299981	5.105934
6533.98200011	0.152245
6535.98000002	0.211789
6537.977	3.780928
6539.96999979	0.168338
6541.97299981	3.259637
6543.97199988	5.33426
6545.98300004	5.102694
6547.98000002	4.969558
6549.96999979	0.842655
6551.97799993	0.312855
6553.97799993	5.125399
6555.97600007	0.066053
6557.98200011	4.903
6559.96999979	5.051934
6561.98200011	3.676223
6563.97600007	0.962124
6565.98099995	4.969621
6567.97399998	5.153828
6569.97600007	0.660732
6571.97399998	0.315557
6573.97099996	1.373013
6575.98399997	0.60542
6577.97900009	1.6348
6579.9749999	0.565577
6581.98200011	1.566804
6583.9749999	2.957631
6585.96999979	0.029179
6587.98000002	3.772268
6589.98000002	4.855203
6591.98300004	1.617745
6593.9849999	0.206436
6595.98200011	0.240377
6597.98300004	4.564297
6599.98200011	5.182099
6601.97199988	5.107065
6603.9749999	4.639547
6605.9849999	5.034313
6607.98399997	5.041784
6609.9749999	3.690553
6611.97799993	4.999115
6613.98699999	0.550223
6615.98099995	1.592422
6617.98000002	1.226901
6619.977	0.083128
6622.22399998	0.785557
6624.22599983	2.525433
6626.23000002	5.129002
6628.22899985	5.14526
6630.227	5.092921
6632.23699999	0.154667
6634.23399973	5.29013
6636.23399973	0.239189
6638.23399973	0.542939
6640.22599983	1.625218
6642.23000002	4.981065
6644.23500013	3.452248
6646.2329998	4.792199
6648.23099995	0.969319
6650.2329998	5.117674
6652.23500013	5.113234
6654.22899985	0.046833
6656.23099995	5.213448
6658.23099995	1.872485
6660.2329998	3.816189
6662.23099995	5.048476
6664.2329998	1.612681
6666.23099995	5.106104
6668.23399973	0.242026
6670.23500013	5.070925
6672.22899985	4.855164
6674.23000002	5.057168
6676.23000002	5.148361
6678.23199987	0.763502
6680.23000002	4.947189
6682.22300005	3.396042
6684.22399998	5.059106
6686.22300005	4.558935
6688.22799993	1.600721
6690.22099996	0.051645
6692.22399998	4.212831
6694.2249999	4.529664
6696.2249999	5.133832
6698.22300005	1.611412
6700.23399973	0.230897
6702.22300005	5.028689
6704.22599983	5.044168
6706.22300005	0.175272
6708.22599983	0.462003
6710.23099995	3.939261
6712.2249999	0.695661
6714.23000002	0.080443
6716.23199987	0.111555
6718.227	4.723029
6720.23000002	2.620938
6722.22599983	4.50941
6724.23500013	0.167478
6726.23500013	0.206168
6728.227	1.492121
6730.23000002	0.026017
6732.22099996	3.282113
6734.23099995	1.725367
6736.23399973	5.161955
6738.23000002	0.194313
6740.22399998	5.213518
6742.2329998	4.878416
6744.22000003	5.048291
6746.23199987	5.119113
6748.23399973	2.579219
6750.22799993	5.093628
6752.23099995	5.093628
6754.22599983	5.101691
6756.23500013	4.959265
6758.23199987	5.10641
6760.227	0.056821
6762.2329998	5.055256
6764.23199987	5.093653
6766.227	0.203564
6768.23000002	5.16935
6770.227	0.193316
6772.23500013	4.866778
6774.23099995	3.58897
6776.2249999	5.143659
6778.22899985	5.078064
6780.22099996	5.151859
6782.22099996	0.155887
6784.22899985	1.609756
6786.22300005	1.609756
6788.22399998	5.117212
6790.227	3.004787
6792.227	3.004787
6794.23600006	1.632361
6796.2329998	4.963778
6798.23000002	1.610567
6800.22399998	5.244819
6802.23000002	0.052472
6804.22899985	5.078976
6806.23099995	4.85213
6808.23099995	2.802953
6810.23900008	5.131275
6812.22799993	5.318824
6814.2329998	1.907651
6816.23099995	5.092659
6818.22099996	0.059511
6820.22300005	4.141907
6822.23600006	2.040787
6824.22399998	5.103554
6826.22799993	3.214836
6828.22599983	4.643524
6830.22799993	5.113234
6832.23600006	4.11354
6834.22200012	5.069001
6836.2249999	5.069001
6838.23600006	4.648406
6840.23800015	5.28811
6842.22599983	1.605871
6844.2249999	1.021558
6846.23199987	1.616926
6848.22899985	1.910777
6850.23500013	5.11254
6852.23500013	4.68687
6854.23399973	5.100253
6856.227	5.161095
6858.227	4.094148
6860.23199987	4.412203
6862.23600006	5.021775
6864.2249999	1.283512
6866.22599983	1.624161
6868.23399973	0.351789
6870.4749999	5.103067
6872.48099995	4.863205
6874.23600006	4.863205
6876.47199988	5.100619
6878.48000002	0.163315
6880.48199987	4.796187
6882.48300004	5.103101
6884.28999972	3.307206
6886.48799992	0.162886
6888.47399974	0.699102
6890.47800016	0.005326
6892.477	0.930893
6894.47900009	5.140242
6896.4849999	2.237229
6898.49099994	2.332957
6900.47399974	0.37203
6902.47399974	0.4737
6904.477	0.091349
6906.47299981	5.080641
6908.40199971	0.024095
6910.48199987	0.579458
6912.48199987	0.041819
6914.47600007	1.603829
6916.47600007	5.112676
6918.47299981	5.134994
6920.48300004	2.392296
6922.48199987	5.0782
6924.48099995	5.159886
6926.47299981	0.161769
6928.48300004	4.582262
6930.48099995	0.051082
6932.48000002	3.365038
6934.48899984	1.858949
6936.48799992	0.109331
6938.49099994	5.208537
6940.48799992	5.054112
6942.47600007	1.625516
6944.48000002	5.061301
6946.48300004	0.625222
6948.4849999	4.98947
6950.48399997	0.716781
6952.477	1.570452
6954.48099995	0.133462
6956.47900009	1.544163
6958.48000002	5.100884
6960.48399997	2.970359
6962.48000002	5.453212
6964.48899984	1.771506
6966.48199987	0.693468
6968.47800016	5.037029
6970.48899984	0.104062
6972.48799992	4.656223
6974.4849999	5.124537
6976.4849999	1.574868
6978.4749999	0.094725
6980.48799992	3.96936
6982.47800016	5.060511
6984.48099995	0.20595
6986.48199987	0.079925
6988.48300004	5.26606
6990.48899984	1.573844
6992.48899984	5.169112
6994.49199986	5.063273
6996.47800016	1.435688
6998.48999977	5.122576
7000.49099994	0.123697
7002.48799992	3.78429
7004.477	1.608329
7006.48199987	0.058314
7008.48000002	1.935011
7010.49299979	5.116932
7012.48999977	4.601582
7014.47600007	3.853236
7016.48300004	5.166306
7018.47800016	2.020852
7020.48000002	2.03372
7022.48199987	0.911587
7024.48899984	1.663891
7026.4940002	0.091336
7028.47600007	1.608329
7030.48300004	3.41131
7032.48300004	5.039722
7034.48199987	3.159806
7036.48699999	4.83557
7038.47800016	0.083402
7040.47800016	0.050736
7042.47900009	2.371301
7044.48300004	3.192828
7046.48799992	3.554969
7048.49099994	4.520032
7050.49199986	4.719277
7052.48899984	3.217052
7054.48699999	0.069091
7056.49099994	0.07588
7058.48699999	4.438846
7060.48999977	0.005106
7062.48899984	0.096561
7064.47600007	5.049986
7066.48099995	3.847148
7068.48999977	5.096458
7070.47800016	5.286186
7072.47900009	0.399867
7074.48099995	5.060616
7076.48600006	5.196722
7078.4849999	5.066915
7080.4940002	4.779975
7082.49199986	2.397754
7084.48199987	1.87764
7086.48399997	0.02676
7088.48999977	0.081047
7090.48199987	2.490299
7092.48699999	4.833754
7094.48899984	3.820587
7096.47800016	2.578015
7098.49199986	0.023799
7100.48199987	1.620667
7102.47900009	0.069119
7104.48199987	5.106847
7106.48799992	5.250073
7108.48600006	3.661207
7110.48000002	5.341006
7112.47900009	4.945633
7114.47800016	4.340064
7116.48099995	5.020097
7118.727	0.688079
7120.48999977	5.011834
7122.49099994	5.100962
7124.7420001	1.593821
7126.48999977	5.142443
7128.727	4.936551
7130.73099995	4.08637
7132.7420001	5.1235
7134.73699999	4.396731
7136.72999978	0.28271
7138.54799986	1.579353
7140.74499989	2.282794
7142.73799992	5.157159
7144.72899985	3.65283
7146.72999978	5.168101
7148.74399996	0.19363
7150.74000001	5.100518
7152.7329998	4.976245
7154.73199987	5.003472
7156.73399997	5.103552
7158.73199987	5.091855
7160.74399996	5.025635
7162.53600001	3.455354
7164.73799992	4.942707
7166.74099994	5.116892
7168.73799992	0.198019
7170.73799992	5.003035
7172.63399982	0.039747
7174.72999978	0.124083
7176.72799993	0.249405
7178.74000001	1.671222
7180.73699999	3.371607
7182.73900008	4.957439
7184.74300003	4.996971
7186.73099995	2.626448
7188.74300003	0.246526
7190.73900008	0.052739
7192.7329998	5.151138
7194.72600007	4.977396
7196.73600006	1.617417
7198.74000001	0.248052
7200.72600007	3.029582
7202.74000001	5.063114
7204.74099994	2.336316
7206.72999978	1.625648
7208.73900008	0.350834
7210.73799992	1.618401
7212.74000001	0.041573
7214.72899985	0.170984
7216.72799993	5.234262
7218.72999978	5.105186
7220.73399997	1.574584
7222.74499989	0.540849
7224.73500013	0.08155
7226.74699998	3.757742
7228.74099994	5.114313
7230.74099994	1.599279
7232.72799993	1.523307
7234.73099995	3.867874
7236.7420001	4.838805
7238.72999978	5.100171
7240.73099995	1.626178
7242.73199987	0.382665
7244.74099994	0.33524
7246.74000001	4.950041
7248.74099994	3.618602
7250.74300003	1.225695
7252.74099994	4.208136
7254.74499989	1.409833
7256.73500013	0.041534
7258.74300003	1.608783
7260.7329998	2.32
7262.7420001	5.156717
7264.7420001	1.601331
7266.74399996	5.113292
7268.73199987	1.601716
7270.7329998	5.202149
7272.74000001	5.099078
7274.73099995	5.029093
7276.72899985	0.153106
7278.73199987	4.128432
7280.73600006	5.038167
7282.72999978	1.625946
7284.7329998	0.081777
7286.73500013	5.110154
7288.74599981	1.841067
7290.73399997	0.334706
7292.7329998	1.548124
7294.73199987	4.912347
7296.74000001	4.945412
7298.7420001	0.17376
7300.73199987	4.803111
7302.73699999	2.670502
7304.73699999	4.932205
7306.73500013	0.02705
7308.74099994	1.092497
7310.73399997	0.025964
7312.73900008	5.137809
7314.7329998	5.014567
7316.73199987	1.611412
7318.74000001	4.297833
7320.74599981	0.699546
7322.7329998	0.111998
7324.73600006	0.255433
7326.73500013	1.62261
7328.73500013	1.517205
7330.7420001	5.07785
7332.73600006	1.327655
7334.73199987	4.770527
7336.74099994	0.037471
7338.73500013	4.988993
7340.74300003	1.736987
7342.74099994	0.48474
7344.75	3.540168
7346.74099994	3.868526
7348.74099994	0.196821
7350.74499989	1.515628
7352.72799993	0.599841
7354.73500013	5.209972
7356.74499989	5.21746
7358.73500013	5.11399
7360.73500013	2.589774
7362.73900008	5.004905
7364.73799992	1.609853
7366.98300004	0.243767
7368.73600006	0.238277
7370.74099994	5.107436
7372.9849999	5.107436
7374.98099995	1.603356
7376.98799992	1.40238
7378.7809999	5.07882
7380.99199986	4.97913
7382.98200011	5.113221
7384.98899984	5.091759
7386.98399997	0.237664
7388.99399972	5.047028
7390.99299979	1.672168
7392.9849999	4.995013
7394.99000001	4.749182
7396.99299979	4.887763
7398.98799992	4.887763
7400.98399997	4.887763
7402.99299979	4.610082
7404.98099995	5.14201
7406.97799993	5.060611
7408.98399997	1.522099
7410.98000002	5.004669
7412.97900009	5.004669
7414.99699998	4.541187
7416.98699999	4.028811
7418.99199986	4.028811
7420.98000002	4.230559
7422.98899984	5.072158
7424.98099995	4.831946
7426.99299979	4.831946
7428.98599982	5.187148
7430.97799993	2.782844
7432.98599982	2.782844
7434.99000001	5.332956
7436.98699999	1.606226
7438.98300004	5.026377
7440.99399972	0.27722
7442.99299979	0.310052
7444.98099995	0.067238
7446.99099994	0.53856
7448.98000002	5.008575
7450.99399972	0.02914
7452.98200011	4.335267
7454.99099994	1.917684
7456.99000001	1.815986
7458.99099994	5.062306
7460.98300004	0.07728
7462.98200011	5.113355
7464.99199986	5.113355
7466.98699999	4.98969
7468.98599982	4.98969
7470.98300004	4.98969
7472.99299979	5.164101
7474.98899984	5.099673
7476.98899984	0.023889
7478.99399972	0.06951
7480.99600005	5.141238
7482.99399972	0.043548
7484.99699998	4.611341
7486.99399972	0.080861
7488.99000001	1.47185
7490.98699999	0.041323
7492.99099994	5.183202
7494.98699999	0.077869
7496.99399972	4.334816
7498.99500012	1.620239
7500.99199986	1.037735
7502.99199986	0.069124
7504.98799992	0.076378
7506.99399972	4.829711
7508.98300004	0.105724
7510.99199986	0.276076
7512.98599982	1.777132
7514.98200011	5.115013
7516.99399972	4.462449
7518.98699999	4.081393
7520.99399972	0.041988
7522.99099994	1.525705
7524.98099995	5.091327
7526.98300004	0.335286
7528.99399972	1.699482
7530.98300004	2.671905
7532.99000001	2.513741
7534.99199986	4.097189
7536.9849999	0.110255
7538.98599982	5.236526
7540.9849999	0.377731
7542.99099994	1.596274
7544.98300004	5.014015
7546.98899984	5.226291
7548.98699999	0.024721
7550.99500012	5.030023
7552.98699999	1.027629
7554.98799992	0.28092
7556.98300004	0.129126
7558.98200011	0.050401
7560.99299979	0.027349
7562.99199986	4.256519
7564.99699998	0.39946
7566.99199986	1.321201
7568.99299979	0.477115
7570.98300004	2.838777
7572.98899984	0.760426
7574.98300004	2.843523
7576.98799992	3.825537
7578.99399972	0.028066
7580.98699999	5.067223
7582.99199986	4.694231
7584.99199986	1.737655
7586.9849999	0.292447
7588.99199986	5.236357
7590.98200011	5.160103
7592.98799992	0.083611
7594.98699999	4.359515
7596.99900007	4.7553
7598.98899984	5.12593
7601.00199986	4.902416
7602.99000001	5.058544
7604.99699998	3.008588
7606.99099994	3.822515
7608.99299979	0.712094
7610.99600005	0.166829
7612.98899984	5.200459
7614.99299979	4.600907
7616.99500012	0.083357
7618.99299979	1.617221
7621.23900008	0.568122
7623.24199986	0.448009
7625.23500013	5.031552
7627.23900008	4.946793
7629.23199987	4.938114
7631.23699999	4.695805
7633.03699994	1.622115
7635.23600006	0.0728
7637.23500013	5.08414
7639.23199987	3.794576
7641.24399996	3.109207
7643.24399996	1.841008
7645.24600005	5.217334
7647.24399996	1.239535
7649.23900008	0.189919
7651.24300003	5.251718
7653.24799991	1.588242
7655.23399973	3.859384
7657.046	3.833157
7659.2329998	2.563648
7661.24099994	5.119012
7663.23800015	4.887913
7665.24499989	4.857218
7667.24600005	3.801304
7669.24199986	4.950095
7671.24999976	0.074113
7673.23500013	0.072913
7675.24000001	4.95629
7677.24899983	1.417616
7679.24399996	2.110168
7681.11500001	0.047103
7683.24999976	5.250235
7685.23600006	0.024679
7687.24999976	2.535185
7689.25600004	5.192084
7691.24999976	5.177289
7693.25099993	0.692087
7695.24999976	5.156991
7697.24699998	4.523745
7699.23800015	2.904942
7701.24000001	1.416685
7703.24600005	0.299589
7705.24199986	5.007432
7707.24000001	5.393437
7709.24699998	4.736909
7711.24899983	1.588463
7713.24399996	0.196276
7715.24799991	0.062907
7717.24199986	0.024287
7719.24399996	4.57589
7721.23900008	0.154653
7723.24399996	1.002619
7725.24099994	1.499352
7727.24099994	0.695362
7729.0999999	0.077869
7731.24300003	5.1086
7733.24600005	5.086176
7735.23399973	0.644003
7737.23699999	4.930913
7739.24499989	1.619714
7741.24300003	0.207612
7743.2329998	0.435287
7745.23699999	0.042094
7747.24099994	4.901641
7749.24199986	1.530148
7751.24499989	5.130055
7753.24099994	0.026553
7755.24499989	4.539904
7757.2329998	0.026842
7759.24000001	0.327285
7761.25099993	0.491869
7763.24300003	0.454317
7765.23900008	0.139416
7767.24099994	0.027398
7769.24300003	5.198804
7771.24099994	4.919344
7773.24699998	5.135494
7775.24699998	1.072469
7777.25199986	0.197229
7779.24199986	0.771735
7781.24699998	0.080799
7783.23699999	0.355205
7785.25199986	3.802786
7787.24799991	5.064077
7789.24300003	0.06984
7791.24300003	5.184402
7793.23699999	0.378963
7795.24199986	1.527595
7797.24499989	2.352533
7799.24999976	4.623016
7801.23699999	0.662824
7803.24600005	5.028861
7805.23900008	0.024654
7807.24499989	5.070326
7809.24300003	4.43369
7811.23399973	4.469717
7813.24399996	5.069287
7815.24699998	4.265546
7817.23900008	1.626977
7819.24399996	5.106296
7821.24499989	1.605677
7823.24300003	1.208934
7825.23399973	5.098393
7827.23600006	0.005328
7829.24799991	0.795351
7831.24499989	1.514392
7833.24999976	4.853343
7835.25400019	1.604419
7837.25099993	4.675611
7839.24000001	0.124237
7841.24600005	0.090226
7843.24499989	4.821948
7845.23900008	5.093224
7847.24899983	2.616849
7849.24699998	3.091905
7851.24099994	3.26002
7853.23699999	4.054797
7855.24000001	0.415474
7857.25099993	2.209868
7859.24899983	5.153204
7861.23800015	1.491151
7863.24899983	5.056362
7865.24000001	0.534065
7867.48699999	0.329335
7869.24300003	1.531028
7871.49099994	4.778483
7873.48600006	0.053179
7875.24999976	3.783902
7877.49699998	5.036474
7879.25099993	3.225741
7881.49099994	5.100183
7883.49699998	4.986214
7885.49199986	5.062705
7887.49099994	5.141643
7889.48899984	0.192055
7891.49699998	1.758302
7893.50399995	5.160865
7895.48999977	5.149176
7897.49099994	0.162183
7899.48399997	0.911773
7901.50300002	5.131808
7903.50300002	3.453497
7905.48899984	5.116922
7907.49900007	4.376473
7909.49799991	0.097988
7911.49900007	4.493951
7913.49099994	4.817442
7915.49500012	5.143191
7917.48799992	1.505992
7919.4849999	5.008829
7921.48699999	1.608977
7923.49900007	4.442004
7925.49500012	5.24833
7927.4849999	2.231598
7929.4940002	5.088159
7931.4940002	4.789784
7933.49799991	5.103118
7935.49699998	4.98895
7937.4849999	2.486585
7939.4940002	0.826997
7941.48899984	4.446288
7943.49099994	5.119113
7945.49699998	1.564792
7947.48799992	5.036041
7949.49600005	0.135389
7951.50499988	4.411736
7953.4289999	1.99445
7955.50099993	0.722727
7957.50200009	0.457113
7959.48699999	4.937137
7961.4940002	5.007738
7963.48799992	0.299448
7965.49600005	5.256747
7967.50200009	5.016818
7969.49099994	5.09933
7971.4940002	1.788027
7973.49699998	5.031581
7975.48799992	4.443286
7977.49299979	0.132647
7979.49199986	5.050975
7981.4940002	2.947439
7983.49799991	0.406097
7985.48899984	5.084005
7987.49799991	0.247409
7989.48799992	5.093074
7991.4940002	4.730163
7993.5	5.159316
7995.48799992	4.929797
7997.49500012	5.099752
7999.48899984	5.062925
8001.49699998	5.031367
8003.49299979	5.057227
8005.49199986	5.061509
8007.49900007	5.080299
8009.48699999	5.115577
8011.49199986	4.917325
8013.4940002	1.617221
8015.49600005	1.883132
8017.48999977	5.039891
8019.48699999	5.105163
8021.49600005	5.105163
8023.49900007	2.409558
8025.49199986	1.560756
8027.49799991	5.079622
8029.49299979	5.077619
8031.48999977	3.37931
8033.49699998	4.85913
8035.48899984	0.221655
8037.49699998	5.127769
8039.49199986	3.754255
8041.49500012	5.045502
8043.48899984	0.11321
8045.49500012	0.082261
8047.49500012	0.62053
8049.48699999	2.300921
8051.49500012	5.089516
8053.48899984	0.380195
8055.48699999	0.464863
8057.49600005	2.331917
8059.50300002	5.026465
8061.49699998	5.182822
8063.49699998	5.076785
8065.49799991	5.055574
8067.48899984	0.790623
8069.48999977	0.085086
8071.4940002	5.044312
8073.49199986	0.143199
8075.49500012	0.660037
8077.4940002	3.545421
8079.50099993	0.606826
8081.49699998	0.183463
8083.49900007	0.268082
8085.49299979	5.095802
8087.50300002	5.325797
8089.50099993	1.609431
8091.50200009	5.173865
8093.49099994	2.873459
8095.49099994	4.200611
8097.5	5.280263
8099.48899984	5.107666
8101.48799992	5.139303
8103.49099994	0.520604
8105.50300002	5.138031
8107.49500012	0.083532
8109.48999977	1.62976
8111.49500012	0.087106
8113.49600005	1.604903
8115.51099992	4.472789
8117.50300002	3.55483
8119.50099993	0.979677
8121.50300002	1.643701
8123.49799991	4.19794
8125.74899983	1.307429
8127.55100012	4.450052
8129.74399996	5.118599
8131.75	1.758913
8133.74399996	0.507924
8135.75	5.115614
8137.74499989	5.198567
8139.74099994	0.082488
8141.74699998	1.345339
8143.75299978	5.12839
8145.74300003	0.656122
8147.74599981	3.000084
8149.74399996	3.376648
8151.54499984	5.047428
8153.74099994	5.142809
8155.75099993	3.123532
8157.74599981	0.588688
8159.74699998	0.110596
8161.74099994	0.054064
8163.7420001	5.130509
8165.74699998	0.025131
8167.75299978	0.31891
8169.74699998	2.739557
8171.75399971	5.187728
8173.75500011	2.030714
8175.55000019	1.61745
8177.75399971	0.240503
8179.74699998	4.135943
8181.74699998	5.143491
8183.75099993	0.289544
8185.7420001	3.48516
8187.74000001	5.084561
8189.74599981	5.058958
8191.75500011	4.942745
8193.74399996	4.949965
8195.74599981	1.598062
8197.7420001	5.123154
8199.74599981	4.288387
8201.75299978	5.162514
8203.73900008	0.539854
8205.74699998	5.139893
8207.75	5.0347
8209.74899983	0.040896
8211.75299978	4.987816
8213.74699998	0.107547
8215.74699998	5.104297
8217.74300003	5.224576
8219.7420001	5.217547
8221.75399971	5.12567
8223.74599981	5.089104
8225.75099993	0.265108
8227.75099993	5.126455
8229.74599981	4.988572
8231.75	4.749721
8233.74099994	5.017895
8235.75600004	5.196437
8237.74699998	0.395112
8239.74599981	0.073767
8241.75600004	0.052041
8243.74799991	3.515347
8245.75500011	5.011058
8247.74099994	5.092318
8249.74799991	5.092921
8251.7420001	1.845274
8253.75199986	0.206337
8255.75299978	0.373115
8257.74799991	0.074501
8259.74799991	0.330572
8261.7420001	0.487752
8263.74899983	0.024322
8265.74099994	4.59558
8267.74899983	1.615029
8269.75399971	0.368312
8271.73900008	5.103828
8273.75500011	2.31324
8275.74699998	1.55502
8277.75	5.098772
8279.74699998	5.141541
8281.75500011	5.058682
8283.75	4.384376
8285.75699997	1.586155
8287.74499989	5.190705
8289.74399996	0.249077
8291.75	3.822571
8293.74899983	3.224985
8295.75299978	4.576404
8297.74799991	5.155165
8299.74300003	5.06624
8301.75500011	4.982815
8303.74799991	0.217241
8305.75199986	1.600432
8307.74699998	0.082182
8309.74099994	0.166014
8311.75	0.164299
8313.75399971	4.528023
8315.74799991	1.598401
8317.75399971	5.16632
8319.74300003	5.099244
8321.74699998	4.190708
8323.74699998	5.115106
8325.74000001	3.294797
8327.75199986	5.129421
8329.7420001	5.144129
8331.75	0.870503
8333.74000001	4.956884
8335.74799991	1.581507
8337.75299978	5.170303
8339.73900008	2.33575
8341.74799991	5.068001
8343.7420001	5.0604
8345.75199986	5.0604
8347.75099993	2.44562
8349.74599981	5.109493
8351.74399996	5.109493
8353.75099993	1.585971
8355.74099994	5.037327
8357.74000001	5.156567
8359.74699998	5.116875
8361.74599981	5.040162
8363.74399996	1.60117
8365.74899983	5.123104
8368.00600004	5.120363
8369.75600004	3.363733
8371.99600005	5.166201
8373.99199986	5.068062
8375.99500012	5.179642
8377.99900007	5.049576
8379.99199986	0.263461
8381.80499983	1.599022
8384.00399995	3.525594
8386.0	3.138931
8387.99199986	4.837935
8390.00099993	1.165494
8392.00600004	1.601973
8393.99000001	4.964102
8395.99299979	5.147682
8397.99699998	0.870336
8400.00399995	4.958234
8401.99099994	1.998553
8404.00099993	5.047078
8405.79399991	5.047078
8407.99000001	5.060659
8410.00099993	5.149753
8411.99099994	5.13468
8414.0	5.108568
8416.00300002	1.612518
8417.99800014	5.044307
8419.99000001	5.06749
8422.00499988	1.614931
8424.00099993	4.487637
8426.0079999	5.163871
8427.99099994	4.99359
8429.99900007	3.328488
8432.00099993	2.53022
8433.99299979	0.411879
8436.00099993	1.614409
8437.99199986	5.183626
8439.99800014	4.830027
8442.00499988	5.234943
8443.99800014	0.021866
8446.00399995	5.029566
8447.99299979	0.744015
8449.99600005	5.082776
8452.0	5.162999
8454.00499988	5.03511
8455.99600005	5.145762
8458.00499988	0.106176
8460.00600004	1.611933
8461.99199986	0.36823
8464.00399995	5.075148
8466.00899982	4.817378
8468.01199985	4.96656
8469.99500012	2.897775
8471.99699998	5.059608
8474.00199986	1.624788
8475.99500012	5.069832
8477.99199986	1.605536
8480.00600004	4.567513
8481.99399972	5.204884
8483.99800014	5.033632
8486.00399995	2.128612
8487.99399972	5.076807
8490.0079999	4.881405
8492.0	4.902624
8494.00699997	5.065638
8496.00399995	5.253766
8498.00499988	1.615421
8500.00499988	4.406449
8502.00099993	4.756756
8504.00199986	5.037394
8506.00699997	5.090927
8508.00499988	0.840662
8509.99600005	5.177663
8511.99900007	4.980168
8513.99900007	5.036041
8516.00399995	0.181253
8518.0079999	4.497399
8519.99399972	0.516214
8522.00499988	1.606293
8524.00600004	4.984439
8526.00600004	1.626277
8528.0079999	1.084702
8530.00099993	0.313844
8531.99600005	0.357469
8534.00600004	0.415153
8535.99299979	5.396814
8537.99900007	1.437112
8540.00300002	0.165427
8542.00600004	5.112546
8543.99600005	0.261469
8545.99299979	3.509879
8548.00499988	5.150933
8550.00699997	1.592962
8552.0	0.143577
8554.00699997	5.101522
8556.00099993	0.413698
8557.99500012	5.223599
8560.00099993	5.161907
8562.00600004	5.13417
8564.0	5.177464
8565.99600005	5.109595
8567.99900007	2.988884
8569.99699998	5.05603
8571.99399972	5.077053
8574.0	5.077053
8576.00199986	5.077053
8578.0079999	0.046974
8579.99500012	2.006746
8582.00399995	2.615376
8584.00199986	5.073156
8585.99399972	4.663273
8588.00099993	5.184171
8589.99900007	5.080523
