0.0	3.655008
0.0729999542236	2.782691
0.136000156403	2.782691
0.193000078201	2.782691
0.255000114441	2.782691
0.355000257492	3.499162
1.04200029373	0.330036
1.70199990273	0.416595
2.42700028419	0.702401
3.35100007057	3.694586
5.36200022697	3.235612
7.35200023651	3.77125
9.35400032997	3.7584
11.35400033	2.695631
13.35400033	3.487719
15.3450000286	0.84251
17.3489999771	3.732926
19.3570001125	3.021927
21.3499999046	3.633771
23.3489999771	1.508632
25.3460001945	3.574874
27.3489999771	3.431186
29.3499999046	3.695131
31.3489999771	3.465688
33.3489999771	3.688795
35.368999958	1.599726
37.4710001945	0.349989
39.3520002365	0.304619
41.3460001945	3.500173
43.3480000496	1.80421
45.353000164	3.777238
47.353000164	3.585047
49.3499999046	2.942361
51.353000164	2.884377
53.362000227	3.723734
55.3480000496	3.752929
57.3510000706	3.692506
59.353000164	3.725077
61.356000185	3.715192
63.35400033	3.460994
65.3580000401	3.488143
67.3499999046	3.679923
69.3480000496	3.643191
71.3499999046	3.71073
73.3489999771	3.748765
75.35400033	3.7367
77.3470001221	2.265256
79.353000164	0.150733
81.3460001945	3.588314
83.3520002365	3.772703
85.35400033	3.040158
87.3489999771	3.630903
89.3480000496	3.669639
91.3470001221	0.038157
93.361000061	3.769429
95.3580000401	3.641445
97.353000164	3.626706
99.3520002365	3.261195
101.35400033	3.737201
103.348999977	3.771179
105.35800004	0.256771
107.347000122	3.351789
109.349999905	3.67275
111.352000237	3.802377
113.35400033	1.201598
115.35800004	3.638377
117.357000113	3.738692
119.346000195	3.508855
121.349999905	3.858782
123.352000237	1.353431
125.356000185	3.821909
127.352000237	3.574943
129.362000227	0.021775
131.352000237	3.423326
133.349999905	3.41985
135.346000195	1.034576
137.346000195	2.685737
139.357000113	3.693846
141.360000134	3.560369
143.348999977	1.529253
145.356000185	0.702429
147.347000122	1.740552
149.351000071	3.631738
151.360000134	3.762061
153.347000122	0.460944
155.345000029	3.809237
157.356000185	1.49362
159.59400034	3.852761
