0.0	4.628711
0.674000263214	0.008151
0.868999958038	0.382036
1.23500013351	0.122977
1.59900021553	0.409339
1.95000004768	0.362431
2.16100001335	0.544398
2.54800009727	0.040788
3.14300012589	0.368201
3.78999996185	0.660864
5.79900026321	0.828473
7.80400013924	1.067967
9.79900026321	1.338675
11.7880001068	1.296284
13.7969999313	0.182033
15.7940001488	0.522975
17.7940001488	0.584594
19.7980000973	2.390562
21.9930000305	2.259091
23.8000001907	2.51401
25.8030002117	3.124168
27.8030002117	0.008143
30.0500001907	0.937984
32.0410001278	0.23709
34.0400002003	3.03353
36.0490000248	3.387934
38.0520000458	1.504873
40.0410001278	2.513928
42.0510001183	0.008065
44.0529999733	3.849795
45.9900000095	3.63658
48.0430002213	4.921155
50.0510001183	4.921155
52.0400002003	4.921155
54.0500001907	1.040349
56.0510001183	0.417045
58.0529999733	2.145094
60.0529999733	2.145094
62.0539999008	0.597699
64.0480000973	0.261623
66.0430002213	0.11289
68.0470001698	0.321499
69.9880001545	0.41423
72.0480000973	0.236292
74.0440001488	1.703514
76.0520000458	0.605518
78.0539999008	0.661841
80.0520000458	3.93688
82.0490000248	0.032721
84.0500001907	0.112963
86.0410001278	3.699973
88.0470001698	0.446327
90.0470001698	0.446327
92.0480000973	1.041371
93.987000227	5.455753
96.0450000763	5.455753
98.0430002213	5.455753
100.041000128	5.455753
102.04700017	0.95829
104.052000046	1.066209
106.044000149	1.066209
108.042000294	4.910671
110.042000294	5.567679
112.042000294	5.567679
114.045000076	0.41209
116.046000004	1.384625
117.984000206	2.400629
120.045000076	2.400629
122.045000076	5.510714
124.052999973	5.510714
126.050000191	5.510714
128.050000191	0.524693
130.042000294	1.297463
132.051000118	2.221407
134.048000097	2.342455
136.045000076	1.165041
138.052999973	0.28772
140.037999868	1.640769
141.99000001	0.93684
144.053999901	0.93684
146.041000128	2.082514
148.043000221	2.152832
150.055000067	0.962687
152.053999901	0.414766
154.775000095	0.007089
156.04700017	0.071849
158.050000191	0.118928
160.041000128	0.296326
162.053999901	2.509318
164.04700017	0.568236
165.988000154	2.416785
168.052000046	4.659235
170.042000294	0.59805
172.04700017	0.008068
174.052999973	0.797329
176.049000025	0.876787
178.048000097	0.369896
180.051000118	1.562517
182.052000046	4.830779
184.042000294	0.163626
186.052999973	2.579799
188.042000294	1.271481
189.994000196	0.412372
192.051000118	0.252374
194.045000076	0.007701
196.045000076	0.09576
198.045000076	0.008281
200.0400002	0.278764
202.043000221	0.008214
204.0400002	2.82487
206.044000149	0.69959
208.0400002	4.727953
210.04700017	0.154145
212.046000004	1.145562
214.041000128	0.378831
216.052000046	0.543914
218.048000097	0.007837
220.055000067	0.016133
222.050000191	0.427782
224.052000046	1.10407
226.04700017	1.024006
228.051000118	2.057394
230.044000149	1.919376
232.052000046	0.322788
234.05700016	0.031871
236.044000149	0.564869
238.04700017	0.411106
240.043000221	4.706298
242.04700017	4.890094
244.049000025	0.764664
246.042000294	1.437413
248.042000294	0.833867
250.04700017	0.718905
252.053999901	0.455767
254.046000004	1.07076
256.044000149	0.772698
258.043000221	0.497528
260.046000004	0.214609
262.044000149	1.443315
264.045000076	2.126733
266.049000025	2.177071
268.043000221	3.217324
270.052999973	0.218115
272.306000233	0.344095
274.292999983	0.023075
276.296000004	0.356326
278.298000336	0.124534
280.296999931	0.322913
282.305000067	0.048916
285.012000084	0.002468
286.429000139	4.40377
288.306000233	0.674863
290.302000046	1.491576
292.295000076	1.684049
294.291000128	1.740438
296.304000139	1.740438
298.298000336	1.740438
300.246000051	1.740438
302.303000212	0.095565
304.292999983	0.60035
306.305000067	0.008108
308.306000233	1.720839
310.292000055	0.018897
312.295000076	2.817886
314.296999931	0.410647
316.296999931	1.085417
318.296999931	0.883403
320.300000191	0.728475
322.301000118	0.1319
324.244000196	0.645303
326.304000139	0.181801
328.296000004	1.137847
330.300000191	0.129969
332.304000139	0.016571
334.304000139	0.409502
336.300000191	1.862278
338.305000067	0.323592
340.296000004	1.119716
342.298000336	0.326569
344.305000067	4.892507
346.299000263	3.849519
348.244000196	2.366977
350.292999983	0.530847
352.292000055	0.306736
354.291000128	0.008245
356.296999931	0.178783
358.29399991	0.585138
360.292999983	0.684528
362.303000212	2.279082
364.299000263	0.008184
366.291000128	0.848581
368.302000046	0.416421
370.302000046	0.753597
372.269000053	1.318564
374.291000128	1.822863
376.291000128	1.729469
378.296999931	2.096288
380.299000263	2.466776
382.29399991	2.541518
384.306000233	2.515638
386.299000263	2.75993
388.292999983	3.072568
390.325000048	1.923363
392.302000046	1.287808
394.308000088	3.301618
396.250000238	2.931564
398.296000004	3.23058
400.291000128	0.756295
402.296999931	3.652294
404.292000055	3.869518
406.299000263	3.249152
408.308000088	0.565977
410.302000046	0.702272
412.299000263	3.281292
414.296000004	4.260817
416.30700016	4.260817
418.292999983	0.045938
420.243000269	2.09405
422.301000118	4.122467
424.306000233	3.733959
426.299000263	1.690157
428.325999975	4.020495
430.295000076	1.015119
432.302000046	4.005885
434.292000055	0.53275
436.291000128	0.008219
438.296999931	4.151011
440.306000233	4.027258
442.296999931	0.685815
444.296999931	1.769496
446.308000088	3.947023
448.292999983	0.83945
450.304000139	0.343396
452.296000004	0.395633
454.305000067	0.530435
456.296999931	0.147011
458.292999983	0.139786
460.304000139	0.041459
462.296999931	0.32959
464.301000118	1.228031
466.301000118	0.638533
468.250000238	1.010449
470.296000004	0.007759
473.025000095	0.018447
474.328000069	0.037521
476.296000004	0.002562
478.272000074	0.020635
480.298000336	2.479007
482.30700016	0.023065
484.303000212	0.073382
486.292000055	0.930592
488.300000191	0.690773
490.296000004	0.293281
492.295000076	0.414969
494.304000139	5.270973
496.298000336	0.035506
498.29399991	0.958121
500.29399991	0.728718
502.301000118	5.371733
504.309999943	0.008954
506.296000004	0.04803
508.296000004	0.008239
510.304000139	1.493576
512.296999931	0.393581
514.306000233	1.280427
516.303000212	0.344148
518.298000336	0.063995
520.301000118	0.041171
522.305000067	1.602017
524.544000149	0.018575
526.545000076	0.418056
528.304000139	0.664882
530.552999973	0.0124
532.549000025	0.013622
534.552000046	1.469929
536.546000242	1.469929
538.542000055	1.469929
540.542000055	1.469929
542.551000118	1.469929
544.546000242	1.539808
546.555000067	0.165545
548.549999952	0.358938
552.546000242	1.250195
554.288000107	0.157664
555.465000153	0.872635
556.466000319	1.93733
558.555999994	0.007701
560.555000067	1.165813
562.554000139	0.016493
564.487000227	0.024315
566.555999994	0.753616
568.541000128	1.498355
570.552000046	0.032596
572.820000172	0.097756
575.453000069	0.006219
576.505000114	1.159985
578.545000076	0.047674
580.543000221	0.002262
582.552999973	0.082763
584.551000118	0.008266
586.548000097	0.279583
588.543000221	1.834296
590.554000139	1.834296
592.55700016	4.367174
594.544000149	0.702534
596.552999973	0.220401
598.545000076	1.791483
600.55700016	0.305023
602.565999985	1.99981
604.560000181	0.008021
606.552000046	0.012239
608.555000067	0.012837
610.545000076	4.966244
612.549999952	4.966244
614.560000181	0.197373
616.551000118	0.04716
618.54700017	3.475144
620.552999973	5.11463
622.554000139	5.11463
624.554000139	5.11463
626.549999952	5.11463
628.560000181	5.11463
630.555999994	5.11463
632.548000097	5.11463
634.551000118	5.11463
636.560000181	5.071625
638.555999994	0.250953
640.551000118	0.016084
642.545000076	1.938909
644.554000139	1.938909
646.558000088	1.938909
648.555000067	0.001865
650.548000097	0.539852
653.785000086	1.003506
656.239000082	1.301524
658.709000111	0.330093
659.130000353	2.047578
660.549999952	2.454686
662.54700017	0.676634
664.554000139	2.951827
666.55700016	2.365163
668.546000242	3.08878
670.551000118	0.404657
672.54700017	1.967501
674.54700017	0.772751
676.543000221	0.044751
678.54700017	0.522884
680.543000221	0.408913
682.561000109	0.680573
684.55700016	3.660701
686.552000046	0.038569
688.548000097	0.680116
690.546000242	0.07816
692.555000067	0.006523
694.546000242	3.190393
696.549000025	3.190393
698.543000221	4.728653
700.551000118	2.052928
702.558000088	4.817799
704.544000149	0.076028
706.565999985	0.314909
708.552000046	2.117097
710.552000046	0.14977
712.54700017	2.030962
714.552999973	0.594702
716.546000242	1.233142
718.549999952	1.182669
720.555999994	0.761398
722.55700016	0.783256
724.546000242	0.228712
726.55700016	1.46115
728.552999973	0.397736
730.548000097	1.872534
732.55700016	0.685403
734.54700017	0.585986
736.554000139	0.489604
738.545000076	0.705643
740.555000067	0.013053
742.549999952	0.416534
744.54700017	2.444489
746.554000139	2.444489
748.558000088	2.444489
750.555999994	2.444489
752.552999973	2.444489
754.543000221	2.638569
756.544000149	2.638569
758.548000097	0.057281
766.103000164	0.809714
767.479000092	1.024943
769.700999975	0.089588
770.603000164	0.190773
771.730000257	0.041435
774.105000019	1.495425
775.565999985	0.074143
776.978000164	0.298577
778.083000183	0.058152
779.298000336	0.098254
780.58100009	0.008228
782.794000149	0.033316
784.801000118	3.148372
786.799000263	3.148372
788.795000076	3.148372
790.80700016	2.179986
792.799000263	0.031011
794.798000097	0.594834
796.796000004	0.737361
798.812999964	2.592842
800.808000088	5.006844
802.808000088	4.6494
804.795000076	4.6494
806.802000284	4.6494
808.796000004	4.910625
810.804000139	4.910625
812.805000067	4.910625
814.805999994	4.910625
816.803000212	4.910625
818.752000093	4.910625
820.805000067	4.910625
822.803000212	4.910625
824.805999994	4.910625
826.799000263	5.051218
828.796999931	0.012471
830.809000015	2.304033
832.800000191	2.455903
834.80700016	4.810932
836.796000004	0.013
838.795000076	2.347715
840.828999996	2.347715
842.74600029	0.931366
844.80700016	2.433953
846.810000181	2.433953
848.808000088	5.008326
850.800000191	0.799701
852.795000076	0.410986
854.811000109	0.155381
856.805999994	1.144822
858.798000097	2.35955
860.799000263	0.143884
862.802000284	1.991217
864.805999994	0.013146
866.795000076	0.974807
868.808000088	0.02489
870.811000109	0.111914
872.812000036	0.006629
874.805999994	0.027831
876.805999994	0.389169
878.796999931	0.062056
880.803000212	0.191619
882.805000067	0.774395
884.805000067	0.743799
886.802000284	0.008125
888.810000181	0.007302
890.75	0.4112
892.804000139	0.036646
894.802000284	3.113687
896.801000118	3.459487
898.805000067	0.337296
900.794000149	0.412628
902.796000004	1.223993
904.810000181	0.534652
906.796999931	0.68372
908.809000015	0.089604
910.802000284	0.40358
912.796000004	5.645919
914.769000053	0.828042
916.808000088	0.040924
918.804000139	0.20309
920.805000067	0.24894
922.796000004	0.617261
924.796000004	0.074632
926.808000088	0.007502
928.805999994	0.358572
930.805999994	0.128398
932.796000004	1.84226
934.80700016	0.008059
936.798000097	0.028423
938.738000154	0.412862
940.808000088	1.642849
943.386000156	0.001512
944.89800024	0.002187
946.796000004	0.065251
948.881000042	1.041213
950.801000118	2.315122
952.811000109	1.976961
954.796999931	1.555064
956.799000263	0.584194
958.810000181	2.488847
960.80700016	0.630553
962.801000118	0.365528
964.805000067	0.079554
966.804000139	0.139127
968.80700016	0.156512
970.808000088	0.034741
972.801000118	0.405027
974.80700016	1.874337
976.796999931	1.908486
978.80700016	4.496012
980.798000097	0.038227
982.808000088	0.026112
984.808000088	0.61879
986.795000076	1.126643
988.803000212	0.008294
990.805999994	1.006102
992.972000122	2.16854
994.796999931	1.269942
996.811000109	0.019715
998.805000067	0.154772
1000.79699993	0.250794
1004.23100019	0.19043
1004.80700016	0.190177
1006.80700016	0.213957
1008.80400014	0.066631
1010.80300021	0.399288
1012.80400014	0.889853
1014.80599999	0.58369
1016.796	0.448166
1018.80800009	0.091217
1020.80400014	0.410066
1022.80700016	0.03165
1025.0480001	0.400241
1027.04900002	4.637892
1028.81000018	2.055411
1031.046	0.409278
1033.05700016	2.092265
1035.18499994	0.006282
1037.04900002	0.074549
1039.05599999	0.007936
1041.05500007	0.480164
1043.05100012	0.180872
1045.0539999	1.714837
1047.05500007	0.09861
1049.05299997	1.183879
1051.04900002	0.111496
1053.05100012	0.087367
1055.04700017	0.824401
1057.05800033	0.310709
1058.97900009	0.012898
1061.06100011	0.007704
1063.06100011	0.391848
1065.05200005	1.492483
1067.05700016	0.225304
1069.06000018	0.020195
1071.0480001	0.040631
1073.0	0.927132
1075.05299997	0.0622
1077.05000019	0.028613
1079.0539999	0.008108
1081.05000019	1.453672
1083.0480001	1.453672
1085.05500007	1.470454
1087.05599999	1.470454
1089.05000019	1.952722
1091.05599999	1.952722
1093.05100012	1.952722
1095.05800033	1.952722
1097.04900002	0.940538
1099.04700017	0.320785
1101.05700016	0.822385
1103.05000019	0.415634
1105.05599999	2.413524
1107.04700017	2.626046
1109.05800033	2.626046
1111.05200005	0.013273
1113.05800033	0.371674
1115.04900002	0.007897
1117.06000018	0.032916
1118.95500016	0.002449
1120.9940002	0.412489
1123.0539999	0.019281
1125.05200005	0.032682
1127.0480001	0.00814
1129.05500007	0.014742
1131.0480001	2.075207
1133.05800033	2.266751
1135.05900025	0.402266
1137.06000018	1.456369
1139.05200005	0.024434
1141.0480001	0.008227
1143.0539999	0.425869
1145.00300026	0.408353
1147.06100011	0.058408
1149.05500007	0.066595
1151.05000019	0.00821
1153.05599999	0.08163
1154.9940002	0.023965
1157.05299997	0.945724
1159.04700017	0.007609
1161.05800033	0.020926
1163.05000019	0.729717
1165.06200004	0.008044
1167.04700017	0.539678
1169.00200033	1.76486
1171.04900002	0.953279
1173.20700026	0.024679
1175.29200006	0.008306
1177.37300014	0.140872
1179.35800004	0.593011
1181.06100011	0.453925
1183.0480001	0.423962
1185.05700016	0.008238
1187.04900002	0.025238
1189.05500007	2.630434
1191.05700016	0.788108
1193.00500011	1.064556
1195.06400013	0.019732
1197.06000018	0.604196
1199.06200004	0.045903
1201.0480001	0.055152
1203.05599999	0.006293
1205.05599999	0.057717
1207.05100012	0.007653
1209.44700027	0.016534
1211.06600022	0.199221
1212.99699998	0.008154
1215.05000019	0.098939
1217.06000018	0.289484
1219.06200004	0.031823
1222.05700016	0.023593
1223.72800016	0.262185
1225.66700029	0.063617
1227.4460001	0.024269
1229.08899999	0.007765
1231.05900025	0.236736
1233.0480001	0.178016
1235.05100012	0.522448
1237.05200005	0.008164
1239.04900002	0.40379
1241.06000018	0.409448
1243.05900025	0.717777
1245.05800033	0.089467
1247.06100011	0.05051
1249.0480001	3.535367
1251.06000018	0.025173
1253.05000019	0.032506
1255.05100012	1.06422
1257.05900025	4.04076
1259.05200005	4.846456
1261.05500007	0.436904
1263.05900025	0.802415
1265.04900002	0.404331
1267.05800033	0.068858
1269.05700016	0.115493
1271.29900026	0.181964
1273.30500007	0.031603
1275.11200023	0.021041
1277.31500006	0.345078
1279.30100012	0.210863
1281.30700016	0.531353
1283.31500006	0.913745
1285.29800034	0.026368
1287.30200005	0.065541
1289.76300025	0.058074
1291.72400022	0.035784
1293.20700026	0.041114
1295.31400013	0.049286
1297.30400014	0.30751
1299.30100012	0.830992
1301.30600023	3.220444
1303.30100012	0.100342
1305.29699993	0.899423
1307.31299996	0.585826
1309.29800034	0.008192
1311.30700016	0.070386
1313.30400014	0.018661
1316.21000028	0.087439
1317.89000034	0.050604
1319.24099994	1.689287
1321.31200004	0.446101
1323.29900026	0.406318
1325.30999994	1.494683
1327.30500007	0.080947
1329.30100012	0.687728
1331.30700016	0.103684
1333.30400014	0.044313
1335.30700016	0.335194
1337.30999994	0.415502
1339.30000019	0.013085
1341.30000019	0.186263
1343.21800017	0.008273
1345.30000019	0.580146
1347.30000019	0.894592
1349.32300019	0.995431
1351.30999994	0.041451
1353.30000019	0.01458
1355.30800009	0.03856
1357.61300015	0.002469
1359.26800013	0.013795
1361.30300021	0.415707
1363.31299996	0.039985
1365.30300021	0.039341
1367.31200004	0.00797
1369.30800009	0.018061
1371.31200004	0.909297
1373.30700016	0.099744
1375.31400013	0.238375
1377.31299996	3.26847
1379.30999994	0.609286
1381.32300019	0.008113
1383.30600023	0.229927
1385.22199988	0.01895
1387.29900026	0.022061
1389.30900002	0.087205
1391.30800009	0.008104
1393.91900015	0.02987
1395.48900008	0.924556
1397.32400012	0.006752
1399.30100012	0.599082
1401.29900026	0.015979
1403.30900002	0.006576
1405.29900026	0.019292
1407.30700016	0.006458
1409.29800034	0.414585
1411.30800009	0.040735
1413.30400014	5.837051
1415.30900002	5.837051
1417.30100012	0.525244
1419.31200004	0.006268
1421.30400014	2.128248
1423.31299996	2.56116
1425.30600023	0.179076
1427.31200004	2.456515
1429.30300021	0.408668
1431.30000019	1.933754
1433.23200011	0.012702
1435.30300021	2.693781
1437.29900026	2.693781
1439.31299996	2.693781
1441.30000019	2.729232
1443.31100011	2.729232
1445.30700016	0.02414
1450.64499998	0.56514
1451.79500008	0.785395
1453.11800003	1.071941
1453.66400003	0.415411
1455.74000001	0.02642
1457.29900026	2.554778
1459.30100012	0.581658
1461.32400012	2.607379
1463.31100011	1.321501
1465.31100011	0.927611
1467.31400013	0.389649
1469.30800009	2.961586
1471.31100011	2.962746
1473.30100012	1.036792
1475.30500007	3.506391
1477.30600023	4.379893
1479.30600023	4.379893
1481.30000019	4.379893
1483.30300021	4.379893
1485.30300021	0.00682
1487.30800009	2.128455
1489.30400014	2.128455
1491.29900026	2.335904
1493.30400014	4.3797
1495.30999994	4.3797
1497.30200005	0.006688
1499.30500007	2.239091
1501.31100011	0.40765
1503.29900026	0.792955
1505.31299996	4.451773
1507.30999994	4.451773
1509.30000019	4.617398
1511.29900026	4.617398
1513.31100011	4.617398
1515.30300021	4.617398
1517.31200004	4.617398
1519.30600023	4.617398
1521.55400014	4.625701
1523.30999994	0.021496
1525.55700016	4.6718
1527.30900002	4.6718
1529.55599999	4.648162
1531.55900025	0.136049
1533.56400013	0.515534
1535.56500006	0.072049
1537.56800008	1.064175
1539.55100012	0.012252
1541.56100011	0.034948
1543.50800014	0.415333
1545.54999995	0.030708
1547.55500007	0.006302
1549.56100011	0.032661
1551.55700016	0.050801
1553.55700016	1.929012
1555.56000018	0.045212
1557.55900025	1.530492
1559.56400013	0.110507
1561.39500022	0.03117
1563.5630002	1.689094
1565.56400013	0.744388
1567.49699998	0.412438
1569.56100011	0.019116
1571.55200005	0.389269
1573.55100012	0.00808
1575.55599999	0.007849
1577.55900025	0.012595
1579.55299997	0.970254
1581.56100011	5.576991
1583.55100012	1.49336
1585.5630002	2.877991
1587.55299997	2.877991
1589.56100011	2.877991
1591.50400019	0.410918
1593.55100012	0.012043
1595.55400014	1.010476
1597.56200027	1.358197
1599.55800009	0.053563
1601.56000018	0.013366
1603.55200005	0.065335
1605.56200027	0.090388
1607.56400013	0.305533
1609.55500007	0.568307
1611.56000018	2.686209
1613.55500007	3.629634
1615.50700021	0.393524
1617.56599998	1.931442
1619.55500007	0.049581
1621.55599999	0.13881
1623.55200005	0.016612
1625.55299997	0.012955
1627.56599998	4.229615
1629.55800009	0.704704
1631.56100011	0.006913
1633.55900025	0.887292
1635.56000018	0.683448
1637.56200027	1.658057
1639.49300003	1.123127
1641.55500007	1.697458
1643.55900025	0.34546
1645.56100011	0.008264
1647.55500007	0.615096
1649.55599999	0.033351
1651.56599998	0.163537
1653.88599992	0.007701
1655.76800013	0.276884
1658.20000005	0.007556
1659.93000031	0.511795
1661.47500014	0.03268
1663.50200009	0.414454
1665.55700016	2.968024
1667.56400013	2.968024
1669.55900025	5.279604
1671.5630002	0.528771
1673.56200027	2.211837
1675.56400013	2.211837
1677.5630002	2.211837
1679.55599999	1.770663
1681.56100011	5.458171
1683.56100011	5.458171
1685.55100012	0.380337
1687.49300003	5.556597
1689.56000018	5.556597
1691.55500007	5.556597
1693.56500006	5.556597
1695.55700016	0.055366
1697.55800009	0.008261
1699.55299997	0.554917
1701.55100012	0.591161
1703.56500006	0.006308
1705.55700016	5.087314
1707.56000018	0.416934
1709.55700016	1.997062
1711.50099993	1.997062
1713.55800009	1.997062
1715.56400013	2.188699
1717.55800009	0.451822
1719.54999995	1.304531
1721.56000018	1.304531
1723.56500006	1.304531
1725.55700016	1.915546
1727.55299997	0.008106
1729.55400014	1.241158
1731.55700016	1.824716
1733.56200027	1.950632
1735.52600002	2.239323
1737.55599999	1.046243
1739.55200005	0.021938
1741.5630002	2.716534
1743.55900025	0.012761
1745.55700016	1.158979
1747.56500006	2.834785
1749.56400013	2.785073
1751.55200005	2.785073
1753.56100011	2.785073
1755.56599998	1.574069
1757.60200024	0.004127
1759.56900001	0.005674
1761.57600021	1.185161
1763.56500006	1.29173
1765.59400034	3.444032
1767.56200027	3.444032
1769.64400005	3.444032
1771.57900023	0.015952
1773.80300021	0.032432
1775.56000018	0.016491
1778.72800016	0.070804
1779.80200028	0.029439
1781.80800009	0.033113
1783.8360002	0.04607
1785.7019999	0.899066
1787.80599999	0.020265
1789.81500006	0.066738
1791.81299996	0.046942
1793.66000009	0.18238
1795.80800009	0.709296
1797.80800009	0.040919
1799.80800009	0.014223
1801.81100011	2.075995
1803.80700016	1.52281
1805.81200004	0.047618
1807.80700016	0.413127
1809.80400014	0.246963
1811.81299996	0.028511
1813.81500006	0.614027
1815.69100022	0.117826
1817.82300019	0.402784
1819.80500007	2.415767
1821.80200028	2.415767
1823.81299996	4.83531
1825.81200004	0.738526
1827.81700015	0.008235
1829.81600022	0.084243
1831.80500007	0.008242
1833.80400014	0.059197
1835.81200004	0.025062
1837.81600022	0.019687
1839.80300021	0.006482
1841.81000018	1.756771
1843.80800009	0.26952
1846.07900023	0.372054
1847.85800028	0.019442
1849.80700016	0.02311
1851.8210001	0.014366
1853.81700015	0.208896
1855.72800016	0.013613
1857.81600022	0.423368
1859.81500006	4.555484
1861.80300021	0.041291
1863.81399989	0.03406
1865.81200004	4.6415
1867.80599999	4.6415
1869.80700016	0.056547
1871.81500006	2.770497
1873.81500006	0.027812
1875.81800032	0.008146
1877.81000018	0.440971
1879.81800032	0.409609
1881.82200003	0.183414
1883.68700027	0.11908
1885.80900002	0.064794
1887.68200016	1.035149
1889.81700015	0.008208
1891.80599999	0.044239
1893.81299996	1.897352
1895.80400014	4.927244
1897.80500007	1.593272
1900.32200027	0.014787
1902.15400028	0.011806
1903.81800032	0.447279
1905.81100011	0.0171
1907.80500007	1.048393
1909.80599999	1.899764
1911.80800009	1.33965
1913.81000018	0.912675
1915.81600022	0.018366
1917.80900002	1.276922
1919.80900002	0.114296
1921.81399989	1.025206
1923.80900002	0.008253
1925.81399989	0.095628
1927.71600008	0.006569
1929.80200028	0.570767
1931.80400014	0.087004
1933.80700016	1.310505
1935.81100011	0.380539
1937.80400014	0.008142
1942.37900019	0.072099
1943.75699997	0.701261
1945.44300008	0.033182
1945.99799991	3.115315
1947.81399989	0.443605
1949.80200028	0.344581
1951.80200028	4.383534
1953.80599999	0.031727
1955.80800009	0.525056
1957.81200004	1.652656
1959.80900002	0.052125
1961.82400012	0.449593
1963.81600022	0.012599
1965.80300021	0.110767
1967.81399989	0.178427
1969.81600022	0.030765
1971.81100011	0.444162
1973.81800032	0.555778
1975.81000018	0.008087
1977.93900013	0.002495
1979.80900002	0.972872
1981.83900023	0.008174
1983.80700016	0.026356
1985.81600022	0.415448
1987.81700015	1.866694
1989.86999989	0.457015
1991.81200004	0.036455
1993.81200004	0.027125
1995.80800009	0.412446
1997.80800009	2.005438
1999.81900024	0.016266
2001.80599999	0.052333
2004.16900015	0.017285
2005.94700027	0.205715
2007.81299996	0.007698
2011.89500022	0.173826
2014.05900025	0.313928
2015.36899996	0.028492
2017.33700013	0.097817
2018.6420002	0.086828
2019.81700015	0.047082
2022.05700016	0.012926
2024.05299997	2.387664
2025.81100011	5.039685
2027.81299996	0.020161
2030.06500006	0.488381
2031.81700015	0.013223
2034.06800008	0.098315
2036.05599999	0.066144
2038.06200004	0.397741
2040.06400013	0.300287
2042.0630002	0.351591
2044.06400013	2.260007
2046.0539999	4.288186
2048.05700016	4.288186
2050.06700015	4.288186
2052.06400013	0.905439
2054.06800008	0.437222
2056.06500006	4.047032
2058.0539999	0.065415
2060.06200004	1.833747
2062.00600004	0.415714
2064.05900025	1.585605
2066.06700015	2.549742
2068.06400013	0.384446
2070.06700015	0.470681
2072.06200004	0.410053
2074.08800006	0.179735
2076.05500007	0.025382
2078.0630002	0.080096
2080.0630002	0.73946
2082.0630002	0.008041
2084.06000018	0.913334
2086.01100016	0.414155
2088.0539999	0.581191
2090.0710001	0.334043
2092.06800008	0.00824
2094.05900025	0.559274
2096.06500006	0.763318
2098.06800008	0.613077
2100.06400013	0.604679
2102.06100011	0.343212
2104.05299997	5.440257
2106.0630002	5.440257
2108.06200004	5.440257
2110.00300026	0.416801
2112.0630002	0.067584
2114.06500006	0.028561
2116.06100011	0.065626
2118.0630002	0.002155
2120.06800008	0.416286
2122.06900001	1.197917
2124.06600022	1.226743
2126.06500006	0.008215
2128.05800033	0.056308
2130.06200004	0.032658
2132.05900025	0.016113
2133.99600005	0.414745
2136.06100011	0.006726
2138.06000018	0.095533
2140.05900025	0.007784
2142.06500006	0.462851
2144.06100011	0.412768
2146.06500006	0.011201
2148.06200004	0.046408
2150.06400013	0.008193
2152.05800033	1.192538
2154.0539999	0.851784
2156.06000018	0.40716
2157.97300005	1.228732
2160.05500007	0.007674
2162.05700016	0.048802
2164.06700015	0.164291
2166.05299997	0.010482
2168.06900001	0.414284
2170.0539999	0.04775
2172.06000018	0.15974
2177.25399995	0.014519
2180.20099998	0.004603
2181.38499999	0.222495
2183.45800018	0.010606
2185.12700009	0.053267
2186.47400022	2.457435
2188.59800005	0.008944
2189.77600002	1.711049
2190.30500007	1.403463
2192.06700015	1.92887
2194.05700016	0.014602
2196.05900025	0.015444
2198.06100011	0.15519
2200.05900025	0.095716
2202.05700016	0.065156
2204.06900001	0.019598
2206.00300026	0.502718
2208.06600022	1.045222
2210.06600022	0.342411
2212.05500007	0.734064
2214.06700015	0.034638
2216.06500006	0.472631
2218.05599999	0.447443
2220.05500007	0.01913
2222.06000018	0.675818
2224.05700016	2.466119
2226.05800033	2.466119
2228.07400012	0.094725
2230.05500007	0.413383
2232.05800033	2.470756
2234.06400013	0.281173
2236.06400013	0.374842
2238.06200004	0.089764
2240.06700015	1.237524
2242.07299995	1.337161
2244.06600022	1.092252
2246.05900025	0.884357
2248.05800033	0.615809
2250.06200004	1.455398
2252.06000018	2.476051
2254.05599999	2.476051
2256.06900001	2.684448
2258.0630002	2.783936
2260.06600022	5.762058
2262.0539999	5.762058
2264.06900001	5.762058
2266.06400013	0.081988
2268.05700016	0.022608
2270.06900001	0.743725
2272.06600022	0.743725
2274.06100011	2.200422
2276.30999994	0.105106
2278.06400013	2.811997
2280.31100011	2.811997
2282.30800009	2.811997
2284.30999994	0.601092
2286.30600023	2.119573
2288.30500007	2.119573
2290.30800009	0.012469
2292.97800016	0.029542
2294.31100011	0.012587
2296.31100011	1.8224
2298.31900024	1.831839
2300.30700016	1.831839
2302.31400013	1.831839
2304.30400014	0.281429
2306.31900024	0.020992
2308.31700015	1.509882
2310.30600023	1.509882
2312.31600022	1.973378
2314.31600022	0.732265
2316.31500006	0.403917
2318.31600022	4.501321
2320.31500006	4.501321
2322.30900002	4.501321
2324.30900002	4.681869
2326.30500007	0.391549
2328.31700015	1.443023
2330.30800009	2.062728
2332.31800008	2.17548
2334.31800008	2.17548
2336.30600023	2.31199
2338.30800009	2.31199
2340.26100016	2.31199
2342.30900002	2.31199
2344.31500006	0.407766
2346.30999994	0.629272
2348.31600022	2.280637
2350.31200004	0.408081
2352.30600023	0.040129
2354.30900002	5.102261
2356.31900024	1.166303
2358.30600023	5.20955
2360.30800009	1.507788
2362.31400013	0.006536
2364.2670002	0.411633
2366.31200004	4.503618
2368.3210001	0.176981
2370.31200004	0.031522
2372.30500007	2.68979
2374.24300027	0.006314
2376.31400013	0.007516
2378.5	0.106198
2381.71300006	0.188686
2384.25800014	0.00252
2386.02100015	0.07399
2389.58500004	0.001505
2391.43400025	0.153315
2393.90499997	0.071712
2395.85400009	0.016604
2397.15200019	3.859437
2397.93200016	0.026558
2398.30800009	0.647776
2400.30500007	0.018449
2402.30999994	0.422931
2404.32200027	0.028513
2406.31900024	0.096955
2408.30800009	0.444974
2410.32000017	2.238454
2412.26200008	0.412484
2414.30900002	1.013587
2416.31900024	1.511259
2418.31100011	0.007107
2420.31100011	0.039983
2422.26200008	0.012709
2424.31800008	2.579147
2426.30900002	0.006884
2428.30900002	4.288513
2430.3210001	0.049895
2432.30999994	0.057243
2434.31400013	0.098205
2436.32500005	0.386162
2438.32000017	0.073537
2440.31299996	0.024578
2442.31800008	0.032779
2444.80800009	0.200197
2446.58999991	0.237941
2448.30900002	0.036291
2450.3210001	0.033684
2452.31900024	0.363426
2454.31800008	5.025111
2456.3210001	0.409441
2458.31600022	2.805598
2460.25900006	0.410461
2462.30700016	0.614683
2464.65800023	0.007629
2466.30700016	0.044388
2468.31900024	0.149084
2470.31900024	1.675297
2472.31800008	2.660522
2474.32300019	0.654035
2476.32200027	0.212927
2478.32000017	0.428857
2480.31500006	0.006252
2482.31500006	0.036237
2484.31200004	0.404123
2486.31400013	0.016584
2488.31500006	0.035896
2490.31100011	0.449401
2492.30700016	0.15837
2494.31900024	0.061318
2496.31700015	0.051136
2498.31600022	0.064686
2501.16599989	4.562299
2502.31400013	0.80593
2504.30700016	0.908874
2506.31700015	0.066449
2508.30600023	0.400345
2510.31900024	5.308783
2512.32400012	0.612603
2514.31800008	0.007896
2516.31299996	0.026085
2518.31400013	1.115818
2520.31500006	5.184824
2522.55900025	0.027207
2524.5710001	0.008123
2526.56500006	2.610538
2528.56200027	0.594517
2530.5630002	0.766933
2532.57200003	0.432412
2534.55800009	0.136894
2536.56500006	0.258966
2538.56500006	1.294088
2540.55700016	0.05492
2542.57000017	0.006413
2544.55800009	0.131766
2546.55700016	0.370576
2548.55700016	0.057339
2550.56100011	0.14878
2552.56800008	0.006449
2554.50600028	0.031236
2556.50200009	0.032668
2560.47500014	0.068908
2564.98199987	0.043375
2567.15600014	0.078844
2569.24200034	0.080343
2570.046	1.445445
2571.33500028	0.023064
2572.37900019	1.442194
2573.87900019	2.001356
2574.4230001	1.749317
2576.57000017	0.016146
2578.56500006	0.1129
2580.56800008	0.398196
2582.56200027	0.024872
2585.53900027	0.008299
2587.79500008	3.979892
2588.66499996	3.945025
2590.5710001	0.405622
2592.56100011	1.672315
2594.57000017	0.860116
2596.56200027	3.22512
2598.56200027	4.481855
2600.56900001	0.408313
2602.56500006	1.492358
2604.56200027	0.40991
2606.57200003	0.20894
2608.40700006	0.045349
2610.5630002	0.175498
2612.56400013	1.620871
2614.57800031	0.019228
2616.56000018	0.097898
2618.75900006	1.080675
2620.56200027	0.04844
2622.56700015	0.35462
2624.56500006	0.529145
2626.56900001	1.801891
2628.48700023	0.026109
2630.56100011	1.334398
2632.56400013	0.041006
2634.5630002	0.019092
2636.56200027	0.007839
2638.57000017	0.410865
2640.55900025	0.459526
2642.57600021	0.404323
2644.56100011	0.148573
2646.57200003	0.108002
2648.57200003	0.007598
2650.96200013	0.099015
2652.55900025	0.637756
2654.56900001	0.013797
2656.56400013	0.09114
2658.74900007	0.033192
2660.96500015	0.007656
2663.59700012	0.0862
2666.15500021	0.041397
2667.88400006	0.0083
2669.29900026	0.075905
2670.56700015	0.68119
2672.56500006	0.68119
2674.56500006	1.191546
2676.56500006	1.849513
2678.5630002	1.10587
2680.57000017	0.026656
2682.5630002	1.857907
2684.56400013	3.012217
2686.56800008	0.395856
2688.57000017	1.263928
2690.57500029	5.590864
2692.5710001	1.182045
2694.56599998	0.031003
2696.56500006	0.030917
2698.57399988	0.051179
2700.49100018	0.012673
2702.5710001	2.213811
2704.56400013	0.424993
2706.56900001	0.007954
2708.5710001	2.350645
2710.56900001	0.39587
2712.56700015	1.719088
2714.56800008	1.719088
2716.56100011	0.026036
2718.56500006	2.422207
2720.57000017	2.422207
2722.55900025	2.422207
2724.56599998	2.422207
2726.56000018	2.422207
2728.56200027	2.422207
2730.56700015	2.422207
2732.56599998	1.690005
2734.57200003	5.152367
2736.57299995	5.152367
2738.5630002	5.152367
2740.55800009	5.152367
2742.55800009	5.152367
2744.56599998	5.152367
2746.56200027	5.152367
2748.57200003	5.256487
2750.56100011	4.285738
2752.56000018	0.019146
2754.56900001	1.428427
2756.56500006	0.414236
2758.56900001	0.405838
2760.55900025	1.41206
2762.56100011	0.074399
2764.5630002	0.592361
2766.55900025	0.645471
2768.56000018	0.776098
2770.56599998	0.016588
2772.8210001	0.413208
2774.56800008	3.417829
2776.81100011	3.417829
2778.81000018	0.007777
2780.5710001	2.724932
2782.81700015	0.410822
2784.8210001	0.026824
2786.7670002	2.497848
2788.81700015	5.02665
2790.81800032	5.02665
2792.8210001	2.338384
2794.81900024	1.139593
2799.52600002	0.265722
2800.32700014	0.050515
2803.78500009	0.099837
2805.30300021	0.061028
2806.50500011	0.513627
2808.56200027	0.439783
2810.00200033	0.098445
2812.74900007	0.012485
2813.9940002	0.055801
2815.53000021	0.165633
2817.91700006	0.089599
2819.65200019	0.032645
2820.83299994	0.869038
2822.66600013	0.147295
2824.82200003	0.052126
2826.81000018	0.194436
2828.81800032	0.064884
2830.8210001	0.008011
2832.82200003	0.024869
2834.77100015	0.865301
2836.82600021	0.199291
2838.81000018	0.01241
2840.81000018	0.012936
2844.08300018	0.114051
2846.71300006	0.113988
2848.99500012	0.029613
2850.90900016	0.013226
2852.78500009	0.11585
2854.44099998	0.00752
2856.05900025	0.053348
2857.55400014	0.073429
2858.97100019	0.03658
2860.81900024	0.009124
2862.81000018	0.004549
2864.80900002	1.670276
2866.81299996	0.016436
2868.8210001	0.013401
2870.81800032	0.137134
2872.82200003	0.146537
2874.81800032	1.190803
2876.81200004	0.012849
2878.82600021	0.319882
2880.82200003	1.549614
2882.76200032	1.549614
2884.8210001	4.548047
2886.81600022	4.150633
2888.82600021	0.251157
2890.82300019	0.912159
2892.81000018	0.013246
2894.82200003	0.218109
2896.81800032	4.695113
2898.81200004	0.853199
2900.81800032	0.684799
2902.81800032	0.374922
2904.81000018	0.032302
2906.7650001	0.409646
2908.81700015	0.117267
2910.81299996	2.435569
2912.82200003	0.328636
2914.81800032	0.023576
2916.81000018	0.411638
2918.81800032	0.09134
2920.82300019	0.15672
2922.81900024	1.110609
2924.81800032	0.082084
2926.8210001	0.012959
2928.81100011	1.419781
2930.75699997	0.416234
2932.81900024	1.968161
2934.81000018	0.134148
2936.82000017	0.020942
2938.81800032	0.653647
2940.81900024	0.414861
2942.82400012	0.658014
2944.81399989	5.723026
2946.81100011	0.008101
2948.82300019	2.523815
2950.81700015	2.523815
2952.82300019	0.542856
2954.7579999	0.413082
2956.82400012	2.919075
2958.82000017	0.012611
2960.82300019	1.892403
2962.81000018	0.024336
2964.8210001	0.471385
2966.81600022	0.031617
2968.81900024	0.299503
2970.81200004	0.008161
2972.81399989	0.016558
2974.81900024	0.321491
2976.82200003	0.363722
2978.78300023	0.413817
2980.82300019	0.177639
2982.81800032	0.232401
2984.82000017	0.032957
2986.81100011	0.869644
2988.82000017	0.412894
2990.81100011	2.613005
2992.8210001	0.007401
2994.82400012	0.008129
2996.82300019	2.311985
2998.81500006	0.057601
3001.03299999	0.002367
3003.24099994	0.099473
3004.88599992	0.13712
3006.82000017	0.007837
3008.82400012	0.451089
3010.81399989	0.402073
3012.81299996	0.742774
3014.81900024	2.005679
3016.82000017	0.006945
3018.81600022	0.012775
3020.92599988	0.0744
3023.06200004	0.811719
3025.6340003	0.03753
3026.92400002	1.139346
3028.82000017	0.040139
3031.07600021	0.032558
3033.07400012	0.756622
3035.06000018	2.524413
3037.06700015	0.008053
3039.06700015	0.164825
3041.00800014	0.405496
3043.07600021	0.030097
3044.85900021	0.007394
3047.07600021	0.247296
3049.00800014	0.081059
3051.07500029	0.399631
3053.06700015	0.27859
3055.06700015	0.006906
3057.06999993	1.41582
3059.06600022	1.973587
3061.06200004	1.973587
3063.07200003	0.690484
3065.0150001	0.413951
3067.06900001	0.523685
3069.06100011	1.799269
3071.06000018	1.960221
3073.0630002	0.006361
3075.06900001	0.361174
3077.06999993	2.331138
3079.07200003	0.8297
3081.06500006	0.024533
3083.06200004	2.534734
3085.06600022	2.534734
3087.06000018	1.229785
3089.01800013	2.319976
3091.07500029	1.916869
3093.06600022	0.035729
3095.07400012	2.196371
3097.06400013	0.35806
3099.06100011	1.212731
3101.06999993	3.667478
3103.06400013	3.667478
3105.06500006	3.092729
3107.06700015	3.53401
3109.0630002	0.404661
3111.06700015	0.012609
3113.0150001	0.402209
3115.06800008	0.041443
3117.06500006	0.11751
3119.07200003	0.018316
3121.06200004	1.140335
3123.06600022	1.140335
3125.06800008	2.090768
3127.07600021	2.485042
3129.06200004	0.270648
3131.07400012	1.145604
3133.06400013	0.411435
3135.07600021	0.902693
3137.03299999	0.411532
3139.07400012	0.008308
3141.07500029	0.586951
3143.07299995	0.408528
3145.06400013	0.056204
3147.06000018	2.492142
3149.0710001	2.492142
3151.06600022	2.492142
3153.0630002	0.448205
3155.07200003	0.280076
3157.06400013	0.873731
3159.06900001	0.873731
3161.02800012	1.50113
3163.06800008	0.935748
3165.07500029	0.014056
3167.06800008	0.811434
3169.0630002	0.811434
3171.06900001	0.811434
3173.06200004	0.018702
3175.06900001	2.858719
3177.07400012	0.008015
3179.0630002	3.303781
3181.06100011	3.303781
3183.06500006	3.647018
3185.02100015	3.647018
3187.07299995	2.192069
3189.07500029	0.850789
3191.06500006	3.599963
3193.06900001	0.071638
3195.06600022	0.374838
3197.07200003	1.64184
3199.0630002	0.875043
3201.0630002	0.056895
3203.0630002	1.947777
3205.06700015	0.409817
3207.06900001	1.07513
3209.01600003	0.808203
3211.06600022	0.530453
3213.07500029	0.031453
3215.06600022	0.446879
3217.07600021	5.150644
3219.06600022	5.044253
3221.07299995	0.015447
3223.06600022	2.674161
3225.0710001	3.832653
3227.06100011	3.832653
3229.06400013	1.264092
3231.0630002	1.667822
3233.07200003	0.411841
3235.35100007	0.106432
3237.60599995	0.024858
3239.81000018	0.091238
3241.977	0.104652
3243.79299998	0.265085
3245.07200003	0.512495
3247.06800008	1.576469
3249.07500029	0.007915
3251.06400013	0.00649
3253.06400013	0.657825
3255.06700015	0.537177
3257.06400013	0.37745
3259.06400013	0.07505
3261.06900001	0.17451
3263.0710001	0.527516
3265.07700014	0.00244
3267.06900001	0.018875
3269.06400013	0.71248
3271.06999993	0.306562
3273.31700015	0.033142
3275.07200003	0.024784
3277.31700015	0.007831
3279.07200003	0.006591
3281.63800001	0.031125
3283.07600021	0.021374
3285.31900024	1.015854
3287.3210001	0.030003
3290.36200023	0.03725
3293.21800017	0.082631
3295.41900015	0.035116
3296.76400018	0.076215
3297.5630002	0.007449
3299.31299996	0.021722
3301.31400013	0.398949
3303.31400013	0.005306
3305.3210001	0.404995
3307.31700015	0.007486
3309.31900024	0.215035
3311.32700014	0.099826
3313.3210001	0.732683
3315.33000016	0.002536
3317.32300019	0.221505
3319.31400013	0.031427
3321.31800008	0.542457
3323.31500006	0.020236
3325.31700015	1.963431
3327.3210001	0.115948
3329.24800014	0.031449
3331.32200027	0.007352
3333.32300019	0.007252
3335.31299996	1.381698
3337.31299996	0.025712
3339.31600022	0.75897
3341.32000017	1.360594
3343.32500005	0.025776
3345.31700015	0.375438
3347.32200027	0.024853
3349.32500005	0.205665
3352.38400006	0.063457
3356.97600007	0.415018
3359.0	0.025306
3360.00800014	0.062716
3360.89400005	0.96188
3363.12800002	1.682186
3364.13800025	1.319602
3365.31500006	2.958324
3367.32500005	0.007097
3369.31299996	1.711201
3371.32300019	0.041531
3373.31800008	0.472443
3375.32800007	0.666387
3377.24300027	0.00628
3379.31900024	1.136633
3381.20900011	0.104007
3383.32599998	1.781384
3385.31299996	0.664416
3387.32400012	0.387649
3389.31800008	0.069027
3391.20800018	0.042217
3393.31600022	1.048617
3395.31800008	0.350136
3397.32500005	0.007949
3399.32700014	5.311997
3401.30100012	0.306067
3405.29100013	0.065771
3406.2110002	0.005468
3407.96400023	0.472152
3410.49900007	0.01447
3413.64400005	0.001387
3415.05900025	1.464407
3415.83900023	1.872109
3417.31800008	1.823978
3419.31299996	0.967184
3421.31299996	2.098923
3423.31400013	2.440035
3425.31200004	1.052384
3427.31700015	3.058839
3429.31600022	3.058839
3431.3210001	0.149259
3433.32300019	0.024749
3435.48300028	0.165234
3437.32200027	0.099355
3439.69800019	0.448645
3441.37500024	0.012687
3443.32000017	1.245033
3445.32800007	0.032186
3447.32500005	0.268073
3449.32500005	0.642093
3451.31500006	0.006919
3453.32599998	0.130887
3455.31900024	0.149336
3457.32500005	0.041127
3459.31700015	2.157033
3461.32700014	0.013134
3463.32400012	2.016689
3465.3210001	3.454789
3467.3210001	3.454789
3469.31299996	3.454789
3471.31700015	3.236937
3473.32700014	3.236937
3475.31299996	0.028162
3477.31500006	0.013488
3479.3210001	4.13715
3481.31700015	1.213539
3483.32800007	0.006766
3485.31600022	0.990712
3487.31700015	0.990712
3489.32000017	2.366944
3491.3210001	2.032081
3493.329	4.101625
3495.31700015	4.101625
3497.3210001	5.059427
3499.32000017	3.962592
3501.31700015	4.600278
3503.31700015	0.008188
3505.32700014	5.21811
3507.32000017	4.398234
3509.31500006	0.285871
3511.31400013	0.078937
3513.31700015	0.315874
3515.32200027	0.415672
3517.32700014	5.441407
3519.31500006	5.204406
3521.32300019	0.562024
3523.32200027	2.362138
3525.32200027	0.015331
3527.56700015	1.109322
3529.57800031	0.655985
3531.32800007	0.41462
3533.57399988	5.471787
3535.50800014	0.416886
3537.57800031	0.562047
3539.56500006	0.153154
3541.57200003	0.025987
3543.39500022	0.007526
3545.42499995	0.040268
3547.56700015	0.013232
3549.5710001	1.607489
3551.41600013	0.081122
3553.57000017	1.067978
3555.57800031	0.412029
3557.58100009	0.007854
3559.54500008	0.46296
3561.57000017	0.020338
3563.57800031	2.681135
3565.5710001	5.164642
3567.5710001	1.110066
3569.57700014	0.628613
3571.56599998	0.103824
3573.5710001	0.113411
3575.57600021	0.102562
3577.57800031	0.917404
3579.57200003	0.019254
3581.57800031	0.841108
3583.51300001	1.342972
3585.5710001	0.778398
3587.56400013	0.026822
3589.5710001	2.350684
3591.56400013	0.013023
3593.57600021	1.801047
3595.58000016	0.266931
3597.57900023	0.037518
3599.42199993	0.00799
3601.57500029	0.420723
3603.57399988	0.013053
3605.58300018	0.246967
3607.56800008	0.356134
3609.58000016	0.213255
3611.57700014	0.358824
3613.57299995	0.024434
3615.56800008	0.867831
3617.57299995	0.006718
3619.57399988	0.075744
3621.68499994	0.024804
3623.49399996	2.080181
3625.56900001	0.165483
3627.57500029	0.016443
3629.57399988	1.404391
3631.5250001	1.941495
3633.57000017	3.650733
3635.56500006	3.650733
3637.57700014	1.195306
3639.56900001	0.006161
3641.4690001	0.006319
3643.57299995	0.031248
3645.93000031	0.032074
3648.24800014	0.113991
3650.49000025	0.01444
3651.50200009	0.298277
3653.57399988	0.021298
3655.56800008	1.057115
3657.57800031	4.351517
3659.58000016	0.018893
3661.57000017	0.012653
3663.5710001	1.109155
3665.57600021	0.413063
3667.57500029	0.051411
3669.57900023	0.081548
3671.56500006	1.561925
3673.57600021	2.226906
3675.57600021	2.333096
3677.57700014	5.235605
3679.51100016	5.235605
3681.57600021	5.130827
3683.5710001	0.272423
3685.57500029	0.008077
3687.56800008	3.319564
3689.57200003	0.397378
3691.57800031	2.113353
3693.56400013	1.471725
3695.57800031	1.471725
3697.56800008	0.013161
3699.56599998	2.437215
3701.56500006	2.437215
3703.52400017	2.437215
3705.57200003	2.437215
3707.57200003	2.437215
3709.56900001	2.437215
3711.56400013	2.437215
3713.57800031	2.437215
3715.57500029	2.585129
3717.57700014	2.585129
3719.56800008	2.585129
3721.57500029	0.013584
3727.454	0.586987
3728.31200004	1.040702
3728.74900007	1.077308
3729.60700011	1.253599
3731.57800031	1.428293
3733.57800031	1.702227
3735.57500029	0.006394
3737.57500029	2.100484
3739.57600021	2.44329
3741.57299995	0.890777
3743.56800008	0.024102
3745.56500006	3.19423
3747.57399988	3.19423
3749.56900001	3.350643
3751.57800031	3.40656
3753.56599998	3.682722
3755.57700014	3.810321
3757.56599998	3.675721
3759.57600021	0.855714
3761.56599998	0.006245
3763.58000016	2.142499
3765.57200003	0.014028
3767.56700015	0.00812
3769.57399988	2.070455
3771.58000016	0.03927
3773.5710001	2.083073
3775.57900023	2.122395
3777.81500006	2.122395
3779.57700014	2.393897
3781.81700015	2.393897
3783.57900023	2.393897
3785.83200002	2.4722
3787.81800032	0.014977
3789.83299994	0.04164
3791.82500005	2.987798
3793.82300019	2.987798
3795.82300019	0.093887
3797.72600007	0.041499
3799.81500006	4.721458
3801.81700015	0.991905
3803.82800007	0.688496
3805.83100009	0.920187
3807.82000017	0.015965
3809.82300019	0.047512
3811.80100012	0.177562
3813.79100013	0.379086
3815.82000017	0.061241
3817.82700014	0.007762
3819.82000017	0.432324
3821.82500005	0.640546
3823.81900024	0.410657
3825.81800032	2.70071
3827.82200003	0.028337
3829.83500028	0.722098
3831.829	0.18735
3833.82800007	0.008149
3835.82300019	0.851307
3837.82800007	0.106723
3839.81800032	0.006287
3841.65600014	0.049811
3843.82200003	0.006258
3845.83100009	0.049498
3847.76200032	0.008292
3849.829	0.090151
3851.82500005	0.007888
3853.82200003	0.04902
3855.82200003	0.131578
3858.06400013	0.041124
3859.8210001	0.006178
3861.97200012	0.002501
3863.81800032	0.01519
3865.81800032	0.368623
3867.85700011	0.008088
3870.09700012	0.157323
3871.81900024	0.146916
3873.82600021	0.030211
3875.82500005	5.000372
3877.83200002	0.006756
3879.82800007	0.014038
3881.82000017	0.504484
3883.81700015	0.886515
3885.81700015	0.008227
3887.82200003	0.015796
3889.82800007	0.115039
3891.83100009	0.008001
3893.82000017	1.079691
3895.82300019	1.463685
3897.83400035	0.358832
3899.82300019	0.505355
3901.82700014	3.857411
3903.82500005	0.040859
3905.81800032	0.411694
3907.82200003	1.429367
3909.82999992	2.339327
3911.81900024	0.039131
3913.82000017	3.593279
3915.82700014	0.406524
3917.82999992	5.461306
3919.76000023	0.012598
3921.82600021	0.115228
3923.82800007	0.063129
3925.81600022	0.031089
3927.82000017	0.016512
3929.90300012	0.03085
3931.8210001	0.147511
3934.16000009	0.199016
3936.90799999	0.115836
3939.38199997	0.03043
3942.30600023	0.04131
3944.98700023	0.113604
3947.102	0.024814
3949.125	0.048328
3951.52600002	0.040737
3952.35800004	3.750736
3952.96000004	0.082553
3953.81800032	2.883877
3955.829	0.719536
3957.82000017	0.048159
3959.83100009	0.007483
3961.82400012	0.104232
3963.82800007	0.032422
3965.82500005	0.317744
3967.82000017	0.021253
3969.82800007	0.007064
3971.81900024	0.029151
3973.83100009	2.527014
3975.83500028	0.087316
3978.10700011	0.0083
3980.48300028	0.022372
3982.26100016	0.089161
3983.8210001	0.054084
3985.82800007	0.355707
3987.8210001	0.00824
3989.8210001	0.308311
3991.82800007	0.403621
3993.81900024	0.722318
3995.81800032	0.00778
3997.83200002	0.024853
3999.83100009	1.518022
4001.82200003	0.008224
4003.81800032	0.009122
4005.82800007	0.489757
4007.86899996	0.889691
4010.26300025	0.018191
4011.82600021	0.015846
4013.829	1.13965
4015.82000017	0.715058
4017.82600021	0.004496
4019.82400012	0.04144
4022.07900023	0.049784
4023.83200002	0.064446
4026.06999993	0.411257
4027.82600021	0.023491
4029.87700009	0.42651
4032.07600021	0.007815
4034.20700026	0.069675
4036.07500029	0.032537
4038.08200026	2.491775
4040.07700014	0.019744
4042.07400012	0.007026
4044.07200003	0.282658
4046.06999993	0.013459
4048.07400012	0.821404
4050.07400012	0.018908
4052.08500004	0.018868
4054.02999997	0.401783
4056.07600021	0.591065
4058.06900001	1.798701
4060.08100009	0.018771
4062.1400001	0.200177
4064.06999993	0.00812
4066.07500029	1.782304
4068.06700015	0.05422
4070.07400012	1.41299
4072.06900001	1.41299
4074.07600021	2.126057
4076.0710001	5.562789
4078.02200007	5.562789
4080.07600021	5.562789
4082.0710001	5.562789
4084.08200026	5.562789
4086.07200003	5.562789
4088.07700014	5.562789
4090.07600021	5.562789
4092.07800007	5.562789
4094.08100009	5.562789
4096.07800007	5.562789
4098.06900001	5.562789
4100.08899999	0.510466
4102.02300024	0.399188
4104.06700015	0.004804
4106.08100009	2.361223
4108.08000016	2.361223
4110.07400012	0.053105
4112.08000016	0.411599
4114.08100009	0.027298
4116.08599997	1.979311
4118.06700015	0.017986
4120.07400012	0.00912
4122.08200026	0.413339
4124.06999993	0.022923
4126.02800012	0.413127
4128.07900023	2.113822
4130.0710001	0.040442
4132.08100009	0.413082
4134.06900001	0.666187
4136.08300018	0.8961
4138.07700014	0.8961
4140.07200003	1.264463
4142.07900023	1.264463
4144.07700014	1.430499
4146.08100009	2.052544
4148.07700014	2.052544
4150.03500009	2.593948
4152.07700014	2.593948
4154.06700015	2.593948
4156.07600021	0.041165
4158.06800008	1.43661
4160.0710001	1.472127
4162.07400012	1.569525
4164.07700014	2.036454
4166.07500029	2.012484
4168.07400012	2.495214
4170.07299995	0.383422
4172.07500029	2.956561
4174.01900029	3.265124
4176.0710001	3.716464
4178.07700014	3.869485
4180.08899999	0.409169
4182.07800007	3.830787
4184.08500004	3.807035
4186.07200003	3.444839
4188.07800007	3.833295
4190.08100009	1.225556
4192.07700014	3.330935
4194.07700014	0.046629
4196.08899999	0.387454
4198.02000022	0.413971
4200.07800007	2.173949
4202.06999993	0.446011
4204.06900001	2.810499
4206.06999993	0.339804
4208.07299995	0.026343
4210.07200003	0.387758
4212.07800007	0.066676
4214.08000016	0.332212
4216.07500029	0.019417
4218.06900001	2.408635
4220.09000015	0.019219
4222.0250001	1.939906
4224.07600021	0.305492
4226.07900023	0.289726
4228.07700014	5.39143
4230.0710001	0.035467
4232.06999993	0.013113
4234.25500011	0.018748
4237.20099998	0.015258
4239.33700013	0.231249
4241.12700009	0.053016
4242.07700014	0.601451
4244.09100008	2.491559
4246.06800008	0.7328
4248.07800007	0.006538
4250.07200003	0.956394
4252.07700014	0.024616
4254.08300018	1.843643
4256.08700013	0.012856
4258.07400012	1.043008
4260.08400011	0.024152
4262.08000016	2.266079
4264.06900001	0.126767
4266.07400012	0.00823
4268.08300018	1.770229
4270.07800007	0.959961
4272.33900023	0.289985
4274.08300018	0.006874
4276.07600021	0.008203
4278.33399987	3.269548
4280.32700014	0.025421
4282.08000016	0.031595
4284.26300025	1.632419
4286.33200002	1.632419
4288.33399987	1.209926
4290.32700014	0.008241
4292.3380003	0.063036
4294.14600015	0.008263
4296.32400012	0.154331
4298.329	0.908418
4300.329	1.036691
4302.329	0.065544
4304.33299994	0.216921
4306.3210001	0.082889
4308.33399987	0.388253
4310.33100009	0.021104
4312.32400012	0.021107
4314.33299994	3.999573
4316.32800007	0.32291
4318.34500003	0.412225
4320.33399987	0.367025
4322.32700014	0.873096
4324.329	0.939888
4326.33399987	0.036168
4328.33000016	0.416347
4330.33100009	0.174738
4332.28000021	0.375984
4334.32800007	0.030422
4336.32500005	0.197067
4338.33000016	0.008227
4340.33200002	0.024116
4342.32300019	0.421946
4344.32200027	0.101092
4346.3210001	1.160997
4348.32700014	0.459849
4350.33399987	0.04352
4352.33100009	0.930231
4354.32800007	0.538841
4356.2750001	0.40974
4358.33299994	0.012735
4360.33700013	0.1252
4362.32500005	0.008207
4364.32200027	0.007678
4366.33700013	0.00737
4369.19100022	0.024628
4371.45900011	0.195444
4373.49600005	0.100292
4374.42600036	2.756223
4376.32599998	0.008223
4378.329	0.065312
4380.27400017	1.404294
4382.32599998	2.317223
4384.32599998	1.837313
4386.33200002	2.304988
4388.32599998	0.492502
4390.24300027	0.031717
4393.3360002	0.006681
4395.03600001	0.05386
4396.65300012	0.079792
4398.5150001	0.104746
4400.25300002	0.038757
4402.3210001	0.024524
4404.27699995	0.45041
4406.32700014	0.107678
4408.32400012	0.039312
4410.32200027	0.039968
4412.33500028	0.007553
4414.23699999	0.038729
4416.32700014	0.339234
4418.32800007	0.068506
4420.32200027	2.878736
4422.32500005	2.878736
4424.32599998	0.412591
4426.32200027	0.20686
4428.2750001	0.414478
4430.53900027	0.051639
4432.66800022	0.008306
4434.49800014	0.162739
4436.44900012	0.089058
4438.58100009	0.008308
4440.48500013	0.207027
4442.37700009	0.164507
4444.33399987	0.041047
4446.33299994	1.203885
4448.32700014	0.412299
4450.33399987	1.073903
4452.36899996	0.712398
4454.32300019	0.043502
4456.72600007	0.024313
4459.27600002	0.073758
4461.42199993	0.041428
4462.2650001	0.236794
4464.32599998	1.496822
4466.33399987	2.61764
4468.3360002	1.035559
4470.42900014	0.113655
4472.43000007	0.456011
4474.33399987	0.66984
4476.27799988	0.396154
4478.329	1.280765
4480.32200027	2.402543
4482.33399987	0.019068
4484.33500028	0.049579
4486.32599998	0.006369
4488.32700014	0.074056
4490.32500005	0.093518
4492.352	0.868678
4494.33399987	0.43854
4496.33200002	0.410511
4498.32300019	0.01322
4500.33000016	0.414185
4502.34000015	0.065751
4504.33100009	0.349811
4506.36200023	0.094086
4508.33200002	0.060644
4510.3210001	0.413392
4512.3360002	0.077886
4514.32400012	0.014787
4516.32300019	2.016388
4518.32400012	0.005727
4520.33299994	0.409001
4522.32300019	0.145711
4524.33299994	0.36685
4526.32800007	0.122541
4528.37900019	0.007644
4530.57500029	1.202554
4532.57399988	0.106441
4534.58400011	0.008232
4536.57700014	0.105757
4538.34500003	0.018906
4540.58000016	0.692499
4542.57600021	0.049477
4544.57700014	0.060538
4546.58800006	0.133677
4548.57600021	0.393919
4550.58500004	0.113878
4552.57700014	1.632048
4554.57299995	0.064562
4556.57500029	0.110632
4558.58100009	0.413289
4560.58000016	1.117524
4562.57900023	0.42227
4564.58500004	0.032029
4566.58800006	0.012899
4568.58200002	0.008148
4570.57900023	0.61793
4572.57800031	0.415524
4574.59600019	1.981805
4576.6190002	0.019886
4578.58700013	0.065578
4580.57600021	2.002413
4582.57600021	0.416403
4584.57399988	0.509278
4586.57299995	0.140285
4588.58000016	0.004044
4590.57900023	0.674875
4592.97399998	0.099862
4594.90400004	0.19425
4596.86400008	0.074464
4598.7670002	0.014651
4600.57800031	0.075132
4602.5860002	0.282123
4604.58100009	0.048773
4606.57200003	0.081905
4608.58000016	0.082189
4610.62999988	0.035388
4612.53800035	0.544077
4614.57600021	0.046928
4616.58200002	0.409477
4618.5860002	0.014887
4620.49699998	0.006518
4622.58100009	0.139984
4624.57600021	0.068491
4628.55700016	0.186755
4630.84599996	0.03306
4632.69900012	0.865949
4633.87400031	2.691925
4634.76100016	3.456689
4636.58700013	0.006316
4638.57900023	1.186934
4640.57600021	3.831591
4642.48000002	0.046303
4644.45500016	0.04542
4646.5860002	0.186768
4648.57500029	0.488671
4650.58000016	0.008168
4652.57200003	0.598338
4654.57200003	1.807499
4656.57399988	0.056766
4658.58100009	1.895066
4660.58400011	1.497171
4662.57500029	0.025476
4664.58200002	0.052997
4666.57500029	0.83815
4668.57900023	0.389022
4670.57800031	0.064593
4672.58899999	2.095659
4674.58000016	0.007835
4676.57900023	0.491838
4678.58000016	0.006474
4680.58100009	0.356976
4682.58999991	0.091791
4684.57399988	0.065885
4686.67700005	0.125874
4688.58700013	0.087594
4690.57299995	0.249329
4692.57800031	1.497022
4694.57800031	0.013663
4696.57600021	0.066785
4698.57800031	0.05754
4700.57600021	0.026944
4702.58800006	0.039193
4704.62800002	0.042736
4706.58300018	0.031123
4708.58200002	0.018703
4710.58700013	0.032966
4713.0150001	0.048718
4714.53200006	0.103374
4716.57500029	0.01936
4718.57399988	1.963461
4720.57700014	2.945855
4722.58200002	0.123686
4724.58500004	0.223551
4726.58300018	0.709022
4728.58400011	0.600202
4730.57800031	0.154789
4732.58700013	0.586871
4734.57299995	0.020282
4736.57700014	0.008107
4738.56800008	0.120785
4740.58500004	0.024851
4742.58800006	0.022139
4744.57800031	0.073986
4746.83800006	0.319009
4748.57800031	1.719085
4750.58400011	0.404235
4752.58400011	2.673687
4754.57600021	0.137778
4756.57500029	0.065731
4758.58300018	0.026264
4760.8210001	0.063754
4762.57500029	0.070238
4764.5860002	0.383067
4766.58300018	0.148735
4768.58500004	1.216087
4770.57900023	0.109931
4772.57800031	0.078874
4774.82999992	0.006055
4776.57900023	0.951124
4778.8360002	0.408207
4780.83400035	0.528468
4782.58500004	0.010516
4784.829	0.008037
4786.58800006	0.141432
4789.53299999	1.89196
4790.82300019	0.038684
4792.82999992	0.038707
4794.90700006	0.09122
4797.0710001	0.015477
4798.78900003	0.05992
4800.83700013	0.172739
4802.78000021	0.405555
4804.82999992	0.052298
4806.83400035	0.01158
4808.83500028	4.160954
4810.82700014	0.019837
4812.83400035	2.576053
4814.83100009	0.06584
4816.82300019	0.14479
4818.83500028	0.106542
4820.82300019	0.01971
4822.83400035	0.025894
4824.83299994	0.013466
4826.76800013	0.410107
4828.82400012	0.182104
4830.82400012	0.038505
4832.8360002	0.007683
4834.82800007	0.179068
4836.8360002	0.108941
4838.82300019	0.006285
4840.82400012	0.041425
4842.82700014	0.008049
4844.82600021	0.021562
4846.83700013	0.402751
4848.82400012	0.161866
4850.77399993	0.414031
4852.83400035	3.19822
4854.83800006	0.363184
4856.82800007	0.007946
4858.829	0.01377
4860.829	0.416801
4862.83200002	3.060011
4864.83200002	0.00636
4866.829	0.023426
4868.83200002	0.797341
4870.83100009	0.045066
4872.83500028	0.055951
4874.78200006	0.408875
4876.83100009	0.049206
4878.82400012	1.914919
4880.83500028	0.466643
4882.829	0.285837
4884.82300019	0.019219
4886.82600021	0.078187
4889.16700029	0.00712
4892.0940001	0.026304
4892.84599996	0.049709
4894.83700013	0.00803
4896.90199995	0.046952
4898.70500016	0.156214
4900.83200002	0.111903
4903.14600015	1.331905
4904.8360002	0.077098
4906.829	3.272849
4908.83500028	3.272849
4910.8360002	0.833469
4912.82500005	1.218182
4914.83200002	1.400953
4916.83100009	3.221271
4918.8360002	3.221271
4920.82800007	0.014259
4922.83299994	1.171233
4924.83400035	1.779491
4926.83500028	1.779491
4928.83299994	3.564724
4930.83800006	0.03621
4932.8360002	0.409071
4934.82800007	1.857246
4936.83200002	5.076824
4938.82600021	4.956445
4940.82500005	0.007536
4942.83900023	1.071133
4944.82800007	0.076824
4946.78100014	0.413817
4948.83800006	0.071733
4950.82600021	0.06908
4952.83700013	0.006483
4954.82400012	0.007685
4956.83400035	0.493033
4958.83299994	0.062742
4960.82700014	1.726502
4962.83900023	0.277676
4964.8360002	0.424076
4966.83299994	0.005906
4968.82400012	0.012515
4970.84000015	0.402177
4972.83800006	0.464671
4974.83900023	0.031159
4976.82800007	0.03183
4978.83800006	0.111468
4980.83700013	0.41325
4982.83500028	0.083293
4984.83700013	0.395073
4986.83200002	0.006273
4988.83100009	0.11416
4990.83200002	0.289899
4992.83900023	0.734018
4994.829	0.727851
4996.82999992	0.417006
4998.83400035	0.453075
5000.82800007	1.039974
5002.829	1.979503
5004.8360002	1.023937
5006.82800007	4.790564
5008.84000015	0.904509
5010.83100009	0.55764
5012.83100009	0.0065
5014.82800007	0.019439
5016.8360002	2.446112
5018.83299994	2.446112
5020.82800007	0.280109
5022.83400035	0.121817
5024.83100009	0.050205
5026.8360002	0.03851
5029.07800007	0.013852
5031.08800006	0.022617
5033.02999997	0.407619
5035.08300018	0.020498
5037.08100009	0.018796
5039.07600021	0.018806
5041.08500004	1.073959
5043.08599997	0.467047
5045.07600021	0.871967
5047.07500029	0.074097
5049.08000016	2.035928
5050.95799994	0.002453
5053.08100009	0.045655
5055.08899999	0.020892
5057.07600021	4.25119
5059.07900023	0.037524
5061.07700014	0.036023
5063.07500029	0.408309
5065.08599997	0.040674
5067.08800006	0.404429
5069.08800006	0.018477
5071.01399994	0.031302
5074.31800008	0.133879
5076.63300014	0.052609
5078.18400002	0.172229
5078.99500012	0.890222
5081.02300024	0.40604
5083.09000015	4.755592
5085.09100008	1.71483
5087.08500004	0.409259
5089.08000016	4.858169
5091.07500029	0.950241
5093.08899999	0.737486
5095.07900023	2.097239
5097.08500004	0.008044
5099.26999998	0.196309
5102.30999994	0.051517
5104.2190001	0.142965
5105.17400002	1.199794
5107.12599993	0.387094
5109.09299994	0.055579
5111.08400011	4.00673
5113.08800006	0.006432
5115.09000015	1.172039
5117.08599997	0.039518
5119.08800006	0.074052
5121.03299999	0.077285
5123.21399999	0.347208
5125.08500004	0.231312
5127.07700014	0.105697
5129.02900004	0.424076
5131.09700012	0.013764
5133.08300018	0.147871
5135.09299994	0.018657
5137.07900023	0.522007
5139.07800007	0.012544
5141.08000016	0.055295
5143.08000016	0.157242
5145.08200026	1.040045
5147.08800006	0.049216
5149.08000016	0.414031
5151.09200001	2.720149
5153.03299999	2.720149
5155.08899999	0.185884
5157.08200026	0.06878
5159.07900023	0.088356
5161.08800006	0.021585
5163.07600021	0.157229
5165.08700013	0.54476
5167.09000015	2.069711
5169.07600021	0.130885
5171.08700013	0.0502
5173.08100009	2.151908
5175.08800006	2.18766
5177.02600026	0.732437
5179.07600021	0.114459
5181.09100008	0.032
5183.07900023	0.008288
5185.08200026	0.030829
5187.07900023	0.410205
5189.08700013	1.4606
5191.08300018	5.491102
5193.09000015	0.008223
5195.08899999	0.018862
5197.07900023	0.413946
5199.08700013	0.049807
5203.3210001	0.002494
5204.99699998	0.01249
5206.22400022	0.775923
5207.4059999	0.553558
5209.08400011	1.868986
5211.09000015	0.012874
5213.08599997	0.074633
5215.08899999	1.172336
5217.08899999	0.995258
5219.08200026	0.137413
5221.08800006	1.560762
5223.20600009	0.002336
5228.25399995	0.11566
5232.02200007	1.241351
5234.55900025	0.759794
5235.14199996	1.668109
5235.99100018	0.875332
5237.05100012	0.819623
5238.31700015	1.866609
5240.14700007	0.113329
5242.86800003	0.08196
5244.51600003	0.092491
5245.41000032	0.62283
5247.08000016	0.012999
5249.09100008	0.406155
5251.08300018	0.014198
5253.08500004	0.311749
5255.08899999	0.444684
5257.07900023	0.138028
5259.08100009	0.413287
5261.07800007	1.593344
5263.08700013	0.054952
5265.08200026	0.007285
5267.07700014	0.890792
5269.08300018	0.797879
5272.18400002	0.0083
5273.32599998	0.955191
5275.08300018	0.674667
5277.09000015	2.471677
5279.32800007	0.587248
5281.33200002	0.005585
5283.3360002	0.446357
5285.32700014	0.325982
5287.33299994	0.82473
5289.33500028	0.535832
5291.32800007	0.014467
5293.27200007	0.064908
5295.34700012	0.70985
5297.34700012	0.414551
5299.33200002	2.122064
5301.33299994	0.376471
5303.3380003	0.008133
5305.33299994	1.36374
5307.3380003	0.407471
5309.329	0.028984
5311.3360002	0.136556
5313.32700014	0.111595
5315.3360002	0.175081
5317.33500028	0.194373
5319.1960001	0.01891
5321.24000001	0.025839
5323.33200002	0.007777
5325.33200002	0.066399
5327.32700014	0.014414
5329.33200002	2.109863
5331.33100009	2.305874
5333.33299994	0.528953
5335.33000016	0.327215
5337.33500028	0.007967
5339.3440001	0.017851
5341.32700014	0.016061
5343.44099998	0.006666
5345.33399987	0.385515
5347.32700014	0.072639
5349.33200002	0.040193
5351.33200002	0.057654
5353.33299994	0.705385
5355.3360002	1.027698
5357.33500028	1.027698
5359.33299994	2.608436
5361.33100009	0.388633
5363.34500003	0.007934
5365.3440001	0.032391
5367.32700014	0.513479
5369.32800007	0.818004
5371.32700014	0.008278
5373.34300017	0.026418
5375.33399987	0.00811
5377.3440001	0.098892
5379.3440001	0.032506
5381.34300017	0.033058
5383.33299994	0.066412
5385.34300017	3.104907
5387.329	0.055325
5389.34300017	2.622179
5391.34200001	2.622179
5393.34200001	0.411158
5395.33299994	0.079792
5397.32800007	0.025433
5399.34300017	0.008154
5401.34200001	1.984918
5403.32800007	0.40572
5405.34200001	2.413016
5407.34200001	2.413016
5409.33000016	0.033204
5411.34200001	0.00781
5413.33399987	0.413383
5415.33200002	2.442155
5417.33200002	0.413268
5419.34600019	0.021982
5421.33399987	0.103699
5423.34200001	0.770825
5425.34200001	3.034818
5427.34200001	0.413989
5429.33100009	0.019274
5431.34200001	2.607645
5433.33100009	0.025566
5435.34300017	1.853809
5437.34100008	2.717231
5439.33299994	2.116936
5441.34100008	2.432221
5443.34100008	2.432221
5445.34100008	2.432221
5447.34100008	2.432221
5449.34100008	2.432221
5451.32700014	2.432221
5453.34100008	2.432221
5455.34100008	1.433267
5457.32700014	1.100658
5459.33100009	4.82194
5461.34100008	4.82194
5463.33100009	0.857649
5465.34200001	0.666439
5467.33000016	0.045774
5469.34000015	5.304495
5471.34100008	0.40762
5473.34300017	0.020548
5475.33200002	1.121264
5477.34000015	0.400157
5479.34200001	1.511229
5481.33000016	0.031189
5483.34200001	2.421694
5485.34800005	2.421694
5487.34100008	2.421694
5489.34100008	2.421694
5491.33900023	2.672457
5493.34200001	2.672457
5495.33900023	2.672457
5497.33900023	1.440893
5499.33900023	1.426406
5501.33900023	1.795581
5503.34300017	1.795581
5505.34200001	1.795581
5507.33900023	2.092137
5509.34200001	2.275086
5511.33900023	2.275086
5513.33900023	2.35824
5515.33900023	2.5141
5517.32700014	3.200109
5519.33000016	0.006487
5521.33000016	2.387613
5523.329	3.442606
5525.3380003	0.627014
5527.52700019	3.125897
5529.34600019	0.014378
5531.3380003	0.048215
5533.34000015	1.331594
5535.34100008	1.488549
5537.58200002	1.488549
5539.58999991	0.006432
5541.58000016	0.06525
5543.58800006	0.057398
5545.58200002	0.342911
5547.58899999	0.008207
5549.59200001	0.057434
5551.53299999	3.028634
5553.5860002	0.570711
5555.5860002	0.360628
5557.58500004	2.188488
5559.59299994	5.138786
5561.58500004	0.410988
5563.58899999	0.119366
5565.59200001	0.494
5567.58200002	0.006423
5569.58000016	0.064891
5571.58700013	0.007987
5573.58200002	1.254188
5575.53500009	0.407581
5577.58500004	0.541201
5579.58500004	4.336277
5581.58899999	4.336277
5583.58700013	0.265729
5585.58400011	0.048154
5587.59700012	0.693792
5589.57900023	0.447304
5591.58100009	2.054054
5593.58200002	2.054054
5595.58100009	2.054054
5597.58999991	0.406138
5599.53100014	0.64978
5601.59100008	0.395052
5603.5860002	0.496437
5605.59200001	0.008107
5607.58800006	2.053615
5609.58300018	2.053615
5611.58100009	1.421465
5613.58700013	0.924855
5615.58400011	2.818003
5617.58700013	1.27381
5619.58100009	0.00616
5621.58400011	0.878041
5623.57900023	0.4066
5625.58700013	0.889196
5627.58100009	1.219103
5629.58200002	0.426923
5631.59299994	0.041153
5633.5860002	2.326147
5635.57900023	1.120245
5638.17700005	0.031736
5639.73300004	1.36741
5641.49399996	1.262518
5643.58400011	1.10915
5645.59299994	2.158789
5647.53399992	2.590838
5649.58000016	0.007562
5651.58999991	1.790382
5653.58899999	0.344536
5655.58400011	0.059333
5657.59299994	1.12362
5659.58200002	0.051311
5661.58899999	3.636331
5663.58999991	0.749966
5665.59200001	3.385721
5667.58899999	0.403003
5669.58400011	0.082908
5671.59100008	0.610453
5673.58300018	0.287402
5675.58200002	0.017811
5677.58800006	0.008098
5679.58300018	0.523343
5681.58999991	0.411324
5683.58800006	0.411324
5685.58899999	0.690767
5687.58500004	0.007949
5689.57900023	2.337403
5691.58400011	1.974229
5693.58700013	0.487436
5695.54400015	2.920468
5697.58800006	3.284063
5699.59700012	3.349631
5701.58100009	0.008172
5703.58899999	3.112848
5705.58300018	2.272221
5707.58899999	0.021646
5709.58000016	0.01495
5711.58200002	1.698473
5713.58400011	1.698473
5715.58400011	1.698473
5717.58000016	1.895892
5719.53699994	0.409418
5721.58200002	1.730637
5723.59400034	3.145081
5725.58899999	3.145081
5727.58400011	3.145081
5729.58800006	0.407382
5731.58500004	1.128008
5733.58300018	4.752354
5735.59299994	0.008192
5737.5860002	1.702984
5739.58800006	1.702984
5741.58500004	1.702984
5743.59400034	1.788221
5745.58200002	0.037367
5747.58899999	1.656496
5749.58999991	1.736743
5751.58000016	1.986093
5753.57900023	2.089765
5755.58300018	2.178133
5757.59500027	2.178133
5759.5860002	2.703834
5761.59299994	2.476164
5763.58200002	3.137337
5765.59100008	3.435542
5767.58200002	0.396643
5769.58000016	3.358307
5771.58999991	1.066163
5773.58000016	1.936791
5775.58400011	1.936791
5777.83400035	2.321206
5779.84500003	4.044545
5781.59100008	4.385829
5783.59200001	0.014211
5785.83700013	0.007826
5787.83400035	0.030976
5789.83400035	0.037623
5791.82999992	0.437047
5793.83400035	1.344343
5795.8360002	0.458057
5797.84000015	1.775821
5799.84300017	0.043971
5801.83800006	0.407636
5803.84500003	0.698432
5805.83900023	0.33462
5807.83100009	0.025571
5809.83800006	2.465314
5811.82999992	0.024664
5813.83500028	0.915251
5815.852	0.275162
5817.84500003	0.659028
5819.83100009	0.048855
5821.83400035	0.008111
5823.83900023	0.128527
5825.83500028	0.672076
5827.83900023	1.862005
5829.84000015	0.128654
5831.83299994	0.064666
5833.83100009	0.005297
5835.74500012	0.236121
5837.84200025	0.375953
5839.7980001	0.021402
5841.84500003	0.018183
5843.84000015	0.061398
5845.83400035	0.257369
5847.84100008	0.037045
5849.84500003	0.008134
5851.84200025	1.540603
5853.84200025	0.242728
5855.83900023	0.046961
5857.85000014	0.056368
5859.84200025	0.551728
5861.83400035	0.040226
5863.83800006	0.407153
5865.84300017	0.007442
5867.83100009	0.079418
5869.85100007	0.016147
5871.84500003	0.006311
5873.84100008	0.008276
5875.83400035	0.058068
5877.72400022	0.006295
5879.83100009	0.08407
5881.84200025	0.007716
5883.84000015	0.008034
5885.84500003	0.075901
5887.84500003	1.61452
5889.83900023	0.362517
5891.83100009	0.061647
5893.84200025	0.732114
5895.84200025	0.159285
5897.84000015	0.013102
5899.83800006	0.067793
5901.84000015	0.129629
5903.88700008	0.002505
5905.83900023	0.047116
5907.83500028	0.529234
5909.8440001	0.007797
5911.7750001	0.018534
5913.84100008	0.00745
5915.84100008	0.013141
5917.84000015	0.007953
5919.8440001	0.007757
5921.8440001	0.040353
5923.84700012	0.007797
5925.84500003	0.389331
5927.81700015	0.084006
5929.84000015	0.007733
5931.83800006	0.008025
5933.83500028	0.090667
5935.84700012	0.082612
5937.84700012	0.107582
5939.83800006	0.082951
5941.8360002	0.007511
5943.83299994	1.023479
5945.84200025	0.403084
5947.84500003	0.154919
5949.84500003	0.180405
5951.84599996	0.038702
5953.83800006	0.007471
5955.84300017	0.204341
5957.83299994	0.063474
5959.84100008	0.40952
5961.83500028	0.097984
5963.84300017	0.373602
5965.83400035	0.048616
5967.83200002	0.002575
5969.83299994	0.013338
5971.83200002	0.319317
5973.83200002	0.110135
5975.84700012	0.163097
5977.84000015	0.305286
5979.83100009	2.3652
5981.84700012	0.073068
5983.83400035	0.409219
5985.8360002	0.038872
5987.83400035	0.196125
5990.28400016	0.006372
5992.81700015	0.002516
5994.70500016	0.105476
5996.19000006	0.257659
5997.83200002	0.00773
5999.84599996	0.124578
6001.84700012	0.058027
6003.8360002	1.707578
6005.83800006	0.179279
6007.83700013	0.410485
6009.8360002	4.260726
6011.84000015	1.391553
6013.83299994	1.830626
6015.83200002	1.830626
6017.84200025	2.399668
6019.84100008	0.01114
6021.84899998	4.975867
6023.83800006	0.014833
6025.84599996	1.710552
6027.84100008	2.623549
6030.08599997	2.623549
6031.84100008	0.408617
6034.08700013	0.030178
6036.10000014	0.798521
6038.08100009	0.798521
6040.09000015	1.897818
6042.08100009	1.897818
6044.09100008	1.897818
6046.02999997	1.897818
6048.08700013	1.752885
6050.08700013	1.051062
6052.08100009	0.015842
6054.08599997	0.07586
6056.09200001	0.415688
6058.09500027	2.280738
6060.09100008	0.921446
6062.09900022	1.098331
6064.09100008	0.033868
6066.09500027	0.732069
6068.08200026	0.276382
6070.04400015	2.523203
6072.09500027	0.043202
6074.08700013	0.317369
6076.09500027	0.932892
6078.0940001	2.135154
6080.09600019	1.491758
6082.08300018	2.346169
6084.09700012	2.346169
6086.08899999	0.254191
6088.08700013	1.308597
6090.09800029	1.308597
6092.10100007	1.308597
6094.09000015	0.412419
6096.65800023	0.031008
6098.09000015	0.111971
6100.08700013	0.044951
6102.08500004	2.370652
6104.08200026	2.370652
6106.09000015	2.370652
6108.08899999	4.207712
6110.08800006	0.021203
6112.08500004	1.520337
6114.08700013	0.409963
6116.08400011	2.404243
6118.03900027	2.404243
6120.08700013	2.404243
6122.08800006	2.404243
6124.09000015	2.404243
6126.08899999	2.437702
6128.08300018	0.414766
6130.08200026	2.487279
6132.08400011	2.487279
6134.08500004	2.487279
6136.09600019	2.487279
6138.09600019	5.232959
6140.08100009	5.232959
