0.0	0.614499
0.215000152588	0.55742
0.356000185013	0.55742
0.503999948502	0.55742
0.72400021553	0.55742
0.884000301361	0.55742
1.09400010109	0.671047
1.44400024414	0.341807
2.23000001907	0.615269
3.61400008202	0.823366
5.60400032997	0.77617
7.60400032997	0.578833
9.52400016785	0.858363
11.614000082	0.121588
13.614000082	1.406421
15.614000082	1.263532
17.614000082	0.019629
19.614000082	0.027524
21.6150000095	0.8628
23.8550000191	0.12069
25.614000082	1.59571
27.7240002155	0.722331
29.6070001125	0.203004
31.614000082	1.29761
33.5350000858	0.88206
36.612000227	0.004107
39.263999939	0.464759
40.1210002899	0.547118
42.1840000153	0.560538
43.614000082	1.458892
45.60400033	1.89056
49.4070000648	1.578302
51.1949999332	0.119183
52.734000206	0.019653
53.9700000286	0.146581
56.2940001488	0.043443
58.3680000305	0.464469
61.1240003109	0.205774
63.5740001202	0.360079
66.1400003433	0.379965
68.6840002537	0.023339
71.5240001678	0.123654
74.0940001011	0.215822
75.2840001583	0.038922
77.9530000687	0.030813
79.7740001678	0.086805
81.3640003204	0.138177
82.60400033	0.134271
83.0789999962	0.232979
84.084000349	0.242812
85.614000082	0.414899
88.4639999866	0.144974
89.60400033	0.462616
91.614000082	0.46176
93.614000082	0.013865
95.6130001545	0.484672
97.6130001545	0.561787
99.614000082	0.508566
101.613000154	0.519118
103.61500001	0.012449
105.60400033	0.723703
107.613000154	1.013572
109.683000088	0.204904
113.119999886	0.463792
114.484000206	0.461159
116.023999929	0.463264
118.184000015	0.033739
120.444000244	0.045687
121.609000206	0.115603
123.864000082	0.151691
126.434999943	0.339227
127.954000235	0.038234
129.60400033	0.553168
131.614000082	0.14852
134.31400013	0.871836
135.61500001	0.881554
138.063999891	0.45501
140.223999977	0.086437
144.934999943	0.51377
150.56400013	0.29769
151.039000034	0.416821
151.324000359	0.047397
151.751000166	0.477393
153.774000168	0.796684
155.160000086	0.897512
156.503999949	0.780546
158.244000196	0.519704
160.332000256	0.062521
162.263999939	0.40405
164.257000208	0.386697
165.60400033	0.482344
167.78399992	0.874743
169.60400033	0.73877
