0.0	1.9093
0.579000234604	2.304772
1.2380001545	1.110644
2.67500019073	0.18931
4.93800020218	0.353651
7.01400017738	1.171269
9.16000008583	1.340375
10.1080000401	1.084587
11.3090002537	0.438416
12.9790000916	0.400314
14.0070002079	1.352241
14.9290001392	1.162148
16.0780003071	1.092469
17.6770002842	0.876808
19.8320000172	0.816346
23.4790000916	0.001464
25.3710000515	1.22947
26.4409999847	1.495764
27.6070001125	1.39856
28.7730002403	0.67007
29.7209999561	0.63069
30.859000206	1.079438
31.8770003319	1.932072
33.3170003891	1.097049
34.8110001087	0.012899
36.1100001335	2.123944
38.1100001335	2.282309
40.367000103	0.164273
42.3600001335	2.926089
44.359000206	2.710287
46.2590000629	3.297804
48.3600001335	1.708293
50.3600001335	1.708293
52.359000206	0.918504
54.3600001335	0.19452
56.3580002785	0.386313
58.367000103	0.596711
60.359000206	0.983967
62.3600001335	0.48218
64.361000061	0.998982
66.361000061	0.585714
68.364000082	0.629515
71.2730000019	1.1292
74.3510000706	0.633866
78.1129999161	0.671312
80.4270000458	1.044358
81.2920000553	1.51725
82.234000206	0.665309
84.0199999809	0.265238
86.7900002003	0.015134
89.9300003052	0.075839
