0.0	3.134764
0.472999811172	0.78967
1.27199983597	4.254216
2.0720000267	0.243704
2.68799996376	0.823561
3.15100002289	0.091591
3.52799987793	2.599695
3.97299981117	2.538602
4.67999982834	2.417158
5.48000001907	2.84975
6.11999988556	2.107138
7.93400001526	4.27471
9.91999983788	5.673297
11.9199998379	5.106862
13.9329998493	1.119887
15.9319999218	0.17247
17.9199998379	0.017198
19.9199998379	3.376015
21.9329998493	7.784593
23.9199998379	1.928907
25.9329998493	0.020887
27.9189999104	3.893093
29.9189999104	3.044523
31.9319999218	0.995646
33.9209997654	0.21625
35.9349999428	0.02893
37.9209997654	0.377979
39.9209997654	1.084026
41.9209997654	0.224115
43.9209997654	0.241945
45.9219996929	1.5059
47.9209997654	0.865424
49.9240000248	0.123639
51.9199998379	0.236715
53.9329998493	1.257488
55.9340000153	1.358457
57.9209997654	0.623125
59.9209997654	1.114461
61.9199998379	0.729814
63.9189999104	4.701514
65.9329998493	0.359175
67.9199998379	5.705706
69.9329998493	2.325438
71.9319999218	0.179979
73.9319999218	16.200336
75.9189999104	12.537223
77.9340000153	7.865747
79.9209997654	9.973428
81.9209997654	0.086037
83.896999836	0.060704
85.9340000153	0.690575
87.9189999104	0.835473
89.9119999409	0.248048
91.9199998379	0.038398
93.9219996929	5.345925
95.9199998379	7.987254
97.9240000248	0.038959
99.9329998493	8.738537
101.91899991	4.137322
103.924000025	8.858052
105.920999765	0.161142
107.895999908	1.241538
109.932999849	5.138703
111.91899991	0.513742
113.91899991	8.08883
115.931999922	8.321108
117.919999838	8.113585
119.934000015	9.037917
121.932999849	1.928027
123.919999838	8.944017
125.932999849	0.059561
127.934000015	0.047159
129.911000013	0.128644
131.920999765	0.204271
133.91899991	0.239613
135.932999849	0.181372
137.932999849	2.36673
140.174000025	6.284206
142.171999931	1.500013
144.171999931	5.701721
146.072000027	0.04646
148.172999859	0.10442
150.246000051	0.657858
152.19299984	0.310872
154.174000025	0.621909
156.174000025	1.745571
158.17599988	0.926683
160.174999952	0.010275
162.174000025	0.103238
164.172999859	4.21268
166.15199995	9.455222
168.174000025	9.007946
170.001999855	7.825064
172.172999859	1.779789
174.174000025	8.131568
176.174000025	4.131117
178.161999702	7.525492
180.172999859	1.194533
182.171999931	10.249754
184.171999931	7.465026
186.174000025	4.736824
188.174000025	10.918709
190.171999931	0.340196
192.171999931	0.539607
194.0	1.191946
196.171999931	2.313993
198.132999897	8.203967
200.171999931	1.139271
202.172999859	7.509051
204.172999859	1.107076
206.492999792	2.088447
208.172999859	0.286911
210.171999931	3.881912
212.172999859	7.006692
214.171999931	5.482407
216.171999931	8.069165
217.999000072	7.769672
220.131999969	7.468845
222.151000023	5.128725
224.171999931	0.036114
226.190999985	2.505688
228.171999931	2.150298
230.172999859	1.77723
232.172999859	8.886395
234.171999931	0.24015
236.161999702	4.38005
238.171999931	1.360495
240.172999859	5.761705
242.172999859	1.356379
244.162999868	1.316285
246.171999931	0.022663
248.174000025	1.086697
250.174000025	0.098199
252.172999859	1.092078
254.171999931	2.701816
256.171999931	1.852293
258.172999859	0.708547
260.174000025	7.410167
262.172999859	2.090567
264.172999859	4.581959
266.172999859	3.03641
268.172999859	0.323201
270.174000025	0.775672
272.171999931	3.162465
274.172999859	2.11315
276.19299984	0.073238
278.164000034	0.085752
280.172999859	0.063494
282.172999859	1.507727
284.171999931	1.274569
286.171999931	3.191791
288.172999859	9.418792
290.171999931	1.348974
292.171999931	0.678668
294.172999859	8.28741
296.172999859	6.177578
298.172999859	3.532528
300.172999859	0.037667
302.174999952	6.054005
304.172999859	1.691148
306.171999931	2.125355
308.172999859	2.148486
310.171999931	5.757843
312.172999859	0.113258
314.174000025	1.125594
316.174000025	0.540147
318.172999859	0.107323
320.172999859	0.268307
322.17599988	0.066215
324.174999952	0.180719
326.172999859	0.020026
328.171999931	0.204626
330.171999931	3.509686
332.171999931	0.431692
334.151000023	6.516885
336.172999859	0.106501
338.151000023	2.662469
340.172999859	0.061186
342.172999859	9.507164
344.174000025	2.955986
346.172999859	0.385043
348.179999828	7.782944
350.171999931	6.329961
352.191999912	11.859487
354.172999859	12.835692
356.172999859	0.47184
358.172999859	1.911843
360.172999859	0.846487
362.172999859	1.189825
364.172999859	11.993327
366.172999859	0.031714
368.172999859	0.028682
370.171999931	1.738705
372.172999859	1.2791
374.172999859	0.0043
376.174000025	2.066091
378.172999859	0.469095
380.171999931	0.172759
382.172999859	1.183602
384.171999931	0.019288
386.171999931	8.799191
388.171999931	3.191689
390.432999849	0.128428
392.398999929	13.435568
394.431999922	0.017003
396.411999941	0.049744
398.411999941	0.030966
400.24000001	1.195159
402.430999994	2.381229
404.431999922	1.610333
406.431999922	10.312744
408.430999994	6.494451
410.431999922	6.990394
412.431999922	8.500823
414.412999868	0.315445
416.414999962	9.377725
418.412999868	0.483485
420.415999889	1.473351
422.411999941	0.431212
424.312000036	0.58404
426.412999868	10.846415
428.411999941	15.05709
430.412999868	1.165659
432.411999941	8.072144
434.411999941	1.327623
436.430999994	0.015668
438.412999868	0.032804
440.414999962	3.79082
442.414000034	3.499935
444.431999922	3.52814
446.430999994	5.87313
448.246999979	4.177736
450.412999868	5.151453
452.431999922	3.373017
454.412999868	1.765624
456.419999838	0.097552
458.411999941	0.068642
460.430999994	6.247588
462.412999868	1.068151
464.431999922	7.393145
466.412999868	6.846399
468.411999941	7.989729
470.412999868	2.741281
472.24000001	1.334649
474.420999765	4.992576
476.411999941	5.445054
478.430999994	1.375786
480.417999744	5.728708
482.417999744	6.485538
484.431999922	2.118769
486.412999868	0.102385
488.415999889	3.132067
490.412999868	1.580849
492.411999941	6.819196
494.432999849	6.493965
496.271999836	2.079342
498.430999994	2.829413
500.430999994	6.709027
502.431999922	4.686379
504.412999868	0.727372
506.642999887	7.373779
508.411999941	4.884133
510.412999868	4.500297
512.431999922	0.083328
514.411999941	0.685509
516.431999922	1.113594
518.411999941	3.618767
520.430999994	1.195732
522.431999922	0.07514
524.431999922	8.832945
526.430999994	9.741389
528.431999922	9.158707
530.414000034	0.022935
532.412999868	0.113958
534.412999868	0.747156
536.411999941	0.02248
538.412999868	0.08621
540.414000034	0.091392
542.441999674	0.004226
544.400999784	0.02083
546.411999941	0.095948
548.431999922	8.563398
550.414999962	0.004587
552.480999947	0.004412
554.430999994	0.017308
556.412999868	0.285151
558.416999817	4.187939
560.411999941	3.144444
562.430999994	0.257371
564.430999994	1.635431
566.411999941	0.502128
568.412999868	1.781699
570.412999868	0.012826
572.414000034	0.601824
574.434999943	2.848434
576.414000034	0.076576
578.430999994	0.916364
580.430999994	0.144563
582.411999941	0.273755
584.412999868	0.414038
586.412999868	4.839913
588.431999922	8.051467
590.431999922	0.042549
592.412999868	3.958363
594.447999954	0.156401
596.432999849	1.076111
598.414000034	1.159292
600.432999849	0.138881
602.412999868	0.867834
604.411999941	0.468053
606.430999994	5.648444
608.411000013	4.251925
610.411999941	4.32011
612.411999941	3.343774
614.432999849	6.822932
616.398999929	6.519793
618.431999922	4.887927
620.431999922	0.023786
622.411999941	1.345902
624.430999994	2.823998
626.431999922	1.738314
628.412999868	5.838514
630.412999868	7.396462
632.412999868	6.313627
634.433999777	0.20267
636.430999994	1.192071
638.411999941	0.253971
640.671000004	0.889191
642.671000004	0.590294
644.671999931	7.146746
646.683000088	9.537561
648.69299984	12.164647
650.679999828	0.135757
652.679999828	0.607307
654.679999828	0.109312
656.679999828	8.75923
658.671999931	1.311183
660.679999828	1.192534
662.671999931	7.091824
664.671999931	0.577135
666.671000004	1.608789
668.671000004	4.93015
670.678999901	0.057195
672.671999931	7.392583
674.671999931	1.422703
676.679999828	6.518495
678.679999828	0.255726
680.699999809	0.051565
682.671000004	0.068884
684.679999828	0.080106
686.678999901	0.338147
688.671999931	1.197167
690.671000004	6.443003
692.671999931	1.811543
694.671000004	2.295498
696.678999901	0.024873
698.671000004	8.168505
700.671000004	8.168505
702.671000004	6.382377
704.678999901	11.059289
706.679999828	4.215829
708.670000076	1.312502
710.680999756	5.441937
712.677999973	5.441937
714.678999901	5.715943
716.670000076	5.639129
718.671000004	5.754777
720.677999973	2.790735
722.670000076	2.790735
724.691999912	4.141007
726.691999912	6.286519
728.671000004	5.654474
730.671000004	0.058236
732.681999683	5.929489
734.678999901	7.908433
736.677999973	1.701369
738.678999901	1.701369
740.671000004	5.271421
742.684999943	0.104734
744.678999901	0.793769
746.671999931	0.533014
748.683000088	0.632049
750.687000036	0.013721
752.673999786	5.817003
754.681999683	0.083129
756.671000004	9.847637
758.678999901	0.176028
760.671999931	1.355296
762.678999901	7.403836
764.671000004	0.182221
766.670000076	9.437701
768.670000076	2.730061
770.691999912	9.720447
772.671000004	9.464021
774.670000076	4.145933
776.678999901	4.959796
778.671000004	7.983086
780.678999901	4.731324
782.681999683	6.757309
784.678999901	2.35935
786.671000004	7.264744
788.678999901	2.415958
790.677999973	7.557419
792.677999973	7.557419
794.677999973	7.557419
796.691999912	7.557419
798.678999901	7.557419
800.677999973	0.039779
802.680999756	6.154632
804.671000004	5.642873
806.678999901	7.27327
808.681999683	6.512316
810.671000004	9.240477
812.671000004	9.347246
814.679999828	7.738387
816.681999683	9.775101
818.671000004	10.827781
820.677999973	5.582639
822.678999901	5.582639
824.670000076	8.579797
826.670000076	8.579797
828.671000004	8.579797
830.671000004	9.45024
832.671000004	5.751098
834.691999912	5.751098
836.679999828	7.810194
838.680999756	8.349692
840.679999828	1.077643
842.679999828	0.117503
844.678999901	11.736424
846.678999901	13.392235
848.678999901	0.446306
850.671999931	2.463598
852.672999859	1.579517
854.683000088	0.013498
856.679999828	0.794039
858.681999683	15.346214
860.678999901	5.154001
862.671000004	0.459016
864.678999901	7.635208
866.678999901	6.148202
868.678999901	8.446921
870.679999828	4.290845
872.69299984	0.350219
874.679999828	10.72765
876.672999859	4.699064
878.681999683	0.650089
880.671999931	0.186854
882.674999952	0.32109
884.671000004	3.756825
886.671000004	1.069175
888.671000004	10.1394
890.934000015	7.62447
892.919999838	6.621862
894.771999836	0.06859
896.91899991	4.442794
898.931999922	3.799924
900.931999922	1.313603
902.931999922	3.035082
904.932999849	0.428829
906.931999922	0.059895
908.919999838	4.594873
910.931999922	0.373358
912.919999838	0.2596
914.932999849	0.089824
916.919999838	0.408045
918.75999999	0.999111
920.931999922	8.895814
922.932999849	1.265498
924.931999922	1.485568
926.931999922	8.742506
928.919999838	2.579127
930.931999922	6.514476
932.931999922	8.89591
934.931999922	10.9775
936.932999849	0.458612
938.894999981	0.120499
940.934000015	0.220023
942.764999866	1.505282
944.934000015	0.200675
946.89199996	0.085423
948.919999838	1.718238
950.89199996	4.958351
952.932999849	1.262921
954.923000097	4.394983
956.931999922	3.173437
958.892999887	5.199677
960.919999838	0.09511
962.923000097	0.129566
964.940999746	6.310084
966.742000103	8.224969
968.932999849	2.017595
970.932999849	0.071588
972.940999746	4.880107
974.931999922	11.945815
976.932999849	6.44991
978.91899991	4.074796
980.931999922	6.968126
982.932999849	1.358256
984.932999849	12.934805
986.932999849	0.934553
988.932999849	10.902149
990.790999889	0.776094
992.932999849	1.030861
994.934000015	0.254471
996.919999838	8.571576
998.931999922	1.9949
1000.93299985	6.008733
1002.93299985	8.11184
1004.93299985	8.946013
1006.93299985	0.333957
1008.91999984	1.894101
1010.93199992	12.881012
1012.93199992	3.64623
1014.89299989	4.429546
1016.93199992	4.430808
1018.93199992	4.422015
1020.93199992	0.9975
1022.93400002	0.53882
1024.93599987	0.837449
1026.93199992	7.85296
1028.91999984	1.478392
1030.9139998	1.466407
1032.89299989	4.159216
1034.91899991	1.377167
1036.93400002	1.161448
1038.93299985	7.660002
1040.91999984	1.949667
1042.91100001	0.456172
1044.93199992	0.87761
1046.93400002	0.105907
1048.93299985	0.033711
1050.91100001	0.317875
1052.91899991	0.431219
