0.0	0.085201
0.337999820709	1.220707
0.681999921799	0.946933
1.64300012589	0.217121
1.7990000248	1.357924
2.14200019836	0.237888
2.59599995613	0.643316
3.39600014687	0.666058
3.88800001144	0.759048
4.54400014877	0.393553
5.6210000515	0.955847
7.65400028229	0.021753
9.62400007248	0.444039
11.625	0.444039
13.6879999638	0.322767
15.6430001259	0.715965
17.6220002174	1.018265
19.6240000725	1.186557
21.6190001965	2.297692
23.614000082	0.213527
25.614000082	0.150289
27.5230000019	1.955568
29.6190001965	1.499961
31.631000042	0.041691
33.6179997921	2.38914
35.6159999371	1.815395
37.6240000725	2.437388
39.614000082	0.511144
41.6179997921	0.994843
43.6179997921	0.981865
45.6190001965	0.883734
47.6129999161	0.638709
49.6190001965	1.505061
51.6129999161	0.119311
53.6270000935	0.629259
55.6150000095	2.16526
57.614000082	2.563536
60.0670001507	0.013971
61.5889999866	1.057996
63.6179997921	0.333455
65.6179997921	0.250983
67.6159999371	2.077303
69.6119999886	0.051005
71.6169998646	0.013818
73.6240000725	2.791006
75.5329999924	0.029843
77.6159999371	0.025929
79.6349999905	2.05208
81.6270000935	0.300745
83.6159999371	0.827273
85.6159999371	0.031423
87.614000082	2.931927
90.3009998798	0.483926
91.6159999371	0.002953
94.5779998302	0.029351
97.7209999561	1.137556
99.4350001812	0.261715
101.322000027	0.965272
102.596999884	1.282327
104.305000067	1.961294
107.756000042	1.130347
109.028000116	0.929283
109.843000174	2.005625
111.612999916	1.918347
113.624000072	0.022829
115.621000051	1.398568
118.335999966	1.075972
119.672999859	1.5154
121.619000196	0.926414
123.623000145	1.11783
125.623000145	0.324404
127.623000145	1.440374
129.623000145	0.15819
131.61500001	2.296354
133.636000156	0.543202
135.615999937	0.003059
137.792999983	0.077187
140.507000208	0.146643
143.369999886	0.289813
145.887000084	0.004054
148.702000141	0.793442
148.999000072	1.670194
150.663000107	1.062077
152.736000061	0.553362
154.943000078	0.026726
157.42599988	0.770751
158.035000086	0.19544
159.627000093	1.741929
161.616999865	0.165932
163.616999865	0.182809
165.621000051	0.017553
168.90899992	1.706323
169.630000114	0.070295
171.615999937	1.551917
173.791000128	0.038688
175.614000082	0.990307
179.164000034	0.004831
184.404999971	0.943739
186.637000084	1.567923
187.803000212	1.174468
188.171000004	0.784644
189.437000036	0.100405
190.769000053	0.122598
192.198000193	3.032808
193.868000031	0.107567
195.913999796	0.378939
198.624000072	0.045172
200.21600008	0.013307
202.480999947	1.068755
203.878000259	0.114283
207.662000179	0.289982
209.977999926	1.139283
210.397000074	1.318136
212.236999989	0.041546
214.756999969	1.059559
217.45600009	0.111591
219.198000193	0.021586
222.371000051	0.971513
224.74000001	0.144379
225.980000019	0.995884
227.753000021	1.640934
230.059000015	0.027627
233.651000023	1.585322
235.923000097	0.711946
239.019000053	1.073784
241.244999886	0.038476
242.207000017	2.690675
243.184000015	0.345731
246.031000137	0.744413
248.720999956	0.519989
251.537999868	2.031191
253.196000099	0.080212
254.400000095	0.97487
255.993999958	0.363538
257.156000137	1.77161
257.539999962	1.103274
257.910000086	1.069898
259.917000055	2.777924
261.868999958	1.786155
263.868000031	0.057199
265.916000128	0.024475
267.868000031	0.918967
269.868000031	0.698326
271.861000061	1.083082
273.862000227	0.048811
275.873999834	2.385542
277.868000031	0.140774
279.870000124	3.025158
281.865999937	1.000108
283.872999907	1.075674
285.865999937	0.071178
287.879000187	1.568361
289.862000227	0.027257
291.868999958	1.786058
293.862000227	0.79209
295.860000134	0.297705
297.870000124	0.038457
299.861000061	0.854134
301.871000051	1.325987
303.864000082	1.024204
305.871999979	1.969004
307.870000124	2.16123
309.883000135	0.034822
311.863000154	2.761561
313.862000227	0.143597
315.862000227	3.246272
317.872999907	0.068027
319.887000084	1.260064
321.864000082	0.147548
323.863000154	0.072427
325.867000103	0.256771
327.867000103	0.19924
329.865999937	2.435483
331.862000227	1.896268
333.86500001	0.019155
336.177000046	1.547074
337.86500001	3.103166
339.937999964	2.041388
341.878000259	1.834288
343.867000103	1.267102
345.865999937	0.043195
347.861000061	1.068256
349.870000124	2.351622
351.861000061	0.0311
353.861000061	2.315652
355.861000061	2.110537
357.86500001	0.393911
360.027000189	1.554744
361.868999958	2.002231
363.875999928	0.60199
366.809999943	0.018573
371.884000063	0.158407
373.156000137	0.344766
376.641000032	0.257148
378.325000048	0.019186
379.519000053	0.248921
381.312999964	0.333223
382.18200016	0.337195
383.749000072	0.276888
384.671000004	0.931942
385.873999834	0.880682
387.881999969	1.184639
389.870000124	0.695231
391.951000214	0.713093
393.86500001	0.332661
395.871000051	1.129462
397.867000103	0.618688
