0.0	0.030263
0.757000207901	0.215901
1.07700037956	0.538811
1.24300003052	0.698238
1.42200016975	0.698238
1.56600022316	1.36026
1.73400020599	1.996937
1.96500015259	1.996937
4.78100037575	0.080143
6.54800009727	0.260987
8.28800010681	0.390585
10.5929999352	0.467536
12.0630002022	0.312445
13.3300001621	0.820331
14.9449999332	0.368705
16.8690001965	1.164463
18.8610002995	1.081437
20.8680000305	1.304014
24.0329999924	0.315099
25.2470002174	0.530736
26.8660001755	0.838658
29.342000246	0.206092
30.8690001965	0.50662
32.870000124	1.603847
34.8729999065	0.526102
37.8650000095	0.367879
39.1820001602	1.217943
42.3110001087	0.154133
44.1430001259	0.319746
45.1490001678	0.573136
53.3250002861	0.091062
60.3849999905	0.14224
66.6140003204	0.006795
67.5570001602	0.013998
67.632999897	0.134096
67.7950000763	0.321079
68.8600001335	0.321079
69.370000124	0.063252
70.1830000877	0.057061
71.0399999619	0.046057
74.8190002441	0.04178
75.5120000839	0.052223
76.4370002747	0.054582
77.4770002365	0.086933
81.2830002308	0.023996
82.8870000839	0.041246
83.8940002918	0.038656
88.992000103	0.004548
89.6800000668	0.046003
91.8540000916	0.018686
92.5100002289	0.082786
93.8630001545	0.050919
96.1220002174	0.009976
97.7320001125	0.032373
98.239000082	0.148791
